195 195 192 180 177 113 118 176 181 131  97 125 120 127 133  81 131 129  60 112 190 101  63 111 112 116 115 122 122 123 129 129 123 127 183 155  89 140 139 111 176  75  53  57  64 124 147 152 163 165 165 168 167 167 168 169 170 169 166 159 112 145 169 167 171 167 171 173 169 170 171 168 168 166 161 157 159 156  97  80 114 161 112  64 135 163 122 141 162 159 154 148 151 148 152 165 158 129 103 115 
177 181 187 200 173 153 171 186 145  83  74  96  92  96 130  85 145 109  62  79 152 110  81  74  87  83  90  87  77  85  86  81  88  90 166 199 105 145 147  50 140 136  52  59  58  77  87 106 162 166 167 164 162 166 152 164 165 158 155 154 141 151 171 165 165 165 169 166 164 168 167 163 162 156 154 148 156 110  72  83 129 155 109  56  65 146 120 150 161 157 162 151 155 152 156 162 148 124 106 118 
169 175 139 126 112 168 192 162 161 139  84 108 102 108 112  93 141 123  63  53 116 131 101  84 108 133 163 144 142 153 158 136 155 170 173 174  74 152 161  70  58 133 133  92  69  56  55  75 151 179 189 145  88 100  79 104 104  89  81  80  79  92 155 161 169 167 174 172 172 169 170 168 166 134 123 113  87  68  82 102 137 148 162  87  60  83 109 109 105 114 112 109 116 133 143 157 107 101 107 124 
174 182 177 173 179 198 193 129 170 145  94 110 114  92 101  96 154 122  58  72  63 109 110 106 114 127 186 187 185 185 186 173 169 171 162 143  63 129 158 130  66  54 111 142 124  97  87 100 142 181 181 117  64  63  67  62  58  52  48  50  54  71 103 104 107 107 108 111 114 113 116 121 116  76  63  65  68  82 102 132 112 109 161 133  72  74  74  73  77  78  70  68  66  66  84 146 114  83 104 130 
179 187 197 178 187 171 179 166 182 185 179 131  74  70  85  94 139  93  60  87  77  66  76  93 100  97 159 193 192 195 200 186 178 175 187 144  70 148 151 116  88  69  63  87 120 130 127 124 164 188 197 153 108  99  93  91  93  80  76  72  75  92  96  94  92  91  93  94  94  94  92  89  87  85  70  70  84 120 142 114  81 120 146 180 148 140 143 145 146 143 140 145 141 110 109 129 151 108 127 123 
182 181 171 180 167 142 168 154 173 189 184 166 120 124 113 128 149 111 108 111  98 107  96  90  95  91  99 105 117 130 137 139 145 142 146 120  67 151 150  86  69  65  66  72  77  89 103 149 166 166 157 154 140 136 134 139 139 135 133 127 127 120 120 116 114 107 100  99 100 105  98  98  93  84  74  62  73 109 112  63  66 120  90 134 137 157 158 153 170 170 171 177 175 163 104 101 105 109 136 111 
169 159 159 173 177 175 177 173 177 172 177 182 183 172 175 177 168 175 180 166 176 172 171 167 167 167 153 137 125 117 111  94  99 100  99  84  63 161 145  90  74  65  64  66  74  83  83 142 165 135  92 102 106 105 107 120 148 168 122 118 126 125 131 128 117 106 140 162 155 150 136 131 104  63  58  53  50  58  58  57  62  86  55  48  51 106  97  71 108 121 120 117 115 102  83  69  83 104 108  93 
116 136 155 169 171 182 190 189 180 171 178 180 178 178 174 169 170 175 175 176 183 182 182 193 194 191 193 190 187 187 181 181 170 155 141 123  72 151 146 118 111  95  92  91  86  87 105 144 161 128  94 101  97 107 122 126 131 160 140 121 119 121 129 115 125 122 153 164 160 150 129 126  86  61  62  57  69  73  65  62  70  76  64  61  67  67  51  53  66  89  95  91  91  85  63  52  87 101  80  57 
 87  97  88  92 100 107 104 115 116 112 125 127 129 135 139 131 141 143 155 154 153 158 160 165 163 174 178 179 179 179 177 180 184 172 169 143  79 147 151 167 164 157 152 152 141 142 151 160 164 156 148 145 138 145 149 163 160 159 165 160 156 166 166 173 171 171 165 158 158 155 139 135 129 132 120 117 140 145 129 127 138 144 139 137 125 116 102 103 116 120 121 116 112 106  95  95 102  96  94  84 
127 129 127 128 136 124 122 133 136 123 124 100  86  79  79  92  87  86  84  73  74  78  83  87  94 114 125 136 123 108  94 101  90  90  94  90  68 156 136 105 108 117 120 112 113 115 109 109 106 110 108 103 100  94  94  84  78  79  73  78  80  81  84  86  90  92  93 114 116 112 115 118 113 117 107 115 108  97 102  97  98  93 101 101 105 116 131 135 137 140 133 136 140 136 134 136 136 131 141 143 
119 122 116 122 124 116 127 130 139 133 125 119 111 107 110 104 106 104 105 108 110 116 128 132 146 146 157 147 130 117 105 102  95  89  84  71  65 165 128  61  67  73  66  61  63  77  79  80  78  78  76  75  75  75  85  86  65  77 116  73  68  93  81  58  63  70  75  88  85  82  82  80  78  78  78  78  77  82  93  94  76  61  56  67  74  63  68  68  71  69  70  66  67  72  83  76  84  87  92  97 
184 180 179 178 173 174 179 176 173 178 178 175 181 180 180 179 173 157 155 156 162 166 163 165 160 156 149 137 140 141 144 141 140 141 160 103  71 151 139 123 118 111  94  93  90  94 102 106  98  94  98 100  97 104  99 107  95 107 157 112 111 143 132 110 113 111 116 117 106 104 110 107 112 121 122 120 123 134 138 119  80  63  57  61  59  57  56  60  59  60  61  61  60  57  61  59  69  75  77 105 
196 206 202 201 209 206 206 203 196 207 220 205 204 205 195 176 183 166 149 147 147 144 141 138 142 144 135 136 138 137 138 139 136 133 149 110  72 152 135 107 146 143 147 144 143 150 156 155 155 149 144 150 158 159 156 151 157 151 150 160 161 162 162 160 148 138 126 123 129 126 125 126 115 118 124 121 115 104  91  71  61  59  59  66  67  64  61  68  75  68  70  70  69  66  67  67  74  70  86 111 
148 147 147 150 155 156 157 155 147 160 165 167 162 167 167 167 166 165 162 166 177 177 189 190 189 183 185 181 173 165 178 184 185 181 187 139  82 158 140 141 175 174 157 176 176 174 183 181 176 161 156 157 158 165 169 171 172 158 168 173 178 174 176 165 150 159 173 106 147 163 170 163 158 159 155 152 151 146 134 130 126 127 126 127 128 125 126 126 126 121 126 121 116 124 121 123 117 116 120 118 
 92  86 101  93  96  94  94  98  91  88  94  95 102 103 103 108 101 108 107  99 102 101 100 101 112 124 134 159 150 144 158 159 155 157 164 112  83 125 142 151 162 166 142 171 165 168 182 179 182 173 169 168 156 160 168 166 164 156 165 164 148 153 154 142 131 137 166 107 141 162 164 156 155 158 161 156 154 147 138 158 159 164 163 161 171 163 157 165 166 154 160 166 162 171 174 173 171 173 171 174 
 87  83  91  87  90  92  85  83  87  84  88  84  81  83  82  90  88  92  91  87  81  77  79  97 149 153 142 135 127 125 132 161 196 192 201 127  77 131 140 163 166 166 164 158 165 159 155 155 156 154 148 139 124 119 111 102  94  90  87  84  77  82  70  73  82  92  95  87  99 110 103  99  94  97 102 104 101 100 101 106 100 109 104 113 113 106 103 102 115 113 119 125 137 135 141 145 149 158 164 168 
 88  84  87  83  84  82  81  81  79  81  79  85  76  78  84  84  87  91  94  93  89  84 128 192 147 107  96 124 149 139 143 170 157 144 137  77  86 149 117 100  99  93  89  94  95  97  96  94  89  86  85  84  86  90  86  76  65  77  93  67  83 103 105 121 131 135 134 135 138 155 151 144 141 141 140 140 142 144 154 168 173 180 181 166 142 157 165 166 173 161 160 176 181 176 168 163 174 180 179 183 
 88  84  85  87  85  82  80  81  83  80  78  81  74  76  75  92  97  95  92  84  84 122 182 135  89 103 173 180 135 110 108  99  90  95  88  47  86 143 105  84  88  83  79  82  80  82  82  83  80  79  81  73  80  83  86  88  84 121 135  83 107 152 143 110 100 102 103  97  99  90  93  93  94  92  87  88  91  89  96 112 114 117 138 163 163 172 156 125 120 120 100 116 142 157 152 123 100 104 102 112 
 85  86  85  87  85  81  83  81  83  82  80  81  80  77 101 152  90  86  91  79  83 164 143  94 105 175 161  93  89  96  97  93  91  89  75  45  90 142 109  81  81  81  76  76  75  76  75  77  77  75  72  72  74  75  77  83  90  82  74  77 111 129  85  76  74  78  74  78  79  84  79  77  83  87  85  81  82  85  86  86  85  83 121 174 166 122  93 118 133 114 108  93  86 101 129 157 100  82  81  84 
 85  85  85  84  81  81  83  85  78  82  83  79  81  78  91 106  79  84  89  71 102 173 116  86 134 176 102  94  92  89  99 118  90  86  71  45 102 133 109  82  85  87  82  74  78  80  73  74  78  76  75  78  80  78  76  80  81  76  85  65 107 129  83  83  76  82  73  78  77  75  77  78  82  79  76  79  80  77  82  84  73  98 173 159 110  96 100 106  95 103 135 151 137 102  96 121 160 120  83  84 
 79  83  84  82  86  83  81  85  84  81  78  78  79  77  76  76  82  87  85  71  97 159 119  91 146 124  83  84 107 106  98 192 119  83  66  61 143 136 101  91  89  85  82  77  79  81  81  81  80  79  71  76  79  76  75  80  82  69  65  56 103 125  85  80  77  73  78  76  73  68  70  75  77  76  76  79  81  78  80  72  58 142 174 121 101  92  98  92  85  78  75 103 146 148 104  89 125 149 100  80 
 85  82  85  81  83  84  84  83  81  78  75  78  80  75  78  85  80  84  89  77  91 167 153  96 144 179 100  89 112 116  99 123 125  83  59 121 164 127 101  93  84  84  81  83  83  79  82  82  81  79  75  75  78  76  75  81  85  81  68  57  87 123  80  81  74  75  71  70  70  69  70  77  76  78  79  74  74  75  71  53  62 172 142  89  84  80  96 110  94  84  90  86  79 150 146  85  93 148 114  75 
 87  88  88  90  89  84  85  87  82  82  85  81  81  81  81  85  83  85  85  79  80 124 166 121 110 172 164 110  99 107 116 101 103  99 118 147 136 114  97  89  87  88  88  84  83  78  81  80  77  80  79  80  78  79  75  76  82  69  57  50  92 127  79  81  77  73  71  73  71  74  76  74  76  76  79  71  70  75  69  46  70 172 132  71  65  64  82  94 103  98 103  92  82 127 164  94  89 134 106  72 
 93  94  94  98  88  88 102 100  99  97  92  94  91  89  85  85  85  91  94  89  89  85  97 141 132 111 158 173 144 112  99 107 132 138 142 138 119 105  94  90  92  90  85  87  79  74  85  82  83  77  78  83  81  80  75  76  81  87  82  66 118 128  87  87  83  84  87  83  82  85  85  84  87  85  86  83  76  78  74  40  71 169 124  73  69  71  85  86 160 118  91  92  87 133 167  95  95 154 112  77 
101 100 102 102 103 111 115 115 109 109 111 111 105 106 108 106 106 104 106 114 109 103 101 127 139 147 146 150 161 144 142 155 146 118 118 123 108  95  90  95  90  84  90  85  83  85  89  82  83  83  84  85  75  77  79  83  91  75  73  81 116 130  89  89  90  82  86  86  90  93  90  95  97  92  95  93  92  94  79  44  70 162 124  84  78  81  88  90  77  88  86  85 102 164 134  82 115 162 104  75 
148 156 157 162 165 166 171 174 170 169 173 176 175 182 184 181 175 165 178 180 175 165 165 151 124 137 153 121 104 113 106  91 101 161 163 143 120 105  98  96  93  89  91  90  86  85  82  79  83  86  85  83  82  82  82  95  91  95  83  53  95 111  82  80  83  85  86  91  96  96  96  96  99  96  93  99  94 100  92  49  80 171 131  95  94  92  93  96 101 104 115 132 154 125  89  97 152 127  77  70 
190 195 201 201 200 200 202 193 180 186 190 189 191 200 195 190 189 191 188 191 186 176 179 179 177 165 154 155 151 127 115 115 123 125 136 170 183 159 136 119 107 103  99  92  94  89  96  87  92  97  94  88  91  96  95  95 102  99  72  63 105 114  99 106 103 102 106 110 112 115 114 108 104 109 113 112 111 108 116  78  76 174 141 123 129 134 144 149 141 140 141 124 102  91 117 143 121  79  71  74 
154 163 170 178 184 183 184 181 174 175 176 175 175 180 176 175 178 172 160 188 176 177 190 191 191 190 184 192 188 190 189 188 185 180 178 184 191 196 187 182 181 174 176 163 163 169 152 146 153 116 131 162 171 157 141 146 156 165 167 157 168 172 169 177 176 159 158 155 162 168 177 180 174 169 174 175 174 168 170 121  85 172 160 186 186 193 191 183 132 119 115 119 132 142 126  86  78  88  78  81 
134 138 139 142 145 141 150 147 147 147 151 148 143 147 142 136 142 139 122 117 128 120 112 130 137 133 125 123 116 119 137 138 142 153 154 159 155 166 165 161 163 169 165 157 161 182 167 162 176 120 133 175 181 151 143 150 152 157 159 152 162 167 159 152 171 168 164 159 156 167 189 186 187 195 193 198 197 197 195 126  87 175 160 181 174 175 179 175 175 176 175 175 179 169 150 136 144 142 156 149 
123 117 112 115 118 115 115 116 120 119 120 119 125 130 126 120 120 101  72  62  71  62  66  71  75  68  57  60  70  71  69  57  80  97  94 101 102 102 105  99  90  93  93  95  93  93  91 101 121  98 117 137 140 141 152 150 162 166 158 155 166 173 170 146 165 171 172 156 153 165 178 174 178 186 187 186 176 178 186 123  83 177 158 182 176 177 177 175 177 175 171 169 176 174 178 174 174 164 172 174 
 80  83  81  71  75  72  77  79  80  76  83  91  96 105 113 123 125 119 112  89  69  62  64  62  61  65  64  64  68  64  63  67  76  91 100  99 101  97 102 102  90  83  95 108 120 128 123 136 158 163 157 159 163 150 130 134 126 129 124 111 120 120 114 104 109 115 109 110 115 123 125 125 126 120 106 109 115 114 120  84  86 177 136 120 121 116 125 123 120 126 129 121 105 103  98 108 116 118 114 119 
 70  69  71  70  71  65  70  72  67  69  66  67  71  82 106 121 130 135 131 127 114 101 103 107 110 110 100  97  94  90  94 100  99 110 116 111 110 114 115 110 123 132 124 133 125 124 114 110  99  97 101  95  91  89  77  70  60  67  76  70  83  66  48  49  60  73  71  73  84  92  99  95  95 104  99 108 105 110 107  57  86 157 131 123 130 134 142 142 142 150 155 134 119 126 127 123 129 120 123 120 
144 144 135 136 137 135 129 121 109 102 116 104  82  62  60  77 104 133 141 135 134 133 159 175 174 177 173 169 171 169 165 163 161 147 148 165 159 164 159 143 164 159 148 153 150 141 135 133 137 132 133 140 137 140 135 140 149 151 148 143 148 139 131 125 123 127 132 135 136 136 131 129 126 127 124 118 122 113 108  54  89 173 127 109 109 106 109 108 114 110 110 108 107  95  97  99  93  88  96  85 
164 161 163 168 169 174 169 167 156 152 164 161 155 144 119  82  62  72 124 170 150 143 128 164 190 195 193 194 191 198 201 201 188 183 183 188 185 185 186 173 173 172 166 180 181 169 165 166 171 170 167 163 159 159 169 162 160 161 156 157 163 164 167 166 162 167 168 164 171 170 166 163 162 162 151 142 139 130 132  84  92 171 135 125 129 126 129 129 129 126 128 127 127 126 127 126 126 125 119 124 
105 109 114 121 124 131 141 143 144 144 148 145 150 153 155 133 110  75  70  76 142 185 140 129 169 188 189 183 170 168 164 161 152 144 132 124 119 108 121 108 118 135 151 148 148 114 103 109 100 112 106  96  91  94  98  93 102 105 104 109 119 120 125 125 130 125 115 124 132 155 185 179 145 128 129 130 131 133 131  79 100 175 140 139 140 146 150 151 145 146 153 148 152 138 120 141 157 158 157 160 
156 161 165 156 151 153 152 159 146 143 151 149 146 142 139 115 115  96  65  58  84 120 130 130 138 143 124 118 107 110 101 101 100  99  80  70  70 105  65  65  84  75  78  72  82  95  88  81  81  80  74  61  57  59  77  73  54  46  52  57  85  71  54  61  70  75  87  96  95 123 184 158  85  72  82  81  78  74  70  48  95 177 108  74  72  74  84  92  83  87  87  83  85  84  79  77  87  89  82  92 
154 142 110 109 115 107  90  92  98 101  96  99  97  95  93  96  87  83  64  52  56  89 104 124 134 125 102 104 104 107 104 110 115  87  78  97 115 187 106  83  74  63  54  58  87  99  99 105 104 100 110 108 123 133 129  98  78  81  82  86 120 145  90  82  86  79  82  87  78 121 182 145  90  90  86  85  79  82  78  44  96 169 112  75  74  73  69  71  73  71  69  72  84  76  78  66  60  67  68  76 
131 113  90  92 105 105  96  99 100  96 101 107 111 108 114 111 107 104  89  56  51  77  98  99 127 137 123 103 103 105  95 104 107 124 107  61  90 139  72  71  61  60  67  96 142 160 175 184 175 166 167 168 155 127 114 116 117 110 107 107 112 150 144 124 112 108 122 127 135 149 172 172 155 130 127 105  92  89  79  47 100 172 112  86  85  89  85  88  93  85  88  84  91  78  86  83  75  79  87  95 
110  94  96  95 105 103  99  99 103 122 131 138 135 132 135 134 133 130 132 108  55  72 125 171 188 142 147 172 169 173 161 164 166 194 164 113 113  89  61  64 100 164 156  95 145 143 138 127 129 130 127 123 123 124 125 123 124  89  99 117 120 113 113 105 101 109 127 165 177 165 158 123 107 113 142 171 134 102  81  49  97 172 117  87  86  97  89  95  96  95  94  93  94  93  92  89  94  95  90  89 
117 103  95  90 109 109  96  98 137 138 150 156 162 174 174 169 169 160 162 177  99  65 114 197 174 143 143 171 177 173 177 170 161 181 181 171 150 105  89 156 207 140  84  52  91 101  97 107 108 108 105 103 101  99  92  85  58  38  68  97  88  87  94  92  91  98 104 149 171 160 119  62  66  79  76  85 136 153 103  52 104 174 118  98 101 141 114  83 137 133  96  89 105  98 102 108  93  97 105 102 
110 103  95  93 129 118  95  99 137 128 131 144 173 187 185 189 189 179 167 174 140  65  77 139 108 140 136 152 160 144 150 137 123 137 162 165 168 159 155 208 158  51  37  76 120 138 131 119 116 113 107 109 105 106  88  87  78  80  97  97 106  99  96  90  93 100 127 177 189 165  69  57  71  75  67  63  56 132 155  56 107 171 145 160 151 154 140 138 160 160 136 148 147 133 148 171 134 141 147 136 
110  96  94  94 145 125  89  99 133 127 131 144 176 183 187 187 188 182 170 163 146  85  59 107 148 153 134 157 161 159 158 142 147 143 152 162 168 190 208 153  89  94 109 131 145 129 119 116 114 112 112 103 100  99  83  86 117 129 131 104  81  84  85  77  81  91 105 114 116 101  70  88 106  54  56  61  57  52 154 132 120 177 139 138 141 120 118 145 148 131 137 154 145 133 148 141 119 143 167 145 
111  97  97  96 131 117  89 101 131 123 134 156 177 188 184 188 196 190 186 170 164 123  56  89 172 170 138 162 165 167 155 149 151 144 158 169 168 215 195 108 116 142 123 132 121 110 102  97 100  99  98 103 105 101 102 105 104 105 129 114 102 107 110 104 104 103 100 101  99 100 100 121 148 112  67  51  55  49  89 166 136 167 137 139 145 165 144 126 146 150 108 136 127 119 136 120 111 143 154 115 
104  96  98  97 127 108  93 106 132 123 142 163 182 184 177 182 196 192 184 176 176 141  59  63 112 147 136 153 156 146 152 175 160 145 158 178 181 216 147  94 132 135 105  90  87  91  93  87  89  95 113 115 115 112 112 108 101  95 131 105  92  98 101 101 107  91  90  90  91  91  87  98 121  89  46  61  87  90  60 159 176 175 153 156 150 158 146 135 137 120  81 131 107 116 131 133 144 157 148 138 
106  98 100 100 129 109  94 101 137 125 140 158 182 184 173 176 194 173 163 167 167 143  60  68 120 149 133 154 153 148 136 133 149 146 160 181 186 209 119  98 137 136 132 110 102 112 123 124 103 110 110 109 110 107 108 105 105 104 133 118 112 106 106 114 110 100 107 108 108 107 108 105 125 111  90 101 109 156  84 153 212 202 164 156 146 162 190 158 127  96 113 137  91 113 138 142 144 137 164 152 
101  93 101 101 129 105 102 107 133 128 135 142 183 191 186 191 194 187 185 177 183 148  52  64 126 160 135 166 159 152 149 134 158 147 152 190 211 204 114 104 121 122 122 104  98 100 110 111  96  97  96  96  90  94 100 101 101  88 130 112  99 104 101  94  98  99 106  98 100 124 118 121 137 148 121  84 116 190 116 152 220 202 163 161 143 155 135 130 129 114 144 142 110 133 146 134 139 144 153 115 
 99  94  98 100 130 107 105 112 129 127 135 148 183 185 180 183 194 188 183 181 179 143  58  64 113 155 136 171 160 156 152 127 158 146 150 199 216 202 118 101 110 120 135 110 112 115 112 112 112 119 117 118 115 113 107 110 114  87 128 125 101 104 102 105 103 107 109 106 106 111 108 119 135 109  73  86 115 184 137 145 218 195 166 158 145 159 125 130 124 111 125 133 111 125 138 135 139 145 146 119 
 96  92  97 102 124 114 114 113 134 129 134 151 180 183 178 185 198 187 174 172 175 136  60  69 120 149 130 165 154 148 137 127 150 146 153 170 213 209 136 100 112 116 135 117 116 116 103  98 101 100  96  90 100  92  96  96 101  86 131 101  93  97 100  96  97  98 105 104 103 106 108 114 135 114 110 106 114 186 143 164 211 182 167 158 149 161 126 130 126 115 121 133 114 115 139 124 100 150 173 145 
 89  91  97 104 126 117 118 124 139 132 131 147 184 186 188 184 195 184 181 177 174 136  52  82 126 142 131 159 155 147 138 129 153 152 150 145 204 222 166 104 108 109 136 147 129 118 112 117 114 111 105 113 107 105 104 102 109 107 142 113 100 105 101  97 100  91  95  96  96  95  98  99 117 125 108  98 111 183 148 185 208 181 175 156 147 145 109 129 107 103 122 139 157 117 141 153 100 133 157 161 
 97 108 100 108 129 113 113 128 138 136 137 141 179 192 190 194 194 188 182 180 175 136  56  81 129 140 138 159 167 157 138 125 145 151 142 143 180 221 194 117 106 118 136 153 139 139 141 142 136 143 142 146 142 142 150 150 155 157 176 167 133 127 127 127 133 132 122 122 129 131 122 131 148 106  74  90 114 180 165 198 206 193 176 150 136 128 110 132 126 115 128 124 127 118 140 149 134 154 122 139 
109 120  97 112 123 105 113 121 129 132 131 142 163 190 180 162 185 187 163 161 165 123  53  79 117 136 136 149 165 159 137 125 129 150 147 147 146 209 208 149 100 119 127 123 130 125 126 120 126 128 125 126 123 122 126 124 127 116 148 125 117 108 104 103 103 105 105 101 105 112 104 118 125  79  65  95 148 185 184 210 207 202 182 145 136 126 138 137 145 157 150 124 111 133 138 145 160 175 144 122 
 99  93  98 112 126 102 120 125 130 154 152 159 172 188 181 177 186 185 174 175 169 118  55  65 122 139 133 143 153 160 139 137 119 144 150 150 135 169 206 189 123 103 117 126 147 127 109 109 113 109 114 112 107 106 108 117 116  93 130 122 111 108 111 110 106 108 111 115 111 116 118 135 129  76  85 124 159 150 198 206 203 179 161 142 149 126 130 128 132 121 141 120 136 147 142 144 127 167 177 158 
 98  96 101 116 151 140 161 139 139 178 177 181 190 187 190 200 198 191 186 184 179 118  57  54 116 151 131 135 149 158 148 138 128 134 153 146 145 143 189 207 167 110 108 119 111 123 120 113 104 109 106 106 105  98  96 100 101 108 140  96  91  88  91  89  90  95 102 108 114 117 141 151 132 129 123 132 161 159 205 211 180 141 151 138 111 127 137 106 127 141 136 125 118 142 100 103 141 151 129 154 
107 104 102 117 158 168 183 157 147 178 184 179 190 190 193 193 196 192 189 185 180 132  72  68  90 121 132 142 140 152 158 148 141 124 139 147 144 141 147 192 198 158  97 110 101 103 141 126 119 104  99 111 108 104 106 106 105 102 138 109 103  98  99 101 103 102 107 108 117 146 146 138 116  99  95 156 189 196 202 200 161 138 151 153 116 129 115  88  94 136 135 135 120 146 142  90 146 140 135 169 
117 110 102 118 184 188 186 168 136 163 187 182 186 191 194 190 189 192 194 187 181 142  76  89  72 110 147 146 144 137 163 158 139 127 121 146 146 143 131 151 186 196 141 110 114 122 133 144 126  96  95  98  96  92  94 108  98 100 128  92  98 105 107  91  83  95  93  93 124 146 126 116 103 101 151 201 201 203 197 142 139 136 120 119 123 132 157 146 134 122  96 106 133 147 161 144 153 105 165 192 
115 106 104 122 194 195 181 181 160 164 187 184 186 191 192 190 187 189 194 195 187 169  82 104  86 105 150 134 141 145 154 148 142 137 128 129 149 146 139 130 138 179 193 158 120 111 124 150 139 110  96  95  88  88  92  92  84  93 127  92  89  95  97  87  79  80  90  98 112 119 101  93  86 151 202 201 205 188 106 118 141 126 143 129 135 126 136 141 141 142 151 137 140 154 162 170 123 132 184 162 
108 105 111 130 197 180 178 198 200 206 196 187 190 185 197 196 188 184 187 192 184 169 100  87 116  96 116 122 127 145 148 137 137 134 139 123 144 179 150 139 136 123 158 190 173 144 142 129  93  83 112 118 144 142 139 140 140 138 161 109 138 125 127 100  77  77  95  89  99 130 128 127 174 198 199 193 171 122 122 148 132 129 131 151 114 108 111 150 122 116 151 156 136 127 139 166 163 180 166 155 
108 107 103 129 198 158 176 202 200 206 195 185 183 184 192 188 189 169 166 187 179 167 146  78  91 107  70 106 136 131 149 140 128 135 140 137 173 177 145 152 179 155 115 135 182 192 184 143 124 145 141 107 133 148 168 163 146 126 120 103 139 154 145 116  97  80  81  84  97 133 166 195 177 192 181 129 104 132 153 163 143 136 146 141 131 104 129 121 113 136 148 135 149 141 159 180 174 145 146 165 
109 105  99 124 191 156 138 205 202 199 193 186 183 181 179 179 191 189 187 192 193 183 148  86  82 132 110  72 103 118 130 123 129 136 135 142 149 125 131 166 177 174 136 138 166 167 178 182 155 146 138 159 159 159 156 154 145 141 149 147 142 151 151 156 159 147 140 147 161 181 190 163 109 145 124 180 166 160 137 168 188 146 142 101  95 126 133 105 114 115 141 121 113 155 183 161 121 152 172 184 
110 106 105 125 187 202 130 180 203 190 184 188 188 185 185 197 202 199 194 190 193 189 164 156  99  97 166  93  64  83 110 128 130 137 120 117 132 151 154 131 146 151 173 169 162 130  90 114 128 118  99 121 141 109  88 105 130 126 135 132 140 120  89 136 159 126 110 120 139 161 168 147 126 137 144 180 163 131 119 120 153 132 115 121 123 143 122 130 140 136 148 157 170 175 134 163 161 178 179 139 
115 107 104 132 199 216 171 142 201 192 188 200 194 194 193 191 199 198 198 190 189 189 183 169 161  95  83 110 147  95  66 101 132 132 101 103 130 140 164 166 126 145 186 164 131 117 115 104 129 137 137 126 117  86  80  75  84 116 128 120 104  99  71 104 121 131 135 129 106 133 133 115 121 144 131 168 142 128 142 160 150 144 134 133 145 137 141 131 139 134 176 185 151 123 124 163 188 157 131 132 
114 109 101 129 213 218 204 139 178 201 194 207 199 195 192 188 191 202 194 194 192 188 187 180 175 141  89  87 142 149  90  62  92 116 111 105 144 122 137 156 162 176 169 117  94 107 109 118 125 128 133 136 139 141 132 115  57  89 107 106 133 160 116 140 179 157 138 123 121 131 115 107 116 133 142 144 160 167 169 151 194 129 141 146 135 147 159 148 139 156 172 146 111 101 162 182 145 151 158 159 
114 108 105 139 213 222 215 176 133 203 195 197 208 197 190 190 192 192 201 199 191 186 183 190 169 164 162 111  93 137  89  66  73  60 100 131 164 165 131 130 148 161 163 128  89 102  97 110 127 120 139 131 108 116 135 135  86  83  95 109 150 149 126 132 134 128 125 127 122 122 114 132 112 114 146 147 154 144 129 114 129 141 136 176 172 141 136 150 172 159 134 134 135 170 172 138 134 137 158 151 
106 108 111 156 219 224 221 207 152 154 206 196 203 200 189 194 187 182 193 199 192 177 164 181 186 176 171 172 120  68  81 110 109  89 197 135 125 141 130 148 132 143 159 166 150 129 102 121 184 134 141 111  98 104 114 115 125 125 138 114 118 118 113 118 118 118 114 139 145 135 124 118 113 132 160 174 156 111 110 157 167 144 119 137 175 152 164 173 153 125 126 166 183 166 147 156 154 144 174 198 
108 109 105 151 218 218 222 211 193 135 172 202 196 204 199 191 193 190 186 184 186 184 171 184 191 188 177 170 172 143  96 101 123  82 122 121 131 147 138 147 149 129 130 151 143 136 149 150 162 103  88  96 100 102 100 128 149 129  99 109 124 124 115 120 119 115 107 137 174 118 138 168 166 167 142 142 161 161 161 162 140 114 112 131 167 178 171 134 132 146 161 177 153 141 124 137 147 161 132 144 
107 107 106 154 198 211 221 217 208 176 125 194 196 199 200 195 194 196 177 170 185 195 192 187 188 190 190 182 171 169 145  98  86  75  74 125 112 131 144 127 151 151 138 123 122 145 149 133 123 127 125 117 120 120  99 125 115 110 128 108  94 132 112 120 114 105 104 127 142 134 139 129 104 123 116 149 169 173 156 132 137 126 159 183 188 162 130 137 161 176 155 137 140 150 128 160 167 123 118 132 
105 105 105 154 198 210 214 216 212 203 158 142 201 199 199 203 200 193 186 186 188 189 192 186 185 185 187 189 182 165 160 143 102  83 100 153 144  75  86 106 127 127 172 147 126 139 113 120 116 134 128 145 138 138 135 138 127 131 140 124 113 147 132 126 139 147 134 132 117 125 112 124 104 149 176 166 164 161 153 147 158 175 188 181 149 144 130 157 183 148 133 133 112 134 145 154 139 118 147 149 
104 104 112 136 190 214 210 199 203 205 202 146 150 198 196 200 200 195 190 184 184 186 187 191 192 187 184 190 191 185 176 168 169 140  86 121 122  78  75  95 125 131 143 169 159 130 130 134 122 132 134 140 100 110 122 136 107 116 132 106 102 150 140  96 119 119 100 109 131 131 120 135 132 130 112 102 127 136 158 168 180 181 157 125 111 138 183 169 139 133 132 139 137 153 148 121 136 148 146 132 
108 108 113 134 177 213 207 181 190 202 199 199 136 158 198 188 190 197 188 182 182 180 188 194 192 186 192 191 192 190 186 179 161 164 141  78  65  91 117  96  89 112 117 144 152 109 114 127 138 130 127 124 120 103 120 130 100 130 117  85  91 160 130 108 111 111 114 128 141 142 145 132 119  99 112  99 142 158 154 175 185 160 123 103 150 183 187 164 141 128 140 135 155 157 151 108 140 153 140 128 
107 105 109 157 204 213 213 187 186 194 198 204 204 140 159 191 190 195 196 195 191 187 188 181 187 186 189 187 187 187 192 190 168 174 163 119  87  67 128 140  71  62 110 139 125 113 103 123 124 123 113 122 125 124 132 140 131 126 128 132 126 140 123 130 139 120 130 131 136 128 139 117 124 121 137 147 153 130 167 168 132 105 128 169 166 196 221 225 184 143 141 147 157 155 132 131 160 166 129 124 
111 108 113 155 202 215 211 191 182 187 196 205 207 191 134 163 202 198 196 200 198 195 187 184 184 185 192 196 187 183 156 176 188 177 162 154 137  78  70  81  87 113  87  89 120 125 143 130 117 136 117  83  93  95 116 133 114 112 109 106  96 125 109 113 123 101 112 100 139 150 139 136 132 122 143 148 154 190 169 137 111 125 179 159  97 125 213 221 165 148 148 140 128 127 153 170 159 154 123 175 
112 111 110 176 209 217 211 192 188 185 195 204 205 204 182 135 166 203 194 191 191 193 190 193 188 185 191 202 190 175 167 169 173 182 183 186 181 165 109  71  91 126 134  83  79 100 124 117 122 129 122 121 121 121 132 129 123 128 119 115 129 139 131 135 125 130 133 137 134 144 140 125 107 124 168 178 186 140 139 163 161 176 149 112 121 106 135 163 151 147 125 110 119 168 158 141 138 154 183 175 
110 105 104 188 222 219 210 191 185 186 190 194 198 202 198 186 131 138 169 196 191 192 194 182 191 192 192 178 177 180 173 170 178 184 170 182 192 188 175 152  92  92 151  91  68  79 101 130 124 124 157 122 131 132 134 121 117 132 119 136 134 138 141 141 135 127 134 121 117 138 127 132 160 166 169 149 137 117 143 182 178 151 148 149 125 144 162 153 138 170 134 135 169 149 118 142 161 180 176 125 
106 111 114 179 206 220 209 193 186 182 184 187 190 196 198 197 183 137 132 183 193 196 180 168 190 188 177 170 172 180 163 154 179 185 172 174 166 183 170 189 163  97  60  58  83 115  80 103 130 124 139 138 153 130 129 121 106 121 127 137 121 111 130 155 153 144 132 140 157 160 155 164 160 121 107 112 131 170 184 153 140 155 151 171 167 159 162 142 115 121 155 161 145 116 145 175 181 169 108 105 
109 118 123 185 202 218 210 192 190 193 189 184 186 197 192 195 197 195 149 128 164 179 191 197 188 194 170 181 173 175 177 143 163 184 185 190 174 159 173 184 166 159 127  77  80 135  96  62  77  81 142 132 141 143 142 134 139 128 128 122 119 118 125 138 153 151 158 153 147 147 136 105  67  77 117 155 171 148 146 113  96 143 158 155 168 147 134 134 151 172 144 126 136 133 171 181 162 119 106 122 
111 115 114 182 210 221 212 198 189 193 190 183 182 188 187 193 197 195 196 167 129 138 186 197 188 195 186 174 176 178 181 158 181 154 157 172 184 196 198 182 156 128 129 120  79  88  83 116 107  84  90  93 117 125 114 108 138 124 109 114 112 130 114 107 121 101 119 114 103 104  81  83 111 156 155 118 112 150 164 157 134 157 148 149 166 165 163 170 172 127 130 125 172 186 174 141 119 117 132 176 
111 110 121 182 206 223 215 196 189 190 184 178 177 181 181 187 191 190 191 194 181 138 126 175 200 187 181 171 168 158 152 194 184 174 144 119 178 180 159 170 178 154 142 129 115  75  74 105 141 141  96  73  80  98 114 119 115 114 122 131 128 136 123 126 140 125 130 128 122 116 136 154 142  98  79  74 115 155 153 166 166 113 113 149 168 176 165 146 126 111 174 181 184 144 132 130 108 152 193 180 
112 104 123 196 209 225 219 196 193 193 190 175 173 181 180 173 181 190 191 189 185 180 154 126 132 164 179 171 170 166 153 178 147 167 172 170 146 142 134 161 171 175 192 175 161 142 124 106  95  89 102 100 112 113 110 103  93  93  92  90 111 108 119 124 129 128 131 141 133 157 113  90  74 107 138 128 139 148 151 146 141 130 143 156 165 171 169 143 145 184 191 187 186 154 121 129 170 198 170 120 
115 106 124 199 217 226 216 198 185 185 185 183 176 184 182 176 184 189 191 187 185 183 183 176 142 122 109 124 182 183 188 172 169 132 126 136 164 180 174 166 126 159 169 155 154 166 169 165 142 114  91  84 111 137 144 143 131 131 113 125  97  91 130 116 116 111 131 113 105  85  83 107 138 153 131 104 151 147 120 142 152 145 126 115 149 187 181 178 186 173 144 152 153 172 165 183 183 134 101 123 
120 109 129 195 217 224 214 195 185 186 190 185 181 186 183 181 180 183 187 180 176 172 181 191 187 167 135 127 145 137 166 173 190 168 169 165 139 163 171 163 162 165 165 153 124 132 162 169 160 161 159 128 102  94  86  91 107  97  95 135 113 112 132 122 106  98  76  88 107  75 124 150 137 139 128 119 146 151 168 167 112 117 123 127 169 184 180 173 139 149 116 116 153 191 204 170 113 103 113 128 
131 120 131 199 215 223 204 187 193 190 185 182 183 180 182 180 179 176 182 185 177 172 172 177 183 183 184 174 138 115 110 135 170 185 197 186 165 153 127 127 155 162 169 176 158 154 147 135 141 123 125 132 145 131 122 128  93 111 118 106  97 112 121  86 118 117  92 128 139 114 127 151 153 154 147 150 149 135 130 122 131 169 192 187 185 156 149 140 112 120 155 188 196 167 162 128 104 121 132 131 
127 115 136 203 214 216 203 185 188 186 183 178 179 167 165 165 161 169 177 178 174 174 171 169 176 177 184 189 186 167 133 127 138 157 179 161 175 182 169 159 165 155 164 154 148 138 130 145 194 155 144 146 157 136 143 167 129 161 157 121 131 145 170 143 153 143 146 146 150 148 151 146 129 116 111 146 148 150 166 178 186 184 156 172 185 112 108 116 136 172 196 201 155 122 136 105 106 139 178 172 
117 113 141 209 218 223 206 187 187 184 169 167 172 162 165 170 165 171 175 181 181 179 164 166 174 171 182 194 189 171 145 116 133 154 131 126 174 145 163 179 175 172 166 147 158 112 113 124 149 139 132 120 140 134 120 129 128 135 157 161 174 126 126 131 130 153 139 110 150 123 110 138 123 131 149 188 186 189 179 174 162 129  96 123 122 111 145 179 197 190 169 161 130 148 145  93 104 140 178 166 
122 119 139 196 217 219 200 189 188 182 166 163 166 161 157 169 168 170 177 184 182 178 141 159 174 172 183 194 197 187 137  99 131 157 135 133 150 150 160 147 147 170 160 165 176 170 170 158 134 154 151 133 139 127  90 108 100 137 141 133 162 132 127 129 130 125 109 116 157 157 144 175 189 190 169 163 167 136 127 127 117 104 118 135 159 183 194 176 140 127 125 121 117 120 154 127 136 174 184 173 
131 115 137 183 215 216 197 186 188 182 175 177 178 168 165 166 172 169 178 185 181 175 164 168 171 171 178 185 192 187 133 120 139 150 152 169 158 152 147 152 148 161 112 140 137 123 153 167 174 170 174 174 174 170 163 166 161 171 166 166 170 174 178 174 176 157 133 167 171 169 174 151 126 157 149 130 126 104 112 124 141 161 187 192 188 155 133 108 101 105 109 111 125 127 157 168 175 193 177 168 
168 187 187 210 219 217 204 191 190 188 186 187 190 183 179 181 182 179 189 183 180 177 178 179 178 176 177 181 188 187 180 162 148 155 160 182 202 192 166 158 161 140 123 126  97 104 120 129 133 119 125 162 181 160 157 181 175 170 184 173 170 159 158 153 144 162 134 152 150 113 129  96 100 112 115 122 141 156 169 185 196 188 169 134 113  99 102 103 104 121 141 149 155 169 171 173 175 178 166 170 
153 171 190 195 216 211 204 197 188 189 194 195 189 188 185 195 192 188 193 197 198 192 183 186 189 187 183 184 193 184 184 177 180 226 204 176 200 203 211 212 209 203 192 181 165 149 142 123 125 113 113 115 117 109 113 143 145 134 123  94 121 106 113 107  97 108 114 110 111 107 109 118 132 160 178 196 200 194 186 153 140 127 112 102  97 101 106 106 106 138 174 171 175 173 170 172 176 174 171 173 
172 161 163 185 205 203 194 182 181 150 153 144 151 154 145 147 151 151 175 183 190 196 178 167 163 168 169 162 165 180 181 181 171 189 229 188 188 212 207 210 220 214 215 209 215 213 200 200 197 194 187 176 160 146 152 179 180 150 138 148 141 143 147 149 156 151 151 154 166 172 185 199 208 199 180 162 146 129 117 101 101 103  94  95  94 123 143 142 136 152 172 178 175 175 173 174 172 170 171 175 
178 205 174 189 203 202 190 179 164 109 131 132 136 127 128 132 134 125 136 129 135 133 130 128 110  98  94  90 117 169 176 184 163 111 185 189 179 213 208 209 212 212 206 205 207 210 208 206 208 213 212 212 207 207 202 198 195 204 213 205 207 199 199 205 204 204 195 200 210 210 194 170 149 152 146 131 113 107 105 106 100 102 117 130 135 167 179 166 178 178 171 176 177 174 174 173 171 176 177 179 
201 229 185 192 205 207 185 179 147 104 127 131 136 127 132 128 129 130 135 134 133 130 111 124 114  87  87  86 103 174 177 180 159 112 188 178 166 205 210 213 208 214 211 208 207 209 209 205 203 212 215 213 210 209 208 202 198 202 206 200 205 208 205 195 195 204 201 207 194 157 143 149 182 197 199 178 119 102  97 104  94 106 181 172 182 200 186 168 172 178 174 172 175 176 171 167 170 172 170 175 
190 208 184 195 206 205 188 185 146 101 133 131 132 125 128 130 128 126 130 130 125 125 107 103  96  84  85  84 112 179 172 173 151 150 208 180 164 201 213 210 216 213 212 208 202 205 210 208 214 212 212 209 209 213 211 207 208 201 201 209 210 186 167 185 210 208 206 207 142 166 195 205 202 198 199 171 115  95  92  95  88 105 186 161 147 209 189 173 177 181 176 173 174 174 169 171 171 171 171 177 
162 183 177 179 201 205 193 182 138 102 135 136 129 131 130 133 135 132 132 131 129 130  99  85  85  89  85  85 118 174 175 175 147 154 207 183 167 214 230 211 204 205 209 205 205 209 205 205 210 207 207 206 205 205 207 206 206 208 214 189 147 143 188 208 203 184 160 199 181 193 193 199 204 198 204 188 120  98  93  96  86 107 167 186 204 244 228 184 177 181 176 179 179 172 165 169 174 173 173 173 
175 162 171 180 207 199 173 170 131 104 130 127 121 121 119 124 129 126 123 127 125 124  88  88  88  97  89  83 119 175 177 184 147 154 208 182 169 211 221 209 194 202 204 205 208 208 200 204 204 197 200 198 207 208 201 204 223 202 155 134 176 212 200 149 142 181 173 190 199 192 195 203 205 204 209 188 117  99  90  91  87 111 174 162 156 220 183 176 177 178 174 180 179 174 165 166 174 175 169 171 
198 189 214 199 216 209 183 170 160 150 164 165 153 144 137 162 159 157 160 167 160 157 149 155 130 112 138 142 165 178 177 180 153 177 209 185 164 201 216 208 201 199 197 195 203 204 205 202 196 200 202 197 198 200 199 192 163 137 167 216 204 161 130 156 191 197 187 189 195 195 197 198 202 199 203 180 117  98  91  94  90 114 179 169 146 175 172 172 174 179 173 178 176 172 166 166 172 177 168 172 
198 199 199 206 221 215 203 188 188 188 194 191 194 201 203 199 195 195 201 203 201 207 198 196 187 176 181 182 183 179 180 180 149 155 185 176 169 200 200 197 204 205 196 194 201 201 200 195 184 196 200 194 191 187 161 150 172 196 198 163 130 159 192 206 200 194 183 185 182 193 198 191 197 197 191 170 120  97  95 105  90 110 176 170 174 168 170 170 173 173 174 173 173 168 167 167 174 178 172 175 
196 161 166 185 212 216 219 217 195 191 189 194 195 194 191 196 192 189 201 204 212 203 192 190 189 189 184 184 183 178 167 192 159 107 138 176 171 192 198 207 205 197 196 202 205 200 198 196 193 187 181 173 158 161 179 205 205 157 124 147 185 201 202 197 192 196 183 177 173 179 194 195 197 197 197 177 119  93  94  94  82 115 173 167 165 169 169 173 176 180 177 174 177 172 170 168 173 177 167 177 
205 209 204 164 196 212 192 182 180 185 188 196 195 186 183 187 190 175 209 193 190 184 186 164 144 142 172 189 187 184 166 210 162 107 126 164 178 193 181 184 177 167 183 182 171 165 165 162 156 160 157 182 191 203 188 155 131 139 182 203 203 201 200 199 198 192 180 174 177 167 189 198 197 194 193 154 113  98  93  89  86 118 168 168 166 171 170 169 177 184 186 180 177 174 170 170 174 180 176 175 
206 207 211 208 203 209 198 193 197 199 202 200 206 195 201 202 204 202 196 185 193 193 192 187 186 175 185 193 186 202 190 186 199 207 197 184 189 212 214 198 174 177 180 176 163 159 176 185 189 190 197 179 149 126 138 154 188 205 197 195 199 197 196 199 196 187 177 173 177 172 182 191 189 196 181 134 116  98  95  95  86 113 174 169 167 175 168 169 179 182 180 173 173 174 173 176 180 176 170 172 
217 209 171 156 148 157 161 162 159 161 171 166 169 167 175 169 148 145 124 121 137 168 161 173 163 181 194 184 197 204 217 182 170 179 186 181 184 185 189 199 202 195 186 190 188 183 172 160 153 135 110 107 148 183 200 210 195 191 195 195 196 192 193 200 201 193 180 175 172 171 174 143 133 151 140 120 104  91  91  93  90 129 174 167 166 170 170 173 173 176 180 181 177 169 176 177 177 181 176 170 
210 206 133 122 124 115 117 119 129 132 131 135 124 120 117  99  97  96  99  95  96  95 103 102  90 106 115 117 121 119 131 119 107 103 117 115 108 115 116 119 114 111 107 105 111 105 100  99  99  97  90 110 126 123 128 131 132 124 128 129 130 123 132 142 142 135 132 129 139 135 130 110 104 102  98  92  90  99 112 128 141 160 164 163 164 169 174 169 175 181 182 186 184 182 178 175 174 173 175 171 
