210 218 213 216 215 214 214 210 202 188 186 190 162  99 116 107 104 105 105 119 155 175 154 154 170 171 180 176 168 153 106  97  93  89  89  88  86  84  83  82  88  93  96  92  96  96  95 180 189 170 181 178 176 177 165 158 166 100  92 104  96  89  86  92  89 108 118 107  97  91  93  92  91  96 103 158 169 176 173 173 176 178 177 191 173 130  99  94  91  89  91  89  89  85  86  91  88  83  81  82 
220 218 214 215 211 214 217 209 202 193 187 184 156 103 109 108 109 100 104 127 151 144 130 162 181 173 179 175 172 163  92  96  93  85  80  85  83  82  91  98  88  86  87  88  94  88  94 170 183 173 184 185 181 176 163 155 159  98  90 100  92  89  85  89  91 104 112 126 123 108  97  94  95 103 102 137 169 174 176 174 178 182 177 188 183 150 106  91  92  93  90  92  89  86  91  86  87  85  85  91 
223 222 212 216 210 213 219 207 204 195 189 189 159 100 107 108 111 100 103 108 112 122 112 162 181 171 181 175 174 162  99  95  92  88  81  80  86  95 103 121  98  88  88  90  97  84 102 181 187 175 178 182 182 173 163 159 157  90  85  88  85  86  89  89  89  92 107 130 138 125 110  98  98 102 103 128 166 172 177 170 181 182 174 178 193 159 120  96  94  91  89  91  85  88  83  84  86  87  87  92 
219 219 201 210 217 217 217 208 206 186 186 185 154  99 102 107 102 103 100 102 109 114 106 161 183 169 180 169 169 164  93  97  88  85  83  79  89  90  88 101 109  98  89  91  93  84 111 185 182 173 178 184 180 173 161 156 155  84  86  85  80  89  84  90  95  96 113 125 111 104 102  97  98  94  93 120 163 168 172 173 185 186 178 176 185 175 144  98  95  94  92  92  91  92  89  88  88  89  89  94 
220 218 211 212 216 217 223 210 205 189 185 185 150 100 103 105 102 102  96 100 105 109 107 163 181 169 176 168 176 176  96  93  91  90  81  84  83  82  86  93 103  94  87  86  91  80 135 185 183 173 175 174 172 171 158 155 155  89  82  84  84  79  81  89  93 104 134 118  95  90  94  93  96  99  93 123 158 164 172 177 189 189 183 175 181 187 157 114  89  92  94  91  91  90  86  87  89  86  89  97 
221 219 206 217 215 217 217 208 203 190 189 185 150  91 102 106 104 104 102 101 102 107 104 161 185 175 178 170 176 173  92  91  91  99 105  86  78  78  81  90  94  85  88  88  90  88 148 190 180 174 173 174 168 172 158 152 154  83  81  80  82  81  85  83  87  96 115 113  92  89  89  93  96  92  93 126 159 165 172 174 189 191 187 175 169 191 174 130  96  90  95  89  92  92  89  88  89  91  93  97 
224 223 213 223 215 222 215 206 203 186 185 183 156  97 101 104 102 100 101  99 101 109  99 163 178 168 179 171 179 176  88  99  90  97 125  93  87  85  81  81  86  85  85  87  87  89 156 184 178 173 171 175 171 166 156 151 147  81  84  81  79  84  86  82  85  90  98  99  93  88  87  87  91  89  90 128 160 162 170 172 179 179 185 177 165 175 178 151 104  90  88  90  87  92  85  94  91  88  95 101 
224 220 209 219 218 218 218 207 201 187 184 180 158 103  97 104  98  96  92  95 101 104 103 179 179 169 178 165 181 165  96 105  94  86  90  91  91  87  83  79  84  82  84  90  88  98 166 185 182 170 170 168 168 168 150 148 149  82  88  83  80  81  83  84  85  86  93  94  92  85  87  89  90  88  89 128 159 163 172 173 164 159 173 182 169 169 180 162 126  90  89  90  84  92  92  89  88  85  89 108 
220 214 207 217 217 216 217 210 203 189 185 179 168 112  96 103  97  98  96  96 101  94 113 190 169 171 176 167 177 171  97  99  92  87  90  92  94  84  81  77  75  81  83  90  83 118 174 185 180 166 169 170 166 170 153 149 147  82  84  83  77  73  77  79  83  86  94  91  88  91  92  90  93  87  87 131 167 163 172 180 160 149 163 190 176 165 177 172 142  99  89  93  85  91  93  88  88  90  94 118 
214 208 202 214 213 212 211 206 198 188 183 184 178 133  98 101  95  93  99  97 101  97 147 191 164 174 178 165 177 169  92  99  89  83  92  94  94  89  81  81  81  83  83  86  80 135 181 189 181 165 165 167 169 167 153 149 148  81  84  83  81  79  75  84  82  86  87  93  93  92  91  88  91  87  86 126 162 163 172 180 167 152 152 179 178 166 172 176 161 123  92  90  82  92  91  91  87  89 101 126 
219 215 209 220 219 215 216 206 199 189 188 187 185 162 107  97  98  97  98  98  95 119 184 177 170 175 176 164 181 166  95  96  92  81  93 100  93  90  86  81  85  82  87  90  87 151 180 186 183 169 166 171 174 169 157 149 148  81  83  81  85  86  81  82  85  85  89  95  91  91  91  89  87  84  86 125 166 164 176 177 171 149 132 171 181 172 166 177 168 138  94  89  87  90  89  85  84  87 105 141 
218 223 209 217 218 218 214 207 198 184 189 187 184 178 140 100  99  99 101 104 129 187 187 168 176 175 175 164 182 160  87  98  90  87  94  95  89  90  89  82  83  85  87  85  99 166 181 185 175 164 163 169 168 165 154 151 149  76  82  79  80  82  78  81  80  88  85  89  87  86  88  91  89  86  88 132 164 166 178 181 169 146 113 155 178 175 163 174 176 153 106  85  86  88  87  83  89  92 110 147 
221 225 208 214 217 214 214 207 203 188 190 188 186 180 173 138 103  97 142 189 199 199 168 176 175 180 179 163 178 152  90  99  88  89  90  88  87  89  86  82  82  86  88  84 116 176 180 185 174 162 168 171 168 165 154 151 141  71  82  81  83  80  84  78  75  86  86  90  88  82  84  89  90  91  89 135 165 169 177 181 164 139 100 145 172 177 170 163 177 169 133  85  88  92  86  84  89  94 119 155 
220 219 211 222 218 216 209 206 201 190 190 188 188 190 181 172 153 137 167 192 176 170 182 188 182 181 177 159 179 158  94  98  91  90  92 100  93  87  84  81  83  87  86  78 142 183 178 187 177 165 170 171 172 165 156 153 145  75  77  80  80  80  90  85  82  87  88  87  84  84  85  85  89  89  92 136 165 167 177 178 159 138 100 123 161 175 174 163 175 179 155  98  87  90  86  85  89 102 127 162 
220 215 216 223 218 214 214 208 200 190 187 189 188 192 185 184 182 172 166 164 169 179 188 185 177 178 178 162 179 157  93  95  92  85  90  98  90  87  84  81  83  88  88  92 158 181 178 189 173 160 166 171 173 164 153 157 147  76  85  79  78  82  85  84  84  89  88  87  88  84  87  87  89  84  86 133 164 164 178 176 159 140  90 107 143 173 176 166 170 179 162 127  94  88  87  91  97 108 137 168 
219 215 215 223 216 216 215 207 203 194 191 186 185 189 189 189 187 186 186 184 184 183 189 184 175 177 176 160 178 151  91  95  93  87  85  90  85  88  82  82  90  88  84 106 175 179 180 191 180 167 172 168 171 167 149 155 138  75  88  79  78  77  82  83  81  82  89  88  86  86  85  83  83  83  84 132 164 165 174 178 160 142  95  98 123 164 184 173 165 179 175 144  98  88  91  96  98 114 157 168 
220 217 209 224 216 215 216 205 199 189 188 185 183 186 187 181 184 183 183 179 181 183 185 187 180 175 177 161 185 146  87  97  94  92  88  86  86  85  81  83  86  91  83 124 174 177 179 185 174 167 173 174 171 173 153 156 142  75  80  80  79  75  79  84  84  82  83  88  90  89  86  86  79  82  86 130 164 162 172 173 160 138 104 103 111 154 184 181 170 175 180 157 111  89  95  97 100 126 170 169 
220 214 206 224 217 217 217 205 197 192 188 186 189 190 184 179 181 181 178 181 180 183 181 183 179 178 178 164 184 148  95  97  96  92  83  82  85  90  83  81  89  89  83 152 172 174 178 184 171 169 170 168 168 164 155 154 143  72  81  75  76  81  82  83  81  83  85  89  86  88  84  85  88  88  88 139 165 163 173 172 161 140 103 107  98 134 168 180 172 170 176 168 138 100 101 108 109 140 177 170 
221 219 212 221 217 220 217 206 201 190 193 191 188 184 178 175 166 164 168 168 175 176 183 182 182 182 175 161 187 148  87  96  91  90  91  86  86  87  85  86  92  84 104 164 170 177 177 182 173 167 173 168 172 164 151 152 137  75  84  81  83  81  81  78  82  87  83  86  84  86  86  89  86  87  90 142 164 160 170 170 164 134  95  99  99 116 157 174 179 166 173 178 154 119 104 110 121 161 180 173 
220 217 216 217 220 216 215 208 202 186 189 191 186 181 171 158 140 130 166 173 162 175 186 185 183 181 176 160 182 143  91  99  91  90  96  93  92  85  84  85  89  83 129 170 174 177 172 184 173 165 180 179 176 173 152 160 133  70  83  89  88  80  82  80  83  88  83  82  84  83  82  82  81  84  91 142 164 162 171 170 165 133  93  95  98 110 146 173 178 166 161 167 157 133 108 114 133 167 176 173 
215 219 214 219 223 219 214 210 201 191 190 192 184 172 152 115 105 100 159 197 189 171 186 195 185 179 178 161 187 140  90  92  90  96  97  98  91  86  82  88  88  92 148 182 180 177 173 181 169 165 178 188 187 174 153 155 132  74  85  85  85  81  82  84  86  88  92  82  83  87  87  83  83  82  87 147 166 159 170 174 165 130  90  93  95  97 122 167 177 164 152 166 175 148 115 133 150 174 174 171 
218 224 216 224 226 228 217 207 201 197 188 190 181 156 113  98 102 106 104 125 184 203 171 179 178 180 177 161 186 145  96  94  87  90  94  95  91  95  93  92  86 108 170 181 183 181 170 183 172 167 179 188 190 174 152 158 133  82  87  83  81  79  82  85  83  87  90  85  84  85  87  86  89  88  86 147 161 157 168 169 163 132  87  90  99 106 105 151 169 161 162 174 188 163 141 150 162 175 170 177 
217 216 214 219 220 225 213 209 198 193 185 185 176 127 100 104 101 105 104  99 108 184 193 169 179 181 176 153 189 142  93  94  86  88  95  96  99  97  95 102 121 141 176 181 180 184 177 191 173 167 180 186 189 172 151 158 134  74  85  83  82  80  87  84  80  88  88  83  83  87  89  85  88  85  91 142 161 154 168 172 172 137  84  92 103 101  93 130 168 177 171 165 180 174 155 156 174 173 165 179 
214 205 207 213 212 221 208 208 198 189 185 183 160 112 105 104 107 104 100 106 102 126 200 172 175 177 173 152 190 138  90 100  89  96  95  93  99  97 102 131 200 175 178 180 178 176 174 188 171 165 178 187 188 174 152 156 134  75  89  80  80  75  83  83  79  89  90  89  84  86  89  88  86  86  95 146 161 160 175 172 169 131  88  97  97  94  92 109 161 175 174 170 169 182 173 171 183 172 171 187 
219 215 209 218 217 221 211 207 201 185 181 180 142 105 103  98 105 106 104 106 101  96 168 183 166 174 172 158 191 142  93  94  89  91  97  92  96  98 105 163 191 172 182 180 179 169 154 183 170 167 180 187 189 174 153 158 135  71  89  81  79  80  83  83  84  89  90  89  86  87  84  82  82  87  98 144 165 163 173 172 166 130  90  94  94  90  92 101 140 171 180 168 167 182 187 182 182 167 182 190 
218 218 214 218 229 224 211 215 202 190 182 178 135 100 102 102 103 104 106 105 103 100 144 195 165 179 174 159 187 136  97  92  87  90  95  95  97  96 116 192 182 174 179 176 178 125  81 160 173 166 181 189 188 176 154 162 136  81  85  79  84  83  81  81  83  88  90  88  86  85  84  85  87  83  97 149 160 159 172 170 164 121  89  93  95  90  93  94 119 163 178 171 170 176 184 174 170 167 178 186 
218 219 210 214 223 228 210 206 197 185 185 177 124 108 115 105 102 104 101  97 103 103 132 196 166 177 174 164 193 139 101  96  89 101 101  94  96 103 148 203 172 182 179 177 158  93  75 142 172 167 185 192 190 171 148 160 131  77  85  80  84  81  85  85  86  88  89  92  87  88  88  83  86  88  90 149 163 156 174 170 164 128  87  97  98  93  89  90 101 148 175 178 171 181 182 178 168 171 180 188 
217 221 214 213 218 232 209 206 198 187 186 176 118 102 112 105 102 103  97 101 106 104 124 191 166 175 176 162 192 134  94  94  89 112 110  93  97 114 190 184 175 184 176 176 127  92  87 138 171 165 179 186 189 170 153 157 128  76  86  80  80  80  83  85  84  83  89  89  87  90  88  83  85  90  99 145 160 161 176 170 160 128  89  95  99  95  90  97  98 128 172 185 172 177 182 179 168 175 179 189 
223 223 212 224 219 229 211 210 193 187 184 177 119  96 103 105 103 102 102 102 104 104 120 195 167 178 170 161 191 138  93  88  92 100 101  98 103 153 201 179 180 180 178 164  98  94  84 138 167 164 177 185 192 174 154 160 126  80  84  83  81  76  86  84  81  87  93  90  87  88  86  84  84  87  98 149 159 161 178 174 167 120  91  95  99  96  92  93  97 110 159 186 176 175 182 174 170 184 190 190 
221 215 211 218 220 233 216 209 196 189 187 176 122  99 103 103 103  99 100  96  99 100 117 184 167 174 171 162 194 138  95  88  86  93  95  98 105 189 186 173 181 180 179 129  85  92  92 139 166 163 181 185 185 169 155 160 126  79  91  81  79  78  84  85  82  88  95  90  90  89  85  83  80  84  97 152 162 163 182 174 171 120  89  96  96  96  94  90  96  99 141 171 176 173 175 174 172 185 192 190 
222 217 214 216 216 226 221 213 195 187 184 176 117 102 106 102 103 100  97  95  99  96 124 189 169 177 173 163 188 128  95  89  84  91  95 100 147 199 176 180 181 175 169 102  89  99  90 139 167 167 183 183 189 168 154 162 116  80  87  82  79  85  84  80  82  88  92  90  85  90  86  86  82  85  99 152 160 163 178 169 167 112  87  94  89  93  91  87  92  98 120 161 180 180 169 174 181 187 189 182 
219 216 212 218 216 225 219 216 196 185 181 179 112  97 106 101 102  99  98  95  97  94 128 199 167 174 171 158 196 122  91  88  87  97  97 109 182 187 173 179 178 179 137  87  91  94  90 146 168 166 183 190 191 173 153 164 113  79  83  78  82  84  81  82  85  90  97  91  87  88  88  84  81  88  95 152 158 163 177 177 167 115  90  93  93  96  91  91  91  99 114 155 179 180 166 173 182 193 193 183 
219 213 216 215 215 225 217 212 196 189 182 176 116  97 102 108 108 103 105 101  97 100 134 197 169 174 175 158 193 128  91  92  88 100 103 144 195 177 176 179 178 162 101  79  87  93  86 147 165 164 183 192 189 167 151 164 113  80  82  77  84  85  87  83  85  86  89  93  93  90  85  86  84  89  97 153 156 162 179 173 165 119  90  96  95 104  99  95  96  99 136 165 181 179 172 180 186 188 190 185 
213 213 216 219 217 222 219 212 198 191 188 182 109 101 116 120 111 103 103 101  99 100 130 192 170 177 173 164 197 127  92  90  94 102 111 183 187 174 178 176 175 134  91  88  84  94  93 149 166 167 185 192 185 167 156 162 107  77  83  81  87  81  84  84  87  90  88  91  88  93  89  88  89  88  99 153 161 165 180 172 172 116  87  98 102 106 100  94  96 108 157 175 181 178 175 182 183 185 189 187 
217 213 212 218 219 226 219 213 193 188 186 184 113 113 125 113 104 102 103 100  96  97 138 190 167 179 170 162 194 125  93  96 106 103 139 205 175 177 176 179 166 102  88  89  92  95  97 150 166 167 183 185 188 169 154 164 105  75  82  79  82  83  84  84  80  91  92  89  86  89  93  87  88  85 102 153 161 164 174 172 174 115  91 100 103 100  94  95  99 138 173 177 175 166 174 173 175 186 189 188 
223 216 213 220 217 225 215 211 195 188 186 181 110 104 110 100 101 100 105 102  98  98 140 195 164 177 171 167 189 116  87  95  98 109 170 192 170 175 179 176 147  79  89  84  90  96  95 153 165 165 184 189 192 171 152 163 111  77  83  81  84  80  84  85  83  85  92  86  87  87  88  88  84  91 103 156 165 166 179 171 166 112  91 101 100 103 100  97 115 162 171 178 171 168 177 176 172 179 191 186 
222 214 206 220 218 222 218 214 197 191 189 181 113  99 102 105 104  92 101 106  98  97 137 187 163 177 172 161 195 119  90  98 100 135 190 168 173 181 180 172 189 125  86  92  90  93  94 152 160 166 183 190 188 166 155 162 107  82  89  81  86  81  81  84  86  88  88  90  92  89  87  86  88  88 108 164 158 164 176 173 165 109  95 101 106 106 103 101 135 168 171 171 170 176 179 178 175 174 189 188 
219 218 207 212 212 222 219 211 191 188 190 174 113 103 108 110 101 100 102  98  93  98 140 192 169 180 173 166 199 120  95 106 113 177 188 161 169 184 177 180 190 113  91  93  88  95  95 154 164 161 182 189 186 166 153 162 111  79  88  84  84  82  81  85  84  89  95  92  89  89  92  93  93  92 112 161 163 164 177 171 167 109  91  97 109 108 103 108 153 179 176 167 174 180 185 179 173 169 182 183 
216 211 205 215 213 211 212 206 192 185 183 171 107 104 103 101 102  98 102  99  98  98 144 193 169 178 174 169 194 117 100 105 138 201 177 179 168 164 170 191 152  90  90  88  88  92  98 153 163 166 185 184 185 166 156 162 105  78  84  87  82  80  77  85  83  85  98  94  87  86  91  92  96  95 111 161 163 166 170 168 166 109  91  96 101 110 102 130 170 182 181 175 177 181 189 189 175 171 173 182 
223 217 212 219 216 213 218 210 189 183 182 170 110  99  99 101  97  98 105 101 101 101 140 194 166 178 174 166 196 121 104 108 169 190 174 181 183 167 168 198 108  88  90  88  89  92  92 161 165 165 190 188 186 166 154 158 101  82  83  84  82  79  83  86  84  90 100  93  91  87  89  89  94  94 111 161 161 166 172 168 165 112  89  93 101 105 115 160 167 181 181 175 181 174 170 188 183 169 168 186 
219 218 215 216 218 216 214 214 198 186 186 179 105  99 105 100  95  94 104 104 100 104 143 196 166 180 177 170 204 120 105 135 196 179 178 180 182 173 189 161  95  91  88  88  87  90  89 155 163 169 184 188 190 168 154 163 103  83  84  79  77  79  84  84  86  91  94  86  91  92  88  90  89  90 110 162 160 163 173 170 160 109  93  92 103 102 134 172 168 163 175 180 176 158 151 174 181 172 167 182 
223 219 214 219 218 216 214 208 197 189 185 174 102 100 107 102  96  91  95  96 101 108 151 198 167 180 173 173 196 122 101 170 202 172 176 180 178 174 190 127  99  94  92  89  89  89  97 160 167 166 180 182 186 165 154 163  93  79  85  80  80  78  84  84  87  90  94  87  92  88  92  90  87  92 107 157 162 164 165 166 158 101  94  97  99 113 154 173 176 165 160 181 172 138 130 165 178 168 166 171 
223 221 217 213 214 220 216 207 191 187 187 169 107  98 105 106  94  93  96  96 104 108 146 193 172 178 176 175 193 108 123 203 185 182 181 180 174 191 162 107 100  92  92  87  88  94 101 161 163 165 181 179 179 160 153 164  96  81  83  86  79  80  85  85  85  92  96  91  94  90  90  91  87  90 117 159 164 166 168 172 164 101  91  99 104 138 166 175 174 172 173 166 163 123 110 160 178 173 165 163 
226 221 222 221 216 222 217 210 190 186 183 168 104 101 104 103  96  98  99  99 108 105 152 191 163 180 173 180 204 114 170 205 180 187 182 184 182 185 127 109 100  93  89  85  89  91  96 160 164 164 183 184 183 161 152 161 100  81  82  85  83  82  87  86  86  91  98  97  93  90  93  91  92  92 113 165 160 162 170 174 170 100  95 100 107 154 174 177 171 176 182 169 147 105 104 148 170 172 164 169 
222 215 218 219 215 220 219 214 196 188 183 170 104  98 105 100  94  97 102  98 100 106 153 191 169 179 174 181 194 126 207 184 180 186 179 175 187 167 110 111  95  92  93  87  85  90  98 164 162 166 181 185 182 164 158 157  98  80  83  82  79  82  85  83  85  88  93  94  90  91  95  93  95  93 113 162 163 166 169 171 166 108  96 102 137 169 173 175 175 177 177 162 122  99  99 135 169 171 168 171 
220 212 217 211 215 220 219 210 190 186 192 171 103 100 104 100  98  94  97  99 103 100 152 190 174 180 176 182 201 183 199 175 183 184 179 178 195 130 103  99  92  88  90  87  90  92  96 172 158 167 186 186 184 165 162 160  92  82  87  83  82  78  82  84  84  88  89  87  86  86  88  90  91  92 120 167 160 161 169 173 163 106  98 116 161 180 178 171 176 177 165 145 102  95  96 119 161 176 172 170 
219 210 210 213 215 216 215 215 193 185 187 168 104  99 101 102  99 100  93  96 105 105 152 188 171 182 176 178 211 212 187 183 182 183 172 191 166 100 103  92  96  92  85  85  91  91  98 166 164 169 189 184 181 161 152 164  92  85  89  85  82  79  82  85  88  90  89  86  86  89  89  87  92  98 123 167 166 166 166 171 168 110 102 139 169 180 181 171 176 175 159 125  95  94  92 106 150 175 174 169 
214 209 210 220 216 214 215 210 190 186 184 168 104 100 105 105  99  98  98  96 103 105 152 183 172 182 177 170 192 195 180 186 184 180 173 195 130  93  97  92  92  89  87  86  92  90 102 168 163 170 182 184 181 162 150 162  97  81  82  82  79  80  84  86  88  93  93  91  88  90  87  85  91  93 125 163 164 169 168 172 174 108 117 163 176 181 176 176 184 172 145 105  98  92  92  99 142 174 173 160 
211 211 211 218 215 218 217 210 188 185 186 164  99 100 101 101  98  99 101 101 104 103 153 192 173 184 181 173 168 177 184 183 177 172 183 169 103  97  97  93  95  92  90  86  87  91 105 167 158 166 175 184 181 161 156 155  94  80  85  83  77  83  83  87  95 103  94  90  87  89  89  90  92  93 128 168 164 166 171 175 171 112 138 169 173 178 176 179 185 168 130  95  96  89  89  99 132 170 170 159 
216 212 217 215 214 215 215 213 192 186 188 161 100 102 104  98  97 103 103 100 109 109 163 193 181 185 178 176 175 180 187 180 173 175 196 129  95  98  99 113 104  91  89  87  90  88 107 168 162 166 179 182 181 161 154 156  84  84  84  80  80  83  84  96  99 107 104  96  92  92  86  91  91  93 130 177 165 168 168 171 165 125 158 173 175 170 176 186 179 147 107  99  90  88  93  89 114 162 176 165 
209 208 215 213 212 215 206 199 192 184 185 162  98  99 101 100  93 107 100 103 111 106 155 191 188 192 180 179 178 183 185 176 170 187 180 100 101  95 101 112 104  87  90  83  88  87 101 168 161 164 178 176 179 161 155 159  90  84  83  80  84  82  88 100 111 135 121  97  94  93  92  89  89  93 132 187 162 163 167 171 158 142 174 177 175 168 173 180 164 125 100 110  95  89  93  94 108 158 170 166 
195 203 202 206 212 211 204 200 190 186 182 164 101  95  97  98  99 101  95  99 105 109 111 152 177 181 180 180 174 184 183 180 174 198 135  95  97  95 103 103  96  89  89  86  87  85  96 162 160 167 175 176 184 158 155 158  90  87  87  81  86  84  89  97 110 128 117  98  94  90  91  91  88  91 130 183 163 163 167 173 162 155 177 179 174 173 181 174 152 107 100 100  89  93  93  95 103 147 168 165 
206 199 196 204 205 200 195 192 190 185 183 178 106  97  98 100 100 100  95  98 101 104  89 138 176 175 177 177 180 186 180 176 187 174 107  96  93 101 119  95  93  95  90  86  87  88  88 167 160 172 181 179 183 165 156 162  85  85  88  85  83  88  90  92 103 103 100  99  92  90  87  90  95  91 137 182 162 162 166 172 172 166 181 182 180 182 180 163 125  93  98  92  91  95  96  95  97 139 169 167 
213 208 206 207 196 191 189 183 183 183 184 183 129  94 105 102 101 101 101 100  99 101  93 157 172 180 179 176 185 180 178 165 173 138  96  98  98  98 106  97  99  98  95  92  90  89 100 169 162 171 178 180 181 161 159 163  81  87  85  88  87  86  86  91  98  99 100  99  97  92  88  88  87  92 144 185 159 161 164 168 174 176 182 176 178 183 176 148 102  93  92  89  89  93  95  95  93 126 168 164 
204 205 210 201 188 191 190 191 189 187 191 183 163  92  99 100 104 106 104  98 103  89 111 172 179 182 173 180 182 179 177 146  91  99  95  98  96 103  97 101  96  88  91  97  95  90 104 171 163 173 184 184 182 161 163 162  87  88  87  88  88  87  85  88  93  90  97  98  98  99  93  91  97  96 138 183 162 161 167 175 174 177 182 173 181 185 171 127  93  94  87  83  91  92  95  95  93 121 165 164 
213 201 198 199 195 195 195 189 191 193 190 180 182 126  91 103 107 103 109 108 103  92 141 177 176 180 177 179 181 179 171 133  91  94  99 101 102 106 102  97  99  90  86  94  98  92 103 177 168 171 182 185 185 164 160 158  82  87  94  89  85  86  86  87  94  88  84  90  98  96  98 100  99  94  98 132 164 165 165 175 181 181 175 175 183 177 155 107  96  97  88  83  87  96  96 103 102 113 161 161 
211 203 205 198 194 198 191 191 195 190 186 182 180 167 115  92  98 105 107 102  94 124 171 176 178 183 180 179 180 178 171 136  89  96  96 103 104 103  97  93  96  91  92  93  97  88 115 182 164 175 184 187 187 161 160 165  85  92  95  93  83  86  88  93 100  89  88  88  97  98  97  96  95  90  83 102 160 163 163 173 181 174 170 178 181 166 127  93  92  94  93  86  87  95  98  98  96 104 159 161 
207 202 204 198 196 193 191 188 190 190 185 183 183 182 176 128 102  97  97 102 135 172 181 181 183 183 178 173 177 178 173 158  93  92  99  99 100  97  98 100  98  95  90  91  96  85 131 175 162 174 184 187 184 165 160 167  83  84  88  89  89  84  82  90  98  94  91  89  91  94  93  95  98  92  89 119 161 161 165 175 186 177 175 179 174 152 103  93  95  98  98  89  87  90  88  96  89  98 156 167 
206 202 206 201 195 192 193 184 185 185 185 181 183 187 183 179 160 148 148 158 176 185 187 182 186 180 177 176 182 182 179 176 122  82  87  92  94  92  94  93  95  92  92  94  91  93 167 175 167 177 186 181 180 168 161 177  92  87  90  88  91  91  93  89  89  88  90  89  88  94  92  93  96  89  84 131 161 164 166 179 179 177 182 176 169 135  87  95  94 100 111  89  87  89  89  88  90 105 153 171 
204 201 203 204 198 197 190 190 186 188 189 183 182 188 187 187 183 186 183 183 183 187 190 182 182 180 176 177 186 186 184 185 173 133  97  86  89  84  86  81  86  90  90  84  91 133 185 173 164 180 187 188 190 168 163 186 124  81  92  88  92  93  95  91  96  95  92  94  94  97  92  93 103  92  99 153 161 165 172 180 177 179 184 169 157 116  92  96  96  97  98  91  86  87  89  90  93 112 159 177 
198 195 197 203 193 201 197 191 192 191 186 189 186 185 187 187 182 181 185 188 186 192 191 189 187 183 177 180 190 191 188 185 186 181 168 154 147 137 132 124 119 110 109 118 144 168 185 177 169 180 187 192 193 169 164 187 159  92  87  93  92  95  97  89  98  98  96  98  95  98  99 100  95  97 132 160 160 161 170 175 176 181 182 130 102  97  95  99  96  99  97  93  90  89  91  92  96 125 170 187 
195 190 192 193 195 194 189 186 185 187 186 183 185 189 187 188 185 182 183 183 183 186 191 187 183 184 179 183 186 190 189 185 184 185 187 185 183 178 170 177 174 174 168 172 176 178 190 177 166 181 191 192 188 167 167 185 177 152 106  80  84  89 105  96  88  90 104  96  97 100 100  97  96 126 166 173 161 163 169 172 176 181 171 123  83  90  92  97  97  98  98  96  95  93  95  95 106 154 179 195 
193 193 196 190 190 193 185 189 185 186 188 185 185 185 183 180 178 178 177 178 183 182 191 191 188 182 182 183 185 186 187 187 187 188 186 188 187 176 171 181 182 187 183 180 184 184 193 180 172 182 190 193 190 174 174 191 179 180 166 143 130 121 128 118 109  97 115 106  99  99  88  98 140 172 178 178 164 163 172 172 177 179 169 106  92  97  98  98  95 102 106  99  94  93  98 104 136 166 178 177 
199 194 199 196 191 191 184 188 188 186 189 182 184 183 180 174 158 159 169 178 182 187 189 187 185 182 179 184 189 191 189 187 184 189 190 190 189 177 174 181 183 185 183 182 188 184 190 180 175 181 186 191 189 175 177 194 190 185 177 181 184 173 172 171 158 155 160 149 145 150 145 159 178 183 186 173 162 165 170 178 185 179 180 138  82  90  91  97  97 103 108 101  98 101 112 142 164 180 180 177 
203 195 202 198 187 191 190 184 187 185 186 181 187 182 156 117 103 105 114 143 177 188 193 183 181 184 178 180 185 189 187 186 183 177 182 183 186 175 170 178 182 185 185 184 189 184 185 180 174 180 182 179 180 173 178 191 182 184 181 183 182 181 183 181 168 169 172 174 175 178 175 186 188 179 187 177 164 168 170 185 187 183 192 185 130 104 100  93  97  92 112 135 139 147 152 162 179 185 181 181 
185 186 195 188 186 194 192 186 192 184 181 176 180 143  92  84 100  99  90  88 131 176 183 181 183 183 175 178 184 186 179 163 149 136 142 144 156 150 152 163 166 175 177 178 185 187 190 182 175 183 188 187 184 170 177 192 184 183 180 183 180 180 183 184 162 164 169 166 166 169 176 179 180 180 176 178 173 166 173 181 185 197 207 206 208 186 180 176 165 153 145 164 179 178 181 183 187 182 187 186 
188 185 194 184 181 187 187 184 189 185 178 178 154  94  98 108 105 105 106  99  86 133 177 183 181 177 172 172 178 176 137 100  87  85  84  86  86  90  91  95 109 122 143 168 175 180 195 181 178 182 188 193 182 164 173 191 184 181 179 183 182 183 184 182 167 172 172 173 176 177 181 173 171 175 179 181 174 167 170 184 192 201 210 210 207 212 210 209 210 211 193 199 205 203 208 198 201 204 202 195 
184 182 198 194 183 185 188 182 183 182 172 174 122  91 108 108 105  99  96  96  95 103 168 179 176 177 174 177 174 130  81  86  94  91  87  91  88  86  86  87  86  80  86 112 156 179 193 182 178 187 190 190 182 167 166 181 178 173 171 170 172 174 176 179 167 173 175 179 180 184 184 183 185 191 189 187 173 169 173 184 190 194 197 198 200 203 202 198 200 197 187 198 197 199 199 196 200 203 201 194 
139 153 167 159 147 158 184 185 189 181 175 164  99  98 106 106 109  99 100 101  96  85 135 175 174 173 169 179 143  87  90  93  94  91  93  93  88  92  97  96  98  93  92  77 114 178 191 175 173 184 188 189 178 166 167 183 174 154 125 110 109 126 133 135 130 147 149 150 159 165 173 173 176 178 176 180 175 172 173 188 191 191 200 197 198 204 203 202 194 193 177 186 184 182 179 183 180 181 183 183 
106 123 132 120 106 114 174 186 187 178 177 144  93  96 102 104 101  98 104 103  95  89 106 166 174 172 171 165 105  85  93  96  96  93  91  86  86  85  89  86  90  92  95  97  83 151 189 179 174 183 186 190 178 163 166 180 146 103  86  90  91  93  98  98  92  84  90  93  99 108 128 155 162 165 171 177 175 172 178 185 189 191 197 195 187 196 200 200 198 196 185 194 191 192 188 187 184 178 177 180 
108 129 130 118 113  98 141 186 187 175 179 140  93 101  98 103 101  99 102 103  98  91  92 157 174 172 169 140  85  85  89  97  92  87  84  85  90  88  84  82  85  93  90  92  87 117 186 174 170 177 182 186 180 166 163 172 105  85  92  94  94  97  99 108 122 108  99  94  91  84  78  96 140 162 166 169 171 171 171 180 181 182 183 169 150 156 169 168 181 190 184 188 191 197 196 196 196 189 188 184 
105 124 133 108 111 103 120 181 181 177 176 132  94 102  95  98  98 100 103 105  97  98  96 153 172 169 167 127  80  90  87  90  86  84  82  86  88  82  83  89  90  94  96  98  82 109 190 173 171 183 188 189 175 160 161 152  88  92  89  87  91  96  96 113 110 109 101  97  96  98  99  93  88 139 164 168 168 169 173 172 176 162 124  96  85  85  90  89  94  99 109 120 129 138 161 190 197 193 191 187 
108 120 126 107 104 102 107 167 178 178 174 130  88 100  98  89  96 102 103  98  96 106 157 168 172 169 165 114  77  87  88  91  90  87  83  85  76  81  84  91  97  95  95  94  86 116 189 171 172 184 186 184 178 158 159 139  88  99  94  90  87  92 105 114 104 101  99  97  90  95  97  96  87  92 157 161 161 168 172 172 163 108  78  82  88  87  84  82  81  76  82  77  78  78  91 145 172 188 178 169 
107 116 127 105 105 104 105 167 185 174 181 131  90  95 105  95  95  97  97  94  96 107 180 175 177 173 158 160 120  90  91  86  83  87  88  78  82  84  91  86  85  93  90  91  81 111 186 164 166 181 187 186 182 159 162 137  90 101  97  92  89  90 100 112 101  98 101 100  96  95  95  93  92  86 125 169 158 162 173 170 117  78  93  95  91  94  92  99  97 100  94  91  93  94  94 123 154 173 173 162 
133 113 127 105 109 105 101 155 181 176 181 126  88 105 106  99  96  96  99  94  93 107 167 170 174 169 162 188 143  92  90  83  83  90  92  89  87  91  89  87  86  88  85  90  84 124 183 169 169 183 190 188 175 157 160 125  82  95  96  90  89  92 100 106  97 103 101  99  97  95  96  94  94  84  89 158 161 156 166 155  89  89  95  95  94  98  94  98  96  92  86  92  98  97  91  98 124 160 171 163 
158 128 123 108 111 101  99 155 182 176 175 128  98 107  97 106 104  95  95  95  99 110 167 171 179 169 161 184 136  88  88  85  88  96  97  99 100  96  94  94  90  83  86  92  94 141 186 168 170 185 187 185 170 157 167 123  79  88  93  91  89  95 102 105 105  98  99  96 101  97  91  93  94  92  88 147 165 157 158 133  81  93  93  94  95  93  91  91  95  90  87  88  92  94  88  89  95 143 164 171 
102 119 126 110 107  98  95 151 181 175 182 130  94  92  91 111 107  94  93  93 102 115 183 173 173 171 163 189 135  95  93  90  90  90  96 101 103  95  99 111  91  84  88  93  95 151 179 164 172 183 181 183 173 154 158 122  81  93  92  90  87  86  94 109 114 102  92  92  98 103  98  92  90  94  77 138 165 158 155  97  82  89  91  85  90  90  92  89  92  89  92  92  94  91  92  89  89 120 156 171 
111 105 123 102 100  97  94 154 180 176 175 122  88  92  92  96  93  94  93  92  97 131 181 171 177 170 160 188 133  94 102  92  90  93 102 101 103  98  98 104  89  85  89  94 102 158 183 172 170 187 187 185 172 160 156 124  84  93  89  89  86  81  86 104 112 104  90  92  97  98  99  97  98  96  85 124 159 158 157  84  84  87  84  86  85  87  85  89  89  89  90  91  90  93  93  95  86 104 150 166 
143 104 127 107 106 104  96 152 180 172 172 119  83  94  92  93  99  95  96  98 100 123 185 169 174 169 159 196 136  98 107  95  90  94  99  93  92  91  88  86  82  86  95  92 108 167 183 170 171 180 187 185 168 155 159 121  80  89  87  84  85  80  88  96 110 105  85  89  91  94  91  92  97 107 151 156 155 151 151  94  85  88  92  88  86  91  89  83  86  87  87  90  91  92  99  98  86 102 151 162 
167 107 138 111 109 106 100 156 181 171 173 119  87  96  96  90  95  95  96  94  94 119 189 170 172 165 162 188 129 101 109 100  89  89  94  90  84  83  83  85  81  83  92  93 121 170 182 174 173 181 184 183 169 153 159 115  78  92  82  81  81  80  88  96 103 102  91  91  85  84  83  90  95 105 173 174 157 159 155 150 110  90  89  83  83  83  85  83  88  86  84  86  88  92  96  92  93 102 142 161 
129 107 144 115 115 102  97 156 176 169 175 112  88  92  94  95  92  94  94  93  98 120 184 171 170 168 157 189 128  99 110 105  88  86  89  85  82  83  82  87  87  90  94  96 131 177 184 171 172 185 184 182 170 152 155 114  81  89  87  81  77  82  85  93  98  93  86  84  85  83  83  88  90 100 168 169 155 166 163 152 115  89  91  84  84  88  85  86  90  85  86  87  89  93  85  82  87  97 139 159 
139 132 148 115 119  99  98 154 178 173 172 117  91  96  98 106 103  97  93  93  93 115 184 166 176 169 159 192 129  95 104 105  88  88  93  85  87  88  88  88  86  89  93  95 142 178 188 175 174 183 183 181 171 153 158 120  84  86  87  84  80  85  87  94  94  88  82  78  79  85  83  85  87 104 168 168 158 166 155 148 110  84  90  84  86  89  86  84  86  86  88  87  89  86  85  85  91 105 135 163 
240 149 147 111 110 102 102 159 178 173 174 119  86 101  98  98  99 102  95  95  95 121 179 165 174 170 158 184 128  91  97  96  85  91  97  85  85  88  87  85  87  87  93 103 163 181 185 173 171 185 182 180 170 156 158 112  83  88  84  82  81  81  89  86  83  85  84  79  76  82  79  85  89 103 165 168 159 166 157 151 112  90  89  88  85  84  90  90  90  86  83  85  86  83  81  85  93 105 138 163 
180 124 147 114 114 103  99 159 179 174 174 116  93 100 101  99  95 106  99  96  92 118 183 166 173 172 156 192 122  92 100  88  87  90  94  91  88  88  88  83  81  91  93 119 176 182 187 166 165 180 180 182 166 149 155 111  80  86  84  82  86  87  86  83  86  86  88  84  81  82  81  80  87 108 170 166 156 161 160 151 112  88  87  89  88  89  93  92  91  88  82  84  88  85  84  88  98 125 142 163 
216 139 150 111 120  99  99 163 181 173 166 113  91 101 111 101  97 102 102  92  90 118 180 162 171 168 161 192 125  90  91  86  83  90  97  86  89  90  89  90  86  92  95 129 179 183 187 168 166 177 184 182 166 153 153 111  83  86  81  89  83  87  91  86  90  90  87  85  86  87  84  86  84 111 177 169 160 156 159 152 103  80  83  87  91  85  91  92  92  88  87  86  86  83  81  86 104 135 149 166 
148 139 156 119 127  95  97 161 182 175 170 112  91 103 107 104 102 100  99  95  93 126 185 162 167 164 164 188 115  90  95  89  86  85  93  84  87  92  93  90  90  95  98 151 179 183 184 168 169 184 181 185 166 150 158 112  82  86  81  82  85  91  89  88  88  92  85  84  86  89  86  88  84 107 167 161 157 158 162 155 100  87  91  87  93  90  91  95  91  87  88  88  90  82  84  87 114 137 157 170 
175 162 162 132 121  99 102 161 180 176 171 118 104 113 114 102 102 102  96  91  90 129 188 162 169 169 164 180 116  91  97  88  80  78  86  82  85  84  90  93  93  89 100 170 175 183 187 165 170 183 186 184 167 148 156 106  78  87  85  83  85  87  87  87  90  96  87  86  83  83  85  81  83 108 167 162 155 156 163 161 101  83  91  89  90  90  89  89  88  85  89  86  90  85  84  94 126 143 164 174 
164 161 161 119 108 100 104 163 176 177 170 111  99 123 124 101 103 104  97  90  91 133 188 159 175 170 161 189 116  93 101  88  79  86  81  80  88  89  90  90  92  90 114 174 176 183 187 163 165 185 183 180 164 148 154 109  82  88  82  86  86  85  89  91  96  99  85  90  86  85  87  81  83 102 157 158 159 160 158 156  95  79  89  91  88  87  90  90  90  88  87  86  83  87  89 101 138 159 166 176 
155 169 159 107 106  97 102 167 182 178 171 108  92 107 118 105  97 100 102  94  93 130 184 158 170 169 164 191 116  98 101  84  86  83  85  83  87  89  92  91  94  90 143 179 174 184 183 164 166 182 180 186 168 150 159 108  78  88  85  91  89  88  89  87  94  95  89  89  89  86  87  91  93 103 154 155 157 158 158 158 105  87  86  87  88  87  95  93  90  88  86  85  79  84  91 110 141 162 170 172 
184 174 153 108 108  98 102 160 182 177 168 106  96 100 105 105 101 100 104  97  90 128 188 159 169 171 165 187 108  92  95  90  88  83  85  84  88  86  88  90  97 103 160 176 180 183 181 166 168 181 184 181 167 156 158 112  80  84  88  92  87  86  90  91  89  99  95  93  89  90  91  97  94 106 153 159 160 154 160 155 105  89  84  90  92  91  91  89  89  87  84  81  82  85  94 119 146 169 179 180 
179 173 146 103 105  96 102 160 179 174 166 110  92 100  99  99  99  99  96  95  92 131 186 160 170 173 169 188 118  91  95  89  81  83  82  83  89  87  91 100  99 115 172 175 174 182 185 166 169 184 183 185 170 154 156 108  86  86  89  93  87  85  87  92  90  99  95  90  90  93  94  99  93 108 153 158 161 158 161 148  98  87  90  88  88  87  85  85  84  88  90  86  84  89  97 127 152 171 174 182 
171 181 146  99 103  99 101 163 174 174 173 106  94 101  97  99  95  97  92  93  91 136 189 161 173 167 169 182 111  88  91  86  88  86  81  83  85  90  90 103  98 134 177 177 177 178 186 168 170 184 186 186 167 159 159 103  84  90  91  92  85  87  94  89  90  95  90  85  90  89  90  96  94 109 156 161 158 155 159 151  98  89  91  91  85  88  87  82  80  85  88  87  88  91 103 136 160 174 177 183 
177 180 144  96  99 108 111 166 175 172 166 113  96 101 101  97  90  98  98  94  94 135 184 164 173 164 167 183 108  91  89  82  83  86  85  87  85  90  93  96 104 151 175 176 179 180 180 170 179 185 185 183 165 155 156 106  85  94  96  95  85  86  91  88  90  91  89  91  86  89  93  93  95 110 150 164 162 160 158 150  95  89  93  89  87  88  83  81  82  87  88  88  90  92 111 144 162 174 175 187 
179 178 146 100 100  99 109 174 177 174 161 105  98 103 102  98  95  96  90  91  92 143 184 161 171 165 167 181 108  93  88  85  83  85  83  80  85  93 100  96 117 168 175 180 181 178 182 169 170 186 185 183 166 155 157  96  83  86  90  94  85  82  90  85  90  93  87  87  86  89  89  91  92 112 156 157 157 163 160 152 102  91  90  90  92  91  82  82  88  87  86  88  95 101 131 159 172 176 178 193 
179 179 144 102 106  93 114 175 176 175 168 106  94 101  97  95 101  96  92  97  96 150 189 159 177 174 169 190 111  94  91  90  86  86  86  84  89  94  98  97 139 177 174 184 184 181 184 164 170 186 183 186 166 154 161 100  81  88  88  88  88  88  88  86  92  90  87  86  89  87  92  95  91 115 155 154 159 163 165 151 104  83  90  91  91  91  85  85  90  90  86  86  94 115 148 162 180 180 180 195 
181 184 141 104 107  91 132 182 179 174 166 109  92  97  95  98  97  97  92  98  94 143 191 166 173 175 177 189 101  99  93  89 102  93  87  91  90  91 114 120 161 177 177 183 180 179 184 168 170 183 180 180 166 152 156 104  82  85  86  87  85  91  88  86  91  92  87  89  84  86  89  92  87 111 154 163 162 161 162 154  98  89  92  90  95  93  84  83  88  91  89  92  92 132 162 163 180 180 185 193 
171 183 146 108 107 101 152 183 180 179 171 120  95 101  93  93  95  96  95  98  99 156 179 172 175 173 170 180 101 103  98  88 111 106  90  95  96  94 180 189 172 180 181 184 180 174 181 170 168 178 173 181 167 155 152 100  84  86  87  84  86  93  92  90  90  94  89  87  83  88  87  90  91 112 160 162 162 161 162 152  99  88  90  87  94  91  84  87  89  91  92  94 103 150 169 172 173 177 185 193 
163 181 140 103 102 120 173 181 180 178 177 138  94 102  99  93  96 100 104 100 105 177 179 172 177 175 175 178 110 102  95  92  97  92  94  97  98 122 205 178 181 182 180 184 160 164 189 172 173 175 173 182 166 157 156  96  84  85  84  84  84  90  93  90  90  95  86  88  88  93  91  90  88 115 161 160 160 161 162 151  92  87  92  91  93  90  84  86  86  87  93  92 114 175 169 181 176 185 190 192 
170 186 140 104 107 152 183 183 182 178 182 165 107 101 100 101 102 101 103 104 119 192 173 172 180 173 173 185 107  97  89  93  94  84  93 103 103 157 209 176 182 180 182 166 101 112 186 168 170 176 168 182 171 157 158  91  83  89  82  85  85  90  96  87  95  95  91  93  89  90  93  96  89 117 162 162 163 166 166 148  99  86  87  93  92  90  86  90  88  87  98 100 144 177 175 182 180 190 189 190 
182 185 133 108 149 183 182 183 184 183 182 179 132  95 106 102 104 104 102 105 166 199 170 177 179 170 173 182 100 101  96  91  91  87  93 103 123 195 190 176 178 178 179 131  81  95 166 168 169 176 176 184 168 156 157  98  85  89  85  84  86  88  91  92  93  94  92  89  90  91  92  92  88 115 162 162 161 165 163 145 100  86  89  94  91  88  86  88  88  91  94 109 170 179 178 180 179 185 188 190 
