150 111  70  64  67 123 147  84  69  62  92 152 129  75  70  66  94 138 106  71  61  68  89 135 137  83  73  73 106 154 173 146 102  80  89  96  85  75  82  95 130 166 171 139 100  83  86  89  83  87  86  96  92  95  94  89  89  87  80  72  77  73  79  84  78  73  73  72  78  76  71  64  68  69  67  71  69  73  70  69  69  67  65  66  67  69  67  70  69  66  74  72  70  77  73  72  79  76  76  78 
152  98  71  66  77 136 133  80  68  71 120 156 133  87  76  85 133 150 110  70  65  65 111 158 134  84  71  78 123 158 174 135  91  97 148 148  99  85 100 134 161 172 172 145 112 121 130 100  84 100 133 144 105  91  94 112 130 119  86  76  81 110 129 105  79  76  79 100 114  92  70  68  69  96 100  77  71  72  86 107  94  69  65  66  74  93  90  73  71  70  81  99 103  81  71  80  95 111 101  76 
150  85  70  67  87 159 134  76  69  77 126 158 123  83  77 107 142 163 105  73  61  66 128 171 122  73  66  77 124 161 163 122  85 114 160 138  94  84 110 143 158 166 170 156 130 149 139  91  85 117 179 154 104  97  94 136 171 126  87  77  92 147 163 108  83  76  97 156 148  95  73  75 106 155 123  83  73  81 134 160 104  74  66  72 117 158 110  71  71  77 122 166 123  84  74  91 151 159 105  75 
117  72  68  66  94 137 103  73  66  70 126 143  93  70  69  81 131 136  80  67  63  81 136 149 101  72  65  81 134 160 156 112  85 101 114 110  90  83  89  97 109 137 167 165 140 120 103  90  98 109 127 113  99 107 118 141 153 115 100  96 110 152 134 105  95  93 124 157 128  99  93  93 136 153 118  95  86 104 147 142 105  90  80  90 145 151 107  89  85  94 145 154 114  92  89 118 160 144 105  89 
 95  86  82  84  90 102  88  81  80  78 106 107  86  78  71  83  97  96  82  77  76  83 108 106  79  75  70  93 135 139 127 111  95  86 100 109  88  85  85  88  93 121 167 174 143 102  91  94  92  88  90 100 114 133 122 105 109 103  91  91  97 100  99  95  91  93 105 106  98  94  96  98 105 109 103 101  97 108 115 109 104  94  99 101 121 117 107 102  98 104 118 114 105 101  94 109 117 116 107 101 
 99  96  98 100  98 101  98  96  96  98 102 102 100  93  91  94 102  98  97  96 100  96 100  95  94  88  80 100 111  98  93 110 107 100 117 115 102 100 105 109 104 128 164 173 150 122 104 102 103 100 109 119 122 107  88  84  87  80  76  72  76  77  73  73  74  76  71  73  75  74  74  76  74  73  81  78  78  73  73  75  78  77  77  77  77  75  76  73  77  74  70  76  80  80  79  77  77  84  83  82 
 77  73  76  77  73  73  75  75  76  77  75  72  74  75  74  71  79  78  79  76  77  79  78  81  85  93  89  95 110 112 113 105 102  95  99  94  95  92  94  98  91 108 155 175 163 129 102 103 107 102 102  98  87  87  80  87  85  80  79  72  73  76  75  73  74  76  74  80  77  72  75  77  73  74  75  77  73  72  75  73  75  74  72  72  72  64  67  65  68  72  69  70  73  72  76  74  74  74  71  76 
 73  67  68  66  65  63  69  67  69  63  61  65  69  63  62  66  71  70  68  69  73  73  69  71  71  83  91  94 102  97  87  82  81  78  79  79  80  76  79  82  79  92 147 173 158 116  92  88  85  85  88  85  82  85  85  90  84  78  71  72  77  75  75  68  71  74  78  79  71  77  76  77  79  77  78  70  72  71  74  73  72  71  70  72  71  64  67  62  62  70  68  64  68  70  71  72  75  72  72  76 
 72  69  67  63  64  64  67  69  61  66  65  62  69  70  68  67  70  68  68  69  71  72  69  73  70  70  72  77  81  78  74  77  80  82  81  80  79  81  80  80  80  91 140 176 158 112  87  82  84  90  85  85  80  85  94  99  89  81  74  75  79  74  74  76  76  80  80  75  72  75  78  74  80  69  75  76  72  68  70  72  70  68  66  70  69  65  64  68  60  65  62  64  67  68  68  67  74  75  70  69 
 72  68  70  67  67  66  67  68  65  70  72  67  66  68  69  68  72  68  69  67  72  75  71  77  75  73  73  75  78  77  75  71  76  78  78  84  77  78  80  74  78  88 136 176 163 111  80  79  81  87  86  85  84  83 104 109  92  78  77  78  80  78  76  77  76  77  74  79  80  78  76  73  73  69  70  72  69  64  66  64  73  68  65  69  68  62  64  65  63  67  65  68  67  70  67  67  72  74  72  71 
 72  68  72  70  68  71  69  67  78  73  69  68  73  68  68  76  72  73  77  76  69  75  86  84  81  75  75  76  81  78  75  76  79  77  76  77  76  73  78  80  78  90 139 172 162 111  79  75  82  85  85  80  82  88 103 105  97  85  78  79  81  81  78  76  77  75  82  82  77  78  77  77  71  67  64  67  69  68  67  63  67  67  67  67  66  63  63  64  64  65  67  66  70  72  74  68  77  77  74  69 
 72  68  72  73  72  74  71  73  72  76  71  69  76  70  71  78  74  70  76  77  76  83  89  88  86  80  80  89  89  84  77  81  83  79  77  78  75  78  77  79  81  91 138 172 164 110  81  78  78  79  79  86  88  89  88  95  99  90  84  84  85  78  74  74  77  76  78  78  80  79  71  77  79  70  66  67  66  65  66  66  63  68  65  67  66  64  63  71  66  70  72  66  70  71  71  76  77  73  77  71 
 74  71  74  70  75  72  72  70  71  73  71  73  71  69  73  73  69  73  73  73  76  76  88  90  87  85  82  82  78  82  81  78  79  77  78  77  79  82  77  76  79  95 143 173 160 113  84  80  77  81  80  93  92  88  83  88  95  93  85  79  76  75  70  68  71  74  77  79  79  77  76  82  76  69  75  73  69  70  68  64  69  66  65  67  65  63  66  65  65  69  69  72  70  67  68  71  74  73  73  74 
 78  74  73  70  72  73  75  72  73  72  67  71  75  72  72  75  73  74  76  74  77  86  87  85  83  80  79  76  77  81  77  75  79  78  78  77  79  77  80  78  79  92 146 173 162 103  82  78  85  87  91  92  94  93  90  93  97  90  83  80  75  74  76  74  77  77  76  75  79  77  77  75  75  73  73  69  65  69  67  61  67  61  66  68  65  62  60  65  65  62  67  67  64  66  73  73  75  73  72  74 
 75  73  74  75  71  72  75  72  76  73  74  74  72  74  72  73  75  75  76  71  77  88  92  87  80  76  77  77  77  78  77  78  78  78  78  79  78  76  79  79  79  93 146 172 156  98  81  88  89  90  93  92  98  98  99  99  96  90  82  83  74  72  76  75  73  73  70  75  72  73  74  73  73  70  72  72  67  65  65  66  63  64  63  63  56  60  62  62  61  62  70  64  67  68  69  72  74  75  76  77 
 76  75  77  73  72  72  73  73  74  74  76  76  74  75  76  74  73  74  78  74  79  91  90  84  83  79  78  80  85  82  83  82  82  82  80  78  80  78  79  79  81 103 156 175 147  95  83  83  88  91  94  91 104 102  98 105 102  94  79  79  71  76  82  75  68  71  71  69  69  73  77  73  69  72  70  71  71  64  61  65  63  65  62  59  60  63  60  61  66  65  65  65  67  71  70  75  74  80  78  71 
 74  77  71  69  71  75  73  73  76  77  76  76  76  78  73  73  74  73  73  79  85  81  81  77  80  81  81 105 118 117 122 115 116 111 101 104  90  81  75  79  80 111 161 172 137  87  79  82  91  86  90  92  95  95 106 110 104  92  80  75  77  80  79  76  71  70  68  71  71  70  74  65  69  70  70  67  68  63  63  65  66  62  61  59  55  63  66  62  65  67  66  69  69  68  73  75  74  77  75  78 
 76  72  65  69  73  73  73  68  73  73  77  76  71  74  73  72  76  75  71  74  78  77  75  83  79  82 105 149 161 162 169 156 142 137 148 141 101  85  85  88  85 118 165 175 124  85  80  86  89  94  94  98  94  97 113 108 101  89  78  75  75  77  74  73  71  69  68  73  72  70  68  66  69  72  73  70  70  64  64  66  67  62  61  66  57  58  63  62  64  66  68  71  71  71  73  75  76  78  81  78 
 73  72  72  75  72  72  77  74  72  71  73  72  74  73  73  71  72  71  75  74  76  76  78  80  83  85 117 155 164 168 164 169 176 152 156 131  91  88  87  89  90 131 171 162 116  84  82  82  90 106  99  95  93 101 106 102  97  90  81  79  77  72  74  72  77  74  74  73  70  68  75  72  69  74  77  73  74  68  66  65  62  63  62  66  63  63  63  62  64  66  68  72  74  72  73  77  81  79  84  81 
 73  72  70  76  74  75  80  75  72  72  70  70  74  72  73  71  71  65  70  77  82  89  91  92  93  92 116 184 176 154 171 234 227 164 144 111  95  94  86  99 100 143 174 159 107  81  79  85 104 116 103  92  95 100 105 100  97  91  86  90  88  77  79  72  75  73  75  70  71  70  72  73  75  75  73  68  66  63  64  66  63  63  65  63  63  65  63  62  64  66  66  67  69  69  72  74  75  79  78  78 
 72  74  71  72  74  78  82  81  77  73  70  72  74  76  74  70  68  77  95 110 110 114 112 108 105 112 122 143 143 138 150 179 168 144 134 120 114 120 120 122 128 165 173 148  98  78  79  92 107 109  98  90  98 102 106  99  95  93  93  94  88  84  76  70  72  74  74  73  73  75  72  72  70  71  67  65  68  61  59  61  65  61  62  62  57  53  61  62  64  66  64  64  63  66  68  67  70  72  70  76 
 72  75  73  76  78  82  78  74  78  82  74  75  73  68  74  76  90 109 110 106  94  93  83  87  93  96  92  92  94  99 103 110 110 112 114 113 114 120 119 122 138 162 171 135  89  76  81  94 108 102  92  90  95 106 103 101  94  91  88  84  79  81  81  76  73  69  71  75  73  76  69  70  67  66  67  65  66  64  61  59  63  59  59  60  58  53  57  60  61  63  66  61  64  66  64  66  70  64  67  74 
 77  78  73  75  78  73  72  77  77  80  75  74  72  73  80 106 113  93  80  82  80  77  74  75  79  78  81  88  80  80  79  89  91  92  88  92  92  89  97 104 131 165 170 124  84  74  82 101 111  98  90  88  97  95  99  97  96  92  85  78  74  74  73  71  75  72  72  67  70  68  73  72  69  71  71  72  66  64  66  57  61  64  58  59  58  57  59  57  59  61  60  64  61  65  66  60  64  62  66  66 
 76  74  77  77  77  73  75  76  78  76  72  72  75  91 101  92  80  78  76  76  73  75  76  75  75  82  86  86  84  86  90  87  87  86  86  86  83  86  95 100 138 167 159 110  79  75  91 109 109  96  85  90 100 104 103  94  91  84  79  70  70  72  71  72  73  71  70  70  74  73  75  75  70  73  77  74  72  63  69  63  65  61  59  60  55  56  59  61  65  62  62  63  62  60  62  63  65  69  68  68 
 77  78  76  80  76  78  78  74  76  73  77  86  99  99  83  72  74  76  77  75  75  77  74  76  82  88  92  89  90  87  88  88  89  87  86  87  85  86  91 101 146 171 152 104  76  79  96 104 103  96  87  93 101 107 106  94  85  83  79  74  73  75  67  68  68  68  73  72  71  68  72  75  68  65  73  73  71  66  67  64  61  57  60  64  57  56  60  64  57  60  65  63  61  61  61  67  66  64  62  65 
 79  82  76  78  80  79  76  76  78  86 101 101  84  73  75  76  81  73  77  81  84  79  82  85  84  84  86  86  89  82  91  90  91  88  84  88  88  88  89 110 155 168 148  95  78  79  92  99 100  99  92  94 100 105  98  94  90  85  79  72  70  72  66  66  68  69  68  65  65  67  72  72  70  72  71  73  71  70  67  64  64  60  62  60  61  58  61  59  59  61  62  66  61  62  60  65  67  59  59  66 
 97  92  93  92  95  88  92  97  99  99  93  79  73  73  74  76  79  78  79  83  83  83  81  86  85  82  84  85  83  85  88  89  89  86  90  90  88  87  94 121 163 171 132  90  75  81  89  98 101  98  96  98 102 100  94  89  88  80  76  68  65  70  66  66  70  72  71  64  67  71  70  71  71  73  73  72  74  74  70  71  70  67  63  63  63  61  58  60  61  63  67  65  68  65  68  64  66  64  62  68 
 83  85  87  85  88  85  83  83  82  76  72  72  75  74  72  78  78  80  79  80  79  80  84  80  80  81  84  86  81  80  84  87  92  85  87  89  87  90  96 130 167 167 114  79  76  79  90  98 100  94  93  98 104 100  90  80  79  76  74  76  71  73  69  67  67  72  66  68  66  69  72  70  68  70  74  73  69  72  72  69  68  65  63  66  65  61  60  57  63  64  64  69  68  68  70  71  64  65  63  70 
 69  70  72  72  75  72  74  74  75  71  73  72  71  75  77  83  77  74  80  84  83  79  80  73  78  82  84  86  83  83  79  90  91  86  90  86  88  90  98 138 170 160 105  75  76  79  85  91  94  97  94  98  95  91  81  80  76  77  73  76  76  73  71  67  65  69  67  72  68  66  65  70  70  70  74  72  70  74  76  65  63  64  66  67  65  60  62  64  61  70  66  66  64  64  68  66  67  64  63  67 
 72  74  75  79  72  74  72  68  70  70  73  72  73  74  74  74  74  73  82  86  87  83  79  78  78  77  84  84  82  80  81  86  83  97 106  98  90  88 104 149 169 151  98  74  80  82  89  95  94  89  92  93  91  88  81  77  77  80  80  75  79  77  76  72  67  66  70  72  66  67  67  71  75  71  71  71  68  73  69  66  61  60  63  64  61  63  58  62  59  60  62  61  61  64  66  68  68  66  66  67 
 73  73  75  76  75  71  76  74  70  72  75  78  80  74  71  71  73  74  78  87  87  85  84  83  81  76  81  81  82  83  82  85  84  94 114 102  90  88 112 160 170 138  90  77  82  80  85  92  89  91  88  95  92  90  86  76  80  77  79  75  80  73  78  76  71  66  74  72  69  71  70  74  71  68  70  70  70  68  65  67  64  60  55  64  61  64  59  59  60  61  66  63  62  65  66  70  67  70  73  70 
 78  77  74  76  76  75  77  73  74  78  75  72  72  72  70  71  72  73  78  86  84  79  82  83  86  82  82  81  80  89  84  84  85  80  86  90  85  83 123 164 168 122  84  78  79  79  84  87  90  88  95 102  95  93  88  86  85  80  77  74  76  81  80  80  75  71  73  70  71  75  70  75  69  70  70  71  72  75  68  68  62  60  63  63  61  62  60  62  62  60  65  64  64  65  65  71  68  68  74  74 
 80  78  79  78  81  82  74  74  77  75  73  70  69  72  67  74  74  72  73  77  80  72  78  81  86  85  87  85  84  89  83  84  85  85  85  82  85  89 134 167 155 110  82  81  84  89  89  83  89  89  94  93  86  92  87  93  86  77  81  78  76  82  82  79  73  73  75  71  73  73  71  70  68  73  71  72  71  70  67  71  67  67  67  65  65  63  63  60  62  65  64  63  64  62  67  69  69  70  68  76 
 74  78  72  77  77  77  73  72  70  69  74  71  72  73  71  74  73  73  74  76  75  74  78  78  78  82  91  90  88  86  86  87  86  86  82  77  83  95 149 172 150 101  80  80  85  88  85  88  87  85  87  85  84  84  83  79  80  85  78  79  80  81  85  76  70  73  75  75  77  73  73  75  73  73  68  73  73  67  70  68  68  68  65  64  63  66  67  68  67  65  65  67  64  63  63  64  70  70  72  75 
 76  78  74  74  74  68  72  73  68  68  73  77  75  70  70  74  71  74  77  83  82  75  78  77  82  81  83  92  94  92  93  98  92  95  82  80  81 102 151 170 142  93  77  83  86  83  87  90  87  85  84  89  81  76  80  76  72  77  75  76  84  83  79  77  77  74  74  76  79  78  76  69  73  73  72  75  76  69  71  71  66  66  64  65  68  66  66  67  70  69  63  66  66  65  66  68  65  68  72  73 
 76  76  76  74  69  67  70  74  67  68  70  71  75  72  71  70  70  74  79  90  81  72  77  77  80  79  80  89 105 125 137 135 118 102  88  82  85 114 160 169 130  84  81  87  83  82  86  86  82  85  85  82  82  79  78  76  76  73  76  78  81  84  81  74  79  77  78  77  77  78  72  68  72  73  78  78  77  69  65  66  63  63  63  63  66  66  69  68  70  67  65  65  62  68  69  67  66  62  64  67 
 77  73  72  72  74  70  72  74  70  74  74  69  74  74  72  69  74  80  81  89  78  75  80  79  80  84  84  88 127 165 174 169 136 106  93  89  87 124 167 165 119  82  78  91  88  82  83  84  79  82  85  85  83  80  81  75  71  74  75  77  69  79  77  79  82  81  82  79  83  81  74  70  72  77  74  71  76  73  69  67  64  64  64  67  68  73  71  71  71  63  67  68  64  65  69  68  65  67  66  69 
 77  73  72  74  73  73  72  74  71  73  75  73  75  76  70  71  75  78  85  83  74  75  77  75  78  79  81  90 120 152 172 176 142 121 114 104 109 156 175 162 109  80  78  80  82  87  83  81  79  81  82  81  81  81  81  76  73  77  76  75  75  76  81  86  81  86  87  83  81  80  75  75  72  73  76  75  78  73  68  64  60  61  70  67  69  69  68  71  71  65  66  69  69  66  67  68  68  70  71  70 
 74  76  71  73  73  75  75  74  73  74  74  73  71  72  74  75  72  77  80  79  75  77  71  70  76  76  81  79  91 116 125 136 136 131 141 134 140 167 175 147 101  76  78  80  83  83  80  81  79  79  81  78  81  79  76  79  74  76  72  70  73  75  83  87  88  82  81  83  87  78  76  78  74  76  79  74  71  69  69  64  65  63  66  69  69  67  65  66  66  67  67  69  69  66  67  69  69  69  71  65 
 74  74  73  79  80  78  76  78  79  81  83  74  70  74  78  77  77  76  77  80  77  73  74  72  74  79  78  74  84  85  84  89  95  95  94  93 119 162 171 135  89  81  84  83  83  76  75  77  80  76  81  80  76  83  78  77  73  73  68  69  75  78  82  82  84  80  73  79  75  71  76  79  77  83  79  74  71  65  67  67  70  71  68  70  65  60  64  66  62  63  67  65  65  67  70  68  72  72  66  69 
 72  70  78  84  79  75  76  87  85  86  83  80  78  77  74  71  76  74  78  80  73  77  72  71  75  78  79  78  82  80  81  83  89  91  92  91 123 164 169 124  86  83  85  83  73  76  76  81  80  76  81  83  80  80  78  76  75  75  75  73  74  76  78  78  77  79  76  70  73  75  82  78  83  78  80  74  74  67  70  72  72  72  70  63  65  63  64  66  68  67  66  66  63  64  62  65  69  70  71  67 
 68  69  73  75  72  70  78  85  80  78  79  81  74  72  74  70  70  77  77  80  79  77  76  71  67  77  78  81  80  85  85  83  85  88  87  91 139 171 166 112  81  78  81  72  71  75  73  80  79  75  75  80  77  75  75  73  71  73  76  80  78  73  78  77  73  76  72  71  69  77  83  83  78  77  80  73  76  76  72  69  69  71  73  69  67  68  67  64  64  60  65  63  64  63  65  68  70  66  67  69 
 67  66  71  73  75  72  73  78  72  68  67  72  73  70  69  69  74  78  81  80  79  78  78  75  73  81  86  88  88  82  83  81  78  86  85  92 147 170 153 102  86  81  77  73  71  73  76  77  76  76  76  78  76  74  74  69  72  77  76  76  78  73  73  73  77  74  72  71  71  71  76  77  76  71  77  75  78  76  72  72  76  75  73  74  72  69  70  68  65  63  70  68  65  68  70  70  69  67  67  70 
 72  70  74  72  71  74  70  71  70  72  67  71  71  69  69  74  69  76  84  77  76  77  77  77  77  85  84  85  82  76  84  81  79  84  86 104 154 175 142  95  85  85  77  73  70  74  75  76  78  82  81  81  74  75  75  69  73  75  78  81  86  78  78  73  74  73  83  76  72  74  72  75  76  73  71  71  75  71  67  69  68  76  77  73  69  73  71  69  67  67  66  70  67  67  66  71  68  72  74  71 
 67  69  70  73  69  70  71  71  71  75  72  71  73  73  70  70  71  78  79  78  79  83  77  75  80  85  84  82  78  78  80  78  79  80  81 113 158 166 132  86  81  81  77  75  74  76  76  80  81  81  78  82  75  75  76  73  77  81  79  81  87  81  76  76  76  79  80  80  77  78  75  73  71  74  73  70  74  69  70  70  75  78  74  72  67  70  72  67  65  67  63  66  71  70  70  73  68  70  72  69 
 69  72  69  71  72  72  70  68  67  71  71  71  72  72  66  71  72  71  79  80  77  76  77  78  77  86  86  80  73  75  79  81  77  79  80 126 165 162 118  86  89  78  75  78  76  77  79  80  80  81  82  86  83  78  73  77  78  73  77  80  81  79  81  77  81  85  79  83  82  78  78  73  71  77  73  72  73  69  75  70  74  72  72  71  70  74  70  68  74  75  70  72  68  69  68  70  71  71  68  70 
 70  74  72  68  65  67  69  74  72  72  71  71  74  74  71  73  71  69  73  77  77  78  76  75  80  84  85  83  77  76  75  83  82  76  90 139 168 155 101  83  85  74  74  77  79  78  79  78  78  82  75  82  82  80  74  77  76  72  76  78  84  85  81  76  78  82  82  78  81  77  73  76  73  78  79  77  74  72  70  71  73  68  67  69  68  71  69  66  71  70  73  75  68  67  64  69  73  71  72  71 
 65  67  72  69  69  72  67  71  68  73  74  69  69  71  73  77  75  76  75  80  76  74  74  79  84  84  82  79  82  77  78  80  82  81  99 145 167 148  95  78  78  81  80  78  80  79  83  82  78  80  77  75  75  77  78  76  75  72  77  78  77  77  80  78  73  74  78  79  79  80  71  68  71  73  75  75  75  72  75  72  68  73  69  68  68  70  69  74  71  74  74  69  72  72  71  72  69  70  71  72 
 67  69  67  71  70  73  71  68  70  71  67  69  72  71  76  74  79  76  78  76  76  79  74  80  82  82  82  79  76  76  80  82  78  82 107 155 167 136  92  77  78  80  77  78  81  82  82  82  78  76  79  78  73  78  78  77  77  71  72  76  79  76  82  79  76  74  77  76  78  80  78  78  77  77  77  79  75  70  71  71  67  76  73  71  71  71  71  74  73  74  70  73  73  73  69  70  74  72  71  70 
 70  73  69  67  68  69  71  69  68  68  70  69  70  75  77  76  78  80  80  75  79  83  78  82  83  84  85  83  82  81  82  83  84  86 118 162 162 123  86  76  80  80  78  84  80  82  81  84  81  81  82  80  77  75  77  74  69  74  74  72  73  72  77  80  76  76  69  70  77  79  82  84  83  82  81  83  79  76  76  76  77  78  78  75  75  73  75  71  72  70  65  70  72  69  72  75  77  76  72  72 
 72  74  70  67  69  67  66  67  70  70  72  75  74  76  72  76  77  78  85  86  85  81  83  82  84  85  83  84  88  84  84  83  87  92 132 170 159 116  83  79  80  80  84  85  84  82  80  80  85  81  83  79  81  75  73  74  72  73  74  71  75  71  70  77  77  78  74  73  75  80  86  81  85  86  85  82  80  82  78  76  77  81  79  81  78  77  78  75  75  73  72  70  71  71  70  75  74  73  74  71 
 76  72  71  67  73  69  73  73  72  73  74  71  68  72  72  74  76  88 114 103  93  95  87  83  81  81  81  83  84  83  80  86  87  99 143 164 151 102  85  89  82  86  89  88  84  84  86  85  85  83  79  77  82  73  76  75  74  73  77  71  73  75  70  73  75  76  79  79  73  76  80  81  84  83  83  83  80  81  80  82  80  81  83  81  77  78  77  74  75  76  74  74  70  75  74  76  78  75  75  72 
 73  76  72  71  71  74  75  73  73  70  70  72  74  70  69  71  73 101 131 126 135 135 107  87  85  85  82  80  83  85  81  86  85 104 154 170 146  99  96  90  87  92  91  89  91  87  87  85  85  85  79  83  85  82  81  75  75  72  74  77  75  75  76  78  80  75  78  81  74  75  75  79  81  81  84  83  79  79  82  83  78  82  80  81  85  77  79  77  77  78  74  77  78  80  80  80  81  82  80  73 
 72  75  76  74  71  72  83  90  87  73  74  75  71  66  69  70  71 109 144 152 166 155 102  83  84  80  83  83  88  95  96  95  83 112 161 173 136  97  97 109 115 109  99  87  85  90  85  87  85  92  99  99 100  94  90  82  76  74  76  80  75  84  83  87  84  80  78  75  73  78  80  78  82  85  89  85  81  82  81  79  78  77  83  78  83  80  82  80  75  73  75  76  77  78  78  82  81  80  81  79 
 75  73  76  74  76  83 110 127 101  76  73  70  73  74  71  71  76 127 148 151 166 143  96  84  86  85  84  99 129 135 134 121  97 121 164 164 132 139 155 146 155 160 113  84  84  81  84  90 122 141 138 143 146 120  96  84  76  75  77 104 135 134 135 135 104  84  77  76  76  78  82  96 116 124 120 104  82  78  76  74  78  81  97 106 104 110 100  83  75  71  76  73  75  87  96  98  98  94  86  81 
 79  76  77  74  72  81  92 116  96  78  74  77  73  76  78  75  88 132 151 162 165 129  93  87  85  85  90  98 103 105 122 124  99 135 168 160 122 112 124 111 133 146 109  88  86  88  86  94 126 134 131 136 148 114  93  81  75  75  78 118 143 141 143 142 103  80  78  74  76  77  84 121 141 155 143 107  80  79  77  72  78 104 143 149 155 156 116  80  74  76  77  76  87 118 136 140 149 124  89  78 
 68  72  70  70  71  71  74 106  90  76  70  76  73  73  76  78  96 137 163 164 150 111  88  83  83  84  90  88  87  94 126 119  94 147 170 152 101  94  92  88 116 135 103  84  84  87  87  85  92 100  97 108 129 101  80  76  77  71  75  83  81  81  86 115  91  74  79  74  77  81  79  78  88  95 124 102  79  75  79  76  76  88 103 105 108 121 109  78  74  75  75  73  82 101 105 105 129 120  91  78 
116 118 114 109 109 106 110 122 122 115 116 112 111 110  99  80 104 129 106 111 152 138 116 120 122 122 118 121 126 130 150 129 137 163 169 162 131 122 123 118 138 138 111 108 108 107 104 106 110 107 107 123 134 111  95  84  94  91  87  84  87  84 108 114  92  82  86  87  84  83  81  81  77  92 117  99  79  75  81  78  75  80  80  75  85 117 100  78  75  72  77  79  77  74  78  84 114 105  79  74 
 98  97  93  94  94  91  91  99 101 109 112 106 117 122 114 100 103 102 101 143 158 133 120 117 114 122 117 126 123 125 129 124 151 164 166 172 143 133 135 131 141 138 137 144 138 135 138 138 136 138 144 153 148 139 138 134 135 131 132 136 139 138 147 144 128 125 127 130 127 120 118 111 112 130 126 118 126 121 117 117 119 117 117 117 130 141 117 106 116 102 105 106 100  98 104 121 132 109  93  97 
 67  69  68  70  72  70  73  71  69  72  76  74  75  78  89 106 116 119 128 107  91  81  82  84  85  86  92  89  96 102  95  97 131 163 165 123  88  88  90  88  87  87  89  92  87  84  81  84  83  86  91  85  88  92  90  89  91  87  88  92  94  97  91  86  91  90  89  91  89  93  94  93  89  90  96  99 102 105 107 110 103 105 113 118 114 115 117 121 115 111 111 110 118 123 118 126 126 115 120 127 
 72  70  75  73  73  73  75  70  74  76  78  82  77  77  76  78  83  90  80  79  80  81  77  79  83  83  80  86  92  93  92 105 141 169 156 107  85  87  87  85  80  82  82  84  82  75  75  76  79  79  78  83  82  84  79  75  72  75  74  72  72  71  72  71  77  73  72  72  75  74  70  72  70  72  73  77  75  77  76  67  67  75  71  73  75  77  75  77  72  78  77  76  76  81  80  81  82  83  85  88 
 71  70  72  72  73  73  76  74  77  75  75  76  75  74  73  78  77  76  81  83  80  75  73  79  79  82  82  85  89  95  97 106 147 166 142 101  81  85  84  88  79  83  82  84  82  77  77  75  76  77  78  85  83  80  78  74  70  73  77  73  71  68  70  74  69  72  76  72  73  74  68  75  74  73  72  72  72  75  76  71  72  76  77  75  77  74  78  70  79  74  76  79  78  80  75  76  80  80  84  82 
 69  71  71  69  74  76  73  74  76  72  76  78  75  77  75  78  75  74  80  80  76  76  74  75  78  78  80  88  88  94  91 113 159 165 137  87  82  80  81  84  82  83  83  80  79  77  73  77  72  76  77  78  76  74  77  71  70  75  75  74  69  69  69  68  68  72  72  72  69  70  70  73  70  69  65  71  68  73  71  73  79  71  72  76  77  72  75  72  79  76  78  81  82  78  75  72  78  80  80  77 
 70  69  73  69  75  73  74  74  73  72  79  79  73  73  72  73  74  74  78  74  77  76  78  79  78  80  82  89  90  87  92 124 158 160 125  84  80  81  82  82  86  83  80  81  81  76  75  76  75  77  73  76  73  75  72  69  72  74  71  72  76  71  76  69  72  72  70  68  69  73  69  67  71  68  67  70  73  76  71  75  72  75  74  73  77  75  76  73  77  79  80  83  82  76  79  79  81  82  80  77 
 77  71  74  72  71  75  73  68  74  76  77  77  78  78  77  81  75  79  75  75  74  73  79  77  77  81  84  85  88  93  96 137 162 157 109  81  82  83  78  80  85  82  82  78  77  75  76  73  72  74  72  76  74  77  70  73  74  70  70  69  72  70  67  72  69  66  68  65  67  71  69  65  68  65  68  64  69  69  71  74  68  70  72  70  73  74  73  79  78  79  83  84  77  77  79  76  80  76  78  79 
 71  72  72  72  70  77  77  74  77  78  75  79  78  79  75  77  79  78  77  78  76  75  75  79  74  80  77  82  88  88  98 147 165 146 101  80  81  81  74  78  83  82  83  76  73  70  70  75  73  74  71  72  71  70  72  67  69  70  73  68  63  64  65  69  65  67  68  67  64  61  70  66  71  70  65  67  69  72  70  73  72  68  72  75  74  77  75  79  74  79  80  78  76  81  79  73  77  77  75  76 
 72  72  71  73  76  75  75  76  72  70  74  77  76  74  73  78  82  79  80  78  78  75  76  77  76  82  82  81  87  85 105 154 168 138  87  78  80  76  74  74  77  82  83  78  76  68  71  73  73  74  73  72  71  71  68  69  69  69  69  67  66  66  65  66  64  64  68  67  65  67  71  66  71  69  68  69  71  72  70  72  73  72  72  75  74  74  72  72  71  74  79  83  81  78  76  80  75  78  76  70 
 75  75  75  71  74  73  71  74  73  75  77  75  73  74  78  77  77  78  76  78  74  77  81  79  78  83  81  81  87  88 108 156 163 126  81  81  82  78  74  79  82  78  78  77  74  74  77  75  77  76  71  76  70  71  68  69  70  67  65  69  69  68  64  64  65  68  71  68  67  67  64  66  67  70  68  67  67  74  73  71  71  74  74  74  70  72  73  74  75  79  80  82  80  76  77  73  73  79  77  75 
 71  73  71  66  71  70  71  72  75  78  74  74  76  76  78  75  77  79  80  79  75  82  83  77  79  81  82  84  87  86 125 162 158 116  81  80  80  78  79  79  81  81  82  78  73  73  77  78  78  77  72  73  74  70  70  67  67  64  67  68  66  65  65  65  64  65  67  66  65  70  63  63  66  68  68  66  65  69  70  70  70  73  75  71  73  72  72  74  77  78  77  79  79  78  74  74  71  78  77  72 
 72  73  72  71  72  68  68  71  76  72  67  75  75  73  77  78  77  78  70  73  78  81  79  75  83  85  84  84  85  91 136 163 151 108  81  82  82  78  77  81  82  80  79  73  73  73  74  77  72  77  75  74  67  66  67  72  70  62  66  66  66  68  63  64  64  63  67  65  64  64  65  64  65  67  66  70  68  68  68  69  68  74  73  70  66  69  72  73  72  72  77  79  78  78  74  68  73  77  76  74 
 72  74  73  70  79  77  71  74  74  68  69  73  72  70  74  72  76  76  72  75  80  79  78  81  80  86  84  79  82 105 150 163 139  91  79  81  77  79  79  82  78  74  74  74  69  73  72  77  73  69  67  73  69  71  71  69  68  66  67  65  65  66  66  64  64  66  64  64  65  68  68  63  66  64  67  64  66  74  69  69  70  71  77  68  70  73  70  71  70  76  75  81  77  74  75  70  74  75  74  74 
 71  70  72  68  73  74  69  74  75  72  68  71  71  68  73  71  71  72  77  79  74  78  80  79  82  80  80  82  87 118 159 164 124  81  81  81  75  77  78  78  78  74  78  72  68  71  74  74  71  73  67  69  71  70  66  69  72  65  63  62  64  68  64  62  64  67  61  61  65  66  66  65  64  67  68  63  66  68  69  73  75  73  70  71  70  72  76  74  75  77  82  80  74  75  74  72  73  78  74  76 
 69  68  71  71  72  72  70  69  74  74  70  70  72  72  73  71  71  71  74  81  77  78  80  83  81  82  84  81  92 139 167 156 109  82  79  76  76  80  79  77  80  75  72  70  71  73  75  75  71  76  73  73  71  69  72  76  73  67  63  63  64  65  66  65  61  63  65  63  64  62  64  64  61  61  66  68  71  74  69  74  75  73  73  73  70  68  77  76  77  79  80  73  74  72  70  73  73  72  79  79 
 68  74  75  75  75  73  72  69  76  71  74  75  75  78  77  72  73  75  74  79  80  80  76  81  83  81  83  80 107 154 166 138  92  79  80  80  75  79  80  79  76  76  72  74  75  77  75  76  73  75  75  75  71  70  69  70  71  68  64  65  66  64  62  63  62  60  65  64  63  61  62  63  62  58  62  68  68  66  70  71  73  70  70  66  68  68  72  80  77  80  81  77  75  73  74  74  74  77  78  77 
 72  74  73  74  75  73  73  72  74  68  70  78  78  77  74  74  72  74  76  79  78  80  77  78  77  81  83  86 123 162 165 114  81  81  78  79  78  75  79  74  78  75  68  73  74  74  75  77  74  74  74  72  65  65  72  63  67  68  66  67  66  61  58  61  62  66  65  62  64  66  68  68  64  62  63  66  67  68  68  68  69  69  73  68  71  69  74  74  74  78  81  78  74  76  78  75  75  77  74  75 
 69  70  71  74  75  72  70  70  69  70  70  72  72  76  75  79  74  76  77  81  83  80  79  79  81  81  81  98 145 167 149  97  85  83  78  78  75  73  77  76  77  71  71  73  68  72  76  75  75  72  74  72  68  69  65  68  63  64  64  65  63  61  64  63  60  66  68  63  63  62  64  63  63  64  65  65  68  72  73  68  70  72  75  73  68  76  76  77  80  82  79  77  75  76  74  75  73  76  77  72 
 74  74  73  76  70  72  73  71  71  69  67  69  70  73  73  81  80  77  78  77  78  78  77  80  81  83  87 119 159 172 128  91  87  81  80  74  73  73  75  77  73  72  71  68  74  70  67  70  74  74  73  70  72  69  66  68  67  67  66  61  63  66  60  62  64  65  62  64  61  61  60  59  63  65  65  65  70  72  70  71  68  69  73  69  73  80  75  81  81  83  79  75  75  74  73  74  74  73  77  75 
 73  71  71  74  71  73  70  75  75  75  74  73  75  72  75  73  74  73  77  75  76  81  78  81  76  82 102 144 162 151 104  85  80  78  77  73  72  75  79  74  69  73  71  71  74  72  67  68  66  72  70  73  69  72  71  62  65  63  62  61  63  63  59  66  67  63  64  61  62  64  64  65  61  63  65  62  65  66  68  68  71  68  72  74  74  73  78  79  78  79  77  72  72  73  71  75  73  70  76  74 
 73  68  81  78  76  82  83  78  78  77  76  77  76  72  71  76  76  74  72  77  78  83  76  79  78  84 126 158 162 120  89  84  79  76  72  72  72  72  82  79  76  73  74  68  69  75  69  70  74  69  69  72  63  62  67  64  60  63  59  61  60  56  62  62  62  63  66  64  61  64  62  66  61  62  63  67  63  63  70  67  74  73  74  74  76  72  77  76  75  81  77  75  71  73  73  72  69  70  76  69 
 76  80  83  79  81  85  81  77  74  69  66  68  72  74  69  77  78  72  74  78  77  85  80  83  80 107 150 163 148  95  88  82  76  79  79  77  76  75  75  75  70  72  76  71  67  73  67  67  71  70  71  71  66  66  67  68  66  66  61  60  59  60  61  58  60  59  62  65  62  60  63  65  62  62  61  61  63  67  69  72  74  70  71  72  76  78  76  73  73  79  77  75  74  73  73  73  70  71  72  75 
 78  82  81  79  75  76  74  79  70  68  68  66  69  73  74  73  75  78  80  81  82  85  77  73  93 137 159 159 110  83  85  83  81  77  76  76  75  78  72  71  69  69  72  71  69  68  69  67  66  68  69  69  65  65  63  70  64  63  63  65  63  62  63  61  62  59  60  60  64  66  67  63  62  60  63  64  64  67  66  70  74  73  71  66  71  76  75  74  76  78  78  73  75  67  73  68  73  75  73  74 
 83  78  79  76  72  71  72  72  68  73  70  68  71  67  72  77  79  77  81  80  80  80  77  80 132 167 161 130  92  87  86  79  78  76  78  75  75  70  73  72  68  66  68  69  72  68  69  67  69  64  69  68  62  64  64  63  68  63  62  61  60  62  65  62  59  59  66  63  63  61  61  62  61  63  60  65  66  65  69  70  72  74  72  71  71  70  74  72  74  75  73  75  71  71  72  71  72  73  76  74 
 79  77  76  75  76  73  70  72  72  68  68  70  72  71  72  78  83  83  84  81  78  75  82 113 161 174 150  97  87  85  82  78  74  77  77  75  76  72  74  67  67  66  67  70  65  64  66  67  70  65  66  62  64  62  61  68  66  60  64  62  61  64  63  66  62  65  64  65  64  66  68  67  63  57  63  65  61  64  66  68  70  73  67  70  66  65  67  70  72  75  74  74  69  71  71  70  70  72  76  75 
 78  73  74  72  74  72  75  75  67  68  66  67  70  77  78  79  78  80  82  79  79  82  99 142 166 153 108  85  83  81  77  75  76  80  81  77  78  73  70  65  66  67  66  66  67  66  66  65  69  71  67  66  65  65  65  71  65  62  65  63  58  63  64  65  66  63  62  63  63  68  67  64  68  66  66  64  62  62  71  70  72  69  65  71  68  67  64  66  72  76  73  72  74  71  68  67  74  72  71  77 
 74  73  73  77  76  70  71  73  72  74  66  69  77  82  78  77  75  78  78  77  81  88 133 162 155 117  88  81  81  77  76  79  84  81  80  79  76  71  70  69  66  64  67  70  67  67  64  66  63  65  63  62  62  61  64  65  60  61  64  62  59  64  65  60  64  62  61  65  67  67  66  65  67  66  64  66  65  63  65  66  70  67  68  67  65  70  70  72  76  73  73  74  70  69  67  66  69  72  73  71 
 73  74  73  75  75  71  70  71  72  73  71  77  78  81  79  77  83  82  74  79  87 128 160 162 129  94  82  84  85  81  82  81  86  87  79  77  73  68  71  71  67  66  66  65  65  65  64  65  60  65  60  60  61  64  64  64  64  59  59  59  59  63  66  64  62  57  67  65  66  62  64  67  68  64  63  67  62  65  65  67  68  67  67  72  68  63  68  73  75  68  75  69  67  71  67  67  69  78  75  75 
 71  71  72  72  76  74  71  72  72  77  78  77  76  78  80  76  75  80  82  87 123 160 164 136  96  84  83  81  82  80  83  84  78  79  75  75  72  66  69  72  69  65  63  64  63  66  65  61  66  67  64  61  62  64  66  60  61  55  61  61  61  63  66  63  63  62  64  64  62  64  68  70  67  61  64  64  65  72  66  67  73  69  67  75  72  70  71  72  76  72  74  71  73  71  70  71  73  74  74  78 
 70  77  68  69  74  71  75  73  72  76  77  78  81  80  76  73  81  81  87 125 160 164 142 100  87  87  83  83  80  75  79  77  74  75  72  69  68  74  67  70  66  63  62  64  64  69  65  66  65  65  63  60  63  59  61  60  60  63  63  60  65  63  65  61  63  61  61  64  63  66  68  72  63  65  67  64  67  67  68  67  68  66  70  72  72  70  71  77  75  75  71  72  73  69  69  73  77  72  78  77 
 71  77  77  77  72  74  79  72  74  77  79  79  79  76  81  80  80  82 130 163 159 143 106  86  89  88  82  83  81  79  76  72  77  74  73  71  70  75  69  65  65  64  66  63  61  66  67  67  69  65  64  62  59  65  64  60  61  61  62  64  65  69  66  63  66  62  63  69  66  66  64  68  63  65  65  68  69  69  68  66  67  66  72  71  70  71  68  73  73  76  75  74  74  69  69  72  72  74  76  74 
 71  75  74  71  69  72  76  75  77  83  83  77  77  80  75  78  85 123 159 164 143 102  84  85  87  83  84  80  79  77  73  78  77  74  72  74  68  69  67  66  67  66  71  65  63  63  67  64  67  62  64  64  63  63  67  67  68  63  60  69  71  68  63  64  63  65  66  68  61  63  64  66  66  64  64  67  69  68  69  74  68  71  75  73  70  69  71  72  75  75  74  72  71  71  67  72  72  75  75  72 
 70  73  70  72  76  74  76  75  77  84  80  81  76  77  77  86 124 158 166 145 102  88  90  90  83  82  83  82  79  75  76  76  76  77  77  71  70  68  68  65  69  73  75  67  69  66  65  65  68  68  65  61  66  65  64  63  66  64  65  71  72  70  63  67  66  66  62  68  61  60  61  67  65  65  67  63  69  70  73  72  71  73  71  71  68  69  74  69  74  74  68  72  72  75  72  71  72  73  70  72 
 76  77  70  74  72  71  76  76  77  80  72  73  77  74  85 126 157 168 137 100  85  92  94  85  81  77  80  86  84  79  84  87  84  85  82  75  74  74  77  75  79  81  80  79  77  76  75  73  77  76  76  72  74  69  71  76  71  71  73  71  69  70  67  73  71  71  64  71  69  65  66  70  71  72  68  69  72  74  74  74  75  70  73  76  70  73  75  73  75  75  73  71  73  71  68  68  73  74  74  73 
 75  70  80  73  74  73  74  74  73  78  75  72  76  89 125 161 166 136  97  87  86  89  90  87  83  80  85  85  79  74  76  77  74  73  71  70  66  69  69  63  64  66  68  68  65  68  71  70  67  65  71  63  68  69  67  68  66  67  70  71  67  68  70  70  66  68  70  65  65  67  66  68  71  72  71  67  70  68  70  69  75  74  75  75  73  76  81  76  75  76  73  73  76  73  68  68  76  73  76  73 
 79  79  76  74  76  75  76  74  72  74  74  81 100 134 160 159 128 106 106  95  89  87  85  90  82  80  74  69  72  76  74  70  73  69  61  57  53  54  54  49  53  54  56  55  54  53  56  58  52  51  55  52  54  59  57  58  53  58  57  56  60  58  57  59  63  53  57  57  61  55  57  59  57  61  60  56  61  63  62  65  64  61  63  64  60  67  70  68  66  68  63  66  66  67  71  67  69  67  75  70 
 78  76  76  75  77  73  71  73  77  72  79 107 141 168 158 125 122 150 132  94  93  91  90  82  75  72  66  66  71  76  71  70  71  66  55  52  46  48  48  44  48  45  45  52  52  51  48  47  47  48  46  46  49  53  50  50  54  53  52  44  47  51  53  51  51  47  53  53  55  53  53  52  50  52  57  52  53  60  56  56  61  55  57  61  61  56  59  60  56  59  57  59  58  62  60  60  59  60  62  61 
 79  76  76  79  78  71  71  74  73  89 119 149 161 157 143 146 162 168 122 100  92  83  77  79  73  71  68  68  69  70  67  69  70  64  55  46  46  49  44  45  45  46  46  44  46  42  44  46  47  48  48  48  51  51  49  46  46  48  44  47  46  46  52  48  43  46  49  49  49  53  52  48  48  49  54  52  47  53  49  55  61  56  59  61  60  54  56  58  53  53  58  55  58  59  57  60  55  53  58  57 
 80  80  78  76  73  77  72  80 100 132 153 165 146 145 152 158 164 155 119  94  88  89 100  98  81  74  70  68  74  71  73  69  71  61  51  45  44  45  45  45  45  42  48  48  43  43  47  49  51  48  48  51  46  46  49  47  43  43  50  49  51  47  43  47  51  45  48  49  45  52  50  50  47  49  49  52  54  55  54  58  63  63  59  58  57  57  56  55  51  57  57  59  59  56  58  54  60  60  57  57 
 79  80  79  76  77  77  90 124 148 162 155 127 133 152 154 153 163 161 145 130 134 119  97  87  83  81  74  72  76  74  74  74  67  55  47  46  45  44  43  48  44  44  46  51  44  48  49  45  49  47  46  46  44  46  45  45  48  46  46  49  49  48  50  48  50  45  49  46  47  53  50  50  47  46  52  52  60  55  55  58  57  61  60  59  58  55  52  53  56  56  55  57  59  58  56  53  57  59  59  57 
 79  77  78  77  89 118 143 162 166 140 101 117 137 131 127 130 149 164 150 155 156 111  87  86  85  81  73  67  73  74  73  70  65  57  51  48  46  46  49  48  47  47  48  45  42  47  44  45  47  47  45  43  44  45  44  42  45  44  45  50  48  53  57  53  47  49  50  52  48  48  50  48  49  47  51  52  53  55  55  60  57  54  61  61  59  57  57  55  58  57  54  55  58  58  52  57  56  55  57  59 
 79  79  90 112 135 160 171 153 120  92  95 104 104 115 109 119 133 140 149 165 154 105  89  84  81  78  72  71  73  72  74  77  69  62  51  48  49  49  47  47  47  45  47  44  45  48  43  44  47  44  49  48  49  46  44  43  46  45  48  50  44  52  51  57  54  53  54  56  52  51  50  50  49  50  49  52  53  51  58  55  60  59  58  54  58  57  56  57  57  57  55  58  58  61  60  60  61  56  56  56 
