 95  91  91 102 126 148 150 155 159 159 132 107 104 105 126 141 130 106 110 140 109  87 101 105 165 128  85  88  82  79  80  81  81  78  79  77  74  72  69  75  71  69  70  72  69  73  73  72  70  75  76  80  78  80  78  76  73 100 104  74  81  80  79  76  75  80  80  77  75  75  76  71  67  69  72  65  68  71  82  81  71  75  69  68  64  67  62  62  68  69  68  62  66  65  70  64  64  67  65  66 
 99 100  97 103 142 163 161 164 161 145 121 105 112 125 147 136 108 105 122 149 117  90 105 113 163 115  88  86  84  80  83  82  78  77  84  80  73  72  72  71  67  68  69  66  67  74  69  70  67  75  79  82  78  78  82  74  71  99  99  69  75  74  76  75  76  80  76  78  75  73  75  76  69  69  67  66  71  71  79  79  71  69  68  67  70  68  62  62  68  67  64  64  65  66  68  69  67  68  61  65 
 99 104 101 108 143 162 157 153 142 128 108 117 138 145 126 110 107  97 122 145 121  91 103 120 168 102  84  83  83  83  83  79  80  81  76  79  82  75  69  71  67  66  70  70  71  70  67  69  70  74  80  77  80  79  78  76  75 101  97  69  74  72  74  71  79  79  79  76  75  77  77  74  65  68  69  71  70  73  84  79  70  73  70  66  64  67  65  66  69  69  65  65  68  65  67  67  72  69  65  66 
102 108 111 116 140 141 132 121 111 118 132 152 160 132  99  98 119 113 142 142 109 101 100 130 171  95  89  83  85  83  84  83  77  78  79  75  78  78  70  69  68  69  71  68  70  72  67  66  74  73  80  75  74  75  77  77  78 102 102  76  82  84  76  74  75  76  80  82  73  78  77  71  66  66  67  70  75  72  92  83  69  71  68  70  68  65  67  69  72  67  65  65  70  71  64  69  72  69  68  73 
103 105 103 124 123 111 119 123 134 149 154 161 146 109 108  98 120 144 154 141 104 101  93 144 156  94  89  80  80  79  82  78  79  83  83  77  79  77  71  72  71  67  71  69  72  73  65  72  70  75  75  77  76  74  73  74  75  97 114  99  97  88  86  79  76  73  82  84  75  80  81  75  69  72  70  72  69  69  94  86  70  73  69  74  75  73  67  71  70  71  66  67  69  73  72  73  68  67  68  77 
117 121 127 142 154 147 148 158 157 141 121 125 153 123 127 124 147 165 154 127 102  95  95 150 149  91  89  84  76  85  86  81  81  82  79  81  78  75  71  70  68  72  75  76  71  72  65  68  74  77  77  81  82  76  70  74  82  87  92  93  82  84  82  81  76  77  84  88  85  83  83  75  71  70  68  73  71  73  90  79  73  71  69  74  73  73  70  69  69  71  71  73  73  74  76  73  69  66  72  82 
155 150 151 150 161 163 152 132 121 106 101  99 136 161 160 160 166 163 141 100  96  93 106 157 137  92  88  85  80  83  83  80  85  80  79  78  74  74  64  65  72  72  75  74  71  72  73  67  72  80  82  82  79  79  78  76  76  77  79  85  85  75  73  78  76  80  79  86  93  86  82  75  64  66  69  70  73  76  90  81  65  68  67  68  67  71  68  74  74  68  70  69  74  74  72  72  74  73  77  79 
127 115 117 114 114 112 107 102 101  99  95  91  93 142 169 154 162 140 110 103  95  89 109 164 129  89  90  88  86  85  83  85  83  77  82  75  77  70  67  68  71  73  78  73  72  71  71  74  72  76  80  81  81  78  77  76  77  82  74  73  83  73  78  81  81  80  77  82  95  91  85  72  65  66  64  67  73  74  95  84  67  72  67  66  70  72  71  75  76  78  75  73  71  72  75  70  75  75  75  79 
 96  99  97  99 100 104 108 105 101 101  95  95  85  99 142 124 117 112 108  94  90  95 117 169 117  91  90  90  85  83  80  82  85  81  78  76  73  75  71  70  71  74  76  74  69  70  67  68  76  77  76  81  79  80  77  74  82  89  76  75  72  78  84  81  76  77  78  82  83  90  93  76  66  65  68  72  70  71  94  77  71  75  71  69  70  69  73  75  75  98  87  75  71  71  77  74  75  76  81  82 
 96  99  99  98  99 104 102 100 100  99 100 102  93  84  98 104 100  99  97  91  94  98 126 165 113  92  89  84  85  84  86  82  83  79  77  76  75  75  69  73  73  72  69  76  72  73  73  75  80  78  77  85  87  84  78  78  79  84  88  78  72  79  89  82  74  77  83  85  85  87  89  77  67  66  71  71  69  69  83  77  69  76  72  72  72  75  77  74  76  80  80  74  76  76  78  78  78  79  79  84 
 94  88  89  91  93  96  91  96  95  94  99  92  89  89  95 101  97  95  96  93  93 100 140 169 109  91  93  89  81  84  86  82  80  80  77  77  77  74  73  73  71  72  69  73  73  70  74  72  75  81  79  81  89  82  81  82  79  80  88  84  79  86  85  80  77  78  81  87  90  84  78  72  64  64  71  70  75  80  82  77  73  76  76  79  78  77  76  79  78  78  80  77  77  81  75  77  78  80  77  82 
 96  93  99  96  99 100 101 100  95 102 107  99  94  96  97  97  98  97  96  95  97 103 150 166 101  92  91  87  84  88  84  79  78  83  80  84  79  78  77  75  75  74  77  76  76  75  77  76  78  82  84  84  86  80  83  80  83  85  84  91  86  87  79  80  82  79  79  84  87  88  77  76  77  73  77  76  72  79  90  77  74  78  77  77  77  80  84  79  80  78  77  78  81  77  75  80  77  76  79  82 
102 104 104 105 106 103 104 105 110 108 106 106 103 102 104 107 101  96  99  96 100 107 153 151  99  96  91  89  88  86  84  82  82  81  80  81  76  74  77  74  76  79  79  78  77  74  73  83  86  83  82  87  85  87  83  82  87  85  79  91  90  78  78  86  85  81  84  85  86  82  81  86  84  77  82  75  78  79  91  78  78  79  81  79  80  80  79  79  84  81  81  85  87  84  79  79  84  79  82  87 
117 124 126 134 133 131 132 133 130 136 132 123 120 117 112 115 110 103 102  98 102 114 164 146  94  92  92  92  89  89  89  83  81  82  83  83  81  84  81  77  78  77  80  77  76  76  81  85  96  89  87  89  88  92  85  84  90  97  79  82  83  80  86  85  80  88  86  85  87  85  81  81  77  76  76  74  81  77  94  83  78  79  78  76  79  79  78  79  80  83  86  87  84  85  85  83  88  85  86  92 
182 178 177 183 182 185 187 188 183 183 184 179 182 174 166 157 151 141 127 117 115 130 183 158  95  98  96  93  89  90  90  85  84  88  86  89  87  81  82  82  79  77  82  82  79  80  80  83  83  92  89  83  89  90  93  90  94  98  91  79  81  85  90  87  86  84  87  83  83  81  87  81  78  80  76  76  75  79  98  84  77  79  81  83  86  84  84  83  85  83  86  85  85  85  87  89  88  86  92  97 
192 192 190 192 190 192 194 189 190 193 192 190 193 194 191 199 197 192 185 177 172 173 190 179 134 107 100  98  99  92  86  86  87  85  87  87  87  86  83  82  81  82  81  85  80  86  83  83  85  87  90  90  90  91  95  93 103  99  97  85  85  93  93  91  87  83  86  85  88  82  88  88  82  83  87  85  82  85  94  84  81  83  87  89  88  86  86  92  85  89  91  92  90  92  92  93  94  95  97  98 
184 185 187 189 188 191 190 188 191 192 194 190 186 191 195 193 192 192 190 191 191 189 193 190 187 158 138 123 111 101  91  95  93  87  91  93  96  96  91  86  80  86  91  90  87  89  89  90  93  88  94  96  94  94  96 100 104  92  98 101 100  93  86  93  94  90  88  91  94  97  93  93  88  85  87  86  86  89 110  88  88  87  91  91  88  88  93  90  91  93  91  91  93  96 103  98 104 100 106 114 
187 183 186 188 190 189 190 191 190 189 190 191 187 193 198 194 193 192 190 184 186 192 191 188 187 191 187 179 170 150 131 123 115 108 102  94 103  97  95  96  95 100  98  91  95  94  92  99  96  99 103 102  97  99  97 101 107 101  94 103 102  89  94  97  97  92  95  97  97  98  92 102 100 102  95  96  96  96 110  99 100 100 104 107 114 111 117 118 121 123 127 121 134 144 145 157 158 168 180 169 
183 184 183 187 183 186 191 184 184 188 190 186 186 186 190 188 185 186 186 182 189 200 196 187 185 185 187 187 190 194 192 179 178 159 150 128 118 109 107 111 110 105 103  97  93  95  99 102 103 102 107 106 105 100 104 106 111 105  98  99  97  94 101 102 100 103 115 121 127 126 119 131 135 142 142 139 139 147 152 157 163 164 172 171 172 177 174 171 172 177 179 174 182 190 184 188 189 193 195 196 
187 189 184 187 191 187 186 188 192 191 191 187 185 186 187 183 179 180 183 179 189 201 198 193 191 187 187 184 181 184 186 185 192 193 191 189 176 168 160 158 150 143 138 131 130 122 125 127 135 136 137 142 149 138 110 110 107 111  99 105 106 110 109 109 115 115 157 175 171 169 171 168 162 174 172 169 170 176 180 211 222 215 220 228 224 233 217 195 193 217 231 202 192 188 180 173 183 186 187 205 
193 191 196 191 194 194 191 191 194 193 196 194 196 197 192 189 191 193 187 183 187 200 205 204 195 189 190 190 187 186 184 182 182 182 189 192 188 191 189 189 189 185 185 187 184 182 181 179 180 188 182 180 183 175 132 137 138 177 196 193 193 206 197 156 152 150 165 174 172 170 173 169 177 175 180 175 177 183 199 227 238 232 235 237 234 238 223 204 203 218 226 207 193 193 190 188 192 196 190 209 
151 149 149 149 148 146 147 142 148 152 148 152 165 169 172 178 184 190 191 196 191 193 198 200 197 193 193 192 190 191 189 189 185 193 196 197 192 190 187 191 188 187 187 187 185 185 185 184 185 186 185 187 183 178 179 182 189 224 241 223 224 229 225 190 179 179 181 183 181 183 185 182 189 190 188 178 182 184 207 215 214 213 218 214 217 221 216 214 213 219 214 223 207 192 194 198 195 196 200 216 
105 108 107 105 103 103 109 108 110 113 107 113 113 114 116 121 129 143 154 162 188 197 192 194 201 195 195 192 199 196 192 196 195 196 196 195 200 194 190 195 194 197 195 194 189 195 189 190 184 192 199 199 200 200 204 198 201 230 245 235 231 243 232 190 189 189 186 188 186 192 191 187 188 190 186 183 186 190 207 230 231 230 231 235 240 238 241 240 238 239 241 243 215 204 198 192 195 197 198 213 
 99 102 100 100  99 101  97 102 102 102 105 102 103 103 104 106 110 109 111 111 164 198 184 185 195 189 192 197 200 189 189 191 188 191 191 197 201 192 192 198 193 196 198 194 196 201 192 190 186 192 195 198 202 197 196 198 199 233 244 238 237 246 231 188 182 183 178 176 178 182 177 174 178 184 181 177 185 194 210 231 230 228 225 220 222 228 230 226 228 220 219 218 203 199 182 173 186 187 190 216 
 93  95  94  91  93  95  95  97  97 100  93 101 100  98 101 102 104 107 110 113 149 192 187 184 191 190 191 194 192 180 181 185 188 188 189 191 191 181 189 194 191 190 194 195 195 195 192 192 185 189 189 197 206 198 199 197 191 228 247 241 241 247 229 190 186 180 175 168 165 173 171 165 170 174 173 172 183 194 198 200 204 202 201 203 204 199 193 188 191 190 183 185 183 185 181 162 173 195 193 218 
 95  94  94  94  94  95  97  99  99  98 102 101 100 102 101  98 104 102 107 113 154 178 155 186 190 187 187 190 185 178 179 181 177 177 184 188 190 188 188 188 191 191 186 189 189 187 189 188 183 190 186 189 192 190 192 196 191 231 249 240 242 251 228 189 194 179 175 177 172 176 181 169 173 169 169 179 182 185 194 196 195 198 201 198 194 182 176 159 157 154 150 146 142 136 139 125 128 175 201 219 
 96  96  98 100  96  99 105 103 104 106 112 107 104 101 100  98  95 100 103 109 167 158 118 173 193 189 183 183 180 180 159 127 119 124 137 148 156 155 164 173 177 180 178 183 182 184 189 188 191 189 182 178 179 170 146 171 194 232 248 241 240 249 224 183 189 158 165 170 158 153 150 137 133 137 134 144 161 176 189 194 196 194 195 192 184 164 136 115 107 105 111 103 101 101 111 108 108 123 187 219 
 86  86  87  91  98  92  94  97 100 103 108 109 109 105 100  94 100 100 106 116 173 149 111 168 191 189 187 175 172 152 107 102 104 107 104 105 105 106 105 111 113 122 124 129 132 139 139 143 142 141 141 143 141 136 121 127 171 234 247 239 240 251 220 173 151 123 125 116 120 115 110 109 107 121 113 106 117 154 182 189 196 192 188 178 175 128  98 104 105  97  99 100 103 104 105 111 109 110 158 218 
 90  87  82  85  89  82  81  88  93  97 102 105 104 102  95  90  95  97 104 120 174 132 112 164 186 186 186 177 173 120  98 100  97  98  97  95  95  93  88  93  99  97  97  98  99  99 102 105 104 103 106 110 112 112 114 114 141 230 247 239 241 249 221 153 124 115 109 107 109 106 105 104 102 116 108 109 109 127 163 182 189 187 185 176 147 101 100 103  96 100 100  99 104 103 105 107 107 109 137 209 
 91  88  85  89  83  79  84  84  89  97  97  99  96  93  90  91  93  93  99 128 174 116 112 170 184 183 183 175 154 104  97  99  92  90  90  91  93  87  88  92  95  93  87  91  93  97  95  95  97  98 101  99 104 106 103 110 129 201 212 203 200 199 192 134 115 107 109 104 109 106  99  99 103 120 101 105 104 110 137 178 192 191 186 172 119  95  98  99  96 101  99  98  97 100 102 102 106 106 134 207 
 88  89  86  88  85  79  83  84  89  90 100  97  94  94  92  90  91  94  94 135 178 112 113 169 183 185 177 175 136 101  95  90  88  88  87  88  91  89  87  89  90  92  92  89  91  96  90  89  89  91  94  96  99 103 104 106 117 175 174 175 172 175 170 123 112 104 104  99 105 102  95  97  97 111  99  97 103 102 125 177 189 188 182 167 114  99  97  93  98  97  94 100  98  97 101 103 106 105 138 214 
 85  81  84  86  89  80  79  83  93  91 101  96  96  95  89  87  87  96  94 139 170 111 109 170 179 182 175 178 129  96  97  89  86  90  83  86  89  87  85  86  87  85  85  90  86  87  86  89  88  92  92  98  99 101 103 102 114 171 168 203 188 169 161 110 113 107 103 101  97  97  96  93  98 107  99  94 102 102 124 176 187 187 177 164 118 102  92  95  95  99  97  95  99 100 101 102 107 106 136 209 
 84  88  86  84  85  80  86  81  87  93  96  94  95  94  88  85  90  98  98 151 171 104 113 168 184 179 176 180 122  89  91  89  90  89  87  84  79  81  83  86  89  86  83  81  87  90  92  91  90  93  94  97  99  96  99 104 116 168 167 192 187 167 158 110 109 109 104  99  96  97  98  96 101 112 101  99 102 104 125 178 189 185 171 167 119 100  92  93  96  99  98 102 101  99 100 102 107 106 141 202 
 80  82  85  85  82  79  80  77  86  85  89  93  91  93  87  84  89  93 100 154 154 101 113 167 182 176 179 180 122  87  86  86  86  87  87  80  79  80  82  83  85  81  82  80  85  85  87  87  87  89  93  97  95  97  98 104 110 169 168 194 183 169 150 109 107 107 104  97  97  93  98  95 102 120  98  97 107 109 126 166 184 180 167 168 107  96  96  92  98  99  97  98  97  98  97 100 109 107 138 210 
 86  81  82  79  79  84  81  82  86  88  89  95  92  93  86  78  87  95 108 163 142  97 112 173 179 179 179 176 128  90  86  89  90  85  85  81  73  79  81  81  78  82  83  85  84  83  84  87  89  91  94  95  95  95  93  99 108 169 171 196 181 166 151 108  99 100  98  97  99  96  93  97 104 108  99  98 101 103 132 170 174 178 172 158 103  96  97  91  96 100  93  98  98 101  99 102 107 105 142 212 
 80  79  80  80  80  84  86  84  85  88  84  90  97  90  88  86  92  98 105 168 136  96 109 172 181 182 180 174 123  91  91  89  84  85  87  81  75  78  77  81  82  81  84  80  83  83  85  91  88  96  95  92  95  97  96  98 111 170 185 202 197 168 148 101  99 102  97  98  99  96  94  93 100 118 106  97 100 102 126 169 173 176 168 162 107  94  96  94  96  95  95 100  99  99  99  99 104 101 142 206 
 78  78  83  78  82  80  84  81  79  84  85  88  95  90  86  81  88  96 104 176 126  90 110 171 183 178 176 173 123  94  92  89  85  80  85  85  80  72  75  81  85  82  84  82  82  81  89  88  91  96  95  92  89  92  91  95 116 167 192 205 191 165 137  91 100  99  99  95  97  95  95  94  96 113 108  99  97  96 126 170 172 178 174 164 109  95  93  97  99  99  99 100  98  99 100 103 102 103 144 212 
 82  76  77  81  82  81  82  89  81  79  84  87  93  93  87  82  88  95 116 174 121  94 110 168 180 175 176 174 116  90  94  86  86  85  82  81  80  73  77  79  80  83  78  79  83  83  87  92  91  89  92  88  89  90  89 100 116 159 192 221 195 166 132  91 101  96 101 100 101  94  90  94  99 116 100  97  94  99 131 166 167 176 169 165 103  95  94  95  97  96  94  98 101  98  99 101 106 106 146 211 
 76  83  81  78  83  82  77  80  83  85  90  86  87  89  81  84  87  94 115 174 115  94 108 173 177 182 178 175 119  91  88  87  86  88  85  82  79  75  83  84  82  84  81  80  86  83  84  91  90  90  88  84  90  96  97 100 116 168 187 209 196 164 139 104 105 101  98  97  95  93  89  90  98 112  98  92  90  99 131 168 166 177 169 157 104  96  95  92  94  96  96  99  96  94  99 101 107 101 145 205 
 78  79  82  82  83  80  81  83  85  85  86  86  87  90  85  83  88  91 122 166 108  96 107 174 178 182 180 169 114  90  92  90  86  85  83  81  80  78  78  83  85  84  85  85  85  85  85  87  88  88  87  91  91  94 104 102 123 171 166 173 160 163 138 100 102 103 100 101  99  95  95  93 101 111  92  87  92  98 133 170 169 174 170 158 104  94  94  95  99  95  99 100 100 100 102 103 104 108 156 211 
 76  74  84  82  80  80  83  78  81  87  87  84  87  85  83  81  88  95 120 170 105  94 107 176 178 177 178 170 111  86  90  84  80  84  84  82  80  77  81  84  84  80  81  86  87  82  83  85  87  91  89  88  92  93  94  99 118 168 164 176 165 163 132  94 100 100  99  99  99  99  92  93  98 112  92  91  90  89 134 170 167 170 168 154 101  96  94  92  96  92  93  97  98  98  99 101 103 107 157 208 
 80  80  84  76  81  80  80  80  82  80  85  83  80  86  82  82  91  88 129 172  98  92 102 175 182 178 181 169 114  86  87  84  83  84  84  78  79  80  82  86  82  82  79  81  84  86  87  91  88  91  90  90  91  91  93  97 119 169 164 179 169 167 132  95 101  98  99  97  98 100  90  90  97 115  97  91  90  95 136 167 169 172 172 158 104  90  87  94  94  93  94  97  97  94  98 104 105 108 158 208 
 79  80  84  81  81  79  83  85  84  84  84  88  85  86  85  83  91  88 140 171  98  95 106 182 180 181 178 158 109  88  85  83  85  83  79  78  74  81  80  83  82  79  81  81  89  87  87  87  92  93  87  90  87  95  98  96 121 163 168 181 170 166 135  91 100  95 100 101  97  94  92  93 100 113  92  92  96  92 133 166 172 178 173 154  97  93 100  99  93  94  95 102  98  97 101 104 109 106 160 209 
 80  79  81  81  81  76  79  82  83  83  81  85  83  87  84  84  92  92 141 159  94  96 104 177 185 183 174 169 110  89  87  85  82  84  86  77  74  80  83  83  85  81  83  87  86  83  87  86  89  90  82  88  89  95  89  92 125 168 167 180 163 159 130  97  98  96  96  96  93  93  91  92 100 109  95  90  97  97 137 168 170 171 170 156  95  92  95  96  94  99  98  98  95  97 104 100 107 109 162 203 
 82  78  81  81  79  79  82  81  80  83  78  83  82  86  82  83  90  91 141 155  95  96 106 161 179 184 174 163 102  84  82  84  83  84  83  78  82  84  85  80  79  86  88  84  86  82  86  87  88  88  85  84  84  90  91  95 119 172 163 178 166 164 127  93  97  96  94  99  98  97  90  90  97 106  96  92  92  99 138 171 171 172 171 149  91  95  91  93  98  95  97  97  92  97 102 105 111 107 159 206 
 76  83  82  78  80  81  82  77  81  82  83  81  86  91  85  84  88  91 149 161  96  99 103 157 174 181 178 160 104  83  84  81  77  82  81  78  76  82  81  83  83  81  79  82  88  85  89  89  87  87  87  87  84  90  92  94 116 174 163 176 165 163 126  94 100  91  95  97  93  97  93  93 100  98  92  93  92 100 138 170 168 170 171 148  91  94  94  92  95  95 100 101  96  98  99 103 107 107 165 210 
 79  79  82  79  76  73  75  81  78  82  84  79  87  91  84  85  87  95 151 159  96  98 104 168 179 178 174 169 108  86  82  82  84  82  83  80  79  85  81  76  78  84  80  86  86  80  89  91  87  89  87  87  85  87  93  97 126 165 161 174 160 159 124  90  96  89  91  95  92  94  93  90  95  99  92  95  96  96 138 168 167 177 174 140  91  96  94  87  94  95  97  97  92  98  99 105 109 110 172 203 
 79  82  77  81  78  71  77  82  84  84  86  85  85  86  83  84  86  90 150 149  92  98 104 158 176 178 176 154 100  83  82  81  78  79  79  79  76  78  81  79  84  84  83  86  82  82  87  91  90  87  82  84  87  83  89 102 130 202 181 166 179 214 136  93  98  92  86  94  92  91  87  92  95 104  89  94  97  93 143 170 170 174 169 148  89  91  95  92  93  97  96  95  94 103 101 103 105 111 174 205 
 82  79  77  76  79  78  79  79  86  82  86  82  80  91  80  78  93  91 146 152  90  99 107 168 176 174 172 168 105  85  86  81  82  77  77  77  74  74  75  82  85  84  80  79  84  86  84  85  87  88  82  84  87  89  93  99 122 232 190 163 191 229 126  91  98  92  92  91  93  90  88  89  97 102  91  92  98  92 138 169 168 170 167 142  88  91  91  96  95  99  99  98  98  99 100 103 106 108 168 201 
 82  76  76  75  75  78  84  81  86  82  82  82  85  86  79  82  92  90 151 153  91  98 107 159 174 179 173 171 105  86  82  78  86  76  75  80  74  78  79  78  78  76  78  86  85  85  84  88  91  85  80  85  89  92  94  96 128 231 190 158 192 218 130  95  94  92  91  92  92  91  90  90 100 104  87  89  92  95 136 170 171 174 175 141  89  94  88  91  91  97 103 104  97  99 102 104 107 111 170 201 
 79  72  77  77  74  77  80  76  82  82  82  87  89  89  83  86  91  94 154 155  95  99 110 153 170 180 169 155 104  89  87  84  83  82  83  79  79  75  77  82  80  81  82  81  85  86  83  87  83  85  81  83  88  91  88  98 130 230 188 158 183 227 132  96  93  90  90  91  91  91  87  89 102 102  88  92  95  92 140 171 175 180 170 141  91  93  85  88  91 100  99  99  94  98  97  99 104 107 173 203 
 80  81  76  78  73  75  77  82  87  84  84  85  86  87  86  87  90  95 154 147  92  96 109 167 172 176 171 161 102  91  86  84  86  81  82  80  76  75  77  82  83  82  82  83  84  83  84  91  90  84  82  87  85  88  92  97 127 186 170 166 166 177 121  92  89  91  93  94  97  94  88  90  94 108  89  91  87  92 148 167 173 181 172 140  92  93  85  91  92  96  99 100  99  96 102 106 105 105 178 199 
 75  75  77  74  72  72  77  81  84  81  79  87  87  83  82  84  89  91 159 148  93  95 111 160 168 173 171 155  98  90  85  83  85  81  84  84  77  79  75  80  78  79  86  82  86  87  87  83  89  89  86  86  87  91  95 101 130 161 156 169 156 158 120  92  90  88  93  95  89  93  89  91  97 104  88  91  91  98 153 172 172 181 174 139  90  90  87  91  90  95  98  99  98  99 100 103 100 113 174 195 
 75  72  77  79  78  75  77  81  81  79  82  90  89  86  79  82  90  89 163 146  95  95 112 171 169 176 174 158  96  89  87  85  83  85  85  79  79  78  79  78  78  82  82  75  87  87  87  81  88  88  82  84  84  87  91  96 127 162 157 165 154 159 122  90  89  90  96  92  92  93  90  90 103  98  87  93  95  97 149 170 174 178 173 139  88  90  89  88  91  90  98  94  95  92  95 103 106 106 182 195 
 80  73  73  75  75  75  78  79  82  82  82  89  89  85  81  87  96  94 157 142  89 100 117 172 168 172 172 156  99  88  92  81  81  88  84  77  78  79  83  80  80  75  82  83  85  85  84  84  87  87  84  88  88  90  91 100 129 162 154 166 156 155 117  88  91  88  89  93  94  90  88  87  98  96  83  92  93  99 145 167 171 175 170 133  89  88  89  89  89  93  96  98  95  92 101 101 102 105 178 197 
 82  77  74  73  73  75  78  79  82  78  83  87  87  84  81  87  92  99 162 147  91  95 116 166 172 171 172 150  99  89  86  86  85  82  82  83  81  79  77  78  80  79  81  86  85  84  82  83  89  84  83  90  85  90  92  96 125 159 157 171 157 154 114  92  89  94  94  92  89  88  89  85  97 105  87  93  92  99 154 169 170 175 169 129  88  90  87  87  94  94  98 102  97  98  99 101 104 103 178 195 
 80  78  77  73  76  73  76  77  79  83  84  82  90  84  82  86  95 100 163 142  88  95 111 159 174 170 169 148  91  87  88  83  85  82  77  80  78  79  80  81  78  80  82  84  85  86  85  82  85  84  81  86  88  90  96  92 124 168 165 175 162 156 109  89  89  91  93  90  93  90  88  87  98 103  87  92  90  96 149 166 172 180 166 128  81  88  86  89  94  94  95  99  95  98  94  98 106 106 179 190 
 78  81  74  76  76  76  80  76  78  89  85  82  81  84  80  85  96 100 159 142  93  95 112 164 171 176 168 160  92  88  85  84  84  81  77  80  78  76  77  81  78  80  81  81  85  88  83  83  83  81  87  86  88  90  95  94 130 164 157 159 161 164 108  90  89  86  92  89  90  88  87  88  95 100  91  90  90 102 152 168 175 176 171 130  86  85  85  93  91  94  98  98  92  94  95  98 105 110 180 190 
 78  75  73  72  71  77  76  76  82  88  82  83  81  81  80  88  93  96 166 143  88  95 107 161 172 173 167 158  96  90  94  82  82  79  79  82  80  75  80  79  79  80  81  84  87  87  86  82  84  89  85  86  85  93  93  88 134 167 150 142 163 154 112  86  86  89  89  95  91  89  85  85  98 101  85  86  89 103 159 169 170 173 171 128  84  86  85  89  92  96  98  95  94  98  98  95  99 104 179 192 
 78  74  76  71  74  72  75  76  77  82  84  86  84  79  81  90  94  96 160 134  87  94 113 164 169 170 168 144  93  89  89  78  85  83  77  79  77  75  77  81  79  80  80  84  84  85  84  81  86  84  87  87  86  89  93  91 130 160 142 130 157 149 108  92  87  86  88  92  90  92  92  86  91  95  82  86  89 104 156 167 171 174 166 122  80  83  89  88  88  94 101 102  92  97  97 100 101 106 184 193 
 78  76  73  73  71  71  77  78  80  82  83  85  82  82  83  90  92  99 164 141  91  92 111 159 169 172 172 157  92  85  84  84  85  78  81  77  78  78  78  77  78  76  80  82  82  83  83  82  87  87  88  83  90  89  95  93 128 160 137 126 148 152 108  91  85  91  89  92  90  91  91  86  96  97  88  93  92 106 149 166 173 168 169 123  85  89  92  87  87  96 100 101  92  93  95 102 100 114 190 188 
 74  75  73  76  74  74  75  75  82  84  82  86  82  84  84  90  95 102 162 132  90  94 112 166 170 169 170 148  98  89  87  83  84  81  82  82  79  78  78  77  79  77  80  80  86  84  80  79  84  87  88  89  85  89  91  94 135 161 138 131 153 152 106  88  85  85  87  94  91  91  83  90  91  96  87  91  89 102 161 169 173 172 172 119  88  88  88  88  93  97 101  99  96  99 102  99  99 111 189 193 
 75  76  70  74  80  70  75  74  77  81  81  81  83  87  84  90  92 103 168 133  88  95 123 175 171 173 169 151  89  88  86  81  85  83  85  77  77  77  78  77  77  83  86  81  85  85  83  82  76  85  87  89  88  94  89  95 132 154 136 129 154 152 104  90  85  86  85  85  91  88  83  88  96  98  87  86  89 102 156 169 177 174 170 122  83  86  87  90  92  98 105  95  90  99 101 100  99 105 189 191 
 79  77  76  77  71  71  74  75  75  80  82  86  86  88  80  94  95 106 172 130  89  98 123 171 173 174 168 143  90  86  84  85  87  85  81  82  78  77  79  81  77  81  81  81  85  80  82  87  77  89  90  89  93  91  92  93 129 156 129 124 154 155 100  88  87  90  89  84  84  85  81  80  94  95  87  89  86  99 157 169 175 168 169 122  83  90  87  92  91  98 105  98  95  99  99 101 103 116 186 189 
 81  77  71  72  71  73  74  76  78  82  85  91  90  86  82  94  97 107 172 125  86  92 122 172 171 172 172 154  90  89  85  86  88  84  86  87  77  83  80  82  81  81  82  84  80  78  80  79  79  84  88  88  90  90  87  93 136 153 126 119 153 151 102  87  89  91  86  89  85  83  87  90  96  94  89  89  92 101 156 169 178 174 164 120  85  89  88  98  96 102 105 101  96 101 100  95 104 114 197 190 
 80  81  74  72  74  74  74  75  76  78  84  84  88  89  84  91  95 105 167 128  90  93 121 177 170 174 167 138  82  85  86  83  88  82  86  78  83  81  79  83  82  80  79  82  80  83  83  80  80  85  88  89  87  89  92  91 134 149 109 112 148 153 101  91  85  87  87  85  84  85  86  89 100  87  82  88  91 104 160 171 178 174 166 120  86  89  88  90  92 101 105 100  97  98  99 101 102 115 202 188 
 83  80  78  71  68  74  70  75  78  81  83  85  91  86  83  88  89 101 177 124  91  91 126 178 169 172 170 140  87  85  84  82  87  83  78  79  82  83  78  80  79  79  82  79  90  86  85  85  81  85  86  84  85  84  89  91 137 152 118 113 147 148 103  93  87  88  89  86  89  84  87  91 101  92  82  88  89 103 156 168 171 168 168 115  81  84  88  92  96 102 104 103  97 104 103  99 105 119 202 186 
 76  77  73  73  70  74  73  74  84  86  87  84  87  86  82  90  95 105 174 122  92  95 129 177 171 171 172 142  85  83  84  86  83  83  80  80  78  79  80  79  79  82  84  84  86  88  85  84  86  84  84  87  88  87  89  88 137 155 115 102 149 146  94  90  84  84  87  84  90  89  86  88  98  93  85  86  89  99 152 170 175 172 172 113  83  86  89  90  99 103 106 109  98 104 101 103 104 122 199 188 
 80  80  72  73  69  73  75  73  83  85  89  88  88  85  81  94  97 106 166 120  94  96 129 182 171 169 170 143  86  88  87  84  85  84  85  83  81  85  81  81  80  77  85  87  90  93  88  87  86  88  86  87  89  89  87  87 143 153 102  93 152 153  98  90  86  86  84  86  89  88  86  88 103 105 101 109 109 123 159 169 177 171 167 116  85  88  91  89  96 102 103 103  94 103 105 104 107 117 201 186 
 77  78  75  74  75  72  78  77  78  88  86  89  90  82  83  91  91 107 179 120  88  96 126 182 172 174 168 145  91  85  88  82  86  86  82  78  80  82  78  82  83  81  81  86  88  90  86  88  88  84  82  85  88  85  83  87 142 148  96  95 154 153  99  91  87  85  87  89  92  87  87  88 116 125 108 111 112 129 157 164 175 170 166 116  83  92  90  93  98  99 103 104 100 100 104  99 103 124 200 181 
 78  71  76  76  75  71  76  77  76  87  84  86  89  85  85  97  94 106 175 121  92  95 130 178 173 172 169 138  90  85  85  83  82  86  86  86  81  81  80  81  84  83  86  83  87  88  82  88  91  88  89  88  91  89  87  93 141 148  90  99 152 141 100  91  87  87  89  94  94  91  87  89 107  99  88  90  89 107 162 165 173 171 165 108  85  91  92  94 101 101 104 103  99 101 103 107 101 116 199 188 
 78  79  77  75  76  70  71  77  79  85  88  90  93  87  84  95  99 105 172 123  88  96 136 180 173 169 172 141  87  86  83  85  87  88  84  86  82  81  81  84  83  81  85  89  87  88  89  85  89  90  91  89  92  94  91  92 147 145  92 100 150 141  93  97  87  85  93 100 113 100  93  93 104  94  85  86  95 113 164 170 180 173 166 103  84  96  94  94 101 105 100 102  97 102 104 102 108 115 160 190 
 78  77  77  73  74  77  72  76  82  85  87  88  91  86  84  96  98 108 167 115  91  95 140 178 171 173 169 144  89  90  87  86  86  92  93  86  82  82  86  89  86  83  81  86  89  90  87  86  93  87  93  92  90  91  91  95 145 147 100 108 165 148  93  95  89  84  92  97 111  98  88  94 107  95  86  90  96 115 165 174 179 174 169 110  87  95  93  97 104 106 106 102 101 107 103 103 110 110 150 194 
 78  77  73  79  77  74  73  78  84  84  87  88  86  85  87  98  95 107 182 115  91  96 142 178 175 172 173 142  90  90  86  93  97 102 100  89  86  84  87  89  88  86  91  88  88  88  89  83  88  89  89  91  91  95  92  91 183 213 103 116 228 185  94  95  89  90  94  99  97  92  89  88 107  98  87  92  88 113 161 172 178 173 165 116  88  93  91  96 109 108 107 107  98 104 106 102 110 113 151 198 
 79  79  77  76  78  74  74  75  87  88  86  88  85  84  87  95  96 105 173 120  93  96 144 180 173 165 173 147  86  93  93 104 104 100 105  91  89  88  91  91  91  85  85  89 101 106  85  84  92  88  85  89  89  91  93  94 199 232 103 121 243 193  93  92  87  90  95  97  99  91  85  90 114 109  92  89  93 114 162 172 177 175 163 110  92  99  95  95 101 107 104 105 100 110 108 107 110 113 159 192 
 78  78  78  74  74  75  72  75  86  88  87  87  88  78  80  91  94 105 169 111  89  93 142 181 171 163 169 142  84  93 101 112 108  99  97  91  85  85  91  93  93  94  90  89 140 122  86  86  88  83  84  89  91  93  96 104 201 227 104 115 240 191  90  91  93  89  94  95  95  88  88  90 118 114  92  90  96 116 166 171 177 172 168 111  89  95  96  97 102 105 106 101 101 109 109 107 110 119 154 195 
 77  76  76  77  70  74  73  76  84  85  87  89  89  81  82  95  91 110 175 110  95  90 138 179 171 167 170 140  88  94 106 115 106 101 100  92  89  96  93  97 101 101  97 109 145 108  85  81  81  78  87  85  85  93  99 106 208 226 100 120 241 185  92  97  92  91  92  94  97  88  89  89 108 108  91  93  88 117 163 171 173 171 168 104  89  94 101 108 115 107 108 105  99 109 107 110 113 115 156 196 
 76  79  80  76  71  73  72  76  82  82  89  89  87  84  87  96  96 111 175 108  94  93 142 179 172 167 175 156 120 122 133 135 131 130 127 129 126 132 132 123 119 123 122 125 117  96  82  78  80  78  86  84  81  93  97  99 205 227  95 124 241 184  90  96  93  91  92  94  92  84  86  88  99  95  87  93  95 114 160 170 168 167 163 106  95  98 135 138 130 104 109 105 105 110 109 107 114 117 156 198 
 76  74  76  80  75  72  74  76  84  83  84  85  88  84  85  95  90 107 173 113  91 101 139 173 172 167 174 154 113 115 116 145 139 113 105  97  91  92  94  89  85  88  82  85  86  83  81  83  79  81  80  88  87  91  89 106 213 217  86 125 246 189  90 100  97  89  92  91  87  88  86  87  94  88  84  93  94 112 166 175 182 169 161 114 100 116 157 144 123 105 110 105 106 108 108 105 112 122 157 201 
 76  73  74  78  76  74  72  70  82  81  85  90  86  81  85  96  89 110 178 106  98  96 137 177 175 168 170 140  87  92  98 135 135 101  95  88  84  83  82  85  84  83  83  80  78  79  81  78  75  80  87  89  90  88  93 107 215 219  88 124 247 186  87  97  90  87  91  87  87  86  87  93  97  87  85  93  96 114 167 174 182 172 162 136 121 125 137 123 108  99 111 111 107 110 109 111 110 118 162 198 
 77  74  76  77  75  70  74  79  80  82  81  86  87  81  85  94  91 105 179 108  89  95 138 176 173 166 179 144  90  95 106 141 147 101  98  89  84  84  87  88  88  84  83  79  81  76  77  74  76  79  81  84  88  89  93 104 207 213  82 123 240 174  89  92  90  85  90  91  88  88  85  90  98  89  84  92  95 117 168 177 181 169 160 109  97  99  96 101 107 105 111 110 107 114 110 108 112 115 163 184 
 72  74  78  79  77  73  74  81  83  83  82  90  90  81  89  96  89 109 179 113  90  97 140 175 174 167 175 135  86  90 106 112 108 102 103  93  87  86  87  90  83  85  84  86  81  77  79  76  76  77  85  82  87  88  89 108 160 148  85 115 169 150  96  92  88  88  92  94  89  88  88  89 101  90  89  90  94 121 165 176 181 171 163 102  94  93  93  97 109 112 114 113 108 110 107 108 114 121 159 181 
 77  78  77  77  77  79  78  79  85  85  82  83  91  82  84  96  93 113 170 109  91  95 154 184 171 163 170 133  83  91 105 112 108 107 102  94  90  88  88  87  88  84  85  83  80  79  79  76  74  78  81  81  88  90  87 104 147 136  84 103 154 139  89  88  88  84  91  90  89  85  87  91  99  89  89  92  90 119 165 173 175 172 170 102  91  94  96  99 104 110 110 111 104 109 109 108 112 118 163 182 
 76  85  82  77  75  75  76  81  83  86  80  81  85  83  87  97  91 106 172 107  95  91 156 179 167 167 172 139  86  89 103 109 108 110 108  94  90  91  88  90  87  85  86  81  81  81  81  78  78  82  84  86  85  88  88  98 153 137  78 107 159 138  92  95  87  84  88  90  90  87  90  93  97  89  91  91  89 123 173 180 184 175 163  99  92  94  93 101 101 104 112 108 103 113 113 104 110 118 167 176 
 78  79  78  77  79  75  78  84  81  84  83  86  86  82  90  95  91 116 172 106  93  99 151 177 170 165 175 128  84  91  98 101 109 110 106 100  88  91  91  94  89  84  87  84  80  84  79  76  77  77  78  82  85  85  88 100 152 133  78 110 157 143  94  93  86  87  90  94  89  88  87  93 102  92  89  90  92 125 170 180 180 174 162  98  90  90  91  95 103 108 112 111 108 111 109 112 114 121 164 178 
 81  80  86  83  79  80  77  78  80  82  83  84  87  81  91  99  93 109 169 110  97  98 154 179 171 166 173 125  85  84  95 100 104 104 101  95  89  89  90  90  87  86  85  88  83  82  83  76  77  80  80  83  90  89  86  99 153 128  79 108 160 133  83  90  82  86  87  91  90  84  90  96 100  86  87  94  87 124 177 174 180 178 166 102  89  91  91  95 100 106 113 113 105 114 110 108 111 121 169 183 
 86  86  83  83  82  79  79  80  86  83  85  83  84  75  85  98  92 117 170 106  96  96 157 177 173 163 175 127  85  85  94  99  93  97  94  91  87  86  81  82  85  85  84  86  84  84  80  76  77  77  80  83  88  89  86 102 156 125  78 108 155 134  81  89  83  89  87  87  92  86  90  91  96  89  87  96  91 123 170 177 174 176 161 103  95  92  90  97  98 111 116 110 104 108 108 107 108 119 168 181 
 76  83  82  82  79  79  81  83  83  81  82  83  84  81  88  98  94 111 177 108  93 100 154 177 171 162 178 127  85  85  91  98  92  92  90  89  85  82  79  82  84  83  83  82  85  81  82  74  77  76  77  80  85  87  89 102 151 125  75 115 152 136  91  91  87  87  92  90  88  85  86  90  98  91  92  97  90 126 170 178 178 173 160  99  93  93  91  93 100 108 116 116 109 112 112 114 113 118 167 179 
 60  82  83  80  80  82  80  81  79  81  78  77  83  80  85  97  91 113 165 103  96 105 155 177 174 162 170 128  86  84  89  93  87  87  88  82  85  81  87  87  81  82  82  83  86  82  80  78  77  80  78  78  88  91  91 102 149 124  72 110 156 135  85  90  86  87  87  91  86  85  90  90 102  86  92  98  94 129 171 173 179 171 167  99  90  92  95  96 101 105 117 118 109 113 112 111 109 125 167 180 
 58  78  81  77  78  77  79  79  76  81  80  84  81  82  88  93  97 121 168 104  97 100 158 175 169 164 170 127  86  83  82  88  85  86  85  81  84  80  86  83  81  87  80  80  85  83  80  79  76  79  76  78  86  90  85 105 151 120  74 110 153 128  90  86  83  89  87  87  93  93  90  93  99  89  90  96  94 129 170 176 178 177 167 101  90  95  94  92 101 107 120 116 107 115 112 107 114 126 168 181 
 70  83  87  88  85  83  87  84  77  78  80  86  80  84  95 100  96 121 169 105  93 104 155 170 167 163 170 120  88  84  84  87  88  88  89  81  80  83  86  83  82  82  87  86  90  91  79  79  78  79  78  81  89  91  91 102 153 121  76 117 153 125  90  84  86  87  91  92  94  86  90  92  98  89  93  93  94 131 169 178 182 176 159 101  92  92  95 100 102 106 116 116 110 117 110 110 114 123 170 181 
 86  83  85  87  89  87  84  83  82  82  82  82  80  85  94  99  92 117 173  98  91 105 161 173 169 163 174 126  85  83  84  86  83  90  85  85  81  80  85  83  86  86  87  88  90  88  84  80  77  76  78  82  88  91  90 113 152 122  68 119 151 128  90  86  88  90  89  90  90  89  90  92 101  89  92  94  92 133 171 180 184 169 164 101  93  97  95 100 102 108 114 113 115 116 116 113 115 125 171 180 
 86  86  85  88  86  84  85  83  82  86  81  81  80  89  91  90  92 122 162 100  94 104 159 173 167 165 168 122  86  87  84  84  86  84  92  85  81  84  88  87  88  89  88  92  92  84  85  81  80  76  74  79  89  89  85 106 153 121  76 115 152 129  88  88  87  92  89  89  89  92  88  94 102  88  91  95  92 128 167 177 182 173 157 102  96  91  95 101 106 110 116 113 115 116 112 110 115 122 169 184 
 80  82  82  83  80  78  84  82  82  80  78  79  85  83  90  90  94 129 169 103  97 103 159 179 170 160 177 118  83  85  81  87  87  89  88  83  82  81  84  85  86  84  85  94  92  87  79  78  81  81  79  81  90  90  88 106 155 119  77 113 157 121  93  95  94  94  95  91  91  94  90  95  99  92  95  95  95 130 171 174 178 170 156 102  97  96  98 103 106 103 113 118 115 115 117 119 114 126 179 180 
 82  81  83  82  81  79  83  83  81  87  89  88  88  86  88  95  96 130 174 100  96 104 160 175 167 162 174 118  85  84  85  90  85  88  86  87  86  80  79  87  85  88  91  92  88  85  82  81  82  79  78  84  89  90  84 104 157 118  74 119 155 127  96 120 128 127 133 128 127 111  96 111 104  88  90  96  93 127 170 171 177 169 160  96  95  98  97 101 104 104 112 117 116 118 115 118 116 127 178 182 
 84  86  94  93  86  89  90  89  86  95  95  89  88  89  91  98  96 132 174  96  92 110 162 173 166 167 170 115  87  86  86  89  83  86  85  87  87  85  82  84  89  86  88  96  89  85  88  81  81  80  80  81  94  96  90 108 151 120  70 121 157 126  98 134 137 133 138 135 124 118 111 112  97  89  90  98  96 134 167 177 178 172 159 102  98  99 100  98 102 107 121 121 114 118 116 117 119 133 178 181 
145 145 146 143 141 121 104  95  94  95  91  91  87  88  88  90  98 132 167 101  92 100 164 174 170 167 173 113  84  87  84  85  85  83  84  83  85  83  84  82  85  84  90  93  90  91  83  81  83  79  80  86  94  97  89 106 149 111  78 122 158 127  94  99  97 101  96 103 101  95  95  95  92  92  96  95 102 133 164 172 180 174 157 103 101  95 102  99 101 107 115 113 113 116 113 118 117 132 179 184 
181 179 186 185 184 177 163 131 100  93  92  93  92  87  91  98  96 133 169 102  97 101 166 175 168 162 171 108  83  87  81  85  88  86  85  87  86  88  84  83  84  88  91  89  88  89  86  84  80  79  82  87  92  92  93 115 155 115  75 129 156 127  87  87  90  94  99 101  92  86  88  96  95  89  91  97  98 139 175 180 181 178 154  99 102 103 100 105 105 109 120 122 113 117 112 114 117 129 177 184 
127 128 120 119 122 139 165 179 144  99  91  90  92  88  94 102  94 133 171  97  96 105 167 173 166 169 174 108  81  85  85  88  86  82  84  89  84  85  87  85  88  91  89  89  95  92  86  84  85  79  85  85  88  88  94 117 164 117  68 140 162 120  90  89  90  90  95  94  92  90  89  89  95  89  89  95  96 141 175 183 185 175 150 102 100 102  97 103 104 107 125 124 116 114 113 110 114 133 176 193 
 93  94  91  92  91  94 105 145 175 145  94  95  95  90  91  93  95 137 169  98  98 105 170 168 172 173 175 110  85  85  84  83  84  83  86  90  90  86  84  88  88  89  89  92  92  93  88  84  83  82  79  82  93  94  97 118 191 154  66 160 199 114  91  90  87  91  91  91  90  88  89  91  93  91  91  94  92 141 172 185 181 176 150 101 100 104 101 103 101 108 126 125 122 117 112 118 113 135 182 193 
