 91  95  93  90  94  91  91  91  92  93  90  87 100 154 111  87  85 123 160 167 166 126  94  86  91  89  87  84  86  84  82  84  82  76  74  78  90  86  82  81  82  83  89  88  87  90  95 102 103  98 119 187 193 196 204 206 226 241 223 188 185 180 182 214 212 125 103 101 104 109 106 100 138 190 188 176 184 163  87  90  84  90  84  88  86  89  93  85  82  89  88  90 110 167 165 164 165 159 157 162 
 93  96  87  88  88  92  93  92  89  91  88  81 105 153 104  84  85 115 160 170 166 124  98  85  85  84  90  89  84  83  81  79  83  81  81  79  84  83  84  81  85  87  87  82  85  93  92 101 104  98 116 185 188 189 201 206 229 234 221 195 185 178 183 212 168 112 100 101 100 103 108 102 131 190 184 178 183 167  86  88  87  88  85  87  85  94  91  83  85  81  85  95 111 167 164 162 157 155 156 160 
100  89  85  89  90  87  89  87  88  89  89  84 100 147 103  88  86 121 161 167 161 123  96  85  82  80  87  85  84  84  81  80  81  76  77  81  82  83  82  79  86  83  84  83  87  86  95  99  95 100 124 182 195 184 194 203 226 220 228 211 179 174 180 197 145 110  99 101  97 100 106 105 137 189 179 178 187 167  85  92  89  89  86  84  85  92  95  86  83  88  88  94 113 167 164 161 157 154 158 166 
 97  91  88  91  94  93  84  90  88  85  86  83  95 160 106  86  84 118 163 167 162 126  96  85  88  87  87  87  85  80  85  84  82  81  77  81  83  80  79  83  87  85  85  82  94  89  96 103 100 102 129 191 191 194 199 204 222 220 216 214 183 173 182 192 136 107 106  98  99 100 103 103 135 186 182 175 184 158  88  91  93  93  86  87  84  92  91  87  87  88  88  96 112 163 166 163 154 151 161 164 
 94  90  92  89  92  91  88  95  91  93  89  85  99 153 101  85  86 121 164 171 165 122  98  90  85  87  88  85  84  85  82  81  83  84  74  77  81  80  82  85  84  85  85  84  90  92  90 100 102  99 124 189 194 192 197 207 223 224 217 215 187 182 185 190 155 115 111 105 101 104 103  98 135 191 182 174 190 139  81  88  91  90  88  88  89  94  87  86  86  87  90  90 113 164 164 159 152 150 161 164 
 93  93  95  90  90  85  85  88  90  88  89  86  97 157  97  84  86 123 164 172 165 123  96  82  88  87  87  83  79  84  83  82  82  80  74  81  80  77  82  86  81  80  85  86  84  89  93  99 100 103 121 183 195 194 200 207 225 228 219 212 190 191 185 188 177 129 119 106 102 104 107 106 136 189 184 180 186 137  86  88  89  90  90  87  87  89  91  81  86  87  91  90 110 164 159 155 155 155 156 165 
 97  89  89  91  91  89  88  86  88  84  91  89 102 148  96  84  82 121 165 172 165 123  95  80  88  82  84  85  82  83  87  84  81  81  78  80  82  83  86  88  84  84  87  79  85  90  98 102 103 106 123 188 198 198 203 205 218 222 218 204 196 197 187 185 187 141 123 110 107 108 110 108 143 182 179 175 186 136  84  87  89  92  92  90  92  96  91  83  84  91  90  95 114 165 160 157 154 153 151 161 
 85  82  83  89  88  94  86  88  87  89  86  85 107 151  99  87  81 124 170 172 163 121  94  88  87  87  90  83  81  84  87  82  81  82  81  77  79  83  82  86  86  90  87  84  87  90  94 103 104  99 115 187 199 196 200 204 219 215 210 202 206 206 190 186 187 160 122 115 110 112 110 105 141 184 181 176 186 141  81  86  90  91  88  92  89  93  88  82  83  88  91  94 122 165 163 156 154 155 157 165 
 74  71  80  89  87  88  89  88  91  86  84  84 107 155  97  85  84 125 166 169 164 121  92  85  85  84  87  84  80  82  83  83  79  77  79  79  80  77  82  86  85  86  86  84  86  88  93 101  99  97 125 189 210 202 205 207 213 210 208 204 220 224 198 186 185 184 133 119 112 113 111 104 150 188 183 174 181 136  85  91  87  88  89  89  90  93  87  88  88  88  92  93 118 165 162 157 156 159 158 166 
 78  75  81  87  89  86  90  86  90  86  82  82 108 155  95  84  77 131 171 168 164 124  95  84  82  85  86  86  82  82  82  82  80  79  83  84  81  81  81  84  85  84  78  86  86  87  92  97  99  96 124 192 222 205 201 208 215 204 200 205 224 214 200 188 185 190 148 118 112 107 107 107 161 195 183 172 187 143  80  90  86  88  88  85  85  92  92  89  88  89  93  95 112 162 160 154 156 157 162 168 
 87  82  85  89  90  87  85  85  87  86  83  83 100 153  91  80  81 139 169 168 162 123  98  86  85  85  88  87  85  80  81  83  84  85  86  89  81  83  79  82  84  85  87  86  89  85  89 100 105  98 125 203 228 201 202 205 213 203 201 211 214 141 167 197 180 187 170 123 116 110 109 109 159 194 185 176 189 154  78  90  87  87  86  87  91  94  89  87  89  88  92  95 117 163 158 156 160 154 161 170 
 89  94  91  89  87  87  86  89  87  84  84  81 106 155  92  82  86 133 167 166 158 122  99  89  91  85  88  85  81  82  85  84  82  80  83  84  82  86  79  83  87  86  89  85  85  88  95 104 104 101 131 205 215 189 196 201 207 206 206 216 184 122 133 181 184 180 195 143 118 112 107 102 164 191 186 173 185 150  86  83  88  92  85  83  92  95  89  87  84  89  90  94 119 166 158 158 159 153 157 162 
 90  97  91  79  88  89  86  87  88  87  85  82 105 157  98  84  86 134 164 165 160 121  90  83  88  84  88  87  84  83  85  80  80  79  82  82  79  82  81  81  82  86  86  83  88  87  91  99  96  91 135 208 217 189 197 202 203 204 205 218 159 113 133 186 189 187 196 181 137 111 104 109 162 193 190 176 188 152  80  84  87  91  87  89  84  91  88  84  91  90  89  93 119 165 158 160 159 154 159 165 
 86  89  87  83  86  90  88  88  91  87  86  82 106 155  95  88  80 138 166 165 164 120  90  85  82  81  87  85  81  81  84  81  83  81  79  84  83  79  77  80  81  80  85  86  86  87  92  96  97  97 134 197 207 184 195 198 202 190 200 212 141 110 143 187 194 188 186 192 148 108 103 106 167 193 186 171 190 150  89  87  82  84  86  85  86  90  87  85  91  92  92  98 124 171 157 161 157 152 153 164 
 88  90  86  87  88  86  86  86  87  85  88  83 103 151  94  86  82 130 166 169 161 118  99  87  85  83  85  87  81  83  86  84  81  84  81  82  82  77  77  83  78  75  85  85  83  88  94  97  97  93 130 187 193 179 194 195 196 189 212 203 122 113 118 171 189 183 192 196 171 117 109 105 167 191 182 173 186 155  92  90  87  84  88  86  88  94  88  89  90  92  93  93 127 170 157 159 152 150 151 161 
 86  86  84  84  85  85  85  85  88  88  87  83 110 160  91  86  85 137 164 169 157 120  91  86  88  81  87  84  79  84  82  80  81  81  84  77  82  83  82  81  82  87  86  86  83  87  95  97 103  90 124 182 194 188 191 193 194 193 222 180 117 108 112 153 188 197 193 193 188 146 108 111 170 199 191 174 188 149  83  92  94  92  90  86  88  95  92  86  92  90  91  90 122 167 159 152 149 154 155 160 
 84  87  84  84  87  86  89  86  91  88  84  82 109 151  95  86  84 134 160 169 160 115  95  80  81  83  86  85  81  83  81  77  83  79  81  81  84  85  82  83  80  84  87  82  79  86  94 101 102  94 129 181 194 191 186 186 189 196 229 158 117 113 112 134 178 191 196 194 193 170 108 107 167 197 192 169 191 144  82  91  87  89  91  87  89  98  91  86  92  89  92  91 121 168 156 154 151 153 158 159 
 86  83  87  86  84  89  85  86  87  89  86  84 107 153  98  86  81 137 165 167 158 119  95  85  85  83  88  85  82  81  81  80  83  84  81  85  84  77  83  84  82  84  88  83  78  88  91  98  95  94 134 187 191 184 187 187 189 203 213 135 114 116 114 120 162 190 193 193 192 188 125 102 168 194 190 174 175 124  88  89  87  89  92  87  90  96  89  89  86  89  90  90 122 165 157 158 154 153 159 164 
 85  86  87  84  84  88  82  83  82  82  81  83 107 150 100  85  84 138 168 174 160 117  94  89  86  85  85  86  83  82  81  81  83  85  82  84  84  81  81  79  83  81  80  82  78  86  88  98  97  92 129 188 200 190 185 187 188 211 193 124 112 112 113 118 145 184 196 195 197 188 152 111 166 195 188 177 173 121  86  92  90  89  89  92  93  91  90  87  87  93  92  95 121 164 156 154 157 159 158 162 
 89  88  86  89  81  86  83  86  90  87  83  82 116 154 100  86  84 138 168 171 156 118  96  87  86  86  88  89  82  84  81  76  80  84  83  81  81  79  78  83  83  82  85  84  80  84  91  93  94  96 130 190 216 199 186 183 188 217 176 112 106 105 111 116 123 171 194 198 193 192 175 118 167 198 190 177 176 126  84  90  89  91  90  89  95  99  93  90  93  91  94  93 120 170 156 155 156 156 155 158 
 87  86  83  83  88  88  81  86  88  83  86  85 114 156  94  81  87 136 165 169 157 118  96  88  89  85  90  85  81  82  80  80  84  83  82  82  84  80  84  85  84  80  81  83  82  86  91  92  94  94 134 187 194 183 181 177 190 218 158 108 100 103 108 114 115 158 193 196 190 191 188 130 163 193 190 183 178 124  89  91  85  92  89  93  98  95  93  89  89  94  91  95 129 172 159 156 157 155 157 158 
 86  85  83  81  90  84  84  88  82  88  85  86 117 159  96  82  84 139 169 170 159 118  94  87  89  82  88  91  85  81  82  80  80  80  85  83  83  82  86  83  85  79  86  82  79  81  92  99  97  92 136 181 185 183 185 175 195 213 142 105 102 103 103 106 110 133 181 194 194 194 192 158 166 197 194 181 188 128  85  90  92  89  91  96  96  99  93  89  89  97  96  93 126 173 158 159 160 158 158 165 
 84  83  87  85  85  81  80  82  82  85  87  79 114 150  96  82  90 139 168 170 156 112  95  85  82  86  91  88  84  83  82  88  85  81  82  84  83  84  84  86  83  81  84  80  82  84  94  93  94  95 133 180 181 186 185 178 204 210 125 104 108 102 100 101 106 116 172 195 194 197 194 182 181 193 191 181 189 130  87  92  91  90  88  90  92  97  90  87  92  93  96  96 123 173 157 161 164 153 158 165 
 83  82  84  85  86  83  78  86  84  81  84  83 116 152  90  83  89 141 172 170 160 116  92  85  83  83  90  89  85  84  87  87  87  85  85  83  86  87  81  84  86  86  85  82  81  81  92  93  97  94 134 179 178 179 182 180 208 187 116 105 105 105  99 101 111 113 153 187 195 195 197 188 193 190 191 181 187 129  85  90  91  93  89  94 100 102  93  90  92  94  90  94 127 169 163 165 166 155 158 167 
 86  84  86  84  86  80  79  90  85  79  85  87 113 150  93  88  91 153 171 167 157 120  90  84  88  83  88  88  89  88  90  86  86  86  89  84  89  91  86  82  86  85  83  85  82  86  91  96  97  91 135 177 183 169 174 180 211 172 114 105 106 105  98  94 109 113 132 177 190 195 198 189 191 187 184 174 186 129  84  89  92  94  90  95 100 100  93  91  91  94  93  94 128 168 163 165 163 160 159 162 
 86  88  86  80  83  78  85  87  83  79  85  87 122 159  94  86  88 149 175 180 154 117 100  88  86  81  89  91  89  89  90  91  89  93  90  88  90  89  87  89  84  84  86  82  77  86  88  97  99  94 138 179 203 184 166 183 219 145 106 105  99 103  99  98 103 112 112 166 192 195 196 197 190 188 185 175 186 130  86  91  91  90  93  94 104 124  94  91  93  95  94  95 129 170 162 165 159 158 158 169 
 82  85  89  84  78  83  87  86  85  82  86  87 114 161  97  84  87 151 172 169 156 117  99  85  84  85  92  92  89  94  94  94  93  91  89  95  90  92  92  91  89  88  87  85  80  83  92 100  95  97 140 184 204 187 171 193 216 130 104 102 103  98 100 108 109 102 106 139 198 195 191 196 195 194 191 173 193 122  83  92  92  89  88  93 100 111  95  93  96  95  93  94 128 170 161 162 151 161 156 163 
 81  82  84  83  82  83  83  84  81  86  86  89 121 164 102  86  91 154 170 173 160 112  91  87  86  81  83  87  93  94  97 102 101  94  90  91  94  88  92  95  95  88  87  86  82  82  91  96  94  97 141 188 201 188 172 195 206 127 110 110 105 104 104 115 113 104 100 112 183 197 197 198 196 198 191 177 192 120  86  91  91  94  91  87  92  97  96  95  93  94  95  98 138 170 161 164 153 159 155 163 
 84  88  85  82  83  80  82  85  81  83  83  86 127 165 116  80  94 155 164 171 165 117  93  91  85  78  79  89  96 118 114 103 101  97  92  89  90  91  92  89  90  88  85  87  83  84  94  95  89  95 140 191 197 176 162 185 201 129 110 112 101 105 110 106 104 100  99 103 162 200 201 196 196 196 191 182 183 119  88  92  92  94  91  84  84  93  93  93  92  95  98  96 129 174 165 164 158 160 160 162 
 87  87  84  83  80  82  80  79  85  84  84  90 125 172 158  93  81 150 170 173 155 114  98  95  93  85  87  99 105 116 109 109 109 102  98  94  93  97  91  87  89  88  87  89  86  83  90  99  99  96 140 186 186 162 158 184 208 138 103 101  97 107 117 108 105 102 102 104 145 194 197 195 197 196 190 180 183 125  93  95  91  90  87  88  89  98  93  91  93  95  99  93 125 176 163 163 165 161 158 164 
 84  80  85  82  80  84  79  82  83  86  88  90 125 167 174 159 124 154 169 173 158 133 102  92  93  90  82  91  97 111 112 106 108 105 100  96  98  99  92  92  91  92  93  93  89  86  91 100  96  97 143 185 184 162 157 184 211 172 107 104  97 104 111 111 110 107 104 103 129 190 199 199 197 198 192 182 188 144  88  92  91  90  89  93  96 102 100  94  95  96 101 103 133 179 165 166 169 159 160 163 
 83  79  82  81  81  84  82  86  88  86  85  92 130 167 167 167 171 167 168 174 172 171 147 131 131 128 112 111 109 121 139 100 102 103  97  96  94  92  91  92  89  94  92  96  97  91  95  97  98  94 141 183 181 157 155 183 192 205 127 108 107 104 105 105 104 104 104 106 143 195 199 200 196 195 194 189 184 180 100  86  93  92  95  97 100 104 104  95  96  94  98 100 136 178 167 167 169 161 158 164 
 86  82  86  80  79  83  81  83  85  84  83  86 123 168 173 163 156 163 167 172 172 177 179 184 183 188 178 176 171 166 166 155 151 143 134 125 121 105  95  92  92  93  89  88  89  93  93  96  97  95 148 181 177 147 158 188 177 192 178 130 121 142 163 150 140 134 130 134 169 196 203 199 198 196 194 198 185 188 165  89  94  99  98 104 108 106 104 101  99 101 103 103 147 183 175 169 169 163 160 166 
 81  84  85  80  83  86  86  85  81  81  81  82 125 172 165 102 101 155 167 173 158 154 118 116 128 133 137 152 156 160 171 179 181 190 177 181 183 177 169 163 164 159 149 142 129 118 107 106 102  87 148 180 174 147 160 190 183 190 199 178 160 175 188 183 184 193 191 178 186 197 192 195 203 197 190 202 194 178 194 162 109 107 101 101  99  96  98 100 103 106 104 108 161 184 176 169 164 160 162 174 
 87  86  82  81  79  84  84  84  82  80  82  82 127 165 122  78 100 152 170 173 150 120  97  82  84  82  85  88  93  97 101 101 104 116 120 127 138 146 155 163 163 170 185 184 173 167 169 165 164 150 172 178 181 145 159 186 185 188 193 191 188 187 178 169 177 174 173 176 184 184 178 182 196 197 190 202 196 189 179 188 187 154 155 167 154 139 129 122 100 105 103 121 174 183 174 165 168 163 159 180 
 81  81  82  80  80  81  85  83  82  84  84  83 126 154  94  81  94 156 171 175 152 117  98  85  84  88  91  90  86  88  93  91  89  92  93  85  88  88  85  94  99  95 108 112 114 118 124 140 142 144 177 178 173 148 162 183 179 183 186 186 184 187 188 177 185 185 181 184 185 179 180 185 188 191 194 191 188 184 177 174 174 173 180 195 194 193 200 180 109 113 129 157 182 184 173 170 166 166 168 178 
 83  82  82  78  82  80  86  81  85  85  82  83 130 148  88  79  95 154 168 171 152 116  95  87  79  85  93  88  82  84  89  88  88  90  92  93  91  94  93  92  93  86  86  90  84  88  88  95 101  91 151 180 173 152 162 179 176 186 184 181 185 182 181 171 180 184 187 185 190 184 189 192 193 190 190 188 184 182 184 183 177 174 171 174 175 169 166 173 156 153 166 175 188 183 174 167 162 167 170 180 
 85  88  83  85  84  82  83  81  80  83  80  84 132 149  80  80  92 153 169 171 147 112  95  85  81  80  87  86  81  85  87  87  87  88  90  87  89  92  89  91  93  92  87  91  88  86  93  98  97  95 149 182 174 152 160 175 174 177 176 180 182 178 175 171 177 180 188 184 186 186 186 193 197 194 187 183 178 179 173 173 170 175 180 176 174 173 167 174 177 174 174 181 185 184 173 169 167 166 178 198 
 92  89  88  81  81  84  80  79  82  78  77  87 129 140  84  85 101 158 171 170 150 111  93  85  82  85  83  85  78  81  80  83  87  82  84  83  87  86  84  82  90  87  84  84  83  84  88  95 100  90 159 179 170 148 162 176 162 172 181 152 167 179 172 167 170 166 169 170 173 177 179 186 194 201 188 180 184 180 178 173 172 177 183 183 179 173 171 172 174 176 179 180 186 186 175 171 165 172 176 197 
 92  88  86  83  82  83  86  80  82  79  79  81 129 137  86  80  91 162 168 167 153 110  88  83  81  84  81  79  79  78  82  82  84  85  85  87  88  81  82  82  85  82  78  78  80  82  85  92  95  90 155 180 170 154 160 169 163 164 134 105 143 172 166 162 167 168 172 171 181 174 175 182 190 194 186 182 179 178 173 174 170 173 176 179 177 178 174 174 172 170 168 178 183 186 176 168 163 168 169 186 
 88  87  83  84  90  80  84  86  83  84  80  82 133 134  85  83  96 152 162 169 145 107  93  83  86  85  81  80  77  72  83  84  81  82  81  81  82  80  75  78  78  83  76  76  79  79  83  91  93  94 157 177 167 147 153 167 159 131 101 101 105 103 106 109 123 134 142 151 178 197 182 180 191 191 187 188 189 186 173 168 165 170 179 175 171 169 171 172 174 174 175 172 188 188 176 174 172 166 166 189 
 96  92  82  82  88  87  84  86  81  86  83  85 129 132  84  81  96 147 163 166 144 111  86  83  78  79  80  78  74  75  76  79  78  84  83  80  85  83  75  75  75  79  73  75  78  79  87  87  97  93 155 174 159 143 161 177 157 112 100 101 102  93  92  99  98  98  96 101 102 140 188 184 185 194 185 188 187 180 165 175 179 153 184 192 190 196 197 176 122 145 171 175 189 192 180 173 174 167 167 188 
 94 101  92  90  91  89  90  87  88  86  88  88 132 129  83  78  92 144 168 167 142 113  90  80  82  83  82  77  71  78  79  74  72  77  83  81  79  76  76  81  82  79  75  73  77  81  89  90  89  92 160 174 156 143 163 172 148 106  99  99 104 103  98  96  96  94  94  93  96  95 144 192 182 200 189 190 181 178 175 123 101  99 105 114 122 135 146 137 102 106 130 174 192 196 182 167 169 168 164 182 
 88  90 100 105 106 103  99  96  95  91  87  90 140 129  85  78  92 152 166 167 143 106  81  82  77  84  84  73  73  79  74  78  78  77  77  80  78  76  77  78  81  76  80  78  69  81  89  90  93 100 163 175 156 140 164 173 148 100  94  96  98  96  97  95  90  92  93  90  97  98 103 170 187 194 192 188 175 185 116  92  98 101  92  91  93  88  93  99 100 103  99 133 187 176 171 171 169 166 166 175 
 84  84  88  96  95  95 104 109 102 101  93  88 133 126  80  80 100 154 165 163 139 112  81  78  78  81  76  73  70  72  73  75  79  81  74  75  82  78  73  77  82  80  83  76  78  79  85  91  91  99 165 175 156 141 164 176 151 105  96  95  97  91  95  94  98  97  95  87  91  94  99 139 194 189 189 181 179 144  90  96  95  99  90  93  97  92  95  89  90  94  97 109 168 166 166 166 169 163 165 179 
 80  79  84  90  89  82  87  90  87  90  96  91 136 128  81  83  96 151 165 169 140 105  88  79  80  84  81  71  74  74  76  74  77  74  73  75  76  77  74  80  82  81  79  81  78  80  86  88  87  91 161 180 162 147 163 178 159 100  97  97  94  92  93  93  96  96  97  91  92  96  99 124 195 187 192 178 185 116  84  90  89  90  88  87  85  89  92  92  88  95 101 100 155 170 165 159 162 161 161 182 
103  87  78  80  80  81  79  80  83  98  96  84 129 126  84  81  98 151 161 164 140 106  86  81  81  81  81  73  75  79  77  76  76  78  75  75  71  75  74  78  77  82  79  76  78  78  86  85  87  94 166 181 161 146 166 179 167 110  96  95  93  93  88  95  97  93  92  96  93  94 102 118 193 187 192 177 179 105  84  88  87  84  80  86  89  87  86  88  89  89  95 102 150 170 165 164 159 164 156 179 
162 144 125 117 115 104 102  90  85 109 116  88 135 129  81  83 101 151 165 164 137 106  86  80  77  78  80  78  76  77  78  78  75  77  75  75  74  79  80  79  78  81  80  74  76  80  86  86  89  81 161 175 161 151 165 178 171 118  94  91  84  89  88  94 101  85  91  92  91  96  98 119 189 183 185 178 176 101  90  87  85  86  81  83  86  88  86  85  90  92  91 104 150 165 161 156 159 165 158 180 
146 166 160 156 172 157 140 146 142 118 103  95 137 125  82  79  95 152 167 168 134 105  82  79  76  76  75  74  79  80  79  73  78  79  80  76  77  85  83  78  83  80  79  77  77  80  87  91  87  90 164 174 163 153 170 175 164 123  91  86  86  86  91  90  90  88  87  92  92  88  94 120 187 183 185 183 175  96  84  86  82  89  88  85  87  88  85  90  89  95  93  96 147 164 159 158 158 161 166 188 
 86  98 109 131 142 146 141 148 166 146 113  96 140 130  81  83  96 154 166 164 135 105  83  78  77  76  74  79  78  79  78  78  79  81  78  76  79  82  81  79  83  84  83  81  74  76  87  87  86  92 156 179 162 150 171 180 172 130  92  88  85  86  84  87  88  92  90  93  93  92  91 122 188 182 186 177 180  89  85  87  85  88  84  87  88  88  89  86  88  88  94  94 143 167 160 160 160 160 164 185 
 89  89  87  92  91  89  93  94 100 145 160 102 141 120  79  81  99 160 168 163 138 101  83  77  76  74  67  72  75  80  79  77  78  81  80  82  81  81  79  81  79  81  79  79  77  81  86  87  89  90 168 174 153 151 171 177 170 141  93  91  88  85  88  87  87  93  91  90  91  87  92 125 184 178 187 178 174  86  88  86  80  84  83  84  86  85  90  87  92  93  95  98 144 166 169 167 159 162 164 182 
 80  82  89  89  85  82  77  88  97 134 126  92 142 120  83  85 102 159 169 162 133 104  84  79  75  75  75  69  75  78  77  76  77  82  83  80  80  83  78  79  79  78  77  78  79  79  82  86  90  91 166 173 150 153 175 179 172 148 100  91  84  82  86  86  85  89  90  91  87  88  94 119 185 179 186 179 169  95  86  79  83  83  80  85  84  86  88  86  87  94  95  99 145 166 169 167 157 168 162 173 
 83  79  76  81  80  77  74  88  96 101  85  91 141 124  83  80  99 155 165 162 138 102  82  79  76  79  76  77  77  83  82  82  80  83  80  79  79  80  81  75  79  74  72  77  77  77  84  81  84  97 166 169 150 154 174 179 172 155 108  91  88  87  85  86  87  92  91  94  89  89  87 127 186 181 182 173 170  87  82  81  82  82  82  84  84  80  84  85  85  90  95 101 151 164 167 164 156 163 159 171 
 75  78  79  81  76  78  81  81  82  86  88  89 149 121  77  79 106 155 163 165 137 106  88  81  82  84  77  76  74  81  81  75  74  76  79  80  80  79  80  76  75  75  74  78  76  78  86  87  92 102 164 176 148 154 171 180 175 160 118  91  87  87  89  89  88  94  93  91  89  92  88 125 189 183 184 178 166  85  78  82  81  83  81  80  83  79  79  83  84  89  91  96 152 166 169 164 151 161 160 172 
 79  80  81  81  79  79  80  83  85  84  88  92 147 119  77  80 103 159 167 161 133 102  82  80  78  82  79  76  76  80  74  72  75  77  79  78  76  79  82  78  76  74  83  75  75  80  93  87  89 103 168 176 149 151 173 178 173 164 127  95  92  89  86  92  92  90  96  92  89  92  89 125 185 180 185 178 157  83  83  85  79  78  81  82  85  83  86  84  85  85  88  96 148 162 165 164 157 163 160 169 
 77  78  81  76  75  76  80  81  79  77  87  90 143 122  77  82 106 160 162 158 130 103  85  79  78  83  75  73  74  76  75  76  80  74  76  81  78  79  80  81  76  76  82  74  73  78  83  87  87  95 171 177 155 154 170 182 168 163 143  98  91  91  89  94  89  90  93  87  92  90  87 127 186 187 186 174 160  83  82  82  78  76  77  78  80  82  84  83  86  84  89  96 158 162 158 162 154 155 161 171 
 78  78  78  79  78  80  83  83  77  78  87  96 140 121  77  81 108 158 164 168 135 101  87  82  81  82  77  73  72  76  74  75  73  75  80  78  77  79  77  79  74  76  79  74  76  81  87  92  86  96 171 180 150 155 171 180 170 169 150 103  95  90  88  88  86  87  87  89  89  87  84 124 187 190 186 173 154  87  80  79  77  78  78  75  76  79  83  83  83  89  92  96 152 161 160 154 148 162 158 174 
 78  77  78  75  78  80  77  81  80  79  83  93 141 115  80  83 114 156 169 168 134 105  84  79  82  80  80  78  75  73  79  78  73  73  75  76  77  76  75  80  77  80  82  80  75  80  88  91  89 104 175 179 159 165 169 176 169 171 165 111  91  90  93  89  84  84  91  92  89  89  88 125 188 185 183 179 153  83  80  75  76  73  75  81  75  79  82  83  84  82  91  95 150 163 160 158 152 159 161 174 
 81  78  68  71  78  83  81  81  82  81  87  97 136 116  76  78 108 159 162 162 133 102  83  78  85  84  78  81  78  71  75  78  81  78  74  79  75  69  76  75  77  84  82  73  77  84  87  92  88  96 171 187 162 162 170 180 169 168 171 125  90  90  88  86  94  93  93  89  89  90  85 122 190 186 184 177 155  86  83  83  77  76  75  81  76  83  84  81  84  86  89 101 157 159 161 158 152 158 163 177 
 81  80  76  78  80  81  83  82  81  83  88  91 139 118  80  82 105 162 169 166 138 105  82  80  80  84  77  80  77  80  76  78  82  84  83  76  73  72  78  80  79  79  77  77  75  76  91  93  88 104 163 177 158 159 170 181 177 172 172 142 102  93  86  88  95  95  93  89  92  93  89 133 187 185 186 175 154  84  78  80  75  73  73  78  82  79  74  84  81  85  92 101 156 163 161 157 154 163 165 183 
 76  78  79  74  79  82  79  82  80  83  90  91 145 115  82  84 113 162 166 168 137 105  86  80  84  86  78  74  75  73  75  83  80  79  76  76  79  81  82  79  81  82  76  76  77  80  87  84  89 107 170 177 152 161 171 185 174 174 171 157 109  93  89  93  87  92  92  90  89  93  90 136 187 181 184 174 153  86  84  82  77  72  70  77  81  82  79  82  82  80  86  98 155 162 157 159 156 164 161 185 
 76  80  83  75  77  84  82  82  89  87  84  92 150 113  77  78 111 161 163 164 132 101  84  81  82  83  81  81  81  75  71  74  79  75  76  78  81  83  81  77  78  81  77  75  75  79  85  87  88 107 169 178 159 158 172 184 176 174 173 165 119  99  88  90  87  88  90  92  91  94  90 138 185 178 180 173 150  82  81  78  75  74  73  77  81  85  87  81  89  85  87 100 155 164 158 159 157 161 165 193 
 77  82  79  77  80  77  83  82  85  84  83  91 147 119  79  81 110 159 166 163 134 103  84  80  79  85  82  79  75  73  71  76  77  79  79  77  79  82  81  77  79  76  77  74  78  79  84  89  89 106 164 172 156 162 170 176 170 173 171 170 134 101  96  90  91  94  96  93  90  92  85 137 191 185 185 181 154  83  77  76  73  78  78  78  80  83  89  87  86  86  85 102 153 162 160 157 154 157 159 184 
 79  80  79  77  75  75  77  78  81  82  88  95 149 121  80  84 112 159 162 164 135 102  83  82  79  86  76  77  77  72  69  75  74  76  76  77  75  77  78  77  80  81  79  78  77  79  85  88  89 110 166 177 156 167 171 176 172 171 170 167 161 145  98  91  92  93  96  91  90  91  90 147 192 184 186 175 153  82  80  79  74  79  77  71  79  85  88  84  91  89  88  99 156 160 161 156 157 159 158 182 
 76  77  79  80  79  80  80  84  84  81  84  97 143 111  81  82 114 163 163 164 135 103  80  80  82  79  76  75  75  75  71  78  75  76  73  74  75  79  80  77  79  78  80  77  70  75  82  85  92 112 167 177 144 164 174 161 135 171 169 169 168 184 113  92  95  94  93  95  92  88  82 146 192 184 184 178 150  84  83  82  77  78  80  80  79  83  86  85  87  84  84  99 162 160 159 157 158 159 157 179 
 76  80  77  78  78  78  82  82  79  86  85  89 150 115  79  81 113 159 165 161 129 104  85  82  81  79  78  75  71  75  73  74  74  80  79  74  73  71  78  78  76  77  77  73  71  76  85  79  85 111 167 173 151 168 174 134  95 149 172 169 167 179 144  90  93  89  94  96  95  91  87 142 192 186 185 176 155  83  80  74  75  79  79  86  81  84  85  86  85  88  92 101 160 161 160 157 154 156 159 183 
 80  79  85  80  80  81  81  87  87  86  86  92 146 109  76  80 113 158 167 165 128 106  81  81  76  83  76  71  73  81  77  74  75  77  79  73  71  77  80  74  80  79  75  74  75  75  85  86  89 108 167 173 157 165 167 132 110 169 174 170 167 171 157  88  99  91  92  97  98  94  92 140 197 187 185 179 150  81  79  74  79  80  77  83  83  86  84  87  87  85  89 102 158 163 158 160 157 157 163 184 
 76  83  85  82  83  81  78  86  85  81  80  92 151 116  80  81 118 160 165 163 130 103  81  75  82  80  76  74  74  77  75  70  73  75  74  76  72  75  74  76  76  77  69  72  72  76  84  87  92 115 166 172 150 166 169 144 106 174 172 166 167 168 176 105  94  94  94  93  92  93  92 141 194 184 185 179 148  83  80  80  78  79  76  78  83  92  89  90  85  88  92  99 159 159 156 157 156 160 160 189 
 81  85  85  85  87  82  76  76  84  82  77  94 149 111  77  83 117 160 167 160 129 101  82  76  80  83  75  73  75  76  77  71  73  76  72  70  77  73  73  80  80  78  74  73  73  75  86  86  90 110 171 173 155 166 169 144  95 148 181 165 172 167 178 134  94  95  90  94  95  93  94 146 188 184 183 176 149  81  80  80  77  75  77  75  79  89  92  89  86  90  91  96 161 161 160 153 152 159 159 191 
 79  84  81  82  81  80  79  80  84  82  79  92 153 110  79  81 117 158 164 160 126 101  81  78  77  86  79  77  73  77  76  74  74  75  73  69  74  72  74  79  82  82  82  77  74  75  86  88  89 117 169 175 156 163 168 136  96 111 187 175 168 166 170 169  98  94  88  92  91  92  96 150 189 182 183 174 146  77  80  80  82  78  76  79  81  85  86  82  85  89  88  99 161 160 160 151 156 161 164 195 
 79  79  74  76  79  76  76  78  81  78  79  86 152 111  77  76 124 170 161 165 132 103  82  79  79  86  80  78  76  76  78  76  75  77  71  71  74  69  74  78  82  83  84  76  77  81  86  87  87 116 173 170 155 168 167 133  97 102 163 179 165 169 168 185 117  94  93  93  95  89  95 158 190 178 183 178 140  78  78  78  82  77  77  80  79  84  83  85  84  85  89 102 162 163 160 156 153 156 164 185 
 83  79  82  80  76  75  76  78  82  84  84  93 147 107  76  80 123 167 166 162 128  96  80  81  79  79  81  83  73  78  78  73  77  80  78  73  73  72  71  81  82  83  81  77  77  79  87  87  89 119 172 170 153 165 168 137  99  98 135 187 165 166 165 184 145  89  96  95  99  94  97 148 192 181 184 179 140  80  79  75  79  79  80  83  84  86  85  82  85  88  91 102 155 163 160 158 159 159 166 170 
 77  79  77  77  84  83  79  82  87  89  84  90 149 106  73  87 123 163 166 162 125 104  88  79  76  80  78  81  79  77  74  74  75  77  77  77  68  70  77  78  80  79  80  77  80  84  86  87  93 120 170 167 142 165 170 134  96  97 115 175 166 163 167 174 173  94  96 100 100 102  98 150 191 183 189 175 145  79  79  78  75  77  78  84  85  83  84  83  85  87  88  97 160 164 159 158 158 160 165 163 
 79  80  80  81  85  83  80  83  81  79  81  95 154 105  79  82 124 162 166 163 126 111  83  78  77  81  82  79  79  77  71  75  77  76  77  75  71  69  71  78  79  82  82  82  78  87  91  93  91 123 172 165 145 169 169 133  97 102 104 153 178 163 164 166 181 128  96  98  98 100 102 153 191 186 187 181 140  77  82  77  77  74  82  80  81  82  86  83  88  90  84  95 164 161 160 158 154 155 160 165 
 81  77  84  84  87  83  82  82  84  80  83  91 148 107  74  79 123 169 164 165 128 100  81  87  87  78  78  80  77  75  69  73  73  73  74  67  65  70  69  81  83  83  81  82  78  81  85  91  91 118 174 166 150 165 172 140  97 101  98 124 186 168 165 169 180 157  93  96 103  98 100 153 193 187 184 177 135  79  83  81  76  76  77  83  81  84  87  88  89  90  89 102 161 162 158 154 158 160 168 161 
 84  81  81  84  83  83  81  82  85  82  84  98 154 104  74  80 128 167 166 164 124 100  77  83  86  84  82  75  73  73  70  71  72  71  73  68  66  64  71  77  82  89  93  87  84  87  89  84  87 122 172 173 148 166 168 132  94  97 103 109 173 175 167 166 169 170 111  95 101 100 102 154 191 192 190 179 132  78  84  82  81  81  83  83  83  87  92  93  84  87  91 105 163 164 158 157 154 163 168 151 
 86  86  81  80  88  84  88  83  88  79  82  93 153 100  77  81 133 168 167 161 129 103  76  78  82  84  82  77  73  72  75  78  79  73  72  70  64  69  80  83  86  95  99  90  80  80  89  87  86 114 169 172 155 165 169 129  94  98 101  98 144 188 166 169 168 174 132  96  99 101 101 157 192 195 188 179 134  82  84  79  79  79  80  81  84  86  91  89  89  90  90 100 166 161 160 156 156 158 164 146 
 82  86  86  82  88  90  85  79  80  80  86  98 149 100  82  89 133 171 166 159 125  94  80  79  81  78  78  76  74  70  78  77  78  77  74  68  66  68  72  84  92  92  92  94  78  81  89  90  85 113 174 176 153 169 170 119  89 100  98  95 109 185 171 167 175 177 153 100  98 101 102 158 194 193 192 178 137  81  79  82  78  76  83  87  84  89  85  87  88  93  87 106 166 161 161 151 154 158 166 146 
 84  86  84  85  84  85  86  84  83  85  87 103 147 108  87  89 133 171 168 159 125  97  81  84  80  79  76  69  68  70  76  76  74  73  67  70  66  63  68  80  87  87  86  83  77  84  87  89  88 121 174 179 168 165 166 134  94  98  98  97  97 168 181 178 182 175 170 118  97 102  97 156 194 186 191 179 133  84  81  80  80  80  85  89  87  84  83  84  89  88  89 108 166 161 160 151 157 158 160 148 
 81  84  85  86  86  90  85  88  86  84  89 100 152 104  86  85 135 177 168 167 123  98  81  82  76  81  77  72  65  64  73  74  73  73  70  70  70  68  68  76  83  81  80  79  79  83  86  85  88 129 171 194 211 174 163 130  98  93  95  97  89 132 190 175 169 165 175 145  96 102  92 159 192 186 193 177 131  80  80  80  77  77  84  84  84  83  88  86  88  90  88 110 161 165 163 152 160 161 164 149 
 86  84  83  88  86  90  90  88  87  90  86  95 141 105  85  90 134 172 167 163 125  98  81  84  80  84  80  75  69  66  71  72  71  76  74  69  63  67  71  76  84  81  82  81  81  82  91  87  88 129 169 180 190 158 162 123  96  92  93  94  93 110 183 168 173 181 176 160 106  99 110 166 188 186 187 177 133  93  90  80  78  78  80  87  86  89  87  88  89  88  88 112 168 162 159 153 156 157 164 143 
 87  83  84  86  87  85  87  87  86  89  91 107 154 102  85  88 134 171 172 165 121 102  84  84  80  83  85  77  74  73  76  77  72  73  70  71  70  67  72  74  79  83  88  89  84  79  83  89  88 131 172 178 159 166 166 127  95  91  92  95  93  98 154 185 178 183 181 176 123 101 106 162 190 185 178 178 135  90  89  88  85  89  87  87  86  85  91  87  92  89  84 110 167 159 157 157 156 151 165 141 
 91  89  86  87  94  87  87  89  88  88  95 113 152 102  88  86 135 172 168 166 120 100  84  82  81  83  81  76  78  79  74  77  76  77  73  71  70  66  68  78  79  86  87  93  85  85  83  87  94 129 175 170 143 163 166 127  97  93  93  95  92  95 125 186 178 182 177 178 151 104 106 158 195 199 185 177 133  84  89  87  84  82  86  86  87  80  90  92  90  92  85 114 164 156 157 157 158 155 164 140 
 93  92  87  92  94  91  94  93  89  86  90 115 153  98  84  90 141 172 169 164 123  98  84  80  83  85  81  75  74  75  75  79  73  69  70  70  69  69  73  79  82  85  85  89  89  90  90  91  95 133 175 170 149 170 169 135  98  90  98  94  94  97 104 176 182 178 180 174 156 110 106 154 190 189 185 177 132  89  93  87  80  81  80  84  81  84  86  90  82  85  87 112 166 161 158 160 157 153 163 134 
 89  91  90  92  99  95  99  96  93  93  96 135 153 105  91  88 137 173 170 164 126  98  84  82  85  84  79  76  76  77  82  78  74  73  78  70  72  75  83  81  81  81  78  85  84  89  92  92  93 136 176 172 143 173 163 150 111  92  88  93  99 102  95 148 184 179 180 170 173 127 100 164 191 187 181 176 132  88  93  87  82  80  81  86  85  88  88  88  86  88  86 110 170 157 158 154 157 154 166 138 
127 117 116 105 100  94  94  96  91  95 113 160 166 106  91  88 143 173 173 164 125  99  83  84  84  86  80  82  81  81  81  80  78  80  82  82  68  75  82  78  81  84  83  80  81  86  94  92  85 128 171 161 139 171 170 138 108  96  95  95  97 107  97 124 184 178 179 177 174 148 100 163 196 188 179 178 130  88  89  87  82  82  82  85  84  85  84  88  90  88  84 114 164 150 152 154 153 153 162 140 
160 163 162 154 156 149 141 137 130 141 159 166 164 107  89  94 150 174 175 167 158 113  86  85  89  88  88  84  81  85  80  76  78  83  81  84  78  76  83  87  81  77  87  82  78  85  93  91  94 132 160 146 131 156 159 130 103  98  97  99  95  99  96 104 174 182 179 182 173 174 115 162 196 184 177 175 128  83  91  85  83  81  80  87  89  84  88  88  89  89  86 113 168 159 155 152 147 151 163 134 
123 134 137 152 152 154 161 164 170 173 167 165 163 102  94  94 142 172 174 173 175 129  94  91  87  89  93  87  85  85  80  80  81  83  87  89  85  82  85  87  82  82  83  78  79  89  92  88  92 135 177 165 152 173 164 125  95  94  97  93  92  93  92  93 144 183 179 183 175 189 145 163 194 187 181 170 130  82  90  86  87  83  78  83  85  85  89  88  94  89  89 113 170 158 156 152 156 156 167 141 
 95  98  93 102 104 115 117 120 134 154 171 175 166 111  96  96 150 174 176 173 174 129  94  95  94  94  93  90  90  87  82  80  81  79  85  86  85  87  83  87  87  95  89  82  83  86  87  93  90 135 177 165 154 173 166 123  95  91  95  91  93  92  94  94 118 183 177 183 180 185 175 164 193 186 187 166 124  87  87  85  86  78  88  84  82  88  89  93  96  89  87 120 164 160 155 150 156 159 163 135 
103 103 102 103 103 101  94  97  98 106 148 180 168 115  97 109 166 174 179 173 178 137  90  90  92  89  90  91  88  81  79  80  77  80  82  84  84  86  81  88  90 112  93  84  82  88  89  95  88 133 181 167 150 170 169 123  99 100  97  87  91  95  93  96 102 163 183 178 185 180 182 187 183 185 183 166 125  93  90  86  86  83  91  89  86  85  88  90  88  89  89 122 167 161 156 151 158 162 168 134 
111 102 102 108 105 106 103 104 106 105 113 169 165 110  98 120 177 175 184 180 178 153  90  96  92  90  87  82  88  87  79  79  75  79  80  84  81  78  78  77  85  90  89  79  85  87  89  93  89 130 181 164 149 166 168 113  89 100  93  87  90  90  97  99  98 136 190 180 184 185 183 194 179 192 185 174 133  90  95  91  88  87  89  94  91  84  91  89  94  90  92 122 167 161 161 151 157 161 170 131 
154 141 129 129 120 110 107 103 109 112 107 151 177 101 108 159 172 180 183 183 176 169 106  93  92  88  86  84  88  83  81  87  83  78  81  84  79  76  82  83  80  88  88  82  86  88  96  93  84 133 178 160 152 172 171 104  84 104  98  88  88  89  90  96  98 105 174 177 188 187 183 189 186 194 190 183 136  89  92  90  86  86  86 106 128  89  91  92  91  88  92 129 167 156 156 154 159 156 165 126 
181 185 184 180 179 174 164 155 148 136 134 155 182 129 163 178 171 182 184 188 175 177 145  90  96  91  88  90  86  89  86  85  84  83  85  83  80  82  84  86  86  90  91  90  90  92  95  94  82 135 177 163 146 178 173 117  86  97 100  92  91  94  90  97  95 102 153 184 184 186 186 193 190 192 190 184 126  91  92  89  91  87  86  97 103  93  93  91  95  92  91 129 164 158 158 157 157 158 164 130 
172 175 179 179 182 182 184 190 186 187 184 187 186 180 177 174 181 186 185 188 180 177 184 141  90  95  91  92  90  89  84  91  88  86  89  81  79  80  83  87  91 100  96  94  99  94  95  98  85 149 182 169 142 173 183 119  86  95  98  98  96  93 108 107  94  95 127 186 178 189 186 187 190 186 185 188 129  93  92  87  90  90  86  88  92  93  94  91  97  92  91 130 166 160 157 155 155 159 168 132 
181 179 178 178 181 180 177 178 178 177 177 180 184 179 176 184 187 183 187 191 188 180 179 184 174 145 132 119 112 102  98  97  86  81  82  84  86  85  88  88  99 104 105 100  93  94  95  97  93 165 184 165 141 178 184 132  90  96  95  96  95  98 105 101  95  94 106 175 180 189 190 201 191 187 185 185 135  95  95  92  88  87  87  92  95  95  91  91  93  96  96 135 168 162 157 159 161 161 167 134 
179 178 177 182 183 177 185 180 182 180 178 181 184 183 189 189 189 188 187 188 186 188 182 176 177 179 187 191 185 181 172 164 154 143 133 118 111 101  95  97 107 104 102 101  95  96 100  96 112 183 176 169 143 180 189 157  91 101  95  95  91  98  97  96  97 100 100 136 169 182 186 200 201 188 190 191 132  96  92  93  93  88  86  95  94  90  90  93 100  98  95 134 168 161 160 160 163 162 170 136 
172 177 175 174 178 175 175 176 180 181 182 182 179 181 185 191 189 185 187 191 192 200 201 190 182 180 182 183 181 178 171 178 182 190 189 186 185 183 175 162 159 150 126 130 110 100  97 104 157 193 177 168 150 180 189 183 114  96 101  96  94  96 100 101 101  98 104 114 145 181 187 192 201 187 195 190 142  94  96  98  91  94  90  96  97  93  99  93  99  98  96 130 170 165 170 165 164 158 169 132 
177 178 177 174 168 166 168 170 170 177 177 183 186 185 187 190 189 186 186 187 191 195 192 192 191 191 198 198 192 190 184 185 180 182 179 182 183 179 185 185 169 177 181 183 132  85 108 148 183 195 174 167 155 183 191 194 162 107 104  98  98 104 102 101 104 100 103 111 137 181 188 187 197 195 198 188 167  95 101 100  96  99  93  99  98  95  94  98  96 100 101 136 170 173 171 166 170 167 164 120 
158 163 171 174 172 172 176 172 171 170 171 182 189 179 183 192 183 185 191 189 193 190 191 193 189 189 188 190 187 186 192 188 188 193 189 188 185 179 180 178 174 169 176 181 156 138 165 182 190 198 182 171 162 184 189 188 178 159 108  98 110 114 107 109 109 108 109 117 141 173 187 192 193 195 198 185 171 116  96 102  97  94  91  97 101  98  99 100  99 103 103 144 174 177 168 164 174 173 170 118 
107 112 115 118 121 132 145 146 153 159 168 183 188 184 174 183 186 190 190 187 193 191 189 187 185 181 178 180 182 178 180 176 178 178 185 181 184 187 185 185 190 179 189 190 192 196 193 192 191 198 186 173 158 186 189 194 182 180 164 135 135 128 127 126 121 124 124 132 153 177 186 188 191 195 198 190 175 156 110 100 102  96 100 108 108 103 101 100  98 104 100 147 178 178 172 166 171 169 177 132 
