201 218 210 194 192 216 209 205 205 201 201 184 169 188 190 173 162 152 130  92  61  92 110 123 141 138 126 123 107 123 131 139 128 125  93 141 171 138 179 190 200 137  86  87 139 223 215 222 220 225 237 249 246 225 223 228 232 235 223 229 232 229 225 219 192  93  89 195 173 175 167 171 108 140 184 151 123  99 107  99 206 212 173 180 219 196 180 195 173 174 142 122 121 171 169 117  91  73  93  68 
201 214 213 192 192 214 211 204 201 201 208 191 190 199 183 176 144 123  88 151 126  82 102 134 169 169 137 124  79 112 134 122 119 116  95 111 154 169 147 209 195 132  89  82 135 217 218 230 228 232 227 247 253 251 232 226 229 231 227 233 233 231 229 227 197 100  83 194 159 173 169 167 119 139 184 152 125 101 115  90 204 254 246 242 218 118 128 182 179 173 140 114 128 172 170 100  79  80  64  92 
211 220 209 193 196 214 218 207 197 200 204 193 199 198 191 174 151 118 166 158  62  84 103 138 149 140 138 122  72 109 129 145 119 112  92 100 140 176 179 218 193 130  84  82 133 217 213 222 226 231 234 234 188 156 208 228 227 236 236 234 233 238 231 227 209 105  88 198 147 180 158 164 123 140 183 150 127 115 103 108 205 254 251 254 233 153 139 186 169 172 142 109 124 177 172  95  80  87  84 153 
211 221 210 195 202 217 212 203 199 198 203 197 198 200 185 178 137 109 164 123  58  85 102 135 130 117 119 112  79 108 121 132 129 112  87  99 156 176 189 202 199 129  86  86 146 220 214 227 232 233 235 210 123 111 177 232 227 230 227 228 223 192 218 224 198  97  90 197 137 175 148 162 120 148 182 146 120  94 115 104 211 224 220 231 249 171 133 185 169 177 144 110 123 174 172 114  90  95 128 127 
213 216 208 194 195 217 209 200 191 198 199 191 176 148 144 145 106 148 148  94  68  90 101 132 134 124 117 107  83 106 118 118 117 102  98 113 162 170 199 213 188 122  84  85 146 228 223 232 232 240 239 213 194 246 246 241 232 233 228 232 216 166 232 222 196 107  97 160 139 179 133 160 128 151 183 147 125 110 111  93 215 202 193 187 223 139 132 181 187 183 139 109 119 175 173 115 109 116 136  98 
207 217 210 192 197 217 212 190 183 190 200 161 155 136 144 139 103 192 132  80  57  82  96 128 131 127 120 113  87 107 119 115 111  89 106 118 103 115 182 163 171 118  88  82 150 234 226 235 229 232 238 231 224 243 241 239 235 237 239 240 236 239 242 221 200 107  89 190 141 172 124 166 129 152 174 149 119  98 106 104 208 253 250 246 243 180 133 177 187 167 142 104 114 170 158 106 107 128 112  85 
216 218 214 191 198 212 211 195 183 199 202 164 154 146 157 154 157 170  87  99  81  86  98 127 126 121 118 128  94 110 120 114 108  88  97 104  96 106 181 159 152 116  87  80 142 226 217 232 231 234 229 233 242 238 244 240 239 236 236 236 239 234 226 216 193 117 101 189 131 176 131 159 129 148 176 141 116 102 115  96 207 253 252 253 243 144 136 179 187 168 148 105 111 174 175 124 117 138 100  84 
219 215 214 192 203 213 215 196 182 194 201 176 165 179 180 180 162 126 163 190 120  82 110 128 125 122 122 136  90 115 121 124 117  90  91  95  91 115 146 133 195 194 143 133 162 191 182 226 233 235 228 231 235 233 239 236 237 238 238 239 238 230 228 221 196 119  99 188 151 174 133 163 145 148 180 147 120 108 113 123 222 211 220 226 246 168 137 182 195 186 149 106 112 165 189 176 173 150  93  76 
218 216 217 192 196 212 212 198 192 193 197 198 197 196 196 196 143 144 228 143  67  73 103 130 126 123 122 139 100 113 127 130 130  97  90  89  96 109 166 206 251 254 196 116 142 154 162 226 231 228 236 240 241 239 235 234 237 239 238 234 242 226 180 183 193 119 100 175 175 167 131 154 156 149 185 154 121  98 108  89 222 212 211 189 233 166 139 179 177 172 155 107 100 163 188 182 183 140  81  70 
214 220 212 193 193 204 207 206 191 193 201 201 199 193 197 185 119 187 211 146  68  73 104 135 147 120 118 135 102 118 129 135 133 103  92  91 103 130 184 242 250 244 190 110 117 143 157 226 230 226 233 237 241 245 244 236 236 244 239 235 234 228 204 165 177 111  84 169 175 172 141 154 142 150 190 151 127 107 176 203 239 253 252 247 223 158 137 175 173 171 155 109 101 169 160 139 163 132  75  77 
212 215 208 191 193 201 207 203 192 187 201 194 196 195 199 128 157 206 193 144  64  75 108 127 114 115 117 126 108 119 124 136 136  99  89  89 114 237 229 221 247 249 190 105  95 127 156 228 234 232 232 234 239 242 245 234 234 237 233 235 237 227 211 153 161 135  72 172 191 180 155 149 141 157 200 145 118  93 219 255 250 249 251 250 250 254 174 173 185 177 155 107 102 175 130 109 138 120  73  80 
214 216 206 194 192 203 206 200 192 173 176 178 186 188 161 111 216 188 186 145  67  71 109 128 114 114 115 137 112 122 123 139 138 100  89  86 117 234 215 211 250 250 176  97  91  96 131 228 233 232 234 238 239 240 234 235 234 237 233 237 242 224 207 137 125 183  73 159 200 184 157 140 152 160 184 161 178 174 188 217 251 249 251 251 249 254 170 170 188 172 151 106 101 162 134 116 132 130  75  96 
217 213 203 191 196 206 202 197 192 186 125 122 146 127  90 130 166 157 186 141  61  78 106 122 113 111 115 134 108 122 123 130 130 100  90  89 117 224 206 228 252 247 191  93  88  97 107 221 230 227 231 236 234 240 239 240 237 233 236 238 240 228 204 186 116 180  98 108 199 176 150 130 157 175 167 182 228 217 120 140 253 250 250 252 236 161 163 182 183 160 144 108  95 155 136 113 137 129  76 127 
212 213 206 194 198 210 205 197 192 191 177 178 163 154 146 156 149 164 184 139  84  93 107 119 119 115 115 128 104 120 149 171 159 101  94  95 119 210 212 228 254 254 175  90  93  99 136 240 230 218 227 235 235 236 243 231 229 225 230 240 241 236 191 187 148 170 154  97 181 174 142 116 172 186 172 185 211 216 121 142 253 248 249 254 234 140 150 175 191 174 144 106  97 163 165 116 139 123  73 161 
212 218 207 197 206 213 205 197 190 198 213 192 174 186 126 156 173 143 156 133  81  90 107 129 125 124 124 126 105 113 160 199 183 106  94  91 125 194 201 214 211 205 106  71  89 110 124 241 223 158 216 240 234 237 235 227 225 230 232 244 246 238 201 174 163 149 213 129 149 177 121  84 186 188 181 158 101 115 106 142 246 254 253 230 219 178 141 166 188 183 144 103 105 157 182 118 138 118  80 184 
212 211 199 195 203 214 212 202 190 197 209 186 166 185 170 176 174 147 151 120  66  87 101 122 128 123 126 126 108 104 156 205 185 105  96  95 132 227 229 231 228 228 225 225 190 103 112 236 237 201 214 238 235 237 235 230 227 237 233 231 224 237 221 134  77  73 152 201 137 150 164  97  82  91 100  90  69  69  90  85 115 137 149 206 214 185 122 159 185 175 144 100  98 161 181 122 137 103  85 211 
213 214 192 195 203 217 219 204 190 196 205 211 200 181 152 155 170 166 180 116  54  67  98 120 121 123 125 135 110 113 121 141 137  98  97  97 128 239 225 223 254 247 199 193 168 109 126 233 235 224 229 232 233 236 241 233 236 240 244 230 179 240 203 171 144 104  77 169 169 108 158 172 135 109 105  96  92  90  91  82  83  86  71 104 194 186 101 149 180 178 141  85  96 165 183 155 149  79 106 232 
212 215 196 199 204 213 208 200 193 202 207 197 174 165 144 142 157 115 161 112  58  70  96 123 125 121 123 134 110 109 119 133 133  99  94  99 136 233 222 224 252 242 162  92  99 109 132 247 230 208 233 238 238 235 234 225 224 220 197 171 155 242 167 195 197 170 154 148 169 177 155 165 185 178 183 186 179 167 133 154 161 165 152 116 134 195 103 154 187 185 152 120  91 164 186 135 168  85 129 253 
217 211 201 204 204 218 212 196 193 202 207 192 154 178 159 158 155 135 162 111  64  70  95 125 146 121 122 128 103 114 120 125 123  99  95  95 137 228 239 240 250 237 156 117 135 140 174 240 232 231 236 239 239 239 239 236 237 229 218 204 209 232 207 176 167 157 167 172 165 175 166 166 183 175 175 173 163 164 130 166 167 175 171 181 174 204 107 139 190 182 161 154  90 164 183  84 114  97 130 253 
215 212 205 201 205 216 209 194 189 201 206 197 158 208 161 141 158 129 108  79  66  72  94 119 119 119 123 130 100 110 118 128 121  97  91  92 138 236 234 236 249 246 181 127 135 146 175 230 225 222 231 233 235 238 243 240 241 247 244 240 240 235 197 157 192 127 144  86 183 156 131 142 169 187 184 176 173 169 162 174 174 173 161 162 161 186 141 137 190 188 166 138  91 162 183 111 109 107 124 254 
212 212 209 201 203 213 208 196 190 154 190 211 173 208 183 172 125  89 121 149  93  73  94 113 117 115 119 145  99 106 114 124 124  95  90  94 133 230 119 176 255 237 160 109 125 136 165 237 231 234 236 241 238 237 244 241 240 240 234 235 237 225 161 175 204 163 163  95 190 159 126 169 178 195 201 183 182 188 188 184 156 152 158 171 167 161 177 159 138 149 148 133  90 165 167 118 138  94 129 254 
216 215 203 190 194 217 206 194 188 141 103 134 126 210 196 144  95 185 225 144  88  97 110 111 114 106 117 135  95 108 117 126 126  95  88  91 135 231 130 175 247 235 129  85 118 131 165 230 229 240 244 244 244 243 244 246 245 243 237 237 237 221 157 181 199 173 146 106 201 164 133 168 175 197 196 194 167 100 107 105  73  83 137 154 148 160 165 170 143 135 137 127  85 165 176 130 134  80 135 253 
218 212 202 188 199 214 205 195 179 148 135 124  95 134 125  74 105 199 198  93  65 105 106 109 114 110 116 127  91 104 112 126 127 103  99  98 145 234 155 156 216 248 108  76  96 113 161 229 230 238 244 240 239 244 247 247 247 246 243 244 243 216 160 182 201 185 135 134 197 171 136 116 173 196 192 197 166 121 191 178  86  93 162 156 145 105 152 163 186 178 155 107  93 157 172 131 142  79 141 252 
218 215 201 187 191 215 201 195 185 182 228 184 151 194 191 158 162 143 163 107  70 110 102 108 113 110 112 118  85 103 111 118 129 137 126 119 145 233 151 173 195 202  97  73  99 104 154 227 233 234 240 241 238 241 247 245 247 246 245 246 243 227 160 188 204 186 142 173 188 166 153  81 159 189 192 189 188 181 199 179  75  77 170 197 203  95 125 165 184 177 152  93  86 161 167 109 126  79 140 254 
217 214 200 189 201 218 204 196 189 204 205 166 133 190 212 164 168 118 139 135  65 102 107 108 106 108 112 107  81 105 103 119 127 154 146 147 167 204 199 202 179 122  99 107 206 238 229 236 237 236 239 240 243 242 239 241 245 245 240 241 244 213 106 177 206 187 135 185 200 173 164  91 166 193 189 172 190 190 176 174  82  91 174 181 194 131  93 161 173 167 137  96  94 169 176  92  95  83 142 213 
217 214 202 192 204 216 206 199 190 207 208 191 158 201 195 179 174 161 177 128  58  98 113 112 124 118 113  96  81 105 112 126 153 173 163 169 210 201 204 205 180 109  95 107 212 247 238 237 242 238 239 232 215 216 242 244 243 245 244 243 244 230 206 228 205 172 137 186 203 174 153  85 168 182 180 168 170 135 106 125  81 102 139 122 195 111  59 143 178 170 152 102 103 166 185 142 107  85 161 107 
215 219 206 197 204 214 206 196 190 203 210 200 204 211 190 177 177 131 111 111  94 101 111 114 118 118 113  80  74 107 110 124 132 136 127 138 202 186 181 187 180 110  94 102 207 241 234 239 240 235 239 181  97 121 235 244 243 247 247 246 246 248 251 238 197 174 141 199 208 179 163 101 158 175 179 169 156  83  69  89  79  68  92  71 109  95  54 120 169 171 153 106 113 165 177 167 129 115 190 123 
210 220 207 201 204 216 207 196 194 210 213 211 209 209 195 176 182 124 139 216 154 139 156 140 119 114 111  81  71 126 144 114 124 125 125 118 190 196 180 190 186 106  91 105 204 239 236 240 240 242 236 176 197 228 245 245 245 247 247 248 228 214 242 230 198 174 133 198 210 180 171 111 159 174 180 164 150  88  72  79  91  76 109  87  79  83  60 115 173 170 152 110 118 156 169 171 125  97 143 118 
219 218 205 199 202 219 210 198 195 206 212 209 207 201 192 185 181 141 197 194 157 226 249 214 137 115 113  89  72 121 209 126 126 124 121 129 168 196 193 200 172  99  89 104 205 235 235 238 242 245 249 210 221 248 242 245 245 246 246 251 189 190 249 231 196 166 133 205 208 180 168 120 174 191 200 172 165 119 137 140 131  75 104  99 109  99  61 118 174 164 151 106 122 164 152 146 120  94 144 128 
220 216 207 197 204 221 211 198 199 210 209 194 210 193 196 196 169 148 228 205 212 251 250 253 199 131 119 113 106 107 174 183 122 123 115 185 162 180 199 186 150  99  87 100 205 230 233 241 243 241 244 249 247 246 242 241 242 244 246 248 230 245 251 233 194 163 129 211 203 179 156 123 195 204 209 169 183 130 138 170 155  80 119 158 144  89  48 125 217 170 153 113 118 162 130 127 124  90 163 136 
222 217 206 196 201 222 212 198 195 213 213 148 162 176 197 192 136 163 222 217 204 209 240 250 249 171 125 116 111 117 147 208 152 110 129 166 155 173 195 193 179 103  82  98 206 230 234 237 238 240 240 249 251 249 246 237 239 243 246 246 248 246 248 228 196 150 130 212 203 178 161 122 204 206 210 183 187 128 130 161 131  76 110 147 145  91  61  90 141 167 145 104 118 164 115 113 111 116 174 127 
221 215 207 199 204 225 211 194 190 211 207 157 142 164 152 125 111 189 209 195 207 198 190 219 245 237 158 119 110 110 111 121 200 116 174 157 161 175 195 186 142  99 105 114 219 236 234 239 240 244 250 250 251 249 245 239 241 245 244 247 244 241 246 221 178 127 131 217 202 183 170 129 209 205 211 180 192 131 142 163 125  71  79  92  93  80  71  77  63 125 151 101 120 171 112  99 117  82  83  87 
224 215 206 197 204 224 211 198 194 206 207 194 170 167 195 153 142 178 184 169 194 202 115  97 181 254 214 144 111 129 176 100 167 191 124 156 160 156 188 204 174 109 143 190 225 234 236 236 237 246 250 251 247 240 242 241 242 243 245 246 240 240 247 225 185 121 147 218 198 183 180 121 189 208 215 176 183 128 136 158 130 118 128 129 133 132 110  99 116 121 144 107 125 166 120  97 106  74  65  62 
223 209 205 198 203 226 212 207 201 205 204 210 186 134 181 120 139 190 204 201 196 203 109  69 176 253 208 175 137 130 188 140 101 189 143 166 155 145 184 188 213 203 165 187 209 224 224 233 242 251 250 250 243 237 239 237 238 239 244 246 243 233 246 226 198 119 156 205 201 182 171 117 179 208 212 182 172 112 141 163 113 111 128 158 157 112  73  99 171 150 144 108 121 172 129  87 110  67  64  67 
218 208 206 202 210 226 213 198 195 204 202 205 202 195 156 163 184 186 200 205 131 119  98  73 178 254 192 131 182 125 143 211 120 182 213 121 161 163 149 191 201 211 217 182 126 149 141 210 251 250 249 245 244 245 242 241 243 242 245 246 241 236 238 214 197 121 157 203 204 178 172 118 179 207 211 179 169 102 139 166  96 107 128 139 121  75  46 112 199 164 145 106 113 166 124  60  81  68  61  58 
223 215 208 204 204 216 211 206 199 203 206 203 200 194 190 168 157 189 202 178  91  66  75  57 172 253 195  86 148 136 114 173 164 156 214 189 140 168 138 165 175 210 214 158  81 100  99 191 254 248 237 238 246 243 240 242 242 245 243 245 240 233 240 211 188 111 165 216 202 158 161 114 177 202 207 175 194 122  81  86  75 123 142 108  86  73  59 111 166 153 146 114 113 172 142  55  72  92 115 109 
225 213 207 203 208 211 208 210 200 205 211 201 201 180 185 170 148 152 128 108 109  83 110 108 182 253 198  91 114 129 115 121 203 150 159 222 142 146 185 127 174 177 209 189 108 125 161 238 253 240 230 237 239 239 237 233 238 244 244 243 237 237 203 170 187 116 166 211 199 136 160 114 180 195 209 178 171 112  67  63  56  51  51  55  51  59  52 104 153 151 147 118 102 167 143  57  76 131 149 105 
222 215 209 206 212 214 210 209 196 209 210 198 196 204 163 139 115 132 182 196 170  98 198 228 216 252 191  88 119 126 116 164 143 199 137 175 215 138 155 138 149 162 180 108  73 100 224 193 225 235 233 236 236 241 241 238 240 244 241 241 238 230 136 149 192 109 172 210 192 129 170 121 184 191 205 181 181 113  81  84 111 112  83  86  88  83  68 115 173 151 129 119  93 158 137  53  71 115 144  90 
223 214 209 206 214 214 204 200 193 208 160 185 200 217 145 106 192 229 216 163  92  80 186 218 215 253 188  92 120 130 119 133 145 179 183 132 189 178 122 196 126 167 138  80  80 210 255 184 189 236 229 229 234 237 237 238 239 243 237 242 232 157 113 172 190 108 180 201 184 123 160 121 187 186 197 176 170 110  93  99 151 167 154 163 162 168 142 129 173 150 114 124 103 165 141  57  63 101 118 102 
221 214 212 208 218 219 202 199 190 210 146 136 130 181 100 151 194 167 169 177 106  80 181 223 223 253 187  96 124 143 126 157 189 140 189 159 152 216 157 131 150 146 160 115 176 255 234 210 218 231 227 230 232 236 239 236 233 234 235 237 163 107 113 187 191 116 184 192 176 131 169 125 177 196 199 171 167 112  89  95 150 162 162 167 166 165 156 132 168 146 101  96 101 166 137  53  56  94 125 108 
221 215 216 210 220 223 202 194 189 173 162 153 156 196 168 170 168 184 193 192 116  81 184 215 223 253 178  84 123 135 168 225 167 166 145 190 138 171 201 132 183 136 154 181 253 241 226 206 196 226 242 235 233 236 239 234 235 236 243 202 117 104 126 199 178 123 183 189 177 127 167 135 170 176 202 170 159 117  92  96 146 165 150 159 158 161 146 125 164 143  97  78 103 167 159  86  69  85 111 106 
218 216 215 208 215 224 206 193 193 202 196 202 175 226 178 184 183 196 199 179 147 162 214 163 200 252 176  91 129 161 216 139 185 191 147 158 196 137 190 184 113 159 159 162 236 211 212 211 185 154 193 198 214 223 225 211 200 197 193 164 121 109 168 186 166 133 182 182 180 125 170 129 172 175 206 169 151 105  88 100 149 163 159 164 165 161 141 110 109 134  77  75 110 169 158 131 123 129 120 118 
219 218 205 204 216 227 206 194 197 210 209 208 190 191 174 185 174 199 199 179 160 189 146 107 193 252 177  94 132 150 131 160 208 122 171 152 181 168 143 205 167 146 152 141 164 189 203 197 194 127  75  76  92 103 102  91  89  93  88 105  75 124 185 162 172 148 173 183 176 122 167 129 187 201 204 169 144 101  90  99 139 152 155 162 158 163 144 146 161 128  67  78 112 177 164 109  97 125 164 158 
219 218 208 202 218 224 202 195 203 209 209 206 207 188 149 181 196 198 195 124 132 185  84  73 204 252 175 100 139 133 161 225 141 173 186 151 151 212 143 198 209 129 151 171 133 182 168 194 195 187 148 115 108 106  91  79  69  62  58  78 128 182 166 144 187 135 176 177 180 124 167 144 183 191 200 164 137 107 109 118 137 146 134 137 133 127 124 165 200 140  71  73 119 166 161  99 112 175 164  91 
219 216 216 209 219 222 206 202 200 206 211 210 202 196 205 194 198 197 144 116 170 172  90  79 197 253 173  95 152 176 240 204 184 212 120 169 173 147 195 148 165 195 128 148 146 149 161 181 192 193 184 177 165 175 179 185 176 167 155 149 187 166 125 173 171 133 184 172 178 120 172 142 186 196 197 166 140 132 140 150 147 153 137 135 152 111 107 163 186 146  69  61  96 153 146 105 155 170 124  67 
220 211 210 202 220 221 209 201 203 214 210 215 206 169 202 192 197 139 148 226 202  87  77  76 200 253 169  94 161 194 164 192 238 138 180 249 172 145 183 168  99 151 169 130 188 116 135 163 186 194 190 177 166 170 174 183 183 186 180 142 151 128 161 202 138 130 179 174 183 115 164 149 184 202 191 159 130  77  93 106  81 122 111  97 105  72  62 166 192 123  62  59  71 149 146 112 150 159 132  68 
223 211 204 200 220 226 209 201 198 205 171 192 213 163 196 199 139 132 219 204 142  84  80  70 206 252 166 106 171 153 181 230 207 195 210 176 202 174 141 205 150 100 189 137 130 123 113 142 170 156 175 178 170 150 148 156 158 168 157 134 156 181 200 155  92 137 171 172 185 107 158 157 169 195 179 155 159  91  72  96  82 118  90  54  84  69  76 140 181 120  58  63  86 165 162 129 153 162 132  77 
219 214 206 203 220 219 198 193 191 202 157 103 120 133 194 143  92 202 190 131 167 147 104 168 221 252 166 115 184 197 230 155 184 222 131 175 198 122 129 149 193 122 111 195 125 135 113 118 149  93  78 136 136 127 140 168 168 175 182 190 188 161 106 105 100 143 165 169 186 112 167 151 172 198 166 162 177 144 142 145 111 141 154 125 153  82  83 163 186 131  60  63 112 186 173 131 154 159 117  84 
215 213 213 205 210 207 197 195 194 198 170 180 163 144 168 124 126 166 122 180 223 131 103 211 238 253 168 127 208 230 182 176 225 149 173 215 152 125 125 120 183 191 124 174 168 122 126 108 125 126  82  66  60  63  69  80  85 111 132 186 224 192 149 113 101 160 154 169 182 110 151 185 187 201 184 166 160  72  68  63  77 140 157 159 186  83  89 179 183 134  58  63 123 186 178 128 143 171 113  73 
213 210 214 213 213 210 196 200 202 206 210 223 186 174 202 159 183 118 178 205 178  90 103 210 238 252 183 173 204 189 183 175 166 160 161 149 144 134 129 121 118 145 127 110 146 123 106 114 109 108 112 102  76  59  58  55  53  53  49  80 127 146 215 187  98 171 150 173 176 110 150 215 193 200 186 165 119  68 104 110 101 113  99  95 160  84  98 174 181 133  63  69 124 184 186 136 141 173 128  83 
220 212 214 215 216 213 205 206 206 209 212 210 183 161 188 145 131 172 221 171 139  91  98 197 228 252 229 224 230 225 220 214 211 204 196 192 194 179 172 195 203 176 150 149 147 144 137 118 112 112 106 107 102  93 113 104  99  93  83  69  52  45 127 189 182 190 139 174 187 122 144 210 190 194 179 155 105  85 146 159 159 146 158 151 130  89 100 181 184 135  62  82 144 186 185 133 132 174 120  84 
217 214 216 217 219 218 216 212 209 206 210 213 204 210 178 108 133 215 197 131 121  87  98 120 133 239 252 251 252 251 251 252 251 250 251 252 250 248 245 251 253 248 217 188 174 180 191 186 163 160 149 133 118 108 155 173 171 180 177 178 207 187 170 192 195 212 128 177 183 116 135 202 194 195 180 153 139  92 143 166 158 156 150 136 155  85 108 190 185 142  67  98 144 182 177 127 135 174 109  75 
217 216 220 220 222 220 215 211 208 212 212 209 212 197 128 141 198 217 197 177 216 154  90 106 139 186 250 248 246 249 253 253 253 254 254 252 250 250 252 250 249 241 230 229 198 169 164 165 171 183 186 186 172 160 168 166 167 158 154 161 174 171 134 194 170 204 112 172 184 114 142 208 199 201 181 152 153  99 131 152 155 157 151 133 132  91 112 180 185 145  97 104 145 192 181 138 141 179 114  85 
218 215 216 217 230 222 211 209 210 211 217 217 213 137 153 238 211 198 204 193 212 107  91 163 166 187 245 237 223 210 170 177 184 189 198 234 250 246 246 247 249 246 247 251 249 242 224 209 199 191 197 192 188 188 183 184 182 178 187 189 186 192 156 138 185 194 110 186 180 118 140 202 201 196 177 156 156  90 120 141 151 147 148 142 132  92 123 178 182 150 109 107 147 193 185 146 107 139  89  93 
220 218 217 213 223 221 211 210 208 213 216 195 211 169 221 207 199 206 191 174 219 166 140 207 200 179 221 206 181 175  96 107 109 122 133 196 246 234 222 208 224 212 140 189 194 224 251 251 241 235 240 241 225 218 208 219 217 214 212 206 200 192 203 202 178 179 102 194 180 114 135 207 195 198 179 157 153  87 138 152 153 153 150 152 144  85 126 181 197 159 118 101 139 190 187 131  79 100  92 115 
220 219 220 216 219 209 198 210 213 209 208 175 177 184 209 177 163 191 142 147 199 162 171 236 206 173 219 172 165 180 126 209 238 233 171 190 231 236 215 195 201 198 112 161 152 205 244 242 208 195 209 193 147 118 126 240 250 250 223 222 223 205 195 201 192 189 111 200 179 119 140 206 200 200 180 150 157  88 136 150 157 159 150 151 141  87 131 178 196 157 113  97 144 186 192 139  84 109 121 135 
222 222 212 215 215 215 208 210 179 137 144 163 179 198 205 181 124 109 144 208 179 165 172 215 193 152 206 180 191 185 199 219 217 176 189 199 202 215 193 200 204 189 138 142 147 198 228 228 207 165 168 174 167 116 111 241 246 245 220 211 212 213 207 195 196 173 195 202 174 121 132 202 195 199 181 151 124  98 126 153 147 143 153 171 152  90 139 170 186 166 115 103 148 190 193 137  84 121 153  73 
224 219 211 213 200 195 178 179 111 148 190 192 201 202 195 178 144 116 214 216 167 175 189 192 176 148 221 203 206 201 202 190 190 151 226 211 206 234 206 200 206 200 188 235 223 199 210 201 189 167 177 195 195 155 153 191 222 237 211 210 215 211 210 189 182 207 173 211 170 114 126 202 195 197 183 154 106  95 122 157 114 119 144 155 128  86 146 175 197 169 115 101 144 189 192 138  98 106  98  86 
222 216 211 213 195 124 138 158 194 219 217 203 206 204 195 199 139 160 185 146 197 166 212 167 163 154 207 198 197 190 179 141 151 156 204 212 207 213 233 194 206 207 166 195 231 208 212 200 193 191 191 186 179 201 216 151 202 230 217 209 212 211 215 221 176 206 181 178 190 115 128 203 192 197 188 155 164 142 154 151  90 137 131 141 183  82 141 184 199 165 109 110 151 188 196 145 106 112  96  90 
217 210 209 215 212 196 204 202 219 215 213 203 210 212 208 209 175 224 153 162 194 164 215 181 181 173 211 197 193 190 180 151 167 186 201 197 203 192 229 204 199 215 187 190 199 211 206 212 207 207 199 195 185 162 197 168 184 205 243 207 213 217 217 219 190 182 128 187 192 139 112 210 196 192 188 156 140 142 148 136  69 119 164 171 181  76 165 201 190 180 116 107 151 181 190 144  99  98 101 107 
217 213 211 210 215 214 216 195 209 215 214 211 217 216 214 209 196 195 163 195 163 170 218 199 197 175 217 207 194 181 176 172 176 171 206 195 194 192 190 229 198 208 208 221 204 224 207 197 199 211 216 198 195 180 201 185 191 197 215 223 204 224 220 214 166 203 124 164 183 174 109 196 194 193 180 156  97  60  58  63  62  62  72  76 150  84 132 181 197 179 126  98 141 178 199 145  87  89  73  91 
221 223 211 211 220 218 210 209 207 218 222 213 218 219 212 193 199 201 191 211 190 199 187 209 213 195 202 205 197 188 187 188 184 163 213 203 200 211 204 219 217 220 216 217 218 214 224 235 204 211 215 204 203 179 218 197 202 202 189 231 225 216 219 214 165 213 222 115 172 180 122 183 195 196 166 152  86  62  67  66  72  76  94  88 143  74 128 172 195 173 123 100 149 186 198 159 105  98  88  78 
218 220 213 214 223 218 212 210 212 217 214 207 209 206 201 192 195 210 211 214 190 142 169 210 213 196 190 216 199 207 203 194 198 152 207 213 210 216 214 204 204 223 221 220 224 219 211 230 214 211 219 217 207 174 219 203 195 197 217 195 218 211 212 214 169 204 227 136 130 185 146 181 203 194 162 148  93  78 171 222 154 192 213 189 197 166 180 182 190 175 123  95 156 190 184 158 127 128 126 115 
220 217 215 214 223 218 214 205 211 219 217 217 217 203 182 201 206 212 213 216 151 130 189 196 185 193 195 222 193 205 209 203 205 179 204 215 209 209 208 210 206 215 215 216 220 218 224 210 193 217 220 215 201 174 214 205 196 193 207 191 229 221 213 208 163 208 219 177  84 179 165 187 194 193 166 148  85  80 173 235 159 231 242 230 243 232 183 196 193 174 122  90 151 169 186 134  87  97  86 104 
220 220 218 220 226 218 219 211 213 219 219 220 221 206 196 219 218 220 197 177 160 137 197 215 208 209 183 212 209 212 217 187 191 209 193 198 205 208 199 202 191 199 205 201 214 212 221 204 191 214 218 216 218 182 204 220 206 200 186 177 214 224 208 213 162 206 213 199  82 147 177 195 192 199 166 149  90  81 166 228 160 222 238 228 235 218 173 194 197 180 121  97 152 168 184 141 124 130 126 120 
210 218 218 220 225 220 220 217 209 216 213 207 208 200 206 208 213 210 202 169 175 184 207 210 212 221 207 230 235 216 216 180 185 215 210 203 210 209 211 212 195 208 218 211 216 216 217 195 189 212 212 219 206 199 219 216 211 197 193 200 210 233 211 205 158 208 217 209 105 101 176 189 168 181 160 144  92  74 168 237 174 222 236 229 236 210 174 198 174 172 120  98 155 171 192 181 162 148 144 128 
206 204 214 221 225 221 218 218 208 214 213 211 210 214 214 216 211 208 209 163 151 203 219 201 208 216 205 214 228 210 212 198 198 209 214 204 213 212 210 215 207 216 226 221 223 225 218 202 199 219 217 223 204 189 224 211 215 200 204 204 199 226 212 211 149 200 211 205 106  86 176 180 185 185 161 144  95  79 172 236 179 225 238 232 239 208 175 193 170 174 117  85 147 163 175 148 139 120 128 119 
204 205 218 224 227 216 221 217 207 218 216 206 214 217 223 223 219 210 214 185 153 196 208 210 212 215 205 205 216 206 206 197 202 206 213 200 206 206 204 206 208 210 213 216 225 220 215 188 180 212 214 218 215 184 218 209 210 208 207 204 197 220 208 199 136 209 212 196 114  83 158 174 187 195 153 143  95  76 176 236 187 228 239 230 239 204 167 189 196 174 109  91 142 167 192 109 104 126 113 101 
213 211 220 223 227 221 219 216 207 220 216 208 212 217 213 218 214 208 200 200 193 206 207 209 211 214 207 200 211 203 205 205 207 207 210 202 204 208 206 207 208 205 213 216 214 213 208 180 179 213 212 219 214 194 201 205 210 211 217 212 208 215 212 205 154 209 195 194 105  65 145 161 181 194 145 145  91  70 178 241 198 230 236 230 240 194 168 194 199 175 105 102 144 167 176 118 168 140  94  86 
215 214 222 224 230 222 221 216 206 216 211 206 207 208 210 211 208 204 174 135 179 212 208 213 211 212 210 210 215 210 210 215 200 208 214 206 209 216 212 212 217 215 215 215 207 214 200 194 200 207 210 212 213 193 205 202 211 212 208 206 208 213 212 210 150 186 159 191 111  77 134 156 183 195 156 148  86  77 183 239 201 230 238 225 238 183 169 200 200 170 115 105 140 168 166  98 139 105  59  69 
211 208 217 220 223 218 214 212 211 213 215 215 220 219 209 206 211 205 200 172 186 209 208 211 209 212 206 207 217 217 215 219 192 216 218 216 215 219 216 222 223 226 221 214 222 218 207 206 203 211 215 217 210 188 211 205 212 215 216 211 213 217 212 209 147 176 152 184 105  78 120 151 185 196 155 145  91  71 185 238 207 228 235 224 231 171 165 203 197 168 130 110 141 168 174  85 131 113  63  68 
211 213 214 218 218 215 214 211 204 210 213 213 215 214 206 209 214 219 213 216 214 214 217 208 210 214 213 216 216 214 220 221 226 223 227 225 222 218 221 229 230 225 221 222 224 216 211 213 211 216 218 216 214 201 212 210 215 210 216 208 210 215 214 221 144 182 146 182 105  79 109 142 177 192 146 151  86  72 193 241 217 231 237 230 239 169 168 200 198 174 135 115 135 170 152  94 122  90  80 130 
221 222 218 223 226 219 213 219 212 216 216 211 206 203 204 204 207 214 211 214 215 216 215 212 215 210 212 220 200 215 225 221 225 223 223 223 226 227 222 225 224 222 222 220 218 213 210 216 212 219 222 214 212 212 210 214 218 210 213 207 212 212 210 226 144 189 144 178 107  80 110 139 177 193 141 149  83  72 145 235 225 230 234 207 221 153 166 198 198 169 134 120 136 173 107  71  68  78 131 136 
223 219 219 225 226 219 211 217 214 220 219 219 222 218 219 215 211 212 209 211 209 214 212 209 211 211 212 210 212 220 222 221 221 219 222 223 223 223 223 222 220 223 224 223 220 218 221 219 220 222 219 216 216 215 221 221 221 217 218 214 215 216 212 223 146 184 146 175  97  76 109 140 165 193 136 149 120 155 133 180 193 175 194 166 149 130 176 192 193 166 136 123 138 166  98  98  96 128 142 139 
217 222 217 224 229 219 214 213 208 217 221 223 228 223 220 222 221 221 218 215 217 217 217 219 215 217 215 210 207 217 221 223 222 213 215 214 214 213 213 213 217 215 214 210 214 212 213 221 225 226 225 226 221 223 224 227 227 223 222 224 220 216 215 210 126 195 151 172 105  84 115 147 166 173 133 159 134 179 130 169 169 131 160 140 159 123 181 193 198 164 134 122 137 115 107 131 130 138 146 151 
223 222 217 222 224 220 220 209 208 216 221 222 222 219 221 214 218 215 212 218 220 218 221 222 219 225 220 214 216 226 230 231 231 232 227 228 222 222 224 229 222 218 223 218 218 212 209 210 210 217 218 215 210 212 217 219 219 218 217 213 219 212 207 215 132 185 190 174 105  83 113 146 181 187 125 168 182 185 171 187 182 185 175 188 177 120 183 185 194 163 132 123 110  72 124 142 138 167 175 164 
223 223 221 223 223 221 221 211 209 213 214 216 217 218 216 217 216 215 210 213 214 215 219 225 225 224 218 213 217 217 223 228 224 225 223 220 222 223 229 228 226 222 224 229 225 229 229 222 223 230 227 219 219 217 215 216 220 223 217 212 218 218 218 210 109 172 204 173 111  80 114 140 180 191 125 154 150 162 184 177 184 186 198 212 168 111 163 183 193 163 132 100  72  73 130 139 140 180 183 165 
216 222 217 220 222 222 216 209 204 215 214 213 215 214 212 214 216 216 210 214 216 215 221 225 222 223 221 221 214 213 219 221 217 222 224 221 221 225 224 222 223 221 224 223 224 225 223 223 225 229 231 228 225 222 221 222 222 227 222 224 225 219 222 210 106 171 203 172 113  81 109 141 181 197 129 144 102 131 150 179 179 135 117 110 117 138 181 189 186 160  99  67  62 110 145 148 149 177 181 161 
213 215 215 217 216 217 215 213 208 212 210 209 209 214 214 213 218 218 211 215 216 219 219 217 219 213 217 216 210 215 215 215 218 216 219 221 221 221 217 222 222 225 223 223 216 210 210 211 218 215 219 222 220 220 220 223 225 221 215 217 220 214 223 204 100 160 196 156 118  85 107 139 161 169 119 147 117  97 101 170 159 114 103  96 101 142 196 191 189 155  72  62  62 128 142 160 158 172 164 150 
207 212 211 211 212 212 210 211 204 211 212 207 207 207 207 210 213 210 212 209 203 212 214 212 220 214 213 217 215 217 219 213 216 220 219 217 216 215 214 220 225 220 218 219 218 214 214 209 214 218 219 215 218 214 216 222 222 220 216 213 217 214 219 204  93 151 195 173 117  94 105 144 161 158 115 168 141 131 201 152 169 123 109 105  86 145 198 189 185 145  68  58  85 141 118 151 159 164 171 138 
218 221 223 219 219 221 219 217 207 211 215 212 214 216 218 218 214 211 209 210 208 212 216 215 216 218 212 210 215 219 218 218 216 215 217 215 213 220 221 215 219 212 212 215 214 216 212 218 215 220 219 214 212 207 216 218 222 223 221 217 221 220 219 200 107 155 195 174 116  99 101 145 154 165 114 151 164 139 169 180 203 138 105  97  95 165 198 174 158 128  59  71 110 140 136 171 164 155 178 162 
224 224 227 228 231 227 225 227 215 217 223 218 217 220 217 218 216 220 215 214 215 217 217 219 220 217 218 218 220 216 218 218 212 215 219 216 220 215 216 219 216 211 213 215 209 212 211 216 213 212 212 213 213 213 214 218 218 220 226 224 221 221 217 202  99 144 209 178 115 103 112 144 157 161 117 135 172 162 172 187 178 114 104  77 103 171 181 170 162 112  63 111 130 146 168 176 171 158 167 177 
224 231 227 230 230 229 228 221 215 225 227 217 218 213 208 208 211 218 225 227 227 222 225 225 228 227 228 226 230 233 227 226 224 226 225 224 222 219 220 225 228 222 222 220 217 216 215 209 207 210 212 210 215 216 216 215 212 216 221 225 221 216 221 205  87 135 205 180 127 112 109 133 163 162 127 128 162 167 191 188 165 105  74  61 132 124 164 176 185 117  62 119 138 158 170 168 156 175 173 174 
226 230 229 230 229 229 227 223 221 221 224 226 226 227 226 220 216 213 217 228 232 231 228 219 221 226 228 226 229 228 229 225 227 229 231 228 230 228 227 231 235 231 226 230 230 229 232 224 223 222 219 221 224 230 225 222 221 221 220 220 215 215 224 197  93 129 200 182 141 145 115 140 164 159 130 128 154 150 132 138 130  61  64 123 139  76 154 179 178 128  84 117 141 165 175 183 156 166 174 174 
226 234 230 227 227 226 224 228 219 222 224 228 223 227 227 223 218 212 216 226 228 229 226 221 219 219 221 223 224 224 221 218 226 229 233 232 229 230 227 230 230 227 231 229 230 229 231 233 231 230 226 227 231 235 230 228 222 221 224 219 216 213 212 189  99 130 200 175 152 179 128 144 169 167 140 115 110 173 144 107  92 104 143 145 122  74 149 177 178 141  88 128 148 172 171 161 153 154 164 167 
230 233 230 227 226 222 228 228 220 226 230 227 228 224 227 226 221 220 223 223 221 222 226 222 221 219 221 227 223 225 223 221 223 227 227 232 229 229 226 228 223 227 226 225 226 219 223 228 221 220 224 218 218 220 215 211 213 213 212 210 206 209 205 205 113 115 212 178 143 158 124 148 166 170 116  84 104 190 172 156 147 140 123 103 111  64 141 165 173 149  96 126 151 164 155 136 145 158 156 165 
231 233 235 229 220 226 233 231 224 229 225 226 225 225 224 222 219 212 223 225 229 224 229 224 218 224 222 223 226 228 221 223 227 224 227 231 227 230 227 222 216 222 222 225 230 226 225 229 230 224 229 232 225 220 219 215 217 219 213 213 211 208 191 186 127 106 199 177 137 175 132 146 172 167 161 157 175 186 186 164 149 139 119 116 124  74 139 163 168 145 113 129 158 173 148 135 133 150 153 162 
229 235 235 230 226 227 237 231 229 232 224 221 222 220 222 219 218 209 219 223 225 224 223 222 215 219 228 225 227 228 227 223 225 222 224 228 228 224 227 226 226 223 221 222 227 226 227 230 231 225 223 227 228 223 220 218 214 216 218 213 216 210 198 189 121  97 204 179 137 148 123 142 172 169 177 164 165 182 175 185 187 192 190 187 191 109 136 171 177 126 111 135 154 175 113 119 161 164 161 164 
225 232 225 224 231 222 227 224 221 227 226 229 231 224 224 231 187 163 224 223 226 228 224 215 210 219 233 227 222 224 214 170 196 225 228 227 227 225 222 227 228 223 225 226 224 229 222 222 226 222 222 221 217 222 223 218 217 215 220 215 213 211 205 204 132 100 214 181 132 137 115 145 167 163 175 151 124 178 167 186 183 176 175 166 174  97 122 169 174 118 108 135 148 174 114 139 186 185 174 171 
224 224 219 229 231 226 227 225 223 226 220 230 230 229 229 233 211 151 223 230 232 232 229 217 206 220 222 219 220 228 194 132 156 222 225 230 228 227 221 218 228 225 224 226 224 225 222 224 227 229 226 227 193 196 196 199 222 216 216 216 219 219 211 198 136  95 210 177 127 112 122 149 173 169 138  91 129 189 152 129 147 159 162 171 182 108 111 181 177 121 116 139 152 161 141 169 192 196 182 173 
224 225 230 230 231 233 231 224 230 230 224 226 222 223 222 225 225 159 217 228 227 225 228 224 220 228 227 228 223 221 231 177 166 226 226 225 227 229 220 221 232 230 223 229 226 216 208 221 226 227 224 204 215 203 189 199 215 218 215 220 222 219 218 196 134  99 211 183 120 156 150 148 154 162 173 187 183 190 189 164 161 159 155 166 170 104 126 173 174 125 121 145 156 179 145 172 193 200 186 177 
222 230 228 225 225 226 224 224 228 228 229 225 224 224 221 226 201 144 206 220 223 227 228 223 219 224 226 229 225 225 215 141 157 219 228 222 221 220 222 230 232 231 231 222 226 226 220 226 225 222 221 173 215 220 212 213 216 219 219 219 221 213 226 180 131  98 202 185 122 187 157 144 163 164 159 161 169 164 171 179 184 182 176 170 190 116 128 160 164 103 108 154 165 180 148 148 184 192 182 176 
218 225 224 220 222 220 225 228 225 225 226 221 223 219 225 203 176 179 197 214 217 222 226 224 214 221 223 223 227 211 142 160 164 197 218 225 223 227 224 225 224 224 230 228 226 222 221 228 222 221 218 216 216 217 212 211 214 220 220 219 216 211 224 174 130  99 201 175 136 161 144 141 164 168 141 114 115 117 119 125 127 127 127 130 151  99 126 171 183 104 102 155 171 183 154 153 177 187 183 185 
226 228 225 222 223 222 222 222 220 219 223 218 218 220 221 206 210 156 213 217 208 218 220 221 221 223 222 220 207 147 148 229 188 219 198 220 227 228 224 222 221 224 224 224 217 214 211 214 211 211 209 209 212 210 207 206 210 213 211 216 217 211 225 179 145 102 193 174 144 185 138 138 158 165 132 101  98  98 100  99  98  93  92 101 108  75 128 175 185 101  96 160 165 185 166 164 182 185 182 189 
218 221 222 225 223 224 224 218 218 216 218 222 222 216 215 220 195 166 211 219 217 219 217 217 217 220 218 224 209 209 245 179 155 230 232 226 223 230 223 223 224 223 225 223 222 213 206 216 220 215 215 214 214 212 205 201 207 209 207 211 212 211 227 177 145  86 191 174 127 148 135 143 167 177 140  92  89  86  90  89  91  93  93  99  98  75 124 173 190 106  77 161 167 185 178 180 197 193 200 202 
213 213 215 219 223 217 223 225 214 211 217 213 211 207 209 217 212 204 190 213 213 217 215 214 213 217 219 223 219 217 220 160 153 208 218 224 221 224 220 218 220 223 223 224 220 215 210 219 217 219 206 196 215 211 204 205 201 205 193 207 217 214 230 178 147  91 194 177 104 100 134 143 167 165 133  96  88  82  88  86  81  88  91  92  92  78 119 170 181 122  57 148 167 186 186 187 189 196 200 194 
209 210 209 205 204 203 208 206 206 203 203 204 198 200 203 194 200 197 196 202 205 213 213 210 215 214 219 221 218 227 222 129 143 219 227 221 222 224 219 214 216 223 224 227 221 210 207 216 199 190 193 174 205 197 210 204 198 200 199 206 180 201 226 167 148  94 186 172  84  95 127 135 120 124 113  99  86  83  85  88  86  86  85  87  86  84 116 160 172 131  53 126 171 188 182 186 187 186 191 184 
212 218 217 216 211 208 213 206 205 208 205 203 203 202 190 139 133 136 136 140 137 141 143 139 143 161 165 167 168 186 160 141 197 166 190 195 196 207 200 205 213 223 216 217 226 210 206 221 211 198 208 220 207 197 179 188 188 202 200 202 160 197 226 167 147  91 175 162  89  94 112 132 125 129 118 101  90  86  86  88  93  87  86  87  85  92 123 161 180 135  69 103 169 183 183 184 180 178 167 171 
211 214 219 220 215 213 213 211 212 211 199 194 202 201 193 146 129 119 117 119 127 126 120 114 111 124 128 124 121 121 120 143 168 128 129 131 130 134 136 136 141 142 146 146 152 150 153 161 167 160 164 181 178 165 157 178 184 167 165 180 199 201 219 162 151  95 182 158  89  91 123 136 151 180 138 100  95  91  86  86  87  81  88  84  86  98 105 110 126 130 105  93 155 175 181 185 177 163 161 171 
199 211 212 205 204 205 206 206 195 197 178 172 191 197 192 135 123 116 124 126 117 120 116 114 113 113 119 121 118 110 107  99 103 109 116 121 122 127 125 121 119 115 113 118 115 116 120 115 115 118 117 127 124 121 125 120 133 128 128 128 131 137 157 153 150 101 173 153  77  80 126 129 139 188 146 108  90  85  91  80  86  86  87  88  86  98 126 148 149 119 122  79 134 170 182 186 174 155 166 179 
