124 133  85  67  69  62  55  56  57  54  51  56  57  56  54  53  55  51  51  54  52  53  52  53  54  47  48  53  51  54  51  55  52  65 130 117  63  57  53  49  94 137  74  52  54  52  51  44  34  30  29  30  39  49  54  55  52  53  49  47  44  41  39  36  35  25  16  21  22  19  28  38  40  37  37  30  22  22  23  25  28  25  26  27  23  24  22  24  24  23  32  27  23  32  34  40  47  45  33  19 
 95 114 128  93  68  67  65  61  59  53  51  54  55  55  55  61  62  59  51  52  52  51  48  50  52  52  48  47  48  54  56  53  54  66 127 113  64  50  56  56  67  82  50  47  60  45  45  38  34  30  22  25  30  40  51  56  54  60  66  50  47  45  45  44  41  36  20  14  22  19  23  29  39  29  19  28  27  19  18  19  20  21  25  25  17  17  24  25  21  23  29  29  26  30  39  43  50  46  35  21 
116  88 116 132  86  70  69  66  64  57  56  58  56  58  57  61  61  59  57  59  56  54  50  52  56  54  48  48  48  49  57  52  57  70 125 115  65  54  52  56  72  84  67  59  60  48  38  34  40  40  33  35  38  47  55  58  55  56  60  52  53  48  36  43  52  48  30  18  18  20  21  24  32  30  26  30  30  25  21  19  19  23  23  25  21  20  26  27  23  26  28  27  29  33  41  38  44  44  34  16 
101  88  72 111 130  89  70  70  66  61  55  56  59  57  53  58  56  57  60  58  55  58  52  52  51  54  51  50  51  54  54  53  54  89 140 127  79  56  51  59 111 126  74  57  54  48  48  51  49  51  45  47  51  49  45  48  46  41  54  51  48  40  32  46  59  49  27  12  15  19  19  22  23  25  26  25  20  20  16  16  17  21  21  22  19  19  24  27  24  26  26  26  30  32  35  42  44  41  31  13 
 69  77  62  62 128 136  75  72  67  65  57  58  59  61  57  64  64  59  66  68  62  64  59  53  51  47  47  51  52  56  56  54  56  97 144 147 122  72  66 102 137 102  57  55  50  50  50  55  52  43  31  38  44  42  32  33  32  34  50  50  50  51  49  54  55  40  24  14  16  16  17  21  17  17  20  22  16  17  17  17  19  17  22  21  18  20  25  24  25  27  24  26  31  35  30  40  44  39  27  15 
 64  68  64  61  72 132 114  74  67  64  59  59  62  64  63  71  71  67  78  93  73  63  63  63  58  50  50  52  55  54  57  70  63  97 145 152 152 133 134 134 103  67  54  51  50  49  46  46  40  33  26  36  40  37  38  42  43  47  58  52  52  61  50  47  46  33  27  18  14  16  18  21  14  10  15  21  19  18  20  20  19  21  25  25  19  21  28  26  27  24  23  26  29  31  28  29  32  28  23  16 
 63  64  63  59  56  92 138  92  72  66  64  61  60  60  75  79  76  87 122 114  81  65  62  59  58  50  44  50  52  53  55  77  70  93 141 140 132 114  98  77  57  58  48  43  45  44  42  29  24  30  30  35  38  39  47  42  32  38  50  53  53  51  46  48  45  30  31  24  17  13  18  20  22  13  16  18  15  18  24  20  22  28  30  28  25  22  23  25  23  23  25  24  22  25  23  21  20  20  22  20 
 63  62  56  62  61  65 128 125  69  65  66  58  54  51  75  90 112 110  86  79  79  76  62  53  59  56  52  48  50  57  54  55  59  92 140 132  83  56  57  55  54  51  46  43  40  42  41  30  28  34  33  34  36  41  48  33  22  35  44  52  50  48  43  45  48  36  30  30  25  15  15  19  21  16  17  16  16  16  20  20  26  28  27  28  25  23  22  23  24  26  23  19  22  27  25  19  17  17  21  23 
 63  64  59  64  62  62  98 140  88  66  65  61  63  56  61  91 129 127  68  66  77  79  80  58  49  56  60  52  48  55  50  54  57  95 138 126  77  62  55  55  51  49  44  43  43  44  39  27  28  29  28  31  39  49  52  44  39  41  46  51  49  42  32  36  49  50  42  39  29  18  18  18  16  14  19  16  17  17  16  17  25  25  26  26  26  25  23  19  25  26  22  21  28  29  28  22  15  13  16  21 
 63  58  63  60  58  64  91 144 105  71  66  62  59  61  60  72  90 138 137  88  76  91  93  75  55  53  57  59  55  57  56  58  63  95 141 132  75  59  56  48  42  39  44  41  36  41  37  25  22  22  29  40  49  54  49  47  47  47  42  42  38  35  35  38  45  42  41  38  25  19  22  20  16  18  21  20  18  15  13  16  18  20  25  19  20  21  19  19  23  24  25  24  32  31  24  19  19  17  14  16 
 61  55  60  60  63  67 102 154 142  89  70  66  63  62  63  68  75  90 138 148  96  87  97  88  73  53  53  60  61  60  64  65  64  95 144 133  77  55  51  45  40  35  40  41  43  37  32  22  19  21  26  39  49  50  49  45  45  52  41  40  39  40  43  45  39  40  45  33  24  15  18  18  18  18  20  17  19  19  16  21  22  20  18  20  21  28  23  23  22  19  18  19  26  28  29  18  20  21  17  11 
 60  60  62  61  64  63 104 150 138 162 115  69  70  66  66  63  65  74  91 138 153  91  77  90  91  70  53  48  58  60  62  65  71 105 141 124  75  58  55  53  48  43  36  36  41  37  36  32  21  19  20  23  28  29  31  34  38  45  39  45  43  40  37  43  40  42  44  36  24  18  14  14  19  20  19  18  17  16  16  20  24  22  22  26  23  23  27  23  21  17  11  15  21  27  23  17  20  19  20  12 
 59  61  62  65  60  79 117 131  97 117 105  76  68  64  62  59  61  68  78  90 126 127  75  67  89  87  62  50  55  55  58  62  67 108 144 120  72  60  54  56  51  51  44  40  38  37  36  32  21  20  21  19  18  20  24  25  29  37  38  44  43  42  40  42  37  32  38  38  31  21  13  15  18  18  20  23  20  16  17  19  20  24  18  21  16  15  19  17  19  20  13  12  17  23  28  26  23  19  25  20 
 61  61  60  63  83 122 100  76  77  73  71  65  62  65  62  65  65  62  69  83  95 132 139  70  56  64  51  51  50  51  60  61  66 116 143 116  64  56  51  53  54  48  50  55  48  41  32  28  23  20  19  20  18  19  21  22  26  26  29  34  37  35  38  36  23  21  29  28  28  27  22  19  20  20  18  18  21  14  13  19  23  21  18  20  20  19  19  14  17  19  21  22  21  24  30  31  32  27  32  28 
 62  61  63  92 127  97  68  63  65  63  65  61  59  59  61  65  66  68  66  75  95  90 121  95  47  37  38  45  44  50  60  59  80 128 141  96  59  55  56  56  49  46  46  51  44  48  39  28  25  17  17  20  18  16  22  24  25  25  22  20  23  22  26  27  25  23  23  26  24  22  24  21  17  19  20  18  17  17  17  22  26  24  24  21  20  24  22  18  20  26  26  23  22  27  30  30  31  33  34  25 
 60  67 107 135  92  65  66  59  65  61  61  62  59  55  55  59  61  63  67  63  78  95  83  75  53  40  36  41  44  44  51  54  88 136 134  80  53  55  53  53  51  49  46  46  48  49  46  41  36  23  22  22  20  16  17  24  21  19  19  18  18  18  22  19  20  21  20  19  20  20  22  19  17  15  22  20  16  19  24  20  24  28  27  22  23  24  25  22  23  23  24  22  21  27  32  29  29  32  32  28 
 71 119 125  83  64  63  60  62  64  61  59  57  58  58  59  61  63  64  63  64  67  91 105  78  66  57  43  37  40  47  54  64 107 140 121  67  55  58  49  43  40  47  55  46  46  44  47  47  47  38  34  24  19  18  24  26  21  14  16  13  11  16  16  16  14  16  21  16  18  17  19  20  17  17  19  18  16  17  21  20  20  19  21  21  24  25  21  23  21  17  16  20  20  22  27  28  25  23  29  29 
127 116  77  61  63  63  57  59  62  60  56  59  58  56  57  57  60  61  64  65  64  75  99  89  69  61  56  50  43  54  78  95 139 142  90  59  58  48  36  26  31  44  52  52  46  43  44  43  45  45  43  35  26  20  24  25  20  18  20  12  11  13  14  13  13  14  14  16  18  15  18  15  17  17  16  18  19  15  14  16  19  18  19  16  18  18  18  19  18  17  20  18  15  20  21  21  22  20  23  24 
110  69  67  66  62  59  59  58  59  53  57  59  56  57  56  59  60  63  67  64  63  61  71  87  74  62  63  60  47  49  76 119 163 142  74  53  49  32  21  19  27  43  50  45  47  46  46  45  41  44  41  35  28  25  24  23  22  22  25  20  14  10  12  14  18  16  14  18  16  15  17  15  13  16  14  15  16  16  11  10  15  15  16  13  12  15  16  19  16  18  22  17  14  19  17  19  19  19  21  20 
 63  64  61  62  64  60  57  58  55  54  55  59  56  59  59  60  62  62  64  68  65  58  62  70  82  74  59  67 119 118  84 153 171 147  92  51  49  43  34  30  32  46  47  42  43  39  36  40  40  43  42  36  37  37  34  28  23  25  25  22  25  20  14  14  18  17  20  14  14  14  13  15  16  15  14  15  14  16  14  12  13  14  16  13  12  11  13  16  14  15  19  15  12  15  17  18  17  18  18  17 
 62  60  57  63  62  59  62  57  58  54  62  61  60  58  56  60  59  59  61  69  65  63  62  64  75  89  65  55 116 142 140 167 150 128  98  52  48  48  45  47  46  49  43  36  36  37  39  37  40  40  41  42  42  38  39  40  33  28  24  23  27  27  22  17  17  18  19  18  17  15  19  16  16  16  15  13  13  17  20  18  13  12  15  14  12  12  13  18  17  15  17  15  16  18  17  19  18  19  19  17 
 60  65  61  57  58  56  57  57  59  57  59  60  57  59  56  56  63  64  63  63  62  62  65  60  58  76  88  70  62 120 160 167 127  85  64  53  47  44  46  45  46  49  41  37  36  37  39  41  45  43  41  41  41  44  35  40  39  30  30  30  24  21  20  15  14  18  19  19  22  17  16  17  16  19  20  20  16  16  20  21  14  13  13  11  14  14  13  11  11  13  14  15  14  16  15  14  20  23  16  14 
 61  60  60  60  57  58  55  54  59  62  59  59  54  58  60  62  67  69  63  63  61  61  61  57  58  61  98 106  96 137 154 165 135  70  48  47  42  40  43  45  47  46  42  42  39  41  39  45  44  41  41  39  38  39  39  39  39  37  33  23  21  18  24  19  15  19  20  17  17  15  12  17  18  17  18  18  12  12  12  17  19  17  15  13  12  16  13  11  11  12  11  13  11  14  15  13  14  18  17  14 
 55  60  58  60  53  56  58  61  60  60  57  55  57  55  61  65  65  69  65  64  64  56  54  58  56  60  70 105 146 147 122  78  71  60  43  36  39  39  39  45  46  43  44  41  41  37  40  37  40  42  40  36  39  38  37  36  40  40  38  33  23  16  28  21  17  20  14  14  14  11  14  14  13  16  13  14  14  12  12  13  17  16  18  16  11  12  13  14  17  11  13  15  17  14  11  14   9  13  19  17 
 58  60  58  58  55  59  61  60  62  59  56  60  65  63  61  65  66  65  62  65  72  61  55  58  63  64  90 130 151 133  75  59  56  56  50  40  36  38  37  41  41  42  40  41  41  40  37  37  37  38  36  35  38  37  34  36  36  33  34  31  27  21  19  15  13  19  17  13  20  12  13  17  15  12  12  15  16  14  13  16  12  13  17  13  11  13  16  16  21  17  19  19  18  14  12  11   9  11  16  16 
 55  53  56  58  61  60  63  61  58  58  59  65  65  61  63  62  63  61  56  55  62  62  61  63  67  93 132 147 130  84  63  62  48  51  49  47  38  33  36  37  34  36  35  37  40  36  30  38  33  29  31  36  36  38  36  36  37  32  29  29  26  26  21  14  15  24  23  16  14  12  16  17  15  13  13  13  13  12  16  17  16  14  17  10  11  11  14  15  17  17  15  15  12  12  17  20  16  12  17  18 
 55  57  54  57  62  62  55  59  61  61  62  64  66  64  57  54  60  60  54  59  60  64  69  75 102 138 147 126  80  62  56  50  50  47  43  47  45  42  42  39  41  42  41  41  41  34  26  26  30  34  35  32  32  36  36  33  33  28  28  26  26  24  24  16  16  23  28  25  16  13  16  15  14  15  17  15  16  16  18  22  24  22  24  13   9   8  11  12  13  17  15  15  15  16  16  20  20  12  15  18 
 52  53  53  54  56  61  56  61  67  68  61  68  70  66  56  52  57  54  62  64  60  65  90 123 145 145 111  79  57  53  52  52  44  40  36  43  47  48  51  52  49  47  42  39  41  41  37  34  38  39  38  36  34  30  32  30  30  30  28  28  25  30  31  22  17  18  29  31  27  20  16  14  17  18  18  20  18  21  24  21  17  19  30  28  16  10   7   9  11  17  19  20  15  14  16  17  20  18  15  15 
 55  55  58  57  58  59  61  59  64  68  68  69  66  60  52  56  60  57  67  71  80 110 139 149 137 101  70  59  60  54  51  48  41  39  39  42  45  44  45  48  47  44  41  42  45  46  40  41  40  41  46  46  44  41  41  38  43  38  37  38  28  29  29  22  20  19  26  32  29  18  13  14  18  19  17  19  21  25  26  19  11  15  20  28  25  14  11  16  12  11  17  16  13  13  16  14  17  23  21  19 
 57  58  58  60  57  63  60  59  61  66  63  62  56  58  55  57  62  67  68  94 137 149 146 129  86  65  62  53  52  48  44  38  44  46  46  41  43  46  42  39  38  41  38  38  38  42  39  33  38  39  44  44  43  38  37  43  36  28  27  21  19  20  22  20  17  18  23  27  27  21  17  17  15  14  14  22  24  21  22  17  15  16  16  16  15  15  14  14  10  14  23  20  15  13  14  11  11  13  16  21 
 53  55  57  56  55  61  65  62  60  62  57  55  55  55  61  66  63  73 101 143 155 146 113  71  61  57  53  54  50  50  46  40  43  46  46  43  43  45  43  37  37  36  31  36  36  38  39  35  35  35  40  42  46  37  37  39  37  30  21  13  16  17  18  15  19  20  22  23  21  18  21  20  18  15  12  19  19  19  20  18  15  18  16  12  14  16  15  16  20  23  27  27  23  16  11   8   7   7  10  16 
 60  56  59  49  55  60  61  65  61  59  56  54  56  57  64  65  78 124 157 137 109  85  66  59  53  57  52  52  55  57  59  54  49  48  45  45  43  47  44  41  39  40  39  36  35  34  32  26  24  27  35  41  39  37  36  34  34  37  32  24  25  22  14  14  18  19  21  19  14  16  17  17  16  12  10  15  17  14  16  19  14  17  21  14  16  21  17  19  20  21  21  19  19  22  22  16   8   7  11  13 
 62  61  60  57  59  56  52  54  54  54  54  57  68  67  72 106 145 154 122  78  68  62  60  57  56  55  54  56  53  53  58  54  51  49  48  43  46  48  41  41  40  44  38  40  36  26  23  23  25  26  29  36  37  37  40  33  36  38  33  30  28  22  10  10  13  17  19  20  13  11  13  13  13  10  11  18  18  14  13  15  16  16  19  18  17  21  15  17  15  16  13  15  22  26  25  24  11   6  10  14 
 67  66  62  59  54  52  54  54  51  56  63  69  67  79 127 159 156 138  80  66  66  62  60  58  60  58  53  53  52  52  52  53  49  52  47  42  46  47  42  43  46  46  39  38  32  27  19  17  21  24  27  32  37  33  33  33  37  37  37  35  31  29  29  25  24  23  20  22  19  17  15  14  15  12  15  16  19  17  15  15  21  17  15  17  16  13  13  13  16  16  12  16  18  21  23  24  17  11   9  13 
 65  68  61  56  49  50  53  58  61  60  65  66  80 136 158 160 160 149  96  81  70  62  60  54  58  56  53  52  52  55  58  54  51  53  47  43  45  47  45  48  49  45  39  32  30  24  19  17  18  17  22  30  31  36  31  29  33  33  34  41  35  29  34  35  35  30  18  20  20  20  20  19  17  17  14  15  13  14  17  17  20  19  18  21  19  17  15  13  17  15  11  15  22  22  23  24  17  16  14  15 
 62  59  58  56  56  52  56  54  64  67  66  80 130 158 165 177 178 173 161 149 147 137 137 132 133 124 122  93  75  61  55  51  52  51  51  50  46  45  47  49  46  46  38  34  34  30  29  22  18  16  18  25  33  37  34  32  32  36  41  47  42  39  41  39  39  35  17  20  22  14  17  18  17  15  15  14  13  13  15  14  15  19  22  21  19  16  19  15  18  19  15  19  21  20  23  20  18  16  15  14 
 53  57  56  55  53  48  55  58  63  69  70 117 151 131 122 118 131 136 138 145 142 146 134 102 139 156 150 160 167 142 113  77  58  57  56  58  51  47  45  47  48  50  42  36  34  32  32  31  27  26  25  30  36  34  31  31  35  42  39  40  43  42  37  38  47  41  17  19  21  17  17  17  17  15  10  12  13  13  14  16  14  15  17  18  20  23  28  27  23  24  22  20  23  24  24  18  19  16  15  14 
 54  57  53  50  53  50  47  53  58  66 102 168 126  65  47  52  66  69  71  67  62  61  54  43  46  46  43  83 110 140 168 166 129  81  58  55  55  51  47  49  47  46  44  37  35  35  33  32  32  32  32  34  36  31  32  30  36  45  37  22  24  26  25  27  38  41  23  18  19  19  19  19  21  18  15  13  16  13  13  16  17  14  13  14  20  23  27  22  19  21  20  21  25  27  19  12  14  14  16  16 
 56  59  55  55  53  55  40  40  54  75 132 166  93  51  62  71  71  67  68  77  76  71  70  50  44  44  58  63  61  71  91 120 150 162 118  67  58  54  46  49  50  45  46  44  34  36  32  34  33  32  35  36  34  26  19  22  28  37  36  29  26  23  24  29  38  35  26  13  14  17  17  17  23  18  17  13  13  12  12  13  19  15  11  10  13  17  16  17  18  18  22  20  17  24  20  10  12  11  11  11 
 54  57  52  53  53  47  36  39  51  88 151 160 114  92 126 168 139 127 150 142 145 142 122 140 137  88  61  50  53  55  61  49  64 122 166 142  86  61  52  52  50  50  46  44  39  36  34  36  36  36  39  37  36  31  22  20  21  31  36  39  36  36  32  34  34  30  21  14  10  13  15  16  19  19  16  14  15  14  14  11  18  19  12   9  12  17  15  14  17  15  15  12  12  18  19  15  18  14  11  12 
 53  54  50  48  56  48  41  39  51 104 160 153 115 130 148 168 166 161 168 185 169 160 161 169 167 147  75  52  64  53  42  55  61  59  95 154 153  86  54  51  52  49  45  43  36  37  39  37  39  39  42  42  38  39  34  35  42  47  44  34  33  33  34  31  30  29  18  17  13  12  11  14  14  14  16  19  16  17  19  19  21  21  16  11  10  15  17  14  16  15  13  15  16  18  16  17  24  27  23  18 
 55  55  42  45  54  61  53  55  64 117 170 119  46  35  88 167 130 159 234 246 231 195 186 196 172 139  94  70  79  74  70  68  62  53  47  72 138 144  79  51  54  46  47  45  38  37  37  39  35  33  31  36  33  33  35  35  46  49  42  39  41  52  34  24  21  18  18  18  22  17  15  13  10  13  15  20  18  14  17  23  17  22  17  10  13  14  16  13  14  16  15  17  17  17  17  17  22  23  22  17 
 52  53  47  49  55  56  59  62  71 112 146 112  76  61  81 161 158 146 204 212 247 245 215 211 164 112  84  74  87  87  78  75  50  39  40  40  83 159 139  70  52  54  47  44  40  40  34  32  36  33  31  29  34  34  36  39  39  34  24  26  31  31  22  21  24  20  19  22  24  21  19  12  14  16  15  17  17  13  15  14  13  14  14  11  14  17  19  14  16  21  19  15  18  19  21  21  21  18  16  17 
 55  54  51  55  56  56  60  65  65 112 155 116  89  90  65 154 223 147 143 176 250 253 224 110  87  95  87  74  71  70  66  70  58  60  51  59  52  88 159 117  65  63  54  47  37  27  20  17  25  24  23  24  22  24  29  25  22  18  16  16  19  17  14  19  19  13  16  21  18  16  16  16  18  15  16  20  19  17  16  17  16  19  14  16  16  15  17  16  19  21  19  20  19  16  18  18  16  18  17  13 
 63  56  57  62  61  61  66  62  67 110 156 150 144 149 103  61 150 154 152 154 157 153 159  98  76 112 121  72  58  55  57  56  54  56  57  50  40  42 125 156  89  63  56  49  40  28  23  19  23  25  22  27  25  22  21  16  15  16  19  15  17  16  11  14  15  14  18  18  17  16  15  15  15  15  14  16  19  18  17  18  18  18  17  19  15  11   9  15  16  18  17  15  15  19  17  13  17  18  18  17 
 61  60  58  57  58  58  57  63  74 125 152 156 154 159 146  52 112 152 146 141 138 136 147 153 113 140 161  75  66  64  64  57  52  50  50  46  37  38  97 158 118  71  68  62  50  46  35  33  32  36  33  38  35  24  20  16  13  16  16  17  15  16  17  15  14  16  18  16  17  18  14  13  14  15  16  18  22  19  18  19  21  24  26  28  26  19  11  11  12  15  16  10  12  20  17  15  12  17  18  19 
120 128 115 116 116 120 110 115 125 149 152 151 157 157 145  58 115 151 150 149 144 151 155 162 139 142 156  77  66  65  69  59  57  56  49  53  49  43  73 146 152 115 128 131  77  49  35  27  27  34  32  33  32  25  21  13   9  14  15  14  17  16  19  14  14  15  16  16  21  17  16  15  13  17  17  15  19  20  18  19  19  21  22  22  26  25  13   8  10  14  21  16   9  11  14  17  15  13  14  19 
122 129 132 141 132 133 136 124 129 139 144 144 156 161 144  60 111 149 148 143 152 158 158 165 141 140 157 105  90  70  58  57  54  54  52  52  61  58  55 128 164 156 142 153 107  50  39  23  24  31  27  27  25  25  25  17   9   8  11  12  14  17  18   7  11  14  11  12  15  14  14  14  12  17  16  14  14  19  19  17  15  11  11  15  22  24  14   8  10  15  22  25  14   8  13  17  18  20  21  21 
 68  72  66  73  73  75  82  79  84 117 132 139 143 155 140  60  89 133 126 125 154 166 163 163 145 142 162 111 106  84  58  51  55  60  57  53  50  52  57 114 161 126  77 109 128  69  40  29  25  27  30  24  25  26  32  32  27  18  10   8  12  20  29  20  18  21  16  20  20  22  15  11  15  18  17  16  19  19  23  23  19  17  11  15  19  24  19  14  15  16  20  24  20  13  12  15  14  19  22  24 
 68  70  65  67  66  71  75  72  85 102 129 141 147 155 150  89  73  95 102 120 157 167 167 162 139 133 146 108 109  80  70  64  59  57  58  51  46  45  60 108 156 109  53  79 131  79  38  30  23  20  22  25  26  28  28  24  27  33  30  26  27  26  29  28  25  21  19  18  19  23  17  13  14  15  15  14  19  21  21  20  22  20  16  17  18  19  19  16  13  13  13  16  25  18  11   8  11  16  15  18 
 69  70  71  63  63  70  72  78  87 111 136 143 149 152 153 150 143 130 138 157 167 164 161 164 142 144 140 109 113  97  84  70  63  62  57  52  53  49  62 112 160 108  60  64 127  82  34  22  20  19  14  21  26  25  24  23  24  29  28  34  24  15  16  19  19  17  18  14  18  21  16  15  11  12  15  15  15  20  22  20  23  22  18  22  20  14  13  13  10  10  12  15  18  18  15  13  11  16  17  18 
 67  66  72  69  67  72  76  76  76 105 126 128 127 129 130 131 130 128 133 149 155 167 180 181 155 127 129  98 104  98  92  84  78  70  65  65  68  76  77 115 160 105  63  67 128 109  55  34  30  29  23  24  27  23  19  22  25  21  16  17  16   9  11  13  13  17  19  16  17  20  18  16  10  11  14  12  15  20  22  23  20  22  21  23  23  18  14  18  14   9   9  15  14  13  17  17  14  14  16  15 
 67  71  69  68  70  72  67  73  78  78  79  78  83  87  84  86  80  86  75  83 108 159 221 214 203 149  82  68  76  98 108  94  87  88  84  87  89  90  95 142 166 100  61  65 117 105  70  52  33  30  27  24  28  23  23  21  25  25  20  21  18  13  13  11  10  14  19  19  19  26  25  21  17  18  16  14  17  19  19  19  20  19  22  25  26  31  33  38  31  13   9  12  12  12  15  16  15  12  12  12 
133 127 100  78  74  63  72  74  77  83  87  85  82  87  91  89  86  85  82  80  98 139 204 220 227 194  77  63  71 160 207 186 177 166 140 128 133 126 162 182 165 108  67  54 111 111  47  31  18  19  20  23  25  24  23  21  24  29  29  28  25  23  22  14  13  12  13  13  15  21  25  21  16  16  15  12  13  14  15  14  18  22  20  23  31  28  27  27  36  27   8   8  12  15  16  18  15  11  11  13 
176 177 159 111  73  73  76  75  81  81  86  84  83  82  82  81  86  82  76  82  96 101 125 172 183 162  71  62  71 140 189 173 146 106  77  75  78  86 100 149 166 102  61  62 111 118  46  30  22  15  21  21  21  20  19  20  22  21  19  17  17  23  21  13  13  17  16  12   9  14  14  12  10  13  14  13  15  16  10  10  15  21  24  24  28  22  16  21  33  29  12   7  10  14  16  16  13  14  14  15 
174 179 179 160 111  77  80  81  78  78  81  76  80  82  80  81  86  97 100  98  99  95  89 102  98 102  91  82  85  92  97  98  87  82  80  82  79  84  86 123 154 107  67  60 103 119  58  45  31  19  17  15  14  13  13  13  14  20  18  16  17  26  24  16  15  20  21  17  18  22  25  17  11  11  13  16  16  18  14  13  14  21  26  29  26  27  24  25  30  29  13   8  11  11  16  13  13  14  17  20 
178 178 186 180 163 115  82  82  78  80  74  72  75  82  82  93 124 148 149 144 133 137 119  98  92  87  95  96 105  94  87  89  92  90  83  85  85  85  92 129 161 108  64  52  97 133  60  43  43  33  28  18  18  26  17  13  12  18  19  17  17  22  21  22  23  22  20  24  22  25  24  17  12  14  18  15  14  16  18  20  18  21  22  28  24  15  15  25  29  30  16   8   7   8  10  15  16  13  15  21 
181 183 187 181 175 165 128  80  71  78  77  73  77  81  94 137 153 150 161 168 159 138 132 113  90 106 110  96  96  86  76  76  85  87  86  87  85  92  94 126 160 102  60  55  86 136  67  38  43  43  40  33  31  36  33  24  20  24  25  22  20  18  21  20  18  23  20  22  20  22  23  16  11  13  16  15  13  13  18  22  19  14  18  25  22  19  17  19  26  28  26  10   6   8  11  13  14  14  12  17 
173 183 184 181 177 172 170 138  87  66  73  75  73  72 112 151 158 182 189 186 186 167 124 110  92 122 134 103 105 104 100  99 106 100  94  90  83  88  96 127 163 102  58  48  77 132  76  40  38  41  35  34  30  29  31  26  23  27  29  29  23  19  24  19  15  18  19  21  17  20  25  16   9  12  13  16  16  13  18  23  19  13  13  20  20  20  15  16  23  32  32  17   7   8  10  13  11  12  14  16 
155 165 179 175 170 171 174 179 135  79  71  72  70  77 124 149 157 193 234 208 186 178 146  98  82  72  80 112 126 121 126 127 133 129 119 114 100  88  93 133 166 106  60  52  78 134  77  43  35  29  24  24  26  23  23  21  20  20  21  24  23  23  22  17  18  16  17  14  16  21  22  15   8  11  13  15  16  18  20  22  24  20  13  20  20  18  18  20  24  26  16  12  10  12  11  10  12  12  15  17 
148 152 161 172 172 171 172 177 152  86  71  68  67  79 129 165 150 162 253 224 189 180 157 104  68  62  59  88 103 112 120 114 123 123 125 127 101  80  85 140 169 104  62  52  73 141  88  45  39  23  18  17  19  20  19  19  17  16  15  18  24  29  24  20  16  13  13  15  20  20  20  19  12   7   9  13  14  14  18  20  26  21  20  27  26  26  24  23  24  15   6   9  10   6   7   8  10  10  17  17 
148 162 156 165 177 171 171 167 155  94  75  75  71  77 137 172 153 162 254 224 188 185 165 116  89  75  49  41  50  70  61  68  61  57  74  62  56  63  77 138 175 107  57  60  61 137  89  41  43  27  16  16  17  17  19  19  18  22  25  20  22  18  20  18  14  16  24  25  23  22  23  25  17   9   9  16  14  12  16  17  25  19  17  20  26  26  24  24  24  15   9  14  11   7   6   7   7  10  14  14 
135 161 157 151 167 167 166 167 165 113  81  77  75  83 139 165 155 136 204 207 182 179 163 127 115  74  53  44  98 151 132 126 118 116 112  79  78  66  59 137 181 105  57  53  51 117 100  49  42  36  29  21  20  16  17  17  19  25  19  13  19  15  15  13  13  15  17  21  17  18  21  30  20   9  10  13  16  15  14  18  16  14  16  22  21  18  19  19  22  24  17  21  21  13   6   7   7   9   9  10 
128 159 153 148 150 158 157 162 148  93  75  79  85  94 140 160 164 161 168 184 184 178 162 126 114  77  51  69 152 201 193 192 187 188 188 185 150  69  63 138 173 105  59  51  48 104 133  67  54  47  39  28  20  18  22  14  17  24  20  14  18  21  19  18  18  16  15  19  18  20  23  31  22   8   9  13  13  13  15  17  12   8  12  20  19  15  11  13  14  20  19  23  23  16  11  10  10   9   8   9 
142 169 150 140 148 143 145 151 132  87  82  94  88  98 137 155 165 174 181 184 179 179 163 127 118  91  65  77 159 174 172 174 175 175 174 180 162  73  65 131 174  96  61  57  46  77 142  91  53  49  32  25  20  23  33  21  17  24  24  17  23  25  27  25  26  18  20  20  18  20  23  27  19   9  12  14  10   9  14  16  16  10  13  20  18  12   8  13  16  16  17  19  19  17  19  22  21  25  19  16 
151 166 155 143 151 141 133 141 136 120 106 107 103 120 158 160 167 178 174 178 176 177 164 134 131 115  60  47  81  76 100  95 103 149 129  68  98  80  82 139 165  97  56  55  55  57 119 133  75  52  31  27  28  22  24  26  18  18  20  17  21  28  25  15  15  17  16  15  17  15  19  15  14  10  12  17  17  13  15  19  18  15  17  22  19  24  15  12  16  13  13  14  15  16  17  16  15  23  24  23 
152 161 163 157 156 154 136 129 141 150 150 151 159 165 169 171 168 165 167 171 172 174 171 160 159 161 132 130 124 113 112 111 123 162 128  73  98 115 135 160 161 102  59  54  49  58  85 126 127  79  55  48  41  40  39  34  21  13  15  15  17  26  31  29  33  35  23  18  17  19  24  14   9   8  15  19  20  18  14  17  15  11  16  18  19  19  18  13  14  12  11  12  12  14  10  11  13  19  22  20 
154 165 162 161 164 155 151 158 135  97 116 109 109 131 157 166 145 115 140 150 147 133 139 156 155 130 108 138 123 143 128 149 128 144 141 142 163 169 169 175 177  97  58  54  49  55  75  81 103 132  91  64  49  33  28  31  29  21  17  13  15  22  31  34  32  40  40  22  16  20  26  18  13  10  13  14  13  16  10  14   9   7   9  16  18  15  18  12  15  16  14  13  14  14  11  12  12  16  13  13 
158 173 172 165 168 168 171 166 164 147  92  86  72  92 149 132  70  52 111 132 108  68 124 149 135 104 100 110 103 101  98  96  75  89  82  84  90  92  97  99  95  74  56  49  53  50  72  90  62  86 118  94  55  32  26  26  27  24  20  19  21  18  21  21  22  25  32  23  15  16  16  16  16  14  15  16  14  15  11   8   7   9  12  13  19  19  19  14   9   9   9  10  13  12  12  11  15  19  15  10 
170 175 176 174 178 176 178 146 104 102  70  75  67  81 149 142  69  54 112 138 125 120 167 162 143 147 154 161 162 160 170 167 160 170 159 103  70  67  64  61  58  63  57  48  51  57  71 105  81  52  69 116  99  48  30  24  23  22  23  19  16  13  16  14  16  16  18  17  16  16  16  18  17  21  21  17  17  17  13  16  16  12  10  15  17  19  17  18   9   7   7  12  15  13   9   7  10  15  17  14 
178 182 183 185 177 169 144  96  74  65  69  73  66  79 153 146  55  45  98 124 127 136 158 170 158 157 169 158 157 167 168 176 173 182 161 106  75  71  60  59  62  61  58  51  45  48  55  99  95  52  48  60 101 107  58  30  31  29  29  17  14  17  18  18  19  19  15  16  14  14  14  18  17  16  16  13  15  17  14  13  15  14  11  10  14  15  15  21  16  11  11  11  16  12  10  10  13  15  14  16 
187 188 188 183 167 125  80  72  77  69  70  72  62  79 152 145  64  81 114 120 123 125  96  74  76  91 112  95 108 112 118 116 118 121 108  83  72  68  60  61  60  65  63  50  49  43  47  74  74  47  49  45  44  80 117  91  46  38  36  23  14  13  16  15  15  14  12  14  12  10  13  16  14  15  14  13  15  17  14  11  12  14  14  13  15  19  23  24  23  18  17  14  12  11   8  10  15  13   7  11 
185 182 185 165 118  74  67  73  75  69  73  71  69  82 120  91  86 211 234 231 229 215 108  77  83  73  62  72  69  60  56  50  57  54  60  65  68  62  57  61  61  60  52  46  45  43  44  71  85  54  36  37  39  35  66 113 112  67  35  16  14  14  14  14  13  13  13  16  16   8  11  14  12  16  14  14  15  15  13  13  14  18  21  22  20  20  23  22  24  21  17  13  14   9   7   8  17  14   7   8 
182 162 148 106  76  67  64  70  77  74  69  67  69  79  91  57  69 215 249 244 250 243 140  99  90  68  66  68  63  62  65  66  67  69  68  66  64  64  63  58  61  63  50  46  36  38  43  55  98  66  37  42  35  37  32  38  95 147 117  45   8  10  13  13  14  17  19  22  20  12  11  16  15  13  16  16  15  17  15  14  16  19  24  26  24  21  21  20  20  23  19  20  17  10   9  10  19  18  13  14 
167 127  98  75  71  63  60  65  72  69  69  72  68  67  73  63  52 118 147 146 147 138 105  94  88  69  64  62  58  56  63  66  69  71  69  70  68  70  65  62  65  57  53  44  37  32  39  49  93  85  44  33  34  36  33  36  46 107 143 131  82  33  18  10  11  16  18  20  16  12   9  11  14  15  21  17  14  14  13  14  16  22  25  22  19  16  19  17  21  22  19  21  23  25  17  13  16  19  23  21 
 95  85  81  76  76  74  65  67  66  69  71  72  74  86 134 134 108 133 159 145 117 103 114 123  92  70  63  65  64  64  62  63  64  64  61  66  67  64  62  63  63  60  57  49  39  32  38  46  64  68  44  31  31  32  32  34  37  64  93  71  86 104 103  95  70  39  22  22  14  12  13  14  17  15  15  14  16  12  14  14  15  17  18  14  13  16  15  17  19  21  17  19  23  21  17  16  18  20  22  22 
 83  83  80  72  73  73  70  61  65  62  67  68  71  96 162 166 156 157 161 153 178 185 131 102  85  74  65  65  62  64  65  65  64  64  59  63  71  62  64  63  62  62  55  47  39  32  37  39  52  61  46  35  35  34  34  39  31  44  83  65  34  33  38  86  97  64  57  75  48  19  11  10  10  14  13  14  14  13  14  13  16  13  14  11  10  14  15  16  17  21  21  18  19  14  11  10  19  20  19  22 
 82  82  78  69  71  72  72  66  69  66  69  69  77 105 163 181 179 137 148 158 177 187 112  79  69  67  60  62  68  71  71  67  64  65  60  63  63  59  63  61  61  56  55  51  39  37  38  36  47  70  54  38  36  33  31  35  33  34  63  86  36  16  16  19  19  20  33  69  75  81  82  62  34  11   6   8  10  13  12  13  15  14  17  14  14  15  12  16  20  23  21  15  11  13  11  11  15  20  20  23 
128 145 120  63  71  68  66  69  67  69  72  84 121 148 169 158 154  65 105 150 143 129 103  83  70  66  64  63  67  68  67  60  64  68  65  59  56  58  58  59  54  49  51  47  40  38  33  37  42  63  65  43  34  35  34  32  29  30  34  52  36  14  17  21  18  16  16  21  22  28  69 108 115 109  72  44  26   8   8  12  16  14  14  19  21  21  19  19  24  25  23  14   7  10  14  16  20  23  22  22 
157 161 143 107 108 115 111 112 110 100 154 164 155 174 173 146  98  76 101 138 134 102  82  71  66  70  66  64  67  62  61  62  64  65  60  55  54  55  54  55  53  55  49  45  42  39  33  36  36  54  68  41  29  37  33  30  28  25  27  34  27  17  16  20  20  13  13  18  17  16  19  29  43  73  82  98 101  63  33  22  22  21  18  27  29  23  15  15  19  24  22  15  10   8   8  15  20  24  28  24 
152 151 153 161 162 165 157 144 169 156 148 166 162 170 180 171 147 119 133 176 166 107  75  72  73  69  65  62  61  72 157 132  63  63  55  58  57  55  56  53  52  52  51  44  36  36  35  35  38  42  58  43  31  34  33  36  30  25  26  27  18  12  12  14  17  16  14  14  15  16  17  18  21  15  17  26  42  47  40  45  76  90  72  54  35  18  11  14  18  27  18  14  12  10   7   9  14  21  27  23 
171 134  98  93  88  93  69 103 168 170 166 172 184 188 165 132 149 159 165 172 164 104  73  77  71  71  66  66  51  76 147 104  64  67  78  75  62  55  61  56  55  51  56  44  36  38  37  37  34  34  50  51  36  36  35  32  30  25  25  31  23  14  13  12  16  16  15  17  15  14  13  15  15  17  23  20  18  15  19  20  36  54  83  99  76  43  21  15  22  23  13   9  14  15  10  13  14  19  20  18 
206 151  72  66  68  71 103 150 143 137 178 202 194 199 134  95 120 171 189 189 190 168 125  87  75  81  76  61  46  41  51  69 114  92 126 104  63  58  60  58  54  52  52  39  37  36  33  32  36  35  48  57  38  31  29  30  26  26  27  30  30  27  14  13  14  17  16  17  17  13  12  15  16  20  36  32  18  14  13  14  19  20  28  41  55  65  62  40  25  23  15  12  16  17  19  15  15  20  22  22 
151 120  78  73  67  72 121 163 146 160 212 195 193 195 130 122 143 230 248 248 234 245 230 126  71 103  95  56  58  60  52  30  94 184 197 103  64  64  60  56  56  53  51  39  35  34  33  33  32  35  47  58  43  31  36  32  27  26  26  29  37  50  48  18  17  19  21  19  22  22  18  11  12  17  19  23  16  18  14  13  16  16  20  26  30  34  53  61  41  23  17  14  16  17  19  18  17  21  26  19 
156 115  85  71  68  73 118 144 123 149 165 183 193 182 109 102 133 235 254 253 235 235 174  96  69  62  66  60  59  62  71  89  98 153 209 139  59  57  66  60  53  53  52  43  42  39  33  32  35  39  43  56  53  34  33  36  31  27  26  32  31  48  55  18  14  17  16  19  21  21  19  18  11  11  13  16  16  15  14  16  14  17  18  26  31  33  29  40  59  54  21  11   9  12  14  16  16  22  30  23 
157 111  77  70  68  74 120 157 142 154 163 176 179 170 103  79  96 193 237 234 209 176 132  75  66  56  56  54  58  54  72 129 136  83  61 167 150  77  63  63  54  54  50  41  41  37  37  40  38  39  37  57  62  37  34  33  33  29  26  28  30  47  79  38  16  18  18  15  18  19  18  20  16   9  11  15  18  16  13  18  17  16  16  25  36  31  30  30  35  66  48  12   8  12  12  14  15  24  28  22 
167 115  75  68  60  70 112 148 146 156 153 159 157 142  89  74  84 156 181 144 171 167 119  75  62  53  51  60  61  60  59  66  62  64  45  46 128  89  63  56  58  57  51  42  38  35  40  42  39  41  43  59  66  46  37  38  36  33  33  31  32  44  75  45  19  20  21  18  14  19  18  19  18  13  15  15  15  16  14  15  14  15  14  19  29  35  32  29  25  29  41  29  14  11  13  16  16  23  23  19 
154 120  71  62  54  59  68  74  80  78  69  80  80  80  72  70  83 144 175 158 152 160 110  69  61  59  49  58  60  61  60  58  61  55  61  58  63  71  64  58  56  51  50  44  37  38  39  38  40  45  48  64  75  49  40  43  40  40  43  42  43  48  69  37  15  18  20  19  17  17  16  17  18  17  15  12  14  14  11  16  17  16  16  17  27  32  28  22  18  22  32  43  50  32  17  17  18  20  22  19 
120  87  59  56  50  59  55  55  60  56  56  58  61  63  68  66  75  99 127 130 132 132  93  65  60  56  52  52  57  61  58  57  56  56  60  61  65  60  53  56  53  48  46  42  37  41  39  35  42  44  48  71  91  65  46  48  55  56  61  59  63  68  68  34  14  12  14  17  16  17  16  13  14  17  18  13  10  15  15  15  18  17  21  22  23  27  18  13  16  23  30  29  47  58  24  12  13  18  25  22 
 60  55  51  49  46  50  47  51  55  53  56  59  56  64  60  58  59  69  74  75  74  74  69  66  59  54  55  56  63  63  59  62  62  54  57  57  56  54  54  56  56  51  43  37  35  37  37  35  36  43  54  78  82  69  59  56  63  77  82  84  75  69  66  44  20  12  14  17  16  17  15  14  11  13  15  14  12  15  13  13  16  18  19  19  16  23  25  24  26  28  31  29  29  31  36  28  20  18  26  23 
 47  46  48  40  44  46  50  47  49  52  52  58  59  65  64  52  56  68  67  69  67  69  67  63  63  59  56  63  60  55  57  62  62  58  56  56  52  49  54  49  54  51  43  40  35  37  37  42  43  52  65  73  70  65  65  62  64  75  82  76  70  71  59  40  25  14  13  17  18  15  15  14  12  12  12   9   7  10  14  14  11  13  14  10  12  19  22  25  27  27  27  22  23  25  27  45  50  27  18  17 
 42  43  41  39  43  44  49  50  48  41  43  53  59  58  55  49  58  59  55  64  68  68  72  70  64  57  62  67  64  59  60  58  57  57  53  52  52  49  49  47  43  46  44  40  37  39  42  52  63  62  55  55  57  59  67  72  69  67  81  78  71  74  62  44  31  16  12  16  14  14  14  17  15  15  18  18  13  14  19  16   8  11  12  14  17  26  24  22  26  25  20  11  13  19  25  32  38  65  82  47 
 39  40  37  38  42  41  40  41  41  30  31  43  43  41  40  43  49  52  58  68  65  57  58  64  62  53  58  64  59  53  54  52  49  48  50  45  42  41  40  39  36  41  38  41  46  52  62  70  58  44  37  42  48  58  74  74  73  71  81  86  83  78  74  65  47  29  19  12  11  14  13  13  13  15  17  19  22  18  18  17  12   8  11  14  23  26  22  18  18  15  16  15  12  15  24  29  26  39  69  90 
 34  37  39  40  39  38  30  30  34  32  26  32  45  50  48  47  53  56  59  52  49  47  42  47  55  52  63  60  53  55  54  49  40  42  46  44  36  38  35  36  33  34  41  55  60  51  48  42  35  33  35  37  42  64  79  84  75  74  84  88  85  77  73  80  68  39  25  13  14  14  12  14  12  12  14  19  20  16  14  14  12  10  12  12  18  25  23  17  19  18  18  18  16  12  19  26  28  27  26  30 
 38  45  46  39  40  37  31  31  47  52  48  58  66  67  53  41  41  44  46  43  43  47  50  50  43  51  61  67  54  60  59  42  31  41  46  37  35  37  39  45  49  49  51  51  42  39  36  33  29  29  32  31  35  64  82  85  83  90  95  99  99  78  73  78  52  23  21  23  19  14  15  15  14   9  12  20  22  21  15  20  16  13  11   8  12  16  20  25  22  18  17  17  15  11  15  19  24  24  28  30 
 38  47  43  33  35  38  43  47  53  55  67  66  69  59  50  53  55  62  54  47  44  45  50  55  56  55  55  61  61  66  66  61  55  56  59  58  62  65  67  50  46  43  40  33  34  33  37  36  32  34  35  31  40  66  77  85  87  93  88  87  85  82  68  50  16  13  19  20  19  21  18  13  15  14  19  24  29  25  25  28  31  23  13   8   8  13  15  22  23  20  18  19  15  15  15  15  13  17  27  26 
 36  36  36  30  29  34  38  44  40  44  55  63  49  33  44  60  59  54  40  34  38  48  55  55  59  60  67  75  83  94  94  89  91  90  93  87  70  59  53  43  32  40  39  35  35  30  31  35  32  41  37  41  54  77  79  87  88  85  73  79  84  74  46  32  25  17  16  12  11  13  14  11  10  15  18  23  21  15  14  24  31  29  17  10  10  12  12  16  18  19  17  21  20  21  24  21  17  20  23  26 
 31  35  39  39  30  30  32  41  40  55  71  62  39  38  36  42  43  43  49  50  50  54  57  65  76  79  80  78  87  87  83  88  81  65  54  41  36  34  41  41  37  37  38  36  34  32  32  34  36  35  35  57  72  80  88  91  91  78  78  83  84  55  31  31  32  22  15  14  10  11  12  11  10  14  15  18  21  17  22  26  27  22  14  14  13   8  11  17  13  14  17  20  23  20  22  20  20  20  22  26 
 26  30  40  52  47  38  40  51  55  58  61  52  40  43  46  52  55  47  45  55  61  66  75  82  86  69  61  60  60  70  82  88  53  40  43  40  39  36  37  38  34  34  38  40  33  32  27  31  38  48  53  74  83  92  86  77  70  63  78  73  57  33  27  23  26  26  18  15  13  13  16  16  14  21  26  29  28  27  29  24  20  15  10  10   9   8  12  14  12  15  17  17  20  22  18  15  13  18  20  17 
 38  39  53  58  51  40  38  43  40  37  38  39  43  44  57  58  58  53  56  73  72  68  72  68  55  37  39  53  58  77 103  90  52  37  41  43  37  35  32  38  33  37  45  40  35  37  40  40  53  57  40  51  73  74  65  52  37  33  42  43  29  28  21  17  19  20  17  18  20  20  26  28  29  29  29  24  26  20  15  14  14  13  19  18  16  14  11  17  21  21  17  17  20  18  20  20  18  22  22  19 
