103  65  47  35  28  43  53  58  64  89 148 145 102 116  93  80  83  83  94  93  86  75  73  69  70  67  67  63  63  46  41  55  59  62  59  56  53  53  60  57  56  61  60  54  55  54  58  60  63  74  74  72  73  68  65 126 162 162 164 165 169 171 170 168 165 166 169 166 169 171 173 171 173 174 175 174 173 170 154 147 139 130 117 105  94  89  88  90  83  86  83  82  75  72  73  76  75  74  76  74 
133 102  80  70  51  48  47  46  62  94 151 149 110 118  95  67  72  88 101  93  87  77  73  71  71  70  70  65  56  37  38  51  58  57  61  60  59  53  54  58  65  64  60  57  53  57  63  63  63  75  77  74  71  67  66 128 165 164 166 165 167 166 166 163 164 166 171 173 171 168 170 170 171 169 171 175 177 178 176 178 177 174 167 159 151 138 125 123 112 104  98  90  81  73  73  81  80  75  79  77 
154 148 134 125 107  88  76  72  88 118 157 155 119 125 100  67  66  96 111  95  84  79  78  77  77  75  72  68  52  32  36  51  56  58  57  65  59  58  53  60  62  63  59  60  61  65  68  68  62  73  78  76  74  71  67 126 169 168 172 171 170 168 170 164 159 161 166 168 162 166 168 168 170 169 172 170 170 172 170 172 172 172 180 177 179 178 175 168 165 152 143 126 116 107  94  89  87  84  81  80 
159 171 170 174 155 141 137 130 131 150 162 164 134 136 104  76  70 113 131 104  94  86  82  81  84  78  74  69  58  37  38  54  56  53  56  64  63  61  59  57  58  62  63  61  66  68  68  66  66  74  84  79  74  74  77 127 167 168 169 170 171 173 174 172 169 168 164 165 166 166 168 165 171 168 162 166 168 171 169 171 171 174 172 169 172 175 179 178 179 180 180 172 171 162 147 141 130 121 110  99 
147 160 162 165 155 140 140 157 165 167 160 164 149 152 122  75  73 126 158 109  96  93  85  90  86  84  77  73  67  43  44  53  56  56  59  60  64  66  67  61  62  58  61  63  68  65  70  68  71  75  87  87  78  78  75 131 166 171 171 165 169 168 174 177 173 174 171 170 170 173 166 169 167 170 165 165 164 165 162 169 168 170 172 171 170 171 170 173 173 171 174 176 176 174 177 178 170 169 163 152 
144 147 147 135 126 103 108 134 161 169 158 151 149 150 151 112  97 132 150 110  99  94  94  92  90  88  81  70  65  43  51  62  58  57  59  59  62  64  69  62  58  56  62  64  62  61  69  69  68  75  86  91  86  90  93 138 171 173 172 168 166 162 171 171 170 171 173 171 172 171 172 171 167 170 170 167 166 163 165 166 161 163 168 171 169 167 170 172 174 169 171 172 171 172 172 173 175 178 177 180 
157 143 131 105  82  63  63  94 138 157 152 152 150 148 161 147 132 147 147 109  96  92  96  93  94  84  81  73  59  34  52  67  61  57  56  60  64  64  62  64  62  62  62  62  61  65  69  74  72  73  84  91  89 103 117 150 182 184 176 177 175 166 169 169 174 170 168 167 173 172 172 162 157 165 168 166 160 159 155 161 163 162 164 168 164 166 165 166 166 170 166 172 174 174 174 172 172 175 172 171 
159 136  99  67  46  40  51  68  98 135 146 146 149 141 136 125 128 144 150 132 112  99  93  93  93  86  79  76  62  37  53  66  59  57  64  59  61  63  61  61  66  68  62  61  66  65  69  71  69  74  81  93  98  98 114 144 170 178 178 187 185 179 187 185 182 180 179 176 175 171 173 163 146 166 166 154 155 130 134 142 150 148 152 158 161 166 167 165 164 168 168 172 169 172 166 170 167 171 173 172 
160 126  75  46  37  47  51  59  71 106 141 131 142 142 108  85  80  91 118 142 120 104  98  92  93  85  78  75  61  40  51  68  60  56  61  63  58  60  61  62  64  67  64  61  61  63  66  68  70  73  73  86  95 102 115 142 157 160 164 172 172 177 184 184 189 194 191 187 182 181 179 174 163 173 170 161 163 128 124 131 133 121 114 135 147 145 165 170 168 168 171 171 167 173 166 165 169 168 173 173 
157 120  78  50  48  59  59  63  76  96 130 114 133 144  94  67  68  73  83 114  99  85  88  86  82  81  76  71  50  38  55  67  59  53  59  62  62  59  60  65  66  64  66  67  65  66  71  72  65  72  78  91  93 104 119 144 159 159 160 161 160 162 163 169 174 175 179 178 180 193 187 179 178 175 178 176 167 136 117 134 139 110 103 118 132 120 147 170 165 149 157 171 173 172 171 166 169 169 174 166 
149 109  67  63  61  70  72  66  73 100 124 109 132 137  96  70  66  70  77  90 102  81  74  80  85  79  78  73  47  37  49  57  55  52  61  59  60  62  57  57  64  70  70  72  71  70  70  70  70  78  80  83  94 103 119 145 164 163 165 165 166 167 166 165 162 162 164 160 163 168 171 171 170 177 178 168 165 141 130 146 149 121 117 117 126 121 140 165 167 135 132 164 173 173 170 178 177 176 176 171 
144  96  52  64  69  76  70  62  66  97 131 110 138 138  90  72  63  71  78  77  97  87  80  77  80  79  77  79  67  47  56  57  51  52  53  59  65  70  57  54  61  62  70  71  72  78  76  75  78  79  80  87  94  99 119 151 164 167 168 164 165 167 170 170 166 164 166 163 166 163 160 158 163 166 165 148 138 141 131 142 147 138 136 134 135 129 130 156 170 144 133 163 170 169 174 175 175 175 177 178 
146  86  43  59  65  77  72  63  64  95 126 110 140 134  93  69  64  74  75  73  77  87  86  83  84  79  77  76  73  71  80  80  70  66  66  65  62  72  57  47  54  56  56  66  70  73  77  80  77  82  83  86  89  98 119 154 169 168 168 169 167 166 170 172 172 170 173 171 166 166 160 160 160 161 161 129 111 119 115 118 121 120 128 133 137 142 140 161 180 169 142 167 174 173 174 173 173 176 171 170 
147  96  63  59  59  74  71  63  69  95 129 107 136 130  87  72  70  73  75  72  74  75  80  86  86  79  76  77  78  89 114 130 127 113 113 100  81  82  74  58  55  54  49  59  67  70  79  80  73  75  83  90  92  96 121 160 176 176 178 176 172 169 178 175 171 177 176 176 169 170 157 167 171 168 168 151 119 118 115 116 110 109 108 114 118 122 142 167 178 180 166 174 181 179 174 177 177 176 176 178 
141 103  68  55  46  59  66  65  68  98 132 109 136 134  89  73  71  75  77  74  71  72  77  77  76  73  77  67  67  81 137 179 178 174 178 156 136 105  89  80  70  74  70  70  73  62  67  81  62  63  76  86  92  98 120 158 175 178 181 181 179 179 174 176 177 177 176 176 172 168 155 173 178 176 171 165 139 127 124 131 130 123 119 114 116 111 129 162 165 170 176 178 179 178 170 176 181 186 190 185 
144 102  69  52  39  50  62  61  67 102 131 113 138 135  85  68  68  74  73  73  68  71  77  73  72  76  74  73  68  82 156 188 187 195 206 174 156 128  83  87  80  74  82  81  87  85  80  91  78  68  76  81  93 101 117 149 168 170 175 175 177 183 177 176 182 183 179 179 176 173 158 209 183 174 177 175 151 129 130 135 138 136 125 124 122 122 134 161 168 159 163 173 174 172 175 182 181 187 192 192 
151 110  67  41  33  46  60  64  65 104 143 118 139 129  86  67  70  75  72  66  70  70  66  75  72  76  71  75  74  84 162 180 182 185 198 181 161 132  86 119 121 109  99  93  98 123 140 136 130 111  93  88  90 106 124 148 164 163 166 166 167 172 171 170 174 178 179 182 182 182 173 199 186 174 176 179 151 117 130 124 124 123 122 123 124 135 147 157 170 157 155 167 170 171 169 175 178 184 187 186 
154 113  67  38  35  52  60  64  69 104 138 128 144 134  91  72  68  68  70  68  67  71  73  69  66  69  69  75  72  87 162 183 181 185 194 208 218 162 119 175 207 191 186 153 138 140 169 175 182 179 130  98  92 104 124 148 164 162 165 166 170 171 166 170 167 168 172 176 182 182 181 180 182 181 180 183 159 118 126 114 117 113 112 115 116 141 147 147 169 159 146 165 172 175 169 171 175 174 178 178 
175 115  71  40  36  51  55  57  69 106 143 134 144 131  90  70  66  73  73  75  71  73  71  67  65  65  65  72  72  87 164 183 185 184 189 203 220 168 128 179 215 209 205 192 185 183 169 177 195 201 153  98  93 105 124 146 164 165 163 162 162 165 163 168 171 167 169 175 172 173 169 171 174 182 179 178 166 139 133 123 123 124 115 116 121 155 161 153 170 170 154 163 176 178 181 180 180 179 175 173 
177 128  72  47  39  49  59  58  68 104 148 132 145 130  87  70  66  73  74  68  73  66  67  69  62  64  66  77  71  89 169 184 185 188 192 201 211 164 131 184 215 212 202 187 183 184 170 178 192 190 145  99  94 106 126 150 160 165 164 162 159 154 155 157 160 162 164 166 167 175 173 172 174 176 173 171 174 169 162 152 147 146 136 135 134 160 167 174 174 174 174 170 178 179 179 182 182 181 174 172 
148 129  74  64  44  51  57  64  72 109 142 130 144 127  85  72  66  69  73  67  64  62  62  67  68  65  68  75  76  93 165 180 182 187 196 202 214 159 125 181 220 212 207 190 186 185 172 180 189 189 145 100  97 105 129 157 166 169 167 165 165 155 180 172 162 159 155 151 157 165 168 170 173 173 161 161 171 173 171 170 171 170 166 164 165 171 173 171 180 182 185 181 181 184 177 182 182 182 178 180 
140 128  83  71  62  59  58  66  70 108 138 129 139 122  79  65  64  69  69  66  64  60  64  65  65  63  71  77  79  86 160 176 171 183 193 200 211 159 131 182 215 208 207 192 186 185 169 171 187 181 141  99  91 104 129 163 181 185 179 175 174 166 207 221 205 200 170 175 179 161 165 170 167 175 160 157 169 174 174 174 178 171 175 178 175 176 176 175 170 179 183 179 181 181 181 182 188 190 186 186 
174 126  82  75  70  67  63  60  75 111 139 126 135 122  80  64  63  69  66  66  67  66  64  66  70  70  66  75  77  99 161 168 168 182 192 204 215 158 129 184 214 213 210 193 190 188 165 149 179 179 136  97  96 105 129 174 191 196 193 193 195 188 193 197 196 212 191 199 209 175 191 177 166 170 162 157 175 176 176 175 176 176 174 175 177 177 177 174 173 171 174 173 177 174 176 181 179 181 188 188 
188 112  76  79  75  70  67  63  71 113 144 120 135 119  87  69  67  70  64  65  61  63  66  69  68  71  67  68  70  96 159 171 174 183 193 209 225 158 131 191 215 213 208 195 189 189 165 151 183 180 131  99 101 106 132 173 193 196 196 196 194 200 202 196 196 200 200 200 206 194 193 175 160 164 162 165 170 173 171 172 168 176 165 161 169 172 176 176 178 170 167 174 175 176 169 157 156 165 177 180 
168  91  68  71  73  76  67  61  71 116 145 121 127 118  82  66  65  70  68  67  69  70  67  70  69  67  72  70  70  93 164 184 188 191 191 206 224 164 130 188 210 215 208 196 192 190 171 169 193 179 133 105 101 108 134 173 191 193 198 196 196 201 201 202 207 202 202 203 202 203 199 177 162 169 175 169 177 177 170 163 163 171 159 142 144 155 158 171 176 179 158 166 171 179 174 136 126 138 174 178 
159  81  63  65  70  77  72  67  78 120 141 114 122 121  84  69  64  66  64  67  70  64  70  67  70  73  71  73  72  91 170 193 201 197 194 211 220 163 123 188 215 209 207 194 193 190 176 180 199 185 139 101  97 108 134 180 200 203 203 206 199 200 204 203 205 206 206 206 203 206 204 186 174 177 176 173 182 192 187 178 168 178 174 165 147 139 140 152 168 177 173 168 169 171 177 144 130 133 166 182 
139  85  66  72  70  75  68  64  76 114 141 116 116 116  82  67  65  70  72  66  70  66  67  69  66  71  71  65  65  95 171 199 205 206 190 191 208 151 124 189 216 212 210 192 189 190 172 189 205 194 136 101  96 110 130 179 203 207 207 207 202 200 204 199 199 203 200 196 199 197 200 190 178 178 173 161 163 160 168 173 174 179 186 190 181 176 169 161 150 149 172 169 155 156 165 160 154 153 163 176 
136  91  65  72  69  68  68  64  75 115 138 112 112 114  75  68  70  70  70  67  67  68  67  67  70  70  62  68  65  97 177 199 202 212 184 132 149 125 106 192 211 210 207 188 185 186 173 189 206 192 140 100 101 108 132 175 194 198 200 204 201 196 199 193 192 192 193 192 191 196 190 182 172 168 168 167 147 128 130 138 141 153 159 173 184 194 196 200 169 102 146 171 142 139 159 166 163 161 159 146 
136  92  58  64  74  75  68  62  77 120 143 111 114 116  79  70  66  71  69  69  71  69  70  67  68  70  71  68  73 104 182 199 209 216 215 150 123  91  91 193 212 208 204 191 188 188 169 190 203 192 138  99  94 108 133 178 215 209 202 197 195 184 161 169 183 193 192 187 189 186 178 171 171 162 160 158 159 144 140 136 123 127 121 151 177 186 189 195 176 105 132 150 143 138 161 170 165 155 148 133 
126  94  45  50  67  73  65  62  78 124 142 112 119 110  76  65  67  73  69  71  69  69  68  70  64  70  75  75  83 103 188 206 213 210 201 193 179 118  92 182 207 209 203 192 191 190 172 186 197 195 138  98  95 112 132 175 212 221 200 195 190 186 150 141 190 206 196 192 191 190 179 158 179 160 152 142 148 155 149 153 143 142 142 152 173 174 184 184 178 126 153 157 143 140 161 163 162 156 143 135 
129  83  40  42  57  66  66  67  77 122 146 112 111 101  75  67  64  70  72  68  68  67  68  69  71  72  69  75  81 104 171 195 204 188 146 148 165 133 111 176 198 206 208 192 186 181 158 173 195 185 137 102  98 113 137 176 198 198 196 200 185 190 189 181 195 208 187 186 190 190 185 158 166 157 150 141 149 156 156 149 147 146 146 149 151 159 163 169 177 168 184 178 154 151 159 148 153 160 151 143 
117  80  39  36  51  66  65  66  80 122 139 106 106 113  82  65  62  67  70  69  67  66  66  73  74  73  78  81  83 104 165 181 160 138  99  84  95 109 120 176 225 222 221 212 192 189 150 146 193 192 138  99  98 110 138 172 185 185 192 193 188 190 191 188 188 186 185 185 186 188 177 141 130 152 146 137 151 163 162 161 157 148 137 143 147 144 147 149 155 163 171 165 152 155 156 161 161 161 165 156 
 96  83  52  40  49  68  65  69  83 121 138 101  99 115  94  66  68  67  68  73  70  68  69  68  72  74  80  99 100 105 188 198 137  94  95  91  94 100 147 207 235 235 236 237 223 207 197 155 192 190 132 102 104 111 141 168 182 185 184 185 185 174 174 173 183 183 182 187 186 188 168 117 120 125 117 118 140 152 156 160 159 144 131 148 160 151 156 149 146 139 140 142 143 143 143 150 160 158 161 165 
 84  83  60  51  53  62  62  67  76 122 132 101  99 114  93  75  76  70  68  73  71  72  71  69  71  77  80 120 132 114 196 218 137  85  90  84  91 101 157 226 225 229 231 231 229 212 225 194 189 191 133 103 100 114 142 175 183 186 182 184 184 163 155 173 175 180 178 178 182 180 168 120 135 105  84  76 101 114 108 148 128 143 126 136 139 146 150 146 148 149 123 140 140 139 142 134 132 142 149 153 
 90  81  67  63  61  69  68  59  77 124 130 102 117 115  88 100 115  81  79  78  76  80  72  75  80  78  80 113 124 113 200 211 134  80  89  84  94  98 153 210 214 223 228 224 220 222 223 209 186 197 136 105 102 111 147 182 188 193 193 187 188 169 162 194 203 199 175 176 180 173 162 135 127  96  80  72  77 101 108 124 112 129 115 117 102 119 131 141 139 157 114 134 138 139 144 147 125 117 147 144 
116  70  43  60  63  69  67  64  82 134 133 103 120 118  79  99 128  88  81  81  84  84  86  87  95  89  86  97  97 113 199 214 126  79  89  88  90  96 163 213 210 213 217 217 215 218 222 206 192 195 134 114 104 118 148 177 196 197 197 197 195 175 172 176 187 199 179 177 180 180 152 125  92  94 102  86  86 120 136 131 131 128 120 117 109 108 111 117 109 120 100 128 139 117 118 140 144  99 130 138 
132  65  32  54  67  69  64  64  76 132 134 100 121 129  86  70  85  77  80  79  77  76  86  87  91  94  93 101  98 114 193 220 138  78  83  86  88  95 163 212 214 218 219 217 221 220 222 200 181 185 132 113 108 115 143 178 195 193 192 195 198 168 184 181 154 194 186 177 180 177 136 100  80  90 101  95  85 121 137 139 145 142 140 137 135 131 128 125 118 111 103 112 126  87  82  88 118  94 115 127 
138  67  37  48  68  72  65  66  76 130 136 110 128 144 101  70  67  71  80  85  83  83  85  82  81  84  89  89  85 113 202 219 138  84  83  81  89  97 174 219 218 222 222 210 213 215 219 199 165 183 148 116 110 114 139 178 189 187 192 191 195 167 182 203 186 191 187 182 182 169 132  87  66  84  78  77  81 124 140 139 144 144 139 144 143 142 144 141 142 140 137 130 121 116 106  97 100  93 101 111 
133  68  34  48  66  70  61  69  84 128 142 125 133 141 119  77  68  66  82  92  91  89  89  85  83  83  79  76  85 115 205 212 123  81  84  85  95  97 177 223 214 222 225 208 200 214 220 198 147 180 165 121 110 119 138 174 190 193 194 191 192 172 199 215 185 188 185 187 188 179 117  88  80  83  74  69  80 128 143 138 138 142 143 144 143 142 142 137 137 140 141 140 139 134 137 137 131 127 125 116 
143  77  51  57  66  68  60  66  84 128 147 143 141 150 144 107  85  80  83  92  91  86  87  82  79  85  83  79  82 117 205 214 127  80  83  88  91  97 143 214 213 216 223 220 209 216 220 196 124 154 186 153 122 127 143 169 181 195 197 199 196 172 179 180 181 189 191 191 191 185 123  83  86  98  89  97 125 159 160 153 147 143 147 147 144 139 145 143 141 134 134 136 134 133 131 138 142 139 139 136 
142  89  65  55  67  71  65  64  81 130 151 145 145 155 161 153 130 119 111 103  98  95  89  82  79  78  82  84  89 127 212 200 127  87  85  86  88  90  99 177 200 198 212 217 215 209 215 184 123 124 168 185 159 150 151 169 175 184 195 199 192 169 184 195 195 193 197 192 188 182 119  84  92 123 125 136 170 189 175 171 168 169 165 167 164 152 145 147 141 132 133 131 127 125 127 127 128 130 130 122 
145  85  62  40  59  69  66  65  86 132 146 146 147 154 157 165 158 151 144 134 129 136 126 117 101  87  84  91 101 147 205 200 126  88  91  91  96  95 111 169 190 177 180 192 201 204 178 148 113 122 119 161 185 183 176 180 189 186 190 187 190 179 206 216 219 198 193 194 191 185 116  77 102 133 138 148 164 159 156 147 140 167 183 183 192 183 159 145 141 139 135 136 135 130 130 127 121 126 128 107 
145  84  53  32  42  63  64  69  83 138 136 131 144 149 141 147 141 134 135 136 130 136 148 149 142 135 120 120 135 175 198 206 138  94  98  95  98 101 129 181 153 119 115 127 153 208 159 102 102 111 116 107 145 174 182 184 190 190 184 189 191 188 190 189 194 189 188 189 190 185 142  90 105 142 135 140 151 141 149 144 142 160 175 169 177 154 125 136 138 135 136 136 137 140 139 143 142 137 147 120 
144  81  56  41  47  62  59  68  85 134 120 101 137 144 122 111  99  93  90 102 117 124 123 126 137 151 155 154 157 172 178 198 178 119 114 113 114 108 139 184 126  99 100 104 115 196 170 107 106 107 116 108 100 130 152 168 174 177 192 187 176 178 178 183 182 188 190 187 189 191 167 125 115 146 134 136 155 157 173 156 156 165 169 170 150 125  92 125 136 134 137 134 133 139 138 140 141 143 147 132 
148  71  57  56  62  73  59  64  85 129 109  90 136 127  81  78  74  65  64  58  82 113  97 101 111 143 174 169 170 168 169 169 174 161 149 143 136 129 137 173 129 111 116 118 132 203 174 107 104 107 116 120 109 125 149 157 160 165 195 216 158 163 157 158 158 166 179 192 190 193 193 167 152 158 144 154 207 180 207 168 183 166 165 167 141 134 102 130 141 137 134 134 134 140 144 144 146 146 140 130 
142  66  53  66  70  78  63  65  84 132 108  91 129 112  71  75  60  50  51  51  56 100  63  74 115 122 158 193 189 185 185 181 184 177 175 173 169 151 138 165 155 139 141 141 158 200 193 117 110 109 108 115 117 133 177 173 166 168 170 193 172 162 156 152 136 136 153 177 185 180 186 180 161 162 155 152 200 176 214 156 223 200 161 162 136 192 148 127 140 138 135 136 139 144 157 150 152 148 150 125 
125  74  62  72  78  79  65  64  82 137 112  83 130 104  68  72  60  45  46  49  58 100  62  53  88  95  84 167 183 191 189 185 192 196 192 191 179 151 146 172 164 174 169 161 168 171 182 155 130 123 116 117 123 141 171 167 165 163 159 154 162 159 161 161 155 155 158 168 165 160 159 168 160 155 162 160 182 184 212 157 183 201 159 161 136 186 166 126 135 138 134 135 138 138 155 147 140 141 144 124 
101  77  69  72  80  81  69  67  85 139 118  86 135  97  65  75  62  53  45  56  83 116 131 105  97  99  61  77  90 108 129 144 159 172 184 189 191 159 155 153 135 137 141 148 151 153 149 151 148 142 133 130 139 156 167 161 153 150 156 157 157 145 144 160 162 167 165 163 161 157 146 144 158 158 165 183 174 185 180 161 186 178 164 159 132 183 152 129 136 135 138 140 138 136 143 146 140 138 138 115 
 78  73  75  73  74  76  70  69  85 138 122  89 131 102  67  71  63  61  50  66 132 148 168 165 160 152 112  72  41  61  60  66  77  95 110 125 144 145 155 155 162 155 144 147 148 152 151 153 158 152 134 126 138 149 154 157 149 159 169 168 167 157 145 151 157 160 165 159 156 153 151 147 149 157 159 176 171 172 173 157 192 174 166 171 132 193 155 124 136 136 139 137 137 134 143 140 142 141 135 119 
 72  67  67  73  68  70  67  67  90 146 133  92 132 103  77  71  67  67  63  97 156 161 167 173 171 176 152  78  71 109 112 105  94  86  76  72  73  78  87  99 113 129 128 126 137 141 148 161 166 177 147 112 131 171 163 171 169 171 178 175 173 171 167 156 151 156 160 161 158 146 142 139 149 153 152 159 162 162 169 171 170 170 169 169 141 166 146 127 138 137 138 134 136 140 144 137 139 142 137 121 
 68  65  64  67  65  68  70  69  92 140 136 101 132 105  76  76  66  66  62  93 158 164 174 175 170 168 152  73  75 122 133 125 130 127 123 115 103  98  87  87  84  78  73  81  86  96 105 132 153 175 169 145 147 165 182 182 187 185 186 183 185 180 174 164 152 145 152 162 163 157 150 154 145 142 150 154 155 164 165 168 169 171 167 166 147 130 117 134 137 136 138 134 134 141 150 146 139 143 137 125 
 72  70  69  69  71  69  72  74  91 140 137 100 141 105  81  80  70  61  55  76 160 167 170 170 166 171 159  68  77 129 132 127 132 130 127 123 119 125 129 128 128 119 114 103 104  98  94 108 157 173 173 167 172 155 182 184 180 171 171 180 186 187 189 185 188 175 157 157 167 161 155 175 180 160 187 181 188 174 165 156 164 170 170 162 139 157 114 130 137 134 137 139 140 138 138 145 141 145 139 122 
 75  73  73  74  75  77  77  74  89 151 139  96 135 107  86  77  64  72  61  56 138 176 174 151 158 177 164  75  76 131 130 127 129 126 128 124 121 124 127 132 129 131 139 143 152 161 159 156 170 179 177 172 179 170 190 201 189 163 153 161 175 179 181 184 195 190 174 154 154 156 150 166 195 194 211 218 222 187 177 156 154 165 171 167 136 183 142 124 133 134 135 136 137 137 135 137 143 144 147 123 
 77  73  76  81  78  79  74  70  95 151 139  97 133 103  85  79  62  79  81  71 124 176 173 159 159 179 159  70  84 128 130 127 122 125 129 125 123 127 133 131 131 132 135 144 154 164 173 176 183 184 177 178 182 166 184 191 193 174 178 180 184 182 185 180 197 192 181 164 152 152 152 147 178 197 186 204 212 209 175 170 156 162 172 163 131 167 142 130 133 132 133 137 136 133 139 138 140 142 148 134 
 77  79  78  79  76  69  68  66  93 155 143 100 131 102  84  78  65  72  73  93 155 175 172 172 176 179 161  59  77 129 132 122 126 124 132 125 122 126 129 131 130 135 138 140 149 170 169 176 185 188 178 181 182 149 151 168 172 179 185 191 191 183 208 181 190 197 179 175 167 153 152 144 153 196 185 208 198 201 182 168 160 158 168 163 138 160 128 127 139 137 133 134 135 134 136 140 143 144 151 142 
 76  79  76  76  74  70  68  70  92 150 136 101 129  98  82  79  63  58  44  71 174 186 182 180 178 176 163  72  74 127 125 113 111 115 130 125 121 122 130 129 127 132 137 141 159 170 176 179 188 191 181 173 176 155 145 149 148 158 177 183 189 180 186 178 162 176 176 174 176 155 149 156 148 175 182 204 222 183 177 170 162 155 165 160 142 184 133 127 134 134 131 138 134 135 136 145 145 142 149 151 
 90  87  85  80  76  70  70  72  96 155 139 112 138  96  83  82  64  49  52  89 170 192 201 203 188 187 168  95  85 127 128 121 123 120 124 122 121 120 129 136 126 126 140 149 154 172 176 175 187 193 181 166 167 159 162 164 154 154 158 165 169 162 153 149 140 164 178 173 172 169 150 151 150 165 171 169 197 190 175 174 168 153 158 159 135 192 145 126 138 133 134 135 135 134 140 141 138 142 148 157 
136 130 120 114 111  99  79  86 120 148 139 131 139  99  82  80  63  47  53  95 176 190 195 200 192 196 162  71  80 121 123 123 124 121 125 121 117 125 132 132 134 132 141 151 158 172 172 175 191 193 178 157 162 154 149 161 161 155 165 164 167 148 137 152 144 162 176 170 169 172 159 143 148 157 157 155 158 177 173 167 167 153 153 150 134 190 138 130 136 133 135 136 135 133 143 141 138 142 146 164 
150 154 155 155 153 144 132 138 158 148 155 165 144 109  86  89  70  55  52  47 132 191 193 195 192 189 166  70  76 118 121 125 125 124 124 122 119 125 127 129 133 132 137 144 158 167 174 177 191 197 186 172 171 171 155 156 163 164 186 183 175 154 132 141 146 164 174 172 166 168 156 138 143 156 146 146 151 166 158 151 155 147 149 143 149 206 140 132 137 133 134 141 137 138 141 141 139 145 148 154 
 96 113 121 133 142 147 148 170 178 157 162 178 154 141 117 112 101  95  81  61  82 168 193 191 193 192 166  72  80 116 127 130 128 125 126 124 121 124 132 133 136 134 133 134 155 166 171 176 188 195 185 176 174 188 185 181 176 171 190 194 196 172 150 135 132 164 176 167 164 165 155 135 147 156 145 151 178 169 170 162 144 143 151 150 175 194 132 129 141 138 139 139 138 139 141 141 144 141 145 148 
 67  75  81  85  94  97 105 128 159 163 160 163 163 167 146 154 150 144 134 123 129 156 176 195 194 198 160  74  84 122 131 127 135 125 123 124 120 122 131 133 133 132 131 135 156 172 171 171 184 193 182 181 181 174 172 173 169 173 182 185 183 174 174 156 138 166 181 161 154 158 155 143 143 154 147 141 197 202 199 238 181 129 148 158 167 128 105 137 140 139 141 137 135 135 141 143 146 140 144 153 
 68  67  70  67  71  72  71  77 114 150 154 149 165 168 157 161 161 155 150 152 173 153  99 175 196 196 161  70  85 123 131 127 129 127 129 126 118 131 134 133 132 138 135 139 156 170 171 175 191 187 178 187 176 157 157 158 156 151 153 158 160 159 155 151 140 155 177 164 148 157 146 151 142 176 189 153 180 180 162 202 202 132 150 166 160 131  96 143 147 146 143 141 142 141 139 141 146 144 142 148 
 63  65  71  66  69  72  73  76 102 127 118 140 160 129 117 124 129 135 136 138 162 147  52 114 187 164 151  62  89 123 127 130 131 125 126 123 124 131 133 136 131 138 137 133 156 170 168 174 187 182 178 187 180 140 134 142 147 147 142 140 140 133 132 136 141 157 166 168 162 160 146 160 155 181 233 192 196 165 181 196 175 148 150 186 176 188 129 138 155 148 149 147 147 144 148 146 145 150 145 145 
 64  67  72  71  73  73  74  78  96 113  91 130 151 102  87  82  78  86  90 115 143 161  92 101 167  90 109  74  97 132 134 130 129 125 129 121 123 131 137 133 134 139 131 131 157 161 165 170 188 184 176 187 181 147 131 131 134 143 151 148 139 135 141 137 142 161 168 168 169 159 147 162 175 175 196 179 178 167 182 220 180 150 150 190 189 151 123 140 149 147 148 151 148 147 150 152 148 151 150 151 
 64  64  62  68  71  66  71  72  96 120  90 134 144  94  91  78  62  65  58 100 147 168 151 133 186  85  86 116 136 148 142 131 139 153 145 141 133 142 144 139 133 134 137 139 162 170 166 170 184 186 169 186 179 161 175 169 156 152 183 175 150 134 135 133 130 155 170 165 158 155 152 146 155 161 164 168 172 185 168 176 170 143 144 183 168 115  91 146 150 148 150 149 149 148 151 154 155 155 155 165 
 60  62  60  60  64  63  73  73  96 127  87 139 144  92  92  75  55  55  61 107 160 164 176 170 188 158 146 178 187 177  99  84 114 183 184 193 183 164 171 161 150 144 140 142 162 175 170 173 186 184 173 186 177 152 179 194 189 185 192 190 175 136 123 109 119 155 168 160 146 151 156 143 114 100 114 122 135 154 145 154 159 142 142 178 155 138 111 147 147 151 152 148 148 153 150 149 153 154 152 166 
 58  62  61  62  65  63  75  74  95 130  81 139 140  94  86  77  67  65  74 133 179 176 174 171 168 169 170 180 187 206 149 116 133 186 197 206 182 133 168 184 176 157 171 179 190 189 177 168 188 169 165 186 175 145 161 185 190 183 185 191 185 143 134 125 127 158 164 160 183 174 160 149 108 103 108  96  97  90 102 136 142 134 139 178 173 195 131 145 152 146 147 148 152 154 157 155 153 155 153 168 
 53  58  66  61  64  67  73  72 105 128  82 135 141  93  87  78  76  62  62 126 184 173 172 162 154 155 145 137 146 153 164 170 172 196 199 198 165 117 153 159 165 118 143 182 204 224 214 189 193 185 171 193 175 149 152 171 196 186 190 197 186 150 150 154 149 164 176 175 191 200 173 156 126 146 163 161 158 139 128 137 140 130 136 178 185 204 177 175 178 171 166 165 160 157 157 153 153 155 156 170 
 54  54  62  62  62  66  73  77 104 124  94 135 142  92  85  79  79  65  57 116 181 172 168 168 163 151 133 126 131 130 146 151 153 164 170 179 182 150 186 174 164 143 165 170 177 188 204 197 194 187 180 187 178 144 156 181 190 194 199 199 201 187 190 182 165 154 162 163 163 175 187 179 153 153 177 188 191 184 182 187 161 134 140 161 176 188 192 205 199 197 199 199 197 196 190 191 181 174 167 175 
 55  50  56  63  55  64  77  79 110 130  90 138 137  85  78  71  74  54  40  80 167 170 163 151 149 155 136 129 131 131 134 145 150 154 156 165 177 171 174 173 175 172 184 189 194 185 186 186 186 156 168 189 178 142 153 189 193 180 191 203 198 201 208 196 182 175 173 171 166 178 193 191 178 159 157 159 172 168 164 187 183 172 156 164 177 182 188 189 186 184 191 191 195 209 221 219 222 211 200 194 
 51  54  55  56  59  65  72  71 109 130  89 133 133  85  79  64  68  64  44  73 164 165 150 101  83 121 126 121 126 131 131 145 149 151 155 167 171 168 169 168 164 159 158 165 180 188 186 182 172 141 178 192 175 140 149 191 192 167 179 199 187 174 179 192 192 187 183 192 196 196 197 196 192 180 166 158 165 168 158 162 168 180 177 174 189 189 187 182 176 177 173 175 178 182 195 202 209 206 200 197 
 53  54  56  59  57  69  75  72 107 129  82 128 129  82  76  58  50  68  65 109 176 166 137  79  67  94  83  79 101 105 111 129 140 149 154 165 172 174 166 150 148 144 149 166 172 174 180 179 169 141 173 183 174 139 149 193 188 165 195 210 174 158 173 199 190 168 160 199 199 187 189 194 193 188 192 187 192 186 177 171 164 177 186 187 194 192 187 181 179 176 169 145 153 156 170 174 176 176 163 183 
 52  52  58  58  56  74  77  74 108 130  84 121 127  87  79  62  47  49  45 108 177 173 138  70  95 155 131 110 113  87  76  79  92  99 112 123 134 146 136 111 121 121 141 162 166 172 172 174 175 165 173 183 175 155 158 197 195 188 188 189 183 166 220 206 185 162 188 227 196 178 182 190 177 171 195 196 195 195 192 187 186 190 190 189 192 191 182 176 180 177 178 155 149 155 164 170 152 146 144 150 
 51  52  58  58  55  68  77  67 106 124  78 113 125  88  80  72  57  46  30  66 156 166 154  67  89 162 161 161 162 151 144 132 121 110 101  93  94  92  90  71  83  81  94 120 117 154 164 175 170 161 165 186 176 158 161 196 205 180 146 201 194 166 213 219 183 167 224 211 191 169 201 199 166 181 219 201 191 173 191 193 191 186 188 188 190 191 184 171 165 166 174 175 161 157 162 169 161 147 138 131 
 49  51  56  60  59  67  78  72 115 124  85 115 127  81  79  76  64  48  43  70 132 162 156  90 102 172 175 170 171 168 164 166 163 165 160 170 151 135 122 112 104  96  89  85  66 113 155 173 159 131 156 185 170 151 160 188 190 161 177 211 204 142 178 216 191 162 182 188 178 161 223 208 172 215 237 195 186 164 203 208 195 194 191 184 186 194 184 155 138 147 158 165 149 137 148 141 156 162 157 153 
 51  50  59  57  60  78  78  74 118 130  80 117 118  84  75  67  70  49  34  98 171 165 154  87 105 170 170 175 174 173 174 170 167 170 171 180 171 163 167 169 162 157 153 138 129 136 162 170 156 134 159 184 171 147 159 184 173 160 206 232 192 161 193 215 191 158 144 182 175 159 225 205 172 190 203 185 177 180 238 216 192 195 193 178 169 191 188 156 141 147 148 162 151 142 156 126 121 152 150 143 
 46  53  56  55  60  75  74  78 124 137  79 116 123  84  76  69  73  46  31  74 181 175 156  92 118 178 171 179 174 176 176 173 175 177 175 180 180 175 172 171 173 174 174 172 165 171 167 178 146 139 167 174 171 141 145 184 168 171 209 195 176 152 227 223 179 145 162 192 177 166 240 203 159 171 202 184 170 171 227 202 187 191 188 174 167 190 190 152 141 142 142 157 167 168 170 152 134 149 130 108 
 50  56  56  57  59  68  74  75 127 139  77 118 127  81  74  69  67  47  39  38 143 165 152 147 148 188 186 189 182 178 184 179 176 181 173 179 176 172 173 174 180 178 179 175 169 180 174 186 148 124 176 182 171 147 152 190 188 167 205 186 171 163 229 210 167 152 199 206 183 175 243 205 160 183 213 187 176 184 228 209 182 185 187 175 174 190 190 155 139 140 145 154 171 177 163 159 154 154 123 107 
 53  63  60  61  63  70  78  77 128 141  86 120 121  88  73  65  69  65  52  74 138 160 153 182 171 180 187 162 178 155 162 179 159 187 194 195 193 187 179 179 179 172 174 168 168 180 183 189 167 114 165 185 171 145 161 191 187 171 167 171 186 165 205 201 172 175 245 238 185 169 240 211 167 198 225 194 185 188 249 209 180 195 191 180 175 192 186 154 144 142 145 166 168 166 169 158 143 153 138 122 
 56  57  62  61  59  69  74  77 126 151  98 119 123  82  72  67  74  72  77 125 173 165 161 178 175 179 190 164 157 159 129 148 127 159 193 207 205 201 200 201 197 189 178 180 168 174 174 184 168 141 161 191 178 143 152 190 180 159 164 181 199 171 173 200 191 169 236 235 185 162 227 198 176 220 243 202 187 177 233 219 197 227 212 173 173 193 187 153 141 145 149 165 171 160 167 160 154 160 146 118 
 57  54  59  61  60  68  75  76 127 156  94 123 124  86  73  57  62  53  65 140 183 171 163 168 172 174 177 171 163 162 159 163 155 147 172 183 185 191 194 200 195 198 174 174 174 169 177 185 165 135 173 191 177 142 157 187 186 169 183 215 192 152 140 218 200 157 229 217 187 180 231 202 159 211 236 200 185 194 237 216 191 202 208 175 161 188 185 154 144 148 152 161 171 159 160 150 155 166 142 113 
 56  58  57  59  60  73  79  81 120 147  99 123 120  87  78  52  45  41  33 121 184 162 147 145 159 166 162 160 159 162 159 168 175 167 163 170 174 177 183 187 185 181 164 152 173 175 169 182 172 144 172 192 180 150 163 188 185 162 196 221 191 150 149 191 189 158 215 225 192 196 211 193 161 203 241 199 171 164 242 215 180 186 197 182 173 189 185 160 148 143 155 162 168 170 165 154 151 161 148 115 
 55  59  57  57  61  71  71  82 128 147  98 121 117  75  75  55  50  44  35 103 170 160 125  88  88 127 134 140 139 151 147 156 169 158 149 162 169 172 171 171 171 166 150 146 174 185 171 174 162 141 171 181 173 150 160 186 182 169 213 199 190 137 144 190 197 156 191 192 192 188 185 181 172 213 246 200 166 172 218 214 184 198 211 183 173 186 185 154 143 143 156 174 178 172 169 162 157 162 156 138 
 55  57  59  60  64  66  76  77 134 147  94 124 110  81  75  59  67  69  48 104 180 171 140  65  73 102  87  86  93 117 122 122 138 137 117 133 141 145 160 165 162 157 137 137 174 172 175 175 170 169 177 178 167 149 160 189 165 145 181 196 183 133 187 228 201 161 168 198 185 173 184 187 185 203 210 188 171 203 234 190 179 188 191 182 184 187 190 152 143 144 149 178 178 159 173 166 152 164 166 133 
 59  59  55  65  68  69  72  81 130 143  96 117 116  83  74  61  61  73  61 102 184 177 146  69 113 149 128 118 106  98  89  86  77  84  86  98 105 102 122 139 142 144 148 148 165 165 161 166 173 177 173 169 154 143 163 188 157 159 196 200 186 177 234 228 193 164 208 230 189 173 191 196 180 175 178 183 171 181 233 199 170 181 190 175 175 195 187 155 137 142 148 172 183 146 159 165 133 156 166 145 
 59  61  59  64  68  77  79  84 129 139  94 123 113  82  79  67  62  66  84 142 185 181 153  63 116 164 162 167 164 159 146 135 122 111 107 103  95  89  75  87  94 101 117 117 121 147 161 162 166 159 165 136 129 140 157 185 156 184 220 207 185 163 215 205 190 167 244 227 180 173 199 184 165 171 190 185 172 216 238 198 179 191 201 179 163 194 192 155 137 142 150 172 183 170 168 166 137 161 159 155 
 57  55  65  62  66  75  73  82 132 138  95 121 109  83  80  63  56  37  74 147 172 172 154  69 123 172 168 171 174 169 165 165 165 162 160 151 144 142 122 115 105  94  91  79  65 120 158 153 167 170 157 144 133 142 158 184 158 205 222 187 182 165 220 229 189 166 243 227 170 162 185 183 160 207 221 194 173 217 251 193 170 179 191 189 180 193 192 158 142 144 145 168 182 179 176 172 146 156 174 162 
 55  58  62  60  68  71  71  80 130 136  94 124 112  85  81  68  55  30  56 141 167 166 140  63 120 165 169 178 177 179 176 168 171 174 172 170 168 171 170 166 161 155 147 138 128 148 166 159 172 181 158 149 145 146 161 184 155 184 194 166 171 175 244 222 180 173 248 230 183 185 196 177 159 203 239 203 175 206 253 206 170 202 192 186 179 191 187 154 147 139 140 167 179 180 178 177 154 151 173 168 
 53  58  61  57  67  73  71  77 130 130  89 117 111  88  83  68  63  40  46 136 182 165 147  84 134 169 176 180 176 176 178 174 177 177 173 177 178 173 172 173 171 167 173 167 161 168 171 169 175 174 162 140 135 144 158 183 151 164 166 181 168 156 228 202 170 168 238 224 187 173 183 184 159 219 243 204 175 219 252 212 191 205 201 179 172 191 189 154 146 146 144 166 182 177 178 178 173 165 169 173 
 56  58  57  59  67  72  69  78 142 135  81 118 103  83  81  65  67  39  29 107 191 160 159 144 154 182 185 192 187 183 185 184 183 182 181 176 178 174 175 179 175 173 176 171 166 179 171 172 178 177 176 161 123 145 166 179 172 167 172 186 167 152 215 194 164 154 211 207 176 149 188 194 170 232 247 207 180 227 252 221 197 196 191 176 168 182 193 153 145 146 150 168 186 179 177 180 170 168 167 173 
 54  57  56  57  64  74  75  85 145 135  90 119 101  83  87  66  75  51  51  96 179 169 163 176 171 173 181 187 180 169 176 166 178 191 183 176 183 173 175 178 177 174 172 166 166 170 170 175 184 172 176 176 128 142 167 175 182 177 169 179 167 164 231 208 163 156 206 201 172 175 229 195 164 221 242 206 188 222 252 214 188 193 192 182 176 188 190 154 145 147 153 168 182 182 176 178 173 168 173 174 
 55  58  62  60  67  72  80  85 144 139  90 112 105  77  89  80 101  89  78 129 171 173 171 176 172 170 176 179 180 168 175 152 168 183 168 141 178 141 136 162 170 171 171 175 163 170 169 177 187 168 157 174 121 161 179 173 178 164 148 181 170 173 239 210 176 181 233 214 182 179 234 204 168 184 210 202 187 208 244 212 171 204 196 179 177 193 191 160 142 151 154 164 177 183 182 184 182 168 175 175 
 54  56  60  59  61  73  78  81 153 132  92 116 104  80  92  96 106 103 106 158 173 168 175 185 178 171 174 177 181 173 178 166 174 178 167 133 168 133  89 122 138 140 145 157 155 166 165 168 179 170 138 175 144 142 176 181 178 143 151 211 175 163 230 212 187 171 199 190 176 143 197 200 171 172 206 203 171 205 222 198 171 227 221 171 167 197 191 157 148 154 156 171 176 180 186 185 181 168 172 177 
 51  56  56  58  66  78  87 101 152 137 111 134 116  83  81 107  94  80 100 145 163 162 168 168 168 168 170 174 181 179 170 168 174 174 172 157 161 151 123 120 133 127 121 126 150 155 171 176 176 173 140 155 144 127 167 186 188 156 167 198 175 170 239 218 184 158 190 204 183 155 185 193 170 184 204 195 189 222 244 203 175 209 222 176 160 189 191 154 144 150 153 167 173 182 184 188 180 173 178 182 
 52  56  61  60  68  76 103 136 166 152 137 144 136 109  85  97  92  79  90 126 155 156 137 116  83 156 171 170 180 180 161 145 150 165 172 170 157 158 151 141 146 139 136 145 153 155 171 194 178 168 136 141 134 110 152 167 184 188 189 184 178 190 248 229 195 171 231 216 185 176 228 208 173 190 220 191 186 212 248 215 191 191 201 182 175 192 189 157 151 145 154 165 176 178 179 178 180 180 184 185 
 59  61  65  62  67  78 125 176 170 166 160 153 149 154 135 126 117 113 117 134 152 151 106  82  33  82 133 135 150 154 147 131 144 143 165 164 153 170 178 152 151 153 150 158 152 148 159 187 180 175 136 141 150 126 152 163 157 173 180 181 183 196 224 200 197 185 200 203 189 187 234 203 168 233 246 203 170 208 228 210 197 184 193 187 184 198 190 155 147 145 149 166 180 179 178 179 181 180 183 182 
 60  63  64  62  69  79 111 171 167 165 156 139 151 162 160 158 155 152 151 155 156 154 134 104  87  82 104 108 108 107 107  90 131 134 121 151 130 139 176 154 150 155 137 131 147 145 152 171 174 170 140 138 153 156 161 169 165 162 172 176 176 186 190 190 186 186 193 195 191 192 201 200 182 223 235 201 185 228 235 202 196 190 192 186 180 196 190 154 152 151 154 175 180 183 178 180 185 179 176 179 
 58  62  65  70  77  87  75 124 157 155 163 150 152 154 153 162 167 163 164 165 162 163 164 148 148 149 146 139 128 109  98  62  61  76  42  81  80  59 120 122 125 127 100  64 122 150 163 169 175 165 139 152 149 147 166 168 170 156 163 187 166 155 165 159 171 182 183 178 181 186 194 200 199 205 209 196 196 205 228 207 192 193 193 189 181 195 190 153 156 157 155 167 176 179 171 179 181 176 177 179 
 55  60  65  72  80  80  68  94 146 132 160 161 148 130 110 123 137 130 128 141 145 148 155 153 157 170 164 165 167 156 135 113  94  87  74  77  79  63  80  93  98  96  74  44  65 121 164 173 167 159 141 143 158 144 162 167 165 146 152 184 158 128 133 125 155 191 177 181 178 165 186 202 202 200 198 199 195 197 198 195 194 196 195 194 191 196 188 153 152 151 157 170 177 179 174 183 184 182 181 180 
 56  63  63  67  77  78  70  94 134 115 139 159 127  96  83 100 118 121 112 114 114 113 113 116 125 132 141 148 151 161 169 163 147 128 129 125 119 107 100  96  99  94  78  61  59  83 148 173 143 118 128 130 146 150 161 167 163 152 159 180 161 136 134 121 153 204 196 241 224 170 161 194 195 199 190 175 184 197 185 183 190 190 190 194 195 194 184 153 144 145 151 166 179 180 171 178 185 181 181 178 
