 54  55  54  61  61  59  61  61  61  64  68  71  72  94 142 178 178 159 131 119 129 154 182 196 211 216 219 220 218 217 215 216 213 201 189 172 169 165 165 171 168 163 146 133 124 120 119 121 116 100  91  96 125 141 122 101 117 143 133  97  74  73  66  62  59  51  52  57  55  60  61  62  60  61  60  58  61  61  62  61  58  57  50  52  62  60  55  57  58  60  53  56  63  65  70  69  69  72  81  84 
 55  55  53  53  60  61  56  57  57  62  66  72  74  86 119 129 121 112 113 124 137 162 177 193 207 216 217 219 218 218 216 217 215 210 196 180 166 171 171 169 168 164 159 145 134 127 125 127 136 117  88  89 113 145 134 107 108 132 141 114  81  70  66  67  60  57  49  50  55  60  62  63  53  58  59  61  66  65  61  58  60  60  56  57  62  60  60  56  59  61  61  62  64  68  66  64  68  67  80  82 
 53  54  54  56  55  56  58  55  59  67  64  64  70  84 103 105 105 110 123 144 150 162 170 183 207 218 218 218 221 221 219 218 216 215 206 190 184 187 183 175 168 169 171 159 139 133 131 130 138 120  91  89 105 129 139 113 102 126 142 130  91  77  70  68  64  60  55  53  56  59  58  63  50  52  57  56  67  64  62  63  61  59  51  58  56  56  57  59  57  57  59  60  64  67  65  64  66  73  84  83 
 54  52  55  63  58  59  61  61  62  64  68  68  72  91 101 101 107 113 141 166 162 157 164 175 197 214 218 219 221 219 216 216 217 218 214 209 203 200 196 189 177 178 175 166 148 138 138 137 136 126  98  87  97 123 142 128 103 113 139 138 107  79  76  65  63  61  54  53  56  53  55  56  53  55  57  57  64  66  67  61  61  60  56  56  60  58  55  56  59  58  59  61  62  67  64  61  74  73  83  80 
 46  57  57  55  56  56  58  60  64  70  70  71  76  88 103 109 107 124 166 176 162 149 145 142 171 201 212 218 223 219 215 215 218 217 217 213 204 201 196 191 180 178 176 175 170 155 146 144 147 131 112  88  91 110 138 139 109 105 132 142 119  83  75  65  64  67  66  55  53  52  61  58  52  56  56  63  66  62  64  63  62  60  60  58  60  60  60  58  62  61  61  62  66  67  63  67  75  83  83  76 
 52  54  55  57  56  56  56  61  67  70  65  69  74  91 102 107 111 143 167 163 153 122 107 112 141 180 212 219 220 217 214 214 216 216 214 209 201 197 197 189 184 179 185 184 179 162 150 144 153 144 116  95  95 113 141 146 117 101 122 144 127  88  74  69  72  73  75  61  53  56  60  57  53  62  63  66  62  63  60  64  66  60  57  59  62  61  61  62  64  61  60  69  68  62  64  65  73  85  84  79 
 54  56  59  56  59  58  60  59  60  63  65  64  76 100 102 113 144 155 146 148 125 108 107 108 127 177 212 221 219 213 209 212 212 218 215 205 201 198 193 186 189 182 182 183 182 165 147 149 156 154 124 108 102 119 136 145 131 103 112 140 134 102  91  82  79  86  86  72  55  53  58  58  61  58  58  61  61  64  63  65  63  58  59  57  58  61  59  57  58  62  65  69  66  63  60  67  77  81  82  71 
 58  58  61  59  58  59  59  61  62  65  70  59  76 101 117 144 186 172 143 127 114 111 109 113 132 175 206 219 215 215 209 210 212 216 209 205 200 200 192 183 184 184 178 180 181 164 142 147 162 160 133 112 110 118 127 137 140 106 101 137 150 116  99  90  90  90  80  73  66  54  57  63  65  59  56  64  65  64  61  60  59  61  59  57  62  60  55  56  59  58  62  68  66  63  60  68  79  82  84  77 
 55  58  58  57  56  59  62  62  62  63  62  62  79 106 131 184 214 196 159 124 119 115 114 118 143 189 211 215 214 214 212 210 209 213 208 207 203 199 192 190 195 190 186 185 188 174 149 144 163 170 145 119 119 131 139 145 147 119  98 129 149 128 105  93  87  79  74  72  69  56  56  59  63  61  55  59  65  63  57  48  54  56  57  54  55  55  58  58  57  66  62  65  64  61  61  67  71  82  81  79 
 56  64  63  59  62  61  63  58  66  66  65  66  81 103 135 169 192 199 163 139 127 122 124 133 171 208 213 216 213 211 208 203 204 211 210 214 213 201 202 202 200 194 192 196 197 181 157 151 170 178 156 132 126 134 137 149 146 127 103 120 144 133 106  92  78  74  76  71  67  62  59  61  62  62  61  63  62  56  55  55  56  54  55  53  53  52  54  54  57  58  65  64  59  62  69  67  73  79  74  78 
 57  59  60  63  64  59  61  60  59  61  57  72  88 105 132 153 181 193 169 154 145 142 145 165 193 208 211 211 205 206 203 201 205 213 214 214 216 207 206 202 195 196 196 190 191 184 166 155 170 179 162 138 134 135 140 145 149 136 114 111 140 137 108  81  76  75  75  72  67  67  64  67  61  62  65  63  61  59  64  61  60  59  58  55  57  52  51  55  57  62  60  62  60  62  61  69  78  81  77  77 
 60  62  61  59  54  56  60  62  56  61  59  72  95 111 134 172 200 192 178 166 167 175 176 183 193 197 206 203 202 204 204 201 202 206 206 204 201 201 198 196 193 195 197 188 189 191 174 168 179 189 172 145 135 137 141 146 149 142 115 105 131 143 118  80  74  69  73  69  68  63  61  63  62  59  61  64  58  63  64  66  61  61  61  56  60  59  58  57  58  65  61  59  58  61  65  69  82  87  74  75 
 62  64  54  57  54  57  59  57  59  60  63  74  94 111 140 171 186 188 173 168 166 177 173 182 193 197 199 198 204 204 198 203 199 199 198 194 191 194 197 198 199 196 193 192 187 190 180 176 188 197 184 152 135 139 148 149 146 148 121 103 123 141 117  86  76  73  75  64  65  61  62  56  61  64  62  67  63  63  66  67  65  65  67  61  65  61  59  55  57  60  62  60  61  58  66  71  82  83  72  83 
 56  54  55  57  57  53  56  60  64  66  64  81  92 109 129 146 167 172 164 153 161 168 180 187 198 199 200 198 201 202 200 199 195 198 194 201 199 198 198 201 208 202 191 180 174 183 188 185 194 204 189 159 146 148 146 143 144 148 122 103 116 126 120  91  81  77  75  70  64  60  56  59  60  64  67  67  66  62  66  68  67  67  67  66  63  62  58  53  53  60  64  61  63  58  60  72  80  81  71  76 
 51  53  54  58  54  52  55  58  61  65  71  88  91 110 137 151 158 156 160 160 165 175 188 194 198 195 196 199 199 202 195 196 200 204 197 202 194 193 193 195 200 203 184 159 159 180 193 196 206 216 205 172 161 152 141 135 139 146 137 110 112 140 139 106  85  82  74  67  65  62  58  63  61  65  67  64  68  63  66  70  66  71  67  66  60  60  59  53  59  63  64  58  59  61  62  75  84  73  71  76 
 58  57  54  54  59  56  62  63  62  68  77  94  94 129 162 158 155 155 166 171 171 177 174 180 188 194 196 203 201 198 203 213 212 209 201 195 180 168 167 183 203 207 188 176 177 192 196 202 212 216 207 184 163 157 141 131 137 146 142 112 112 145 144 113  83  75  75  67  64  65  66  64  64  65  66  65  64  66  71  70  68  71  65  63  63  58  53  61  60  60  63  61  65  62  62  74  86  76  72  73 
 57  59  59  62  62  61  63  61  61  65  84  96  98 152 181 161 154 157 180 182 183 183 167 168 190 197 201 205 197 191 200 206 208 208 208 200 182 171 182 208 219 212 199 193 194 189 192 201 208 214 211 195 170 157 145 133 137 147 153 125 113 143 151 116  86  77  76  73  68  70  71  70  64  63  64  64  64  69  70  72  69  69  64  68  65  59  57  56  59  60  61  67  63  62  67  79  79  72  75  74 
 56  58  59  60  64  61  61  63  65  74  92  93 105 148 165 151 144 153 191 199 197 194 183 184 191 189 196 191 182 179 180 182 193 199 205 210 204 208 219 221 212 201 204 201 197 189 185 191 199 214 214 198 176 154 142 134 136 148 157 138 113 143 152 125  87  81  72  66  73  74  71  72  70  73  65  67  70  69  67  73  68  71  66  63  63  63  57  57  64  62  58  66  63  61  66  77  74  71  76  85 
 54  57  57  54  57  63  67  66  66  75  88  98 105 138 164 174 186 200 203 210 205 198 194 186 183 186 184 182 182 178 177 181 185 194 207 217 224 227 223 207 198 199 209 208 200 196 194 194 200 209 209 200 176 156 141 135 134 161 171 149 110 135 158 129  90  73  73  73  69  67  75  77  74  72  70  67  69  69  71  72  72  71  63  63  67  56  57  63  61  59  62  69  64  65  72  82  81  78  77  90 
 56  55  52  54  60  62  69  68  70  85  96 104 133 176 178 180 183 197 202 201 197 197 196 188 182 179 182 182 184 189 195 191 199 207 215 217 216 211 207 204 206 209 209 214 213 215 214 208 209 210 211 202 187 166 149 151 167 196 184 152 117 129 155 136  92  82  81  79  73  69  74  72  76  75  73  73  70  67  69  73  71  70  69  64  65  58  59  66  63  65  66  65  66  69  76  81  76  80  81  92 
 53  60  57  62  61  68  69  70  86 111 120 139 169 167 136 140 163 192 201 196 191 189 190 190 185 180 185 193 196 198 202 202 200 204 211 211 213 212 214 215 213 213 210 217 217 210 211 207 207 204 204 203 200 188 183 194 205 202 184 152 123 127 155 133  98  81  81  79  80  74  72  76  71  75  76  73  70  71  69  72  70  71  73  65  59  56  62  69  67  67  64  66  69  72  79  78  76  75  76  92 
 56  59  60  62  65  69  72  83 109 153 163 176 179 159 140 142 168 181 170 169 167 178 187 185 191 193 196 209 210 216 214 195 184 193 212 227 225 219 212 214 211 213 207 202 192 186 200 202 199 200 212 217 217 217 211 204 204 198 189 158 135 137 156 141 102  85  79  83  81  71  74  72  70  68  65  69  72  73  74  68  69  74  68  61  59  59  64  66  69  63  64  70  67  77  81  80  69  73  68  93 
 58  61  61  61  63  70  79 108 171 207 212 205 204 200 191 188 198 194 177 193 199 206 207 210 216 220 220 223 210 216 219 208 206 214 225 228 228 216 213 215 212 217 209 197 192 195 206 214 219 218 218 225 222 214 206 208 185 181 181 167 143 135 152 144 109  87  84  87  87  83  87  81  75  67  67  67  74  72  69  69  71  69  65  56  56  58  65  64  70  64  67  73  70  78  88  79  69  73  70 108 
 58  60  63  67  63  72  91 157 216 224 222 222 224 223 216 221 227 217 223 223 215 221 220 221 221 223 231 227 224 229 231 233 233 234 232 234 232 231 229 226 226 229 230 225 220 222 226 227 215 198 209 217 199 189 204 198 161 159 163 168 145 137 150 150 118  83  87  93 103 115 110  93  83  74  70  68  71  73  70  68  71  64  65  56  55  60  68  63  69  65  65  71  73  84  88  76  69  73  80 126 
 60  64  63  68  68  73  97 165 213 224 223 225 225 225 222 226 220 221 217 213 211 213 195 174 163 183 216 226 228 232 231 232 232 232 231 234 235 234 231 230 229 233 231 228 226 220 223 225 202 193 201 200 193 193 202 192 158 145 153 165 140 132 146 150 121  89  94 123 130 125 119 111 100  96  89  74  67  73  73  70  71  67  63  61  59  59  63  64  60  60  64  68  73  80  85  73  74  76  87 140 
 59  67  64  70  73  70  97 161 214 220 216 220 229 229 226 224 217 216 219 218 222 216 191 180 182 204 225 228 230 231 234 237 238 241 240 242 241 237 234 234 234 231 231 227 229 223 222 198 194 195 196 207 207 198 199 186 156 148 149 154 126 126 152 150 125  96 109 137 132 129 131 118 113 115 103  89  82  82  78  71  72  71  68  62  60  62  66  68  60  54  65  66  72  78  80  68  71  75  90 150 
 60  68  65  70  73  78 106 175 224 212 180 175 203 203 192 185 186 195 197 198 186 192 201 205 225 242 241 239 244 244 247 246 244 244 246 245 245 245 240 234 238 243 236 231 235 225 198 177 197 193 199 211 209 208 216 193 146 145 150 148 120 117 148 150 126 102 114 134 136 134 138 129 125 131 116 105  98  90  86  78  78  75  71  67  65  64  64  66  62  63  64  70  75  76  77  71  71  74  99 158 
 65  70  71  72  70  79 128 193 219 183 138 130 131 123 123 125 131 134 124 122 127 145 140 165 243 251 251 252 251 252 251 251 252 250 251 251 251 251 251 250 251 251 250 250 250 248 243 240 207 190 202 214 220 225 219 177 139 149 155 147 123 118 138 152 131 113 125 145 152 148 151 153 152 141 124 103  96 100  87  80  76  74  71  72  67  62  58  59  63  61  65  68  73  76  76  71  75  75 109 164 
 64  70  74  67  70  89 137 184 153 114 115 112 115 113 111 112 113 112 115 115 118 124 127 184 252 250 251 251 251 251 251 251 251 251 251 251 251 251 251 251 251 251 251 251 251 251 253 245 206 188 201 211 217 227 212 175 158 155 150 150 123 118 133 150 145 136 138 154 161 155 158 155 148 132 111 103 100  94  81  80  77  75  73  67  66  60  60  63  61  61  63  65  74  74  69  72  74  79 121 167 
 64  72  68  63  71  89 144 151  96  94 109 106 113 112 111 113 113 114 114 113 117 122 125 186 254 250 251 251 251 251 251 251 251 251 251 251 251 251 251 251 251 251 251 251 249 249 252 239 201 194 206 204 205 221 219 190 169 152 152 150 124 110 133 155 152 154 147 158 163 153 148 153 137 118 110  98  89  84  76  77  73  71  64  63  63  60  62  66  59  62  63  64  69  72  70  73  73  86 133 175 
 65  66  67  67  73 101 150 143  87 103 108 106 113 109 111 108 115 114 112 116 117 121 129 209 254 250 252 252 252 252 252 252 252 252 251 252 252 252 252 252 251 251 251 250 254 255 252 233 202 206 206 206 215 219 206 190 163 162 163 150 121 109 133 153 154 158 141 153 161 153 151 147 130 107 102  89  81  75  74  69  70  67  61  59  60  62  64  64  59  57  60  60  71  78  70  75  76  96 145 177 
 63  66  68  73  77 115 154 127  75 105 105 107 108 109 108 110 110 110 115 116 118 122 135 232 253 250 251 251 251 251 251 251 251 251 251 251 251 251 251 251 251 251 249 251 214 201 198 195 204 207 206 213 215 197 190 188 167 166 160 147 118 103 126 149 158 136 125 148 154 150 139 128 111 100  93  78  74  74  70  67  65  59  57  59  60  59  63  62  61  60  62  67  73  75  70  71  74  96 152 175 
 69  66  74  77  81 125 163 115  82 109 106 108 107 108 109 110 109 108 115 116 114 118 155 244 251 250 251 251 251 251 251 251 251 251 251 251 251 250 251 251 251 249 254 236 132 130 153 183 202 212 210 212 216 207 203 183 164 159 153 146 122 101 122 147 137 114 120 144 152 141 128 113 101  93  76  68  74  71  68  63  57  58  57  57  56  61  68  61  62  59  68  77  78  76  68  67  72 109 160 169 
 69  68  68  72  89 142 167 105  90 109 108 108 109 108 110 106 106 109 111 114 114 122 173 250 250 250 250 250 250 250 251 250 250 251 250 250 251 250 251 250 250 254 241 176 120 128 151 178 198 208 210 211 212 215 205 169 156 154 160 153 119 103 119 144 131 110 119 147 148 128 115 104  88  78  68  72  70  62  62  61  53  54  56  62  58  63  63  59  61  63  68  81  87  79  69  68  69 117 167 167 
 60  66  65  76 105 164 167  87  97 112 113 106 110 107 106 106 110 110 108 113 115 120 189 255 252 253 253 253 253 253 253 252 252 251 251 251 251 251 251 254 244 167 120  96 102 107 139 174 199 216 198 170 196 208 175 159 160 161 151 134 115  97 125 147 134 108 109 133 124 119 114  98  77  66  64  64  64  61  56  57  58  54  59  61  60  63  62  59  66  63  66  83  95  76  67  68  78 129 170 168 
 66  68  68  77 118 173 152  75  94 107 112 101 101  98  99 102 100 107 106 101 104 110 181 237 236 234 235 236 236 235 235 237 243 247 244 247 246 247 248 240 211 161 145 141 136 142 163 191 223 226 191 193 201 180 163 157 158 152 125 133 124 112 136 145 126  97 104 131 126 122 113  93  72  64  64  65  65  67  60  55  57  57  59  59  60  65  59  57  63  66  71  86  89  72  64  70  87 144 172 166 
 71  70  67  80 131 174 141  78  88 102 111 102 100  99 107 110 107 104 109 103  90  89 108 127 119 120 130 130 130 123 131 127 122 121 130 140 135 138 137 151 171 187 204 210 203 206 209 216 221 207 192 186 162 151 147 144 145 135 129 152 144 143 147 142 123 100 119 140 127 121 112  87  67  64  65  66  70  70  62  59  62  61  59  59  60  67  64  59  62  67  71  91  95  74  74  68  90 151 173 170 
 62  69  71  92 143 186 186 159 150 163 172 174 168 154 166 179 166 154 150 143 145 150 166 173 169 165 176 177 183 173 164 154 145 131 139 153 158 159 156 170 183 208 228 222 206 192 192 186 177 169 158 152 149 136 133 134 133 137 153 156 150 145 146 147 115  95 124 138 128 129 111  78  66  68  70  71  76  64  62  64  63  60  57  61  64  70  66  64  62  67  78  92  94  76  70  68  99 163 172 167 
 64  70  77  98 151 205 215 203 205 215 216 218 218 218 227 214 193 190 189 196 203 207 225 229 216 214 227 228 229 222 198 203 227 227 220 224 211 207 217 231 223 201 190 171 171 170 170 166 157 148 143 146 142 139 140 136 145 154 157 149 144 142 150 141 109  95 124 136 137 129 101  75  65  67  69  73  71  57  59  56  56  63  61  60  67  69  64  62  64  67  77  93  88  74  70  72 115 173 175 170 
 66  75  85 112 164 210 213 200 203 220 225 232 227 211 202 218 207 209 207 210 217 224 228 234 230 236 239 232 234 225 217 221 229 230 231 228 215 212 214 191 167 157 167 163 162 154 158 159 147 149 154 149 143 140 135 131 137 145 151 145 146 150 149 138 111 106 127 139 146 128  98  74  72  76  73  71  64  56  60  57  59  60  60  63  63  65  61  60  61  70  77  95  85  72  65  75 132 172 172 172 
 74  81  93 127 180 207 183 161 161 178 181 173 153 147 173 187 171 159 162 184 201 202 209 214 208 212 219 219 220 208 179 188 207 206 199 184 183 174 163 152 157 160 163 157 155 151 142 138 129 139 161 141 110 100 101 106 110 124 141 143 145 144 148 137 110 106 131 152 157 134 102  80  74  76  74  69  62  60  58  61  63  60  57  67  62  60  66  61  64  63  73  83  75  67  67  83 146 174 173 171 
 77  86 104 151 188 188 168 148 137 140 133 134 133 133 137 124 119 123 127 142 154 165 178 187 190 199 199 199 202 183 178 181 175 172 167 162 164 162 161 163 161 162 151 133 120 106  96 110 121 134 159 130  97 102 102 102  99 109 132 129 116 134 150 139 107 107 131 164 174 147 108  79  68  74  70  62  64  60  57  57  58  55  54  60  65  64  67  61  61  66  70  68  75  65  69  90 154 170 173 168 
112 121 153 185 192 186 179 159 151 142 147 147 149 143 133 129 123 122 127 127 132 144 151 150 153 160 163 166 165 158 154 156 153 156 155 158 159 161 161 168 166 145 115 113 114 105 113 160 154 130 122  98  93 121 143 121 108  97 126 126 109 141 154 136 110 111 130 166 175 148 103  72  72  71  63  65  64  57  55  53  55  53  52  61  65  63  60  62  65  68  64  65  71  66  59  96 161 172 170 165 
162 171 182 188 190 188 183 179 173 171 165 162 163 158 154 157 153 153 157 157 155 154 153 150 154 143 135 138 147 139 130 134 139 143 145 138 137 142 146 169 170 151 149 143 131 106  91 121 128 109  89  75  76  92  96  97  91 101 124 126 114 146 150 129  97 103 128 148 147 122  98  75  62  63  61  57  60  56  54  50  50  52  58  59  58  58  61  64  66  70  68  69  64  62  61 107 178 176 165 161 
169 162 168 188 189 184 174 172 183 166 132 133 139 156 152 141 122 127 129 132 128 130 128 128 126 123 119 123 126 116 110 114 118 118 110 108 107 111 134 161 144 135 143 131 115  84  61  81  98  89  86  74  70  69  82  87  88 107 128 121 116 149 144 123  87  93 109 120 118  96  82  74  61  59  57  45  51  54  53  53  54  50  55  58  59  60  59  65  64  68  70  65  66  58  60  94 127 122 123 126 
163 164 160 158 158 145 144 154 150 127 126 133 146 156 140 123 128 118 112 115 113 113 113 101  92 100 103 119 115  97 100 120 143 143 139 139 124 135 162 157 136 128 119 128 133 120 118 114 108 120 122 115  86  71  87  99  94 112 129 113 117 153 147 116  75  69  77  82  59  58  68  68  64  55  54  49  49  50  50  51  48  49  60  62  60  64  59  66  68  72  71  69  68  64  55  58  59  64  65  69 
144 118 132 134 134 134 138 142 146 154 167 165 165 157 140 145 141 126 131 131 131 138 133 127 133 124 115 131 123 101 125 169 174 173 175 161 155 167 173 173 174 158 149 166 174 172 175 163 161 170 168 153  99  76  81  88  90 110 127 115 125 153 144 107  55  45  52  57  53  57  65  72  66  59  51  47  48  48  51  46  48  51  61  60  56  57  61  68  66  68  70  69  63  64  60  61  66  68  68  72 
103 105 132 130 132 137 136 143 160 156 152 159 160 151 144 139 102 111 132 132 140 158 173 174 167 138 129 135 123 109 142 175 178 176 174 174 175 176 174 176 180 179 177 175 181 183 180 177 174 172 172 155 105  84  76  77  92 120 131 115 137 155 138  91  50  57  81  83  61  57  74  76  63  56  53  43  42  43  52  49  50  54  61  60  58  57  64  69  66  77  72  71  67  72  66  68  67  70  72  74 
 96 111 133 133 138 137 138 147 154 144 148 159 156 148 151 126  93 122 133 127 150 185 205 179 164 142 135 126  96  84 143 177 176 172 176 179 177 176 177 176 177 177 176 178 181 180 177 179 174 177 181 160 114  91  79  84  96 122 128 117 141 153 135  90  77 107 130  93  62  63  70  70  56  57  51  47  43  43  51  52  49  51  62  55  58  64  69  74  78  84  77  70  69  68  71  73  71  72  71  71 
 98 121 134 136 131 133 140 148 161 145 149 151 147 145 136 101  93 129 133 135 153 188 170 168 156 141 140 112  69  86 155 179 176 175 180 180 174 173 177 179 178 176 175 179 177 176 183 177 175 175 177 158 119  90  78  86  99 125 125 119 144 151 132  94  88 125 138  90  50  60  69  66  51  50  48  47  48  48  46  50  48  54  59  61  62  70  76  80  82  75  75  69  68  73  73  71  74  72  75  76 
 96 127 134 129 131 132 139 157 164 146 152 147 138 135 111  86 109 137 131 141 159 165 154 164 149 124 129 104  69 102 167 173 175 177 180 178 175 177 181 181 182 178 182 181 178 181 182 180 181 179 182 157 111  85  81  89 104 129 124 120 146 150 125  86  93 115 138 123  87  82  76  54  52  50  47  40  38  44  46  53  54  56  57  63  66  68  73  72  69  66  70  68  69  73  74  75  74  71  78  75 
 94 128 132 129 137 133 143 154 153 149 162 142 133 121  94  86 112 129 134 144 163 175 173 165 141 126 128  97  59  84 116 122 128 129 134 130 140 145 140 143 145 145 143 143 145 145 144 145 141 150 168 146 113  93  86  92 114 131 122 129 150 145 118  83  91 110 153 159 142 100  67  55  49  49  44  38  43  46  50  53  50  51  57  64  67  66  73  72  70  69  67  62  62  63  68  71  72  70  65  64 
 99 131 134 135 136 137 144 149 156 169 172 144 133 118  96  91 116 130 134 150 174 187 179 163 131 124 123  81  54  62  60  70  93 117 115 120 145 123 102 113 113 104 108 107 116 119 118 111 105 117 139 132 112  92  84  92 117 131 115 124 144 141 111  92  96 113 154 161 104  58  58  58  53  49  48  49  46  50  48  51  51  48  54  64  66  68  83 103  86  70  69  67  64  66  63  63  67  67  64  60 
112 137 132 140 135 136 149 148 149 171 161 142 127 108  87  87 121 132 136 151 179 182 180 160 132 126 119  89  71  67  68  80 124 171 164 175 205 179 171 170 176 175 175 159 181 204 189 186 180 164 147 120 101  87  86  98 124 131 107 124 150 139  98  95 102 124 161 126  68  55  55  54  51  49  56  51  50  49  54  51  48  51  56  57  57  66  71  69  61  57  59  63  58  58  61  59  58  58  60  56 
122 137 134 135 132 140 147 155 146 154 153 145 126 106  88  95 130 137 141 154 176 179 172 150 126 125 113  91  79  77  79  87 142 181 168 178 214 194 192 200 203 201 168 155 179 164 163 160 174 171 146 121  97  76  84 101 128 118 102 128 147 126  85  98 105 130 118  61  56  58  56  52  50  51  54  51  51  42  45  48  50  47  49  51  52  56  59  54  54  57  56  58  61  61  57  53  55  47  46  51 
122 132 127 131 132 141 153 164 151 148 149 143 126 107  90 102 130 132 136 162 188 178 169 143 124 133 123 112 109 113 118 141 172 183 176 181 202 197 196 204 202 186 161 162 185 176 166 166 181 187 193 151  83  68  83 110 133 118 109 133 146 115  82  99  95  88  62  43  46  55  60  57  52  56  52  51  48  44  51  50  47  49  52  51  54  54  53  53  52  52  58  59  59  56  50  50  54  48  45  49 
123 131 132 136 132 142 160 167 148 144 141 136 129 116  88 105 132 131 142 165 178 169 158 132 130 134 128 136 148 160 176 188 194 192 188 196 198 191 196 202 201 190 188 195 195 184 187 194 208 210 195 146  91  75  87 118 135 114 109 133 143 106  82  87  70  44  41  32  43  58  58  56  55  57  55  51  49  49  52  50  49  51  52  54  55  55  46  48  52  54  56  55  47  45  48  51  51  53  52  52 
128 132 131 135 131 153 179 180 160 142 136 139 141 123 100 118 128 133 142 165 166 157 152 128 132 141 134 138 148 162 165 168 177 189 193 193 196 198 196 204 200 200 194 196 193 184 196 209 209 182 154 110  72  78  97 127 131 104 119 145 138  90  86  99  85  69  42  39  55  70  62  54  54  55  54  48  51  49  46  45  49  50  52  49  53  52  48  52  49  55  55  53  52  50  47  50  50  55  52  54 
130 137 129 128 134 159 185 182 159 145 137 135 140 127 108 120 125 134 145 168 169 170 153 126 132 135 126 127 120 122 118 125 146 161 171 173 163 164 176 175 183 182 173 173 168 172 187 183 150 110 101  65  58  78  98 134 125 103 126 149 122  83  90  90  78  58  42  45  59  65  61  55  51  53  48  56  52  47  49  51  48  48  51  51  56  53  47  55  56  57  58  52  56  54  53  56  53  55  53  56 
133 131 130 132 138 163 184 170 153 139 122 119 119 104 101 124 126 131 152 177 176 174 146 123 138 138 135 139 141 144 148 155 159 160 158 158 141 144 148 142 146 141 133 137 145 161 163 149 131 125 109  87  71  80 107 138 118 104 127 143 103  75  78  60  39  32  33  38  52  60  59  53  49  49  54  49  48  49  49  50  49  49  52  54  52  56  51  53  55  53  55  55  52  49  53  54  54  54  56  58 
125 127 128 132 142 163 182 170 147 132 120 112 105  95 106 127 124 134 159 177 176 167 134 130 141 143 146 157 164 176 177 176 174 171 178 179 179 172 162 161 166 170 185 178 181 180 175 168 159 150 136 122  96  85 116 134 105 103 136 135  88  73  76  59  48  40  41  39  52  67  61  52  47  49  51  45  47  52  50  47  52  52  53  54  50  52  54  54  54  49  53  56  53  54  50  56  57  55  53  53 
125 127 124 133 146 171 182 169 148 130 120 111  95  86 107 129 126 141 163 171 175 159 133 133 145 147 160 170 173 181 195 194 192 185 181 179 186 186 168 167 172 183 193 196 195 190 186 177 172 152 137 114  87  89 125 130  99 107 130 107  72  72  82  83  72  39  36  46  60  67  58  51  45  45  46  45  49  57  52  48  47  48  51  52  53  48  50  54  54  52  54  53  56  53  51  55  56  57  57  57 
120 120 119 125 142 164 167 166 150 136 135 130 106  85 113 127 125 137 154 169 169 155 130 137 143 161 175 167 150 178 211 206 205 199 187 174 182 184 172 159 153 183 203 205 211 208 194 174 166 153 138  98  80  98 133 126 101 113 126  92  71  75  96 101  58  38  43  48  49  59  53  44  50  56  58  50  50  54  46  49  46  46  53  52  51  46  48  48  51  55  55  52  54  55  55  56  52  55  59  58 
 76  83  84  86 103 134 163 168 149 141 146 142 105  76  84  93  92 106 128 151 164 137 124 140 140 164 172 142 126 182 214 206 211 203 185 171 188 193 176 138 129 184 210 204 214 210 189 172 165 162 134  88  81 107 134 116  99 119 124  87  74  77 105 115  64  44  42  50  56  51  51  47  47  56  52  47  52  54  49  49  46  52  52  52  46  50  48  52  51  50  48  51  51  51  54  53  52  53  55  56 
 85  92  89  85 101 122 147 151 142 140 142 117  85  71  76  74  69  82 123 144 136 119 128 139 148 162 159 134 137 202 213 213 214 200 181 181 191 192 175 133 135 198 207 206 207 202 178 172 168 146 115  79  86 116 142 109  97 122 122  84  76  88 121 108  64  48  48  58  64  56  53  49  52  53  49  50  49  57  56  50  53  52  50  52  49  53  56  58  53  50  52  52  55  53  52  53  48  51  54  51 
127 120 116 120 120 121 132 131 133 132 128 119 110 113 114 110 110 114 127 134 117 116 130 134 145 168 166 132 152 207 213 215 210 189 177 187 192 193 172 120 151 206 208 204 206 190 167 168 168 153 133 102  88 122 131 102  98 126 110  79  79 100 115  75  51  44  57  61  58  62  54  53  55  57  54  54  48  51  59  59  60  58  56  55  54  51  56  58  54  45  46  48  57  54  51  54  53  55  52  54 
132 126 119 120 123 123 129 130 136 139 136 137 134 137 142 141 130 113 110 118 127 134 132 136 154 172 175 138 166 214 210 217 198 170 165 183 190 193 158 129 167 206 205 212 204 182 167 164 172 161 147  96  97 124 115  93 108 124  98  82  84 103 108  80  50  40  53  46  58  65  54  60  61  64  57  53  53  54  60  63  62  60  59  60  60  53  55  60  54  48  47  53  53  51  54  52  56  60  57  59 
141 126 103 110 172 199 192 170 142 138 136 117 100 154 215 214 201 180 137 109 139 146 141 135 138 142 126 136 184 214 215 211 197 173 169 187 188 181 135 127 183 201 202 213 201 169 167 178 171 153 126  86 102 131 106  96 113 120  97  86  91 122 135 112  52  40  43  38  47  48  44  44  50  56  58  57  53  50  48  48  58  65  59  55  54  54  60  60  62  58  60  58  55  58  61  57  54  57  59  59 
144 121 113 174 240 251 247 199 152 150 125 101 122 207 251 248 250 230 147 126 155 143 140 126 103 119 122 149 194 208 211 213 197 168 167 185 184 154  98 135 188 199 200 205 188 159 157 171 169 145 103  86 111 135 103  92 118 116  91  88 103 134 147 110  47  31  28  29  29  34  36  36  38  40  39  37  41  38  36  41  53  48  42  47  49  46  52  51  52  55  53  50  57  63  56  41  35  44  60  63 
149 142 146 200 246 247 244 211 172 149 129 125 164 229 250 246 250 231 159 148 151 140 134 125 123 126 118 158 207 208 214 214 191 168 168 180 188 141  97 148 190 198 201 203 188 156 149 175 184 161  92  86 114 134 102  96 121 115  90  92 117 139 148 107  58  41  37  32  28  28  30  30  27  27  30  26  26  34  31  34  36  30  26  35  34  34  34  34  32  39  39  40  44  42  37  29  30  39  45  50 
152 144 153 214 253 249 245 214 168 144 139 139 178 240 250 247 251 215 144 150 150 140 136 137 128 125 130 172 210 210 214 204 184 167 170 180 182 142 114 168 199 196 201 203 178 143 120 141 165 130  83  86 120 135  98  99 119 116  86  95 113 134 145 108  72  66  59  46  42  47  43  44  45  36  38  35  33  38  38  38  39  40  38  45  38  40  42  33  35  36  37  38  46  50  45  41  40  46  49  45 
151 136 167 225 253 250 243 192 155 144 139 137 195 249 249 248 248 197 133 152 144 139 131 127 117 117 130 179 208 206 205 201 183 173 176 174 172 147 127 178 200 195 201 183 151 143 129 124 143 118  78  84 120 134  94  98 119 113  88  97 112 131 144 127  96  69  63  60  59  59  58  62  53  48  53  54  51  58  54  54  55  55  54  56  56  54  54  52  55  53  60  63  60  59  56  59  62  66  66  62 
143 137 180 240 251 249 222 175 148 138 127 131 213 252 248 249 247 194 148 155 148 137 129 130 132 124 146 196 210 212 213 203 178 168 174 176 170 137 147 197 205 206 207 187 166 178 183 188 178 111  71  78 114 132  97  91 117 114  90 100 118 129 145 142 117  75  63  64  59  59  56  54  54  48  52  54  57  59  57  57  60  63  59  57  53  51  53  54  59  61  59  55  53  55  57  59  64  63  66  64 
137 140 202 250 250 246 206 168 152 139 120 149 224 252 248 250 242 179 152 155 145 138 149 162 146 130 161 206 214 215 213 193 179 184 182 177 142 109 154 208 207 211 210 191 168 184 190 182 152  97  68  77 115 130 100  94 118 118  93  94 100 107 126 138 129 101  82  65  58  61  56  51  53  53  54  51  51  53  56  61  66  60  58  57  55  57  56  56  60  62  60  58  53  57  61  54  60  59  61  66 
137 140 217 252 249 243 204 168 146 146 144 179 236 253 248 250 233 164 152 151 140 135 149 152 133 127 170 210 209 209 207 188 183 197 191 165 130 112 165 207 206 212 211 193 165 178 177 171 138  86  68  76 111 133 108  89 111 120  97  87  92  92 104 125 131 128 111  83  68  63  57  56  58  55  56  53  55  60  59  58  61  62  62  59  55  62  60  55  59  61  61  62  64  65  62  60  63  63  64  64 
127 154 230 253 250 241 189 143 139 148 134 186 246 251 248 251 224 156 151 151 142 139 142 146 130 126 187 212 211 209 205 187 189 196 187 170 131 125 181 205 209 212 212 191 168 172 180 169 125  76  65  72 100 118 113  87  98 118 103  85  89  92  96 112 127 124 121 114 102  78  63  61  58  56  55  58  62  60  57  56  58  61  62  65  60  59  62  64  61  63  66  64  64  65  64  65  66  64  63  64 
119 166 234 252 251 231 173 139 139 129 133 200 250 251 249 249 208 153 156 148 135 139 144 151 130 132 200 210 212 208 190 178 188 198 189 169 119 134 201 209 208 210 209 191 174 175 176 157 105  73  65  68  88 116 120  96  92 113 114  91  90  95 100 104 116 116 116 118 121 109  86  69  60  61  60  62  61  61  54  58  64  64  58  61  61  61  62  61  66  63  67  65  64  61  60  65  67  67  63  64 
127 185 245 251 251 210 155 139 141 129 145 218 253 250 251 247 194 152 151 143 135 141 156 145 115 149 209 209 211 207 187 175 190 193 183 159 114 152 209 209 207 213 209 187 179 180 178 154 101  69  61  71  83 109 126 105  85 105 120 106  86  95 101 106 102 106 107 110 112 117 105  88  73  66  67  68  68  67  62  62  67  64  67  67  62  66  62  63  67  67  69  65  66  66  64  62  62  64  69  71 
137 203 251 251 245 203 162 150 139 114 146 229 253 249 250 238 175 148 147 140 136 140 134 102 103 168 207 209 212 203 179 167 181 187 177 142 121 170 212 210 213 209 194 179 182 177 171 143  88  64  61  64  74  96 121 120  86  85 109 117  98  86  95 105  98  91 103 114 109 115 107  97  77  72  71  78  79  69  66  67  73  72  75  79  78  75  77  80  75  72  71  68  72  69  70  71  67  65  68  72 
139 218 252 250 241 193 165 153 133 120 174 240 251 249 251 226 161 149 139 136 134 124 109 106 121 182 211 210 208 206 195 188 181 176 158 131 140 191 209 208 214 201 180 175 173 163 156 133  88  66  58  64  67  79 106 124 109  82  98 115 112  94  82  91  96  92 100 114 115 109 105 104  95  91  85  75  73  71  70  77  91 104 109 111 109 111 114 109 100  89  84  84  86  88  85  86  80  82  84  83 
156 238 251 250 237 177 147 136 127 128 185 246 249 248 250 216 151 139 136 135 131 127 120 109 130 196 208 209 213 218 207 189 169 161 137 121 146 193 209 212 211 201 181 175 172 163 155 119  81  66  59  58  64  71  91 116 125  94  86 100 115 110  95  87  93  97 101 108 106 104 104  99  97  90  82  79  79  83  82  92 105 100 105 102 109 115 116 116 105 100  95 102 103 101  97  96  95  97  97  96 
171 241 249 249 227 167 146 147 126 128 197 248 247 248 245 201 147 139 133 138 136 128 116 106 149 208 205 207 207 192 171 163 157 146 122 115 164 203 210 210 210 193 174 171 167 154 144 104  76  72  71  65  63  67  75  98 122 116  91  84 100 113 110  98  91  89  92  95  93  94  88  86  88  90  91  93  92  90  93  98  98  92  94 101 104 107 106 106 100  97  97 102 102 106 106 102 100 101  94  94 
182 251 254 253 209 159 161 155 130 139 212 254 253 252 247 194 152 145 134 147 138 131 114 112 165 211 205 205 204 190 175 173 161 140 109 112 174 214 209 210 209 196 181 170 146 141 120  89  76  71  72  68  65  63  67  78  98 122 115  97  88  99 109 113 105  89  84  84  89  90  84  83  85  85  80  87  91  85  87  92  88  89  94 100 100  99  92  95  96  94  92  87  90  95  93  87  83  80  74  80 
159 212 211 184 138 138 159 143 121 129 167 195 189 189 166 141 126 128 148 151 133 124 111 111 136 154 159 170 178 182 175 168 162 134 104 102 149 169 173 179 186 190 174 159 146 133 107  71  76  76  75  68  64  59  63  64  82 104 119 117  98  85  85 104 116 118 103  90  81  79  78  78  79  77  82  86  84  79  84  88  85  81  87  90  86  88  87  90  88  84  81  82  80  81  77  77  73  77  75  81 
 58  80  87  51  67 111 138 131  99  60  72  79  69  69  70  78  99 122 140 134 126 125 113  91  95  88  84 100 140 167 173 174 169 142 104  70  85  88  89 114 148 168 164 152 141 120  83  65  74  76  74  71  65  64  61  60  70  77  95 116 121 102  85  88  95 108 118 119 112 102  93  84  82  80  85  81  77  77  82  89  80  81  85  85  87  88  85  84  82  79  81  81  76  76  78  81  78  76  82  87 
 81 108 106  88  93 122 140 131 111  91  94  87  66  61  69  91 109 118 133 145 150 150 138 124 130 124 114 125 158 173 176 173 167 153 125 119 123 127 133 140 152 155 150 134 126 114  86  68  71  69  69  71  68  64  60  59  60  65  71  89 107 117 110  99  89  82  88 100 105 111 114 113 115 119 118 117 113 117 119 119 114 114 114 119 116 114 110 106 111 105 108 104 102 107 103 103 100  98 101 100 
134 132 131 125 122 132 126 120 128 123 131 125 113 121 126 131 131 135 132 131 142 143 143 144 150 156 159 175 181 175 168 163 165 169 164 178 182 176 178 172 159 136 117 107 111  97  77  69  65  59  62  65  69  68  67  60  57  59  63  70  79  90 107 110 108 101  92  88  79  85  85  93  96 105 107 109 105 109 107 110 113 113 111 109 114 115 113 116 114 110 112 115 117 117 118 115 117 112 114 115 
 90  94  97  87  90  90  80  96 103  90 107 122 116 122 128 127 136 129 114 118 134 149 134 110 119 157 157 145 160 164 161 164 161 157 159 156 135 145 160 153 140 125 106 111 114  84  70  67  61  58  62  63  68  68  69  63  63  57  57  63  66  70  82  89  99 113 116 117 106 105 102  91  85  88  91  89  86  87  86  86  89  90  83  93  88  89  92  86  94 101 108 117 108 110 109 108 108 104 108 103 
 71  81  64  56  64  56  56  66  62  65  87  81  81  93  83  99 121 121 119 112 122 138 112  74 113 129  88  99 145 159 156 132  94  99 115  84  86 117 107 105 120  98  86  99  85  63  63  68  61  61  62  63  65  64  67  65  65  62  60  61  61  63  66  69  77  82  98 105 107 118 120 126 123 116 108 112 116 122 126 121 125 127 128 125 122 119 129 132 135 142 146 149 148 145 146 149 149 148 142 146 
 93  94  94  90  85  80  73  68  75  84  74  67  73  69  64  96 115 121 110  98 117 134 132 132 131 113  89 118 154 159 142 101  60  88 112 108 120 113  76 109 134 124 130 110  71  55  71  65  62  62  59  57  59  61  63  63  64  66  62  60  64  61  61  63  64  69  73  78  81  85  83  90  92  89  88  97 104 107 111 107 109 111 120 120 124 116 121 128 126 131 128 126 132 133 135 139 145 143 138 143 
126 130 123 126 128 126 127 134 142 134 121 124 134 125 117 112 121 124 120 122 137 150 152 149 140 131 131 150 153 149 137 116 115 135 146 147 147 134 132 145 155 158 151 122  85  61  72  63  64  59  58  53  53  61  63  60  59  60  63  68  67  65  58  62  63  62  64  64  68  67  65  67  67  70  67  71  73  69  76  76  72  74  78  72  74  74  78  83  82  82  81  83  82  83  88  86  90  86  86  85 
139 136 134 136 139 141 151 165 167 158 147 146 139 126 119 119 124 127 113 118 146 150 129 127 131 133 134 134 137 136 130 131 131 131 136 139 138 141 140 137 144 151 146 112  72  63  66  65  61  57  54  48  54  53  55  55  62  60  61  57  63  64  62  66  62  60  62  59  57  65  64  66  62  65  67  67  70  68  65  66  63  68  63  62  62  61  68  71  68  65  62  66  67  68  65  69  69  67  65  63 
141 141 137 136 141 145 152 156 161 176 164 143 135 123 119 120 110  85  73 101 133 114  93 118 130 130 130 134 130 130 130 126 124 131 130 126 129 131 129 134 145 150 134  89  69  62  62  64  61  58  59  53  52  52  55  56  59  59  56  54  60  59  61  59  64  61  62  59  59  62  61  63  60  64  67  67  69  66  63  58  58  67  66  68  69  65  70  70  67  65  65  66  69  72  72  71  67  69  68  65 
138 138 136 133 137 143 157 162 176 175 160 137 118 103 108 106  84  54  63 109 132  98  86 119 130 130 130 130 128 130 126 126 130 131 126 130 132 133 132 137 144 138 136 120  77  59  62  61  60  60  60  57  57  55  57  59  54  58  60  57  60  58  57  61  62  58  57  65  71  69  70  69  71  76  76  78  76  75  75  75  74  77  76  79  82  80  83  76  81  79  77  84  83  79  85  77  79  79  77  66 
141 137 139 139 141 151 165 169 175 175 146 112  85  82 100 104  84  54  72 131 136  92  88 123 128 125 124 128 127 125 124 128 129 127 127 132 133 126 128 138 139 145 149 119  73  64  62  59  60  61  60  59  57  56  63  59  60  61  60  59  56  60  61  57  56  54  56  67  73  76  74  78  79  80  76  79  78  78  74  73  77  79  78  85  87  83  82  76  79  78  79  85  86  80  80  77  80  82  76  64 
139 136 134 139 148 156 176 190 182 163 133  90  66  71  94  86  55  47  86 142 130  80  97 125 125 123 123 125 122 122 127 126 128 127 127 129 128 125 129 139 147 149 145  99  66  63  60  55  63  60  57  61  61  64  64  61  65  64  63  61  62  57  56  58  59  53  58  63  75  90  86  79  71  52  59  76  82  72  67  55  64  74  81  85  88  89  83  80  74  73  79  80  74  70  77  85  86  82  63  39 
143 141 133 138 144 159 186 192 182 158 137 101  71  75  88  60  33  54 106 153 117  83  92 111 110 114 112 118 117 117 118 121 120 121 122 125 124 123 127 139 156 148 132  72  58  63  57  59  60  58  57  60  59  56  60  59  59  62  64  64  65  61  60  56  58  53  48  51  72  98  90  63  37  44  60  70  64  51  43  34  44  70  79  86  82  73  68  73  69  66  71  74  71  76  78  80  79  67  49  35 
142 142 141 143 147 168 193 194 177 155 127  88  63  81  83  54  37  70 127 149 106  88  86  92  91  86  81  84  88  95  91  91  87  91  94  90  93  95 104 124 155 149 125  73  54  60  59  60  62  56  59  60  59  57  59  57  52  55  62  66  61  59  57  53  48  38  31  46  73 110 119  99  92  91 109 117  95  82  89  72  63  90  86  91  70  67  60  59  59  67  64  65  63  59  63  70  72  64  52  38 
139 144 144 146 154 177 198 197 176 150 118  86  78  90  80  46  43  90 131 132 124 138 129 131 126 108  99  98 122 138  92  83  90  90  85  86  78  83  97 115 146 158 115  71  62  61  62  59  63  64  61  53  56  63  62  53  51  56  65  65  61  62  54  54  45  37  45  86 113 153 165 149 130 120 158 135 102 139 154  97  91 119 119 133 105  93  58  52  59  61  49  54  56  57  59  75  82  72  55  50 
141 143 143 144 157 173 183 178 164 146 112  80  88  99  79  52  62 101 134 126 134 145 147 171 176 153 129 141 152 141 113 117 121 130 133 129 115 118 124 133 135 118  68  62  62  60  57  63  63  61  64  61  62  62  57  53  56  57  62  60  55  57  55  53  55  57  75 112 128 152 151 136 126 130 152 117 114 136 140  88 101 140 143 150 122  97  84  87  90  85  83  85  87  85  91  95  96  96  93  92 
