100  99  95  92  91  94  97  97  95  96  96  96  96  95  96  96  96  96  96  96  96  96  96  96  96  96  96  96  96  96  96  96  96  96  96  96  96  96  96  96  96  96  96  96  96  95  96 101 106 109 108 108 108 107 108 108 108 108 108 108 108 108 108 108 107 108 107 108 108 105 113  98  47   8  19  24  20  21  20  21  21  21  23  23  25  26  27  27  25  19  17  26  25  13  16   8   4  15  46 105 
 60  77  86  98 102  98  91  95  96  96  96  96  96  96  96  96  96  96  96  96  95  95  95  95  96  96  96  96  96  96  96  96  95  96  96  96  96  96  96  96  96  96  96  96  97  96  95  99 106 108 108 108 108 107 108 108 108 108 108 108 108 108 108 108 108 108 108 108 108 115  82  39  10  18  23  21  23  23  23  23  23  23  23  23  23  23  24  20  20  31  20  13  15  14   5  19  66 111 154 191 
 17  29  41  62  81  93  98  96  96  96  96  96  96  96  96  96  96  96  96  96  96  96  96  96  96  96  96  96  96  96  96  96  96  96  96  96  96  96  96  95  96  96  97  96  98  97  95  98 105 108 108 108 108 107 108 108 108 108 107 108 107 108 107 107 108 107 107 107 109  98  34   9   6  20  19  17  21  21  21  21  21  21  20  20  17  17  17  11   7   4   1  17  25  14   6  69 175 187 186 168 
 16  18  15  18  30  50  72  91  96  96  95  95  95  96  96  96  95  95  96  97  95  96  96  96  96  96  96  96  96  96  96  96  96  96  96  96  96  96  96  95  96  96  96  96  98  97  94  97 102 107 108 108 108 107 108 108 108 108 107 108 108 108 108 108 107 108 109 107 106  56  16  18  17   8  14  16  16  15  15  14  14  14  15  12  15  13   9  22  30  47  91 141  95  13   4  81 185 167 176 184 
 54  31  18  13  13  16  24  42  70  91  97 102  96  93  95  97  96  94  97  97  95  96  96  96  96  96  96  96  96  96  96  96  96  96  96  96  96  96  96  96  96  96  96  96  96  96  95  94  96 103 108 108 108 107 107 108 108 108 108 108 107 108 108 108 105 107 112 105  95  38  21  16  18  12  13  13  11   9   9  12  16  16  15  21  12  16  45 148 171 215 234 251 124   6   6  82 179 179 178 176 
133 102  74  34  12  13  10  11  28  53  72  89  99  98  96  96  97  97  95  94  96  96  95  96  95  95  96  96  96  96  96  96  96  96  96  96  96  96  96  96  96  96  96  96  95  97  96  94  96 102 107 108 108 107 108 108 108 108 107 108 108 108 108 110 106 108 111 109 102  91  75  72  73  61  57  52  56  66  74  82  89 106 101 112  31   5  55 211 252 249 238 243 121  13   5  79 178 178 177 178 
166 158 137 100  52  22  23  20  18  17  23  48  80  98 101  99  93  92  99 100  95  96  96  96  96  96  96  96  96  96  96  96  96  96  96  96  96  95  96  96  96  96  96  96  95  96  96  94  95 100 105 108 108 108 107 107 108 108 108 108 108 107 108 111 107 106 110 111 108 116 111 112 115 108 103 105 119 140 150 154 156 165 151 161  79  10  17 138 244 244 237 247 124  16   5  76 177 178 177 178 
222 182 154 147 128  81  62  43  29  16  12  19  40  64  86 102 101  93  96  99  95  96  95  95  96  96  96  96  96  96  96  96  96  96  96  96  96  95  96  96  96  96  96  96  95  95  96  95  95  98 104 108 107 108 107 108 107 108 108 108 108 107 108 110 108 107 109 110 111 105 103 107 111 110 109 102 114 137 150 151 147 144 148 151 124  32   5  69 224 249 239 245 120   8   5  72 175 178 176 179 
255 240 197 160 147 129 105  88  72  50  28  13  17  26  47  79  98  98  92  92  96  96  96  96  96  96  96  96  96  96  96  96  96  96  96  96  96  95  96  96  95  96  96  96  94  95  97  95  94  96 103 109 108 108 107 108 108 108 108 108 107 107 108 108 109 109 108 108 109 105 106 106 106 106 107 103 107 122 139 149 148 144 156 151 144  61   9  30 161 244 234 244 129  13   4  68 174 179 176 180 
189 247 249 203 160 155 137  89  86 100  90  50  18  12  20  42  74  95  97  94  96  96  96  96  96  96  96  96  96  96  96  95  96  96  96  96  96  96  96  97  96  96  96  96  94  95  96  95  94  95 102 108 108 108 108 107 107 108 107 107 108 108 108 108 109 110 108 106 106 107 109 106 103 105 107 109 107 108 126 145 148 149 148 147 155 110  21   5  98 235 238 252 137  13   4  67 173 180 176 180 
 78 176 243 249 213 163 155 128  86  72 117 141  71  24  14  16  29  67 102  93  94  97  99  96  94  98  96  96  96  96  96  96  96  96  96  96  96  96  96  95  96  96  96  96  96  96  96  96  96  95  97 101 105 109 108 107 106 108 108 108 108 108 108 108 108 108 107 107 108 108 108 108 108 108 108 109 111 105 111 138 147 143 149 143 153 136  51  11  32 185 246 243 144  23   3  61 173 178 178 177 
 39  72 159 240 255 217 158 158 126  68  72 126 169 113  33   7  15  31  62  91  98  98  91  92  96  95  96  96  96  96  96  96  96  96  96  96  96  96  96  96  96  96  96  96  96  96  96  96  96  96  97 100 104 108 108 107 106 107 108 108 108 108 108 108 108 108 108 108 108 108 108 108 108 108 108 109 110 107 107 120 145 147 148 146 144 153  89  15  11 119 237 238 166  24   3  56 167 178 177 177 
 67  36  69 164 236 254 206 156 156 128  60  51 148 210 125  26  26  16  22  64  87 100  92  93  98  95  96  95  96  96  96  96  96  95  96  96  96  96  96  96  96  96  96  96  96  96  96  96  95  96  96  98 103 107 108 107 106 108 108 108 108 108 107 108 108 107 108 108 108 108 108 108 108 108 108 110 107 108 105 105 133 149 147 151 140 160 131  36   5  53 206 248 183  24   4  45 158 181 178 177 
131  71  32  73 160 238 249 195 158 151 121  59  57 152 228 149  36  21  18  21  56  92  99  97  99  97  96  96  96  96  96  96  96  95  96  96  96  96  96  96  96  96  96  96  96  96  96  96  95  96  96  97 102 107 108 107 106 107 108 108 108 108 108 108 108 107 108 108 108 108 108 108 108 108 107 110 104 107 110 107 117 142 148 151 145 148 149  77   9  18 141 255 187  30   5  32 147 183 178 177 
150 128  66  31  69 164 246 236 173 147 152 108  56  68 179 227 122  35  20  16  24  61  90  98  98 100  96  96  96  96  96  96  96  95  96  96  96  96  96  96  96  96  96  96  96  96  96  96  96  96  95  96 101 106 108 107 106 108 108 108 108 108 108 108 108 108 108 108 108 108 108 107 108 108 107 108 106 107 111 111 108 126 145 148 148 142 149 118  26   7  64 221 195  37   6  21 138 184 179 178 
154 155 133  67  32  70 180 244 210 164 153 148 103  52  77 186 208 111  42  21  11  22  68  94  94 101  95  96  96  95  96  96  96  96  96  95  96  96  96  96  96  96  96  96  96  96  96  96  95  96  94  95 101 106 108 107 107 108 107 108 108 108 108 108 107 108 108 108 108 108 108 108 108 108 108 106 113 112 104 109 108 110 140 144 145 152 146 149  54  12  17 169 211  33   8  14 133 185 178 178 
151 156 159 124  69  39  84 204 245 178 155 166 142  95  58 110 213 175 105  40  15  14  36  75 102  96  96  97  99  97  96  97  96  96  96  96  95  96  96  96  96  96  96  96  96  96  96  96  96  96  96  95  95 101 107 108 107 108 108 108 108 108 108 108 108 108 108 108 108 108 108 107 108 108 108 107 109 109 106 107 108 105 123 144 147 147 144 152 104  20   6  99 200  50   5  14 118 189 177 182 
159 152 161 153 116  64  43 124 235 217 158 154 158 150  79  88 225 196 154 102  39  16  12  38  84  94  95  94  96  98  97  97  96  95  96  96  96  96  96  96  96  96  96  96  96  96  96  96  96  96  97  95  93  99 106 108 108 108 108 108 108 108 108 107 107 108 108 108 108 108 108 108 108 108 108 108 107 107 108 108 108 106 113 132 145 144 143 148 134  46   7  47 166  79  12   8  96 185 180 175 
191 155 157 160 151 109  48  50 183 244 177 155 161 161 155 189 243 171 145 128  71  27   9  20  70 101  94  94  93  96  98  96  96  96  96  96  96  96  96  96  95  96  96  96  96  96  96  96  96  96  96  96  94  98 103 107 108 108 108 107 108 108 108 108 108 108 108 108 108 108 107 108 107 108 108 108 108 108 107 108 108 110 107 114 139 147 143 145 148  92  14   9 120 106   9   7  85 175 174 157 
235 172 149 150 158 150 103  38 133 243 205 159 154 139 152 156 122  74  59  43  29  12  15  22  61  91  95  99  95  95  98  94  95  96  96  96  96  96  96  96  96  96  96  95  96  96  96  96  96  96  96  95  94  96 100 104 108 107 108 107 108 108 108 108 108 108 108 108 108 108 108 108 107 108 107 108 108 108 108 108 107 113 104 103 131 145 146 146 147 130  42   2  61  93  11   8  39  71  49  35 
238 204 158 156 159 164 138  50 101 201 169  94  78  66  41  25  14   9   8   4   6  10  16  15  31  48  88 102  98  94  97  94  96  96  96  96  96  96  95  95  96  96  95  96  96  96  95  96  96  96  96  95  95  93  95 103 108 108 108 107 108 108 108 108 108 108 108 108 108 108 108 107 108 107 108 108 108 108 108 108 107 111 109 104 118 138 145 147 141 146  80  10  14  43  13  14   9  10   3   9 
195 241 162 143 123 117  94  44  41  49  24   2  10  13   3   9  16  21  37  50  44  28   9   6  23  29  71  98  98  89  95  99  95  95  96  95  96  96  96  96  96  96  96  96  96  96  95  96  95  97  95  95  94  92  93 102 109 108 108 107 108 108 108 107 108 108 108 108 108 108 108 108 108 107 108 108 108 108 108 108 108 106 110 110 104 126 145 144 142 145 119  29   9  21  10  12   2   4   3   2 
109 138  81  56  37  26   9   3   5   7  15  34  49  42  16  85 140 168 177 183 177 149  86  30  14  18  56  99  93  95  98  94  99  96  95  95  95  94  95  96  96  96  96  96  96  96  96  96  96  96  96  96  96  94  94  98 104 108 108 108 108 107 107 108 108 108 108 108 108 108 107 108 108 108 108 107 108 108 108 107 109 103 113 108 101 115 127 149 137 147 118  26  24  13  20  54  85 114 123 123 
 25   7   6   4   8  21  34  50  73 108 136 156 180 139  88 188 225 225 219 226 225 229 190  90  16  22  59 101  91 101  99  93  94  95  96  97  96  92  95  96  96  96  95  96  96  96  96  95  96  96  96  97  97  97  97  96  99 109 108 108 108 107 107 108 107 108 108 108 108 108 108 108 108 108 108 107 108 108 108 107 108 106 111 102 107 112 109 142 141 113  31   5   7  69 163 194 231 247 252 252 
 15  40  60  82 100 128 158 181 191 204 219 222 215 197 181 225 217 220 215 218 219 221 219 121  20  24  58  79  78  87  91  98  94  97  99  97  95  95  96  96  96  96  95  95  96  96  96  96  95  95  96  97  97  97  96  96  99 107 107 107 108 108 107 108 107 108 108 108 108 108 108 108 108 108 108 108 108 108 108 108 108 107 106 107 107 105 114 132 105  20  22  99  88 184 254 251 253 252 248 249 
135 149 171 195 204 210 219 225 222 219 218 221 224 223 219 225 207 225 228 214 181 127 101  51   7  21  33  33  32  35  44  56  77  88  97  98  96  96  96  96  96  96  96  96  96  96  96  96  96  95  96  97  97  97  97  96  98 104 106 108 109 108 107 107 107 108 108 108 108 108 108 108 108 108 108 108 108 108 108 107 108 105 108 117 104 104 107  81  24  43 153 224 226 246 248 248 248 246 248 251 
202 212 216 220 222 221 220 215 219 222 217 215 216 221 217 206 200 201 162  96  42  11   1  10  18  25  14   8   9  10  15  20  28  45  74  96 100  95  95  95  96  96  96  96  96  95  95  96  96  96  96  96  97  97  96  96  98 100 104 107 110 109 107 108 107 108 108 108 108 108 108 108 108 108 107 108 108 108 108 107 108 108 110 108 107 115  71  17  46 188 245 250 252 245 254 253 252 252 251 250 
215 216 213 211 212 216 217 220 218 217 219 221 225 208 189 177 168 112  32   8  35  73 103 126 122 128 131 120 105  74  53  15  11  14  31  63  88  96  96  95  96  96  96  96  96  96  96  95  96  96  96  97  96  97  97  97  96  98 103 108 111 109 108 107 108 108 108 108 108 108 108 107 108 108 107 108 107 107 107 108 108 109 110 103 111  84  25  47 182 245 242 253 248 243 249 250 251 251 251 251 
219 217 219 222 219 217 217 220 219 217 221 218 198 174 187 166  88  16  48 112 159 182 194 193 191 203 196 204 203 186 169 123  59  21   9  25  58  90  96  96  96  95  95  96  96  96  96  95  96  95  96  96  96  96  96  97  96  96 102 108 112 109 107 107 107 108 108 108 108 108 108 107 108 108 107 107 108 108 108 107 108 106 111 111  96  34  21 154 251 235 248 242 245 254 252 251 250 248 245 243 
217 220 218 218 218 219 219 217 221 217 218 207 177 177 173  75  30  87 176 194 194 192 193 196 199 201 206 210 215 216 212 211 177 110  38   8  16  55  87  97  99  93  96  97  95  96  96  96  96  95  96  95  96  96  96  95  96  96  99 106 110 109 106 107 107 108 108 108 108 108 108 108 108 108 107 108 108 108 108 107 108 108 109 106  49  16 104 236 242 242 242 245 249 250 249 244 240 236 229 221 
220 219 219 219 219 219 218 219 215 221 216 181 179 181  94  28 108 199 194 186 188 196 206 212 216 220 227 228 228 227 223 219 227 217 132  47  11  23  65  93  98  93  97  96  94  96  96  96  96  95  96  95  96  96  96  96  96  96  98 104 109 108 106 107 108 108 108 108 108 108 108 108 108 108 108 108 108 108 108 108 108 107 106  81  24  43 208 244 240 243 245 245 245 243 232 226 220 217 216 212 
215 218 218 219 219 219 218 220 216 223 207 175 179 144  24 104 186 188 190 187 205 212 219 223 225 229 235 233 231 229 230 229 220 232 218 155  42  12  32  77 101  95  97  98  95  96  96  96  96  96  96  96  96  96  95  95  96  96  97 101 106 107 106 108 107 108 108 108 108 108 108 108 107 108 108 107 107 108 108 107 108 107 101  42  13 108 249 239 242 244 243 239 234 229 222 217 213 214 216 215 
221 219 219 219 219 219 219 220 222 219 194 186 161  65  46 170 193 192 204 212 228 230 231 230 228 229 231 229 229 229 232 234 232 227 226 214 125  28  12  50  93  98  94  99  98  95  96  96  95  96  96  96  96  96  95  95  96  97  95  98 103 107 107 108 108 108 108 107 107 107 108 108 108 108 108 108 108 108 107 108 107 114  81  15  35 191 241 239 241 241 235 228 221 216 218 216 216 218 217 213 
219 219 218 218 218 219 219 221 220 213 183 180 111  19 143 202 185 212 220 239 236 237 236 234 233 232 233 233 232 231 232 233 227 233 230 231 216  93  11  22  66 100  96  95  97  96  96  96  96  96  95  96  96  96  96  96  97  97  94  95 100 106 107 108 108 107 108 107 108 108 107 108 108 108 108 108 108 108 108 107 108 102  41   7  85 230 233 238 239 233 225 218 214 214 214 214 216 214 206 197 
194 218 219 218 219 218 219 222 213 209 179 161  63  54 177 190 217 232 230 234 235 234 235 237 240 240 236 236 235 233 231 232 232 228 235 224 235 168  37   8  42  98  99  91  95  96  96  96  96  96  96  96  96  96  96  96  96  98  93  93  99 105 108 108 108 108 108 108 108 107 108 108 108 108 108 108 108 107 108 107 111  81  19  12 147 239 239 233 235 226 218 214 217 219 213 214 216 209 193 177 
175 197 211 219 218 216 217 215 228 200 184 136  16 109 189 213 232 235 236 235 237 237 237 238 239 238 237 237 236 237 237 236 236 234 233 230 225 223 117  12  21  88  96  96  95  96  96  96  96  95  96  96  95  96  96  96  96  96  95  94  95 101 107 111 110 109 108 108 108 108 107 108 108 108 107 108 111 103 106 109 103  56   8  33 190 239 230 231 221 218 217 220 221 218 215 212 200 185 179 182 
181 169 199 217 218 220 217 214 214 203 189  86  26 152 208 228 235 236 236 236 238 238 238 239 240 240 238 238 238 238 238 238 238 237 236 236 231 228 174  51   9  59  91  98  97  95  96  96  96  96  96  95  96  96  95  96  95  96  96  94  95  99 106 110 110 109 108 108 108 108 107 108 108 108 107 110 109 107 104 112  97  40   5  58 213 235 225 223 217 215 216 218 219 217 213 205 180 174 180 169 
174 182 171 196 222 217 217 220 217 203 175  51  34 183 229 238 238 239 239 238 239 239 240 241 241 241 240 240 240 240 240 240 241 239 238 239 237 232 220  99   8  37  91  93  96  96  95  95  96  96  96  96  96  96  95  96  95  95  96  94  94  98 104 109 108 108 107 108 108 108 107 108 108 108 107 111 106 112 101 114  85  21   5  97 235 227 221 214 214 213 215 218 218 217 207 182 180 168 116  61 
109 173 176 194 215 220 219 216 220 221 166  31  66 211 237 241 238 239 242 241 241 241 242 243 243 244 243 243 242 242 242 242 241 239 238 239 238 234 237 145  21  21  87  92  95  96  96  95  96  95  96  96  96  96  95  96  95  95  96  95  94  97 101 106 107 108 108 108 108 108 107 108 108 108 107 110 103 112 103 112  71  14   6 129 239 217 219 213 214 214 217 220 218 215 201 182 132  66  17   9 
 15  86 161 193 203 228 219 216 213 235 157  13 104 231 238 241 238 241 243 243 243 243 244 244 245 245 244 245 244 244 244 243 243 240 238 238 238 234 241 187  45  12  70  98  99  96  96  96  96  95  96  96  96  96  95  96  95  94  96  96  94  96  99 106 106 107 108 108 108 108 108 107 108 107 108 108 103 108 107 105  55  13  13 149 231 213 218 213 214 214 218 219 217 209 177 111  25  12  35  48 
 38  12  68 157 211 218 219 223 214 229 143  64 174 242 240 242 239 242 243 242 243 244 245 245 246 246 246 246 246 246 246 246 245 242 239 239 239 236 234 221  75  11  55  94  97  96  96  96  96  96  96  95  96  96  95  96  95  93  96  96  94  95  98 106 106 106 107 108 108 108 108 107 108 108 108 105 105 102 113  99  42  11  24 163 220 215 217 213 214 215 216 216 212 205 104  18  39 106 132 154 
141  44   7  71 179 217 219 219 218 221 205 205 234 241 240 241 242 244 245 244 245 246 247 247 248 248 247 247 247 247 247 247 246 245 243 242 239 236 236 229 114  10  45  92  94  95  96  96  96  96  95  96  96  96  95  96  95  95  96  95  95  96  96  98 105 109 108 107 107 108 107 108 108 108 108 104 108 105 110  92  27  11  24 166 219 217 219 213 215 212 220 209 224 128  26  68 153 181 173 181 
209 151  45   4  91 197 221 217 223 229 236 240 241 240 239 241 243 245 246 247 247 248 248 248 249 249 248 248 247 248 247 248 247 246 245 242 239 238 238 236 139  12  40  94  95  95  96  96  95  96  96  96  95  96  96  95  96  96  95  96  96  96  95  95 103 109 108 107 107 108 107 107 108 108 108 105 110 106 108  87  20  10  23 168 221 216 219 214 217 219 222 219 186  49  49 148 187 176 175 180 
238 226 162  44   5  94 199 223 228 238 242 241 241 241 241 242 244 246 246 248 248 248 248 249 249 249 248 248 248 248 248 248 248 247 246 244 241 240 237 244 168  22  34  92  96  95  96  96  96  96  96  96  96  96  95  96  95  95  96  95  95  96  95  95 101 106 107 107 107 107 108 107 108 108 108 105 109 105 107  82  17  10  23 170 224 214 218 217 212 218 213 220 118  13 110 191 178 174 179 178 
240 236 231 159  81 105 193 229 235 241 243 243 244 243 243 244 245 246 248 248 248 248 249 249 250 251 249 250 249 249 250 250 248 248 247 245 243 241 236 246 189  28  27  88  97  96  96  96  96  95  96  96  96  96  95  96  96  96  96  96  96  96  95  95  99 102 106 107 107 107 108 107 108 108 108 107 108 106 107  78  15   8  20 167 225 214 219 221 214 219 215 201  62  21 141 185 166 180 181 177 
245 248 238 235 228 220 228 237 240 241 240 241 246 246 245 246 247 247 248 248 248 249 250 250 250 251 250 250 250 250 250 250 249 248 247 247 245 243 238 243 196  31  25  87  96  95  96  95  95  95  96  96  96  96  96  96  95  96  96  96  95  96  96  94  95  99 105 108 107 108 108 107 108 108 108 106 107 107 108  76  14   8  14 159 224 217 220 221 211 220 223 182  38  38 152 184 177 180 176 181 
246 243 236 239 243 239 237 241 243 245 244 243 246 246 247 247 247 248 249 249 248 249 250 250 251 251 249 249 249 250 250 249 249 249 249 247 246 244 242 238 195  32  29  89  97  95  96  97  96  96  96  96  96  96  95  95  96  96  96  96  96  95  96  94  93  96 105 108 106 107 108 107 108 108 108 107 105 108 112  76  15  10   8 151 221 220 221 216 212 216 217 191  78  78 165 180 177 180 180 150 
247 250 247 243 243 246 246 244 245 246 247 246 246 248 246 246 249 246 245 247 249 250 250 250 251 251 250 250 250 250 250 250 248 248 248 247 245 245 243 236 200  36  30  94  98  96  93  90  95  96  94  96  94  93  97  97  93  96  96  96  96  96  95  94  94  97 102 106 108 108 108 108 108 108 108 106 109 109 113  78  20   9   6 134 221 218 220 216 216 219 214 211 167 148 177 180 167 173 182 103 
247 246 246 246 245 244 244 246 246 246 246 246 247 243 244 250 252 244 246 250 248 249 250 251 252 252 251 251 251 250 251 251 247 248 247 245 244 244 243 238 190  34  48  97  97 101  95  95 104  99  96 100  96  95  91  95 100  95  96  96  95  96  95  95  97  97  98 103 109 108 107 108 108 108 108 106 113 107 115  83  23   7   2  99 214 212 217 215 213 220 213 216 212 185 175 183 175 172 178  72 
249 247 247 246 246 246 245 246 247 247 247 247 246 248 249 245 244 248 245 244 249 249 250 250 251 251 250 251 250 250 250 250 248 248 247 245 244 245 236 244 170  20  45  97  78  82  93  97  91  94  95  90  94 103  94  91  99  95  96  96  96  96  95  94  96  97  98 101 107 108 107 108 107 108 108 107 111 106 113  89  27   9   4  65 208 216 220 216 213 217 215 220 217 200 177 174 183 177 172  54 
249 249 247 248 247 247 246 247 248 247 248 247 248 245 248 246 242 245 250 250 248 249 250 250 252 251 251 250 250 250 251 251 247 248 247 245 244 244 234 240 145  16  13  31  19  14  17  37  62  82  96 100  98  94  98  99  95  96  95  96  96  96  95  95  96  96  95  99 104 107 108 108 108 108 108 109 107 105 111  97  37   8   4  31 189 220 220 215 213 216 214 219 220 211 192 173 183 176 172  68 
250 250 249 249 248 248 247 248 248 248 248 248 249 246 248 252 249 246 241 244 249 249 250 251 251 252 250 250 250 250 251 251 247 248 247 245 245 244 241 235 109   5   7  44  86 118 129  93  44  26  38  72 101  97  96 100  97  96  95  96  96  95  96  95  97  95  94  97 101 108 108 108 108 108 108 109 107 108 108 104  51   7   5  10 143 214 219 212 212 215 215 217 216 214 203 177 177 175 181 124 
252 250 249 249 249 249 249 248 249 249 249 249 248 249 242 244 251 239 242 248 249 250 250 250 252 251 251 250 251 250 251 251 247 248 247 245 244 244 240 228  73  19 104 191 242 251 251 243 214 132  47  21  50  91 102  93  92  96  96  96  96  96  96  96  96  95  93  95  99 107 108 108 107 107 107 109 108 112 104 108  65   9  13   3  90 207 220 214 212 215 218 217 215 215 211 194 177 179 180 171 
252 250 250 250 251 247 244 251 248 247 247 246 250 246 248 243 153  79 134 228 249 246 251 251 250 251 250 250 250 250 250 250 247 248 247 246 246 244 241 198  38  84 220 239 239 247 246 246 254 248 192  77  12  40  86  97 100  96  95  96  95  95  96  96  96  95  93  95  98 105 107 108 108 108 109 109 110 112 104 110  75  19  12   2  42 181 218 212 212 216 221 220 220 217 216 210 191 186 174 179 
252 249 252 244 245 244 245 241 236 252 248 242 248 245 249 189  30  23 165 247 242 248 251 249 248 248 250 249 249 249 250 249 245 249 244 248 243 239 249 151  21 119 200 216 224 228 232 238 242 245 254 206  83  15  37  88  97  99  96  96  94  94  96  96  96  96  96  96  96  99 106 111 111 109 110 110 111 105 109 113  85  39   9  11  10 120 221 210 215 217 217 214 221 213 216 217 215 208 200 191 
252 250 251 247 244 247 210 105  93 179 237 251 248 246 246 114   1  21 131 153 214 254 242 243 251 245 250 250 249 250 250 249 246 247 246 246 240 237 232  73  45 167 183 214 215 215 220 220 217 231 240 248 216  73   9  47  81  98  98  98  96  95  97  96  95  96  96  95  96  99 105 110 110 109 109 108 110 108 107 110  95  45  15   8   4  57 189 218 220 218 216 211 213 217 213 216 217 217 216 215 
253 251 248 251 254 226  83   9  13 159 255 245 245 251 250 120   4  10  22  36 192 249 244 244 249 243 250 249 249 249 249 250 249 247 248 240 241 246 178  24 100 182 171 202 217 215 217 225 221 218 226 239 247 182  51  12  61  91 100  99  96  96  98  96  96  96  96  96  95  97 103 108 109 108 109 105 109 108 107 108 106  67  21  10   7  10 127 212 216 216 220 222 217 221 216 215 215 215 215 216 
253 252 250 241 253 195  28   7  35 151 227 240 245 242 254 186  27   1   1  83 235 251 253 242 245 246 249 249 249 249 248 249 245 245 245 234 245 234  80  38 164 172 177 181 208 215 218 216 213 214 224 221 230 251 126  10  32  76  97  99  95  97  96  96  96  96  95  96  96  95 100 106 107 107 108 105 108 108 107 107 111  95  31  13  10   1  51 171 223 219 211 220 212 218 222 220 218 216 216 217 
253 245 250 244 248 192  32  13   7  26 139 251 246 242 245 240 175  93 108 212 250 244 247 243 246 252 248 249 248 248 248 248 245 247 249 241 241 158  31 106 185 174 181 167 193 217 219 206 216 216 211 218 225 251 188  51  21  54  90  98  95  98  95  95  96  96  95  95  96  93  99 105 107 107 107 107 108 108 108 108 109 108  57  19   7   3   7  89 199 225 211 218 212 217 217 216 216 216 217 217 
253 248 247 239 250 234  86   5   3  33 175 253 247 243 247 244 249 236 241 246 245 248 250 250 248 245 248 247 248 248 247 247 245 245 243 240 213  57  63 180 168 180 174 175 181 155 102 103 184 217 208 220 216 243 222  85  11  39  85  97  96  98  94  96  95  96  95  95  96  93  98 104 106 106 107 109 107 106 109 108 107 106  94  30  10   8  11  15 119 213 216 220 213 215 216 218 220 220 220 220 
252 249 253 244 250 249 205 105  87 160 242 248 243 247 244 245 245 248 248 247 248 248 247 247 246 244 243 239 246 248 240 246 241 241 240 226  80  15 131 175 184 172 175 181 115  32  13  54 164 216 213 216 209 235 246 114  21  28  72 100  98  93  97  96  96  96  96  96  95  95  95  97 104 108 108 107 108 108 107 108 108 107 109  71  19  10  13   2  27 130 215 215 215 216 218 222 221 215 215 220 
252 250 253 244 246 254 249 248 244 242 244 246 247 247 245 246 247 247 248 247 246 246 246 245 246 243 241 250 244 236 247 245 247 240 228  85  21  24  32  96 157 177 184 123  30  34  95 123 181 198 187 191 188 213 242 134  25  26  72  98  97  92  96  96  95  96  96  96  95  95  95  96 103 108 108 107 108 108 107 108 107 110 110  92  52  14   7  18   5  22 123 206 223 218 215 218 223 224 219 213 
251 253 252 250 244 242 247 238 249 249 240 246 245 242 245 246 246 248 248 246 244 246 245 245 245 247 244 241 243 242 249 239 236 198  73  22 136 152  38   5  54 141 159  48  64 142 181 168 174 176 169 173 175 189 223 140  20  27  72  96  95  94  96  96  96  96  96  96  95  96  95  96 101 105 108 108 108 108 108 108 107 109 107 107  90  38  10   9   9   7  17 105 185 217 218 212 209 211 216 219 
251 251 249 252 252 247 248 248 247 244 242 243 245 245 243 244 245 245 246 245 244 245 245 244 245 244 242 242 239 242 243 221 141  45  13 145 232 224 174  60   5  42  99 116 161 178 179 182 178 173 173 176 175 177 196 120  16  31  75  96  96  96  96  96  96  96  96  96  96  96  96  97  98 102 108 108 107 108 107 107 108 106 105 108 104  80  35   9  16  15   2   6  46 129 189 211 225 222 216 214 
250 253 250 247 247 247 247 249 238 239 248 243 241 242 241 241 242 242 243 243 242 242 241 240 240 236 235 238 233 245 172  73  13  49 160 220 220 217 229 189  81   6  31 113 176 185 164 178 178 180 180 177 176 177 169  85  22  36  81  95  96  97  95  95  95  96  96  96  96  96  97  97  96 100 108 109 108 108 108 107 108 107 109 107 106 111  79  29  11  10   8  14  11  15  50 102 154 183 204 219 
250 245 251 249 244 245 246 243 246 246 245 242 238 237 239 238 239 240 241 240 238 237 235 233 232 229 233 228 234 188  43  25  97 195 224 217 219 216 214 213 142  66   8  21  86 171 178 180 170 176 177 179 173 178 146  45  24  40  85  97  96  99  94  95  96  96  96  96  96  96  98  97  95  98 107 109 107 107 108 108 108 107 108 105 103 110 105  86  41  14  15  17  18   9   3  11  22  42  75 106 
248 245 248 247 245 245 244 241 241 241 239 242 243 240 239 239 237 236 236 233 230 229 227 224 222 219 216 228 223 150  95 169 222 216 219 217 222 217 212 176 130 113  86  29  12  85 165 176 169 181 175 174 180 177 104  25  23  54  92  97  90  96  97  95  95  96  96  96  96  96  96  94  94  98 102 107 109 109 108 106 108 108 107 107 106 107 107 110  93  55  31  16  11  11  10  10   7   5   6   6 
247 247 246 244 243 242 242 240 239 239 239 238 238 238 237 235 232 228 225 225 225 224 223 221 219 221 224 213 215 219 209 220 210 219 218 209 222 219 208 162 127 141 168 132  35  19  72 157 184 168 178 176 186 149  55  12  33  73  99  98  92  96  96  96  95  96  96  96  96  97  95  94  94  97 100 104 108 110 108 105 107 109 108 108 108 108 107 109 111  99  77  54  32  19  13  10   8   7  11  14 
246 245 245 244 242 241 240 239 238 237 237 235 235 234 232 228 224 219 216 217 221 220 221 220 220 217 217 220 215 223 217 216 223 221 219 229 213 214 214 192 164 149 180 211 146  23   4  82 157 184 174 180 161  88  17  16  56  92 102  99  96  98  94  95  95  96  96  96  96  97  95  94  95  97 100 103 106 109 108 106 108 108 108 107 108 108 108 106 104 110 110 102  87  75  54  43  28  19  13  12 
243 243 243 242 241 240 239 239 239 237 235 233 233 228 224 223 221 218 216 216 218 218 218 218 219 219 217 215 219 214 169 142 184 203 211 182 130 182 215 216 197 136 141 200 222 152  32   7  79 156 191 167 100  30  12  43  79  98  99  96  97  99  95  95  95  96  96  96  96  97  96  95  95  97  98 100 104 108 109 107 108 108 107 108 108 107 108 108 108 107 106 106 107 109 108 101  90  80  69  64 
241 242 241 240 239 238 237 238 237 234 231 229 228 223 219 220 219 220 220 219 218 218 218 219 218 220 221 210 224 212 117  40  63  88  73  65 113 204 218 217 208 168 172 208 220 231 156  32   4  71 121  85  23   8  37  78  95  96  94  93  96  98  97  95  96  96  96  96  96  96  96  96  97  96  97  97 102 108 109 107 108 109 107 108 108 108 108 108 109 108 108 106 105 105 107 110 113 112 110 107 
240 241 241 239 237 236 236 234 231 229 227 223 220 218 218 218 218 218 218 219 220 218 219 218 219 216 216 221 217 208 129  46  33  24  48 110 195 227 220 216 218 209 217 222 221 219 233 152  27  13  31  18  12  42  78  93 103  97  96  95  94  94  98  95  96  95  96  96  95  96  97  97  98  97  96  95 100 107 109 109 108 108 108 107 108 108 108 107 104 107 109 109 108 107 103 104 104 106 106 104 
233 238 234 234 238 238 234 227 228 227 220 216 216 218 218 219 218 217 217 218 220 219 219 219 219 217 219 221 213 221 199 152 118 125 169 206 222 215 217 218 221 217 217 217 214 218 223 235 138  21  13  22  59 104  88  97  94  97  96  96  95  94  96  96  96  96  96  96  96  95  96  96  97  97  96  94  99 106 108 107 108 109 107 108 108 108 108 108 109 108 107 107 106 107 110 109 109 109 110 111 
241 239 238 234 211 161 112  77 120 186 218 220 215 218 219 218 219 219 219 219 218 218 218 219 219 218 218 222 218 217 220 213 206 213 216 218 218 218 219 219 218 219 219 219 220 221 206 225 234 122  14  22  56  89 101  94  98  95  95  95  96  96  95  95  96  96  96  96  96  96  96  95  95  95  96  95  99 103 104 105 109 110 107 108 108 108 108 107 108 107 108 108 108 108 107 108 108 108 107 107 
173 147 114  67  34  24  27  48 107 181 218 221 220 220 218 219 218 218 219 219 219 218 219 218 219 218 217 218 218 221 223 217 221 222 223 223 221 220 219 218 219 219 219 219 219 220 220 204 235 229  96   9  22  51 109  87 102  95  96  96  96  96  96  96  96  96  96  96  96  96  96  96  96  96  95  98  98  98 103 107 108 108 107 108 108 108 108 108 108 108 108 108 108 108 108 108 108 108 108 108 
 22  30  39  57  86 129 166 203 218 223 220 215 217 218 218 219 218 218 219 219 218 218 218 219 218 219 219 217 217 220 221 220 217 217 216 217 219 220 219 218 218 219 219 219 216 217 225 218 210 233 216  74   9  35  64  94  97  96  95  96  95  96  96  96  96  95  96  96  96  95  95  95  95  96  95  99  96  95 102 108 107 106 108 108 108 108 108 108 108 108 108 108 108 108 108 108 107 108 107 108 
143 162 184 206 218 221 223 225 220 216 219 221 217 217 219 218 219 218 218 218 218 219 218 218 218 220 221 217 219 220 217 216 222 221 219 218 218 219 219 218 218 219 218 218 217 223 207 223 225 206 239 200  46   9  26  83  97  96  96  96  96  95  96  96  95  96  96  96  96  96  96  96  95  96  95  98  96  94  99 105 107 107 108 108 108 108 108 108 108 108 108 108 108 107 108 107 108 108 107 108 
226 225 227 227 221 215 213 221 217 213 216 222 223 221 218 219 218 219 218 219 219 218 219 219 219 220 221 217 224 224 217 217 216 216 218 219 220 221 219 219 218 218 218 219 212 221 220 216 220 215 220 245 159  25  10  48  84  97  95  96  96  96  95  95  96  96  96  96  96  96  96  96  96  96  96  96  96  97  97 100 107 108 108 108 107 108 108 108 108 108 108 108 108 108 108 108 108 108 107 108 
217 222 210 202 210 220 221 216 218 221 220 218 217 218 219 218 219 218 219 218 218 219 218 217 216 218 219 219 228 230 223 220 220 221 222 219 218 218 217 218 221 221 219 220 224 211 221 219 215 223 212 224 241 118   6  19  56  97  97  93  96  96  97  96  95  96  96  96  96  96  96  96  96  95  96  95  96  97  96  97 105 109 108 108 108 108 108 109 108 108 108 107 108 107 105 107 108 108 109 108 
202 176 113 123 197 224 216 217 219 218 218 219 219 219 219 218 218 218 219 218 218 219 218 217 219 221 218 221 228 234 230 220 215 220 222 218 218 221 222 220 217 215 217 219 217 219 220 218 217 216 217 218 234 222  75   5  23  74 100  89  97  93  95  96  95  96  96  96  96  96  96  96  95  96  95  97  97  94  95  97 101 106 110 108 108 108 110 110 109 108 107 106 107 106 102 107 102 104 110 106 
 71  37  34 133 218 212 215 220 219 219 219 218 218 219 219 218 219 218 219 218 216 216 219 221 216 212 218 218 225 232 233 229 220 218 218 219 220 219 214 224 220 214 224 225 221 220 219 220 220 219 221 211 224 243 179  26   9  40  86  98 101  90  92  96  95  96  96  96  96  96  96  96  95  96  95  96  96  94  96  97 101 106 108 108 108 108 109 108 106 106 106 106 107 108 115 109 100 102 107 104 
 13  42 140 216 222 215 218 219 219 219 218 218 218 218 218 218 218 219 218 220 222 220 219 220 218 216 219 217 221 230 236 237 228 220 216 219 222 218 212 216 221 221 217 214 217 219 220 223 222 218 216 218 216 218 240 119   6  20  64  93  96  92  98  96  95  96  96  96  96  96  96  96  96  96  95  96  96  95  96  97  98 104 107 107 108 107 107 106 106 107 107 108 108 108 107 108 112 115 107  92 
120 176 217 215 207 226 218 216 219 218 218 218 218 218 218 219 219 218 219 218 216 216 216 218 222 223 219 217 218 226 235 240 236 226 219 219 221 218 224 214 219 229 221 226 226 222 221 216 213 218 219 219 210 210 237 218  49   6  31  78  96  97  98  96  96  96  96  96  96  96  96  96  96  96  96  96  96  96  96  97  96 100 104 105 108 108 107 107 108 109 110 110 109 107 108 106 103  84  54  33 
214 215 215 219 218 214 219 219 218 219 219 219 219 219 219 218 219 219 218 220 220 218 223 227 220 212 219 217 217 222 231 238 243 236 224 218 217 219 213 225 209 150 117 126 163 194 218 224 218 218 224 212 214 223 225 248 144  16   9  55  89  98  92  96  96  96  96  96  96  96  96  96  96  96  96  95  96  96  96  95  94  96  98 103 108 109 108 107 107 109 109 107 103 101 100  77  50  21   7  12 
218 218 217 219 220 218 219 219 218 219 219 219 219 219 218 219 219 219 219 223 196 139 130 169 210 224 220 219 216 219 227 236 245 241 230 216 215 220 223 189  87  18  24  24  20  73 162 217 221 215 219 214 222 207 218 241 217  66   6  32  72  97  94  96  96  96  96  95  96  96  96  96  96  96  96  95  95  96  96  95  94  94  96 102 108 109 109 108 105 106 106 104  99  90  50  22  10  16  65 126 
218 219 219 218 218 219 219 218 219 219 219 219 218 221 213 222 216 211 214 165  60  15  41  95 192 224 216 215 215 219 218 228 242 243 242 222 218 220 194  94   6  35 132 156  69  10  66 188 215 219 224 219 218 218 217 229 249 144   8  12  47 101  92  95  96  96  96  96  96  96  96  96  96  95  95  96  95  95  96  96  95  96  95  99 104 105 107 108 105 108 108  96  60  23  11  30  86 165 221 235 
218 218 218 219 219 218 218 219 218 219 218 218 219 217 217 215 208 194 137  47  16  84 135 164 206 217 218 218 225 220 219 221 239 244 238 222 226 221 137  36  14 118 224 229 141  30  32 147 223 219 218 219 218 219 217 225 245 214  53   7  23  87  98  95  96  96  96  96  96  96  96  96  96  96  95  96  95  96  96  96  96  95  95  91  92 106 110 103 106 110  79  32  12  33 101 177 224 234 239 237 
218 219 219 218 218 219 219 218 219 218 219 218 220 218 224 216 205 153  48  19 117 212 222 221 224 226 230 225 230 216 218 217 225 244 244 227 218 184  76  21  81 202 247 238 162  41  29 115 220 218 219 217 220 219 216 220 230 253 126  13  14  65  98  95  96  96  96  96  96  96  96  96  96  95  95  96  95  95  96  95  97  91  98 104  94  99 106 107  93  42  13  23  97 182 231 239 231 232 236 216 
219 219 218 218 218 218 218 218 218 218 219 218 219 217 219 217 190  86   8  85 217 224 207 224 208 179 144 127 146 183 215 225 214 241 250 237 226 182  76  57 145 236 242 227 154  39  36 112 214 217 219 218 221 218 217 217 219 248 197  33  13  40  89  96  96  96  96  96  95  96  96  96  96  96  96  96  96  96  96  96  96  94  98  97  92  97  96  71  25   7  71 169 229 239 228 238 216 239 225 107 
220 219 218 219 218 219 219 219 219 219 218 218 218 218 218 225 169  35  24 150 228 212 217 197 103  36  21  40  29  27  61 140 224 242 251 244 246 231 207 189 219 248 235 201 133  32  27 126 219 218 214 220 220 217 218 218 217 241 242  78   9  19  74  97  96  95  96  96  96  96  96  96  96  96  96  96  96  96  96  96  95  97  94  95 103  85  40  13  37 129 211 239 233 226 236 229 246 203  96  23 
220 219 218 219 219 218 219 219 219 219 218 218 218 218 217 227 139   8  43 167 216 223 208 102  12  28 114 170 163 145 100 152 241 247 253 242 246 249 246 243 246 233 208 179  94  13  34 154 218 224 216 222 221 216 221 222 212 234 255 140   8  14  60  98  95  96  95  96  96  96  96  96  96  96  95  96  96  96  96  96  96  97  95  92  67  27  17  73 176 230 238 228 232 230 226 230 212 104   9  25 
219 219 218 219 218 219 219 219 219 218 218 218 219 218 217 223 152  38  77 185 223 221 172  43  10  96 204 223 229 228 222 238 248 248 250 248 248 249 241 243 233 190 179 149  49   5  57 183 225 220 222 219 219 217 219 220 215 226 254 182  28   9  32  89  99  93  96  94  96  97  95  93  96  98  96  99  99  95  93  94  93  99  84  42  13  28 122 218 231 234 230 230 229 227 233 226  91  13  31  53 
219 219 219 219 219 218 219 219 219 219 218 218 218 217 215 220 204 162 173 210 227 214 138  17  24 137 219 208 213 214 223 238 249 249 245 247 249 249 238 207 185 182 183 107  28  17 119 213 217 220 219 218 218 219 219 218 218 222 251 210  57   7  23  83 100  93  97  95  95  97  96  94  93  93  90  91  98 105 102  93  89  66  29  13  60 168 230 229 234 234 221 240 229 231 232 113  22  36  73  85 
219 219 218 219 218 219 219 219 219 218 219 218 218 218 220 219 218 224 221 210 221 221 147  15   9 118 210 216 226 220 222 237 243 249 251 247 228 211 193 170 172 176 141  61  18  59 189 230 210 223 216 219 218 219 219 219 216 213 243 235  89   6  15  75  99  94  96  96  96  92  96  97  97  97 100 100  92  91  96  79  46  14  28 116 201 240 238 227 239 231 227 233 233 236 142  19  48 112 116 110 
219 219 218 218 218 218 219 219 219 218 218 218 219 219 219 217 212 212 218 221 219 221 183  54   2  77 183 196 196 205 217 211 223 220 213 199 184 173 171 172 183 159  83  17  27 135 217 219 219 221 219 218 218 218 219 219 219 216 236 246 124  10  14  63  98  95  95  96  97  96  97  96  93  93  96  95  99  93  55  22  17  67 168 238 232 230 234 224 231 228 244 229 239 180  34  38 109 136 132 130 
219 218 219 218 219 218 219 219 219 219 218 219 219 223 215 215 227 222 214 223 219 221 219 128  28  20 102 171 189 179 182 178 185 182 178 175 174 175 175 186 169 101  23  15  89 206 220 210 227 214 220 218 219 219 218 218 220 220 227 249 144  15  14  53  97  97  94  97  97  95  95  95  98  97  94  87  65  30  10  33 123 209 233 231 235 227 228 234 227 237 241 243 216  66  23  99 138 133 135 126 
219 219 218 218 218 218 219 219 219 219 218 219 219 219 218 218 222 221 216 214 217 221 224 209 116  16  19  99 171 180 169 174 172 175 180 182 181 180 178 164  97  32  14  84 176 220 219 216 222 216 218 219 219 219 218 218 219 219 218 248 153  19  10  45  97  96  93  99  99  92  92  96 103  92  70  48  11  16  85 168 226 235 232 235 225 235 235 227 241 244 235 230 117  10  47 103 108 112 118 125 
217 219 219 218 219 218 219 219 219 218 219 218 219 215 218 220 215 216 222 220 220 216 212 226 204 134  36  10  64 143 175 184 185 181 172 174 183 181 156  86  15  21  79 158 213 215 218 221 217 219 218 219 219 219 219 218 218 219 227 248 169  23  11  42  94  99  95  95  96 104  98  90  75  45  16   8  53 144 216 239 230 235 232 224 237 230 231 246 250 247 237 172  32   8  27  35  25  31  47  76 
216 219 219 218 219 218 219 219 219 219 218 219 218 219 219 218 219 219 218 219 219 218 217 212 214 218 173  88  28  23  62 113 148 165 171 163 136  99  40  16  35  97 162 202 217 220 219 219 219 218 219 219 218 218 219 218 220 218 231 248 174  19  11  33  86  90  90  97  97  85  68  40  14   7  37 114 193 244 246 239 233 230 227 224 234 241 242 248 243 230 226  94   7  13   7  17  20  13  12  22 
223 219 218 219 219 218 219 219 219 218 218 218 219 218 219 219 218 218 220 219 218 218 217 218 216 217 227 209 165 106  54  29  32  43  54  47  26  18  35  77 129 174 206 218 219 219 219 218 218 219 219 218 218 218 219 219 220 218 227 251 168  17  11  33  99  97  88  80  53  31  18  12  29  96 183 228 237 233 233 244 242 233 234 234 230 236 250 248 238 228 156  17   9   7  19  14  10  12  14  15 
