232 232 232 232 232 232 232 232 232 232 232 232 232 232 232 232 232 232 232 232 232 232 232 232 232 232 232 232 232 232 232 232 232 232 232 232 232 232 232 233 232 233 233 234 234 234 233 234 233 232 233 232 233 232 233 234 233 234 234 234 234 234 234 234 234 234 234 234 234 234 234 234 234 234 234 234 234 233 234 233 232 233 232 233 232 233 234 233 234 233 234 233 232 232 232 232 232 233 236 236 
233 233 233 233 233 233 233 233 233 233 233 233 233 233 233 233 233 233 233 233 233 233 233 233 233 233 233 233 233 233 233 233 233 233 233 233 233 233 233 233 233 233 233 234 234 234 233 234 233 232 233 233 233 232 233 234 233 234 234 234 234 234 234 234 234 234 234 234 234 234 234 234 234 234 234 234 234 233 234 233 232 233 233 233 232 233 234 233 234 233 234 233 233 233 233 233 233 234 235 235 
232 232 232 232 232 232 232 232 232 232 232 232 232 232 232 232 232 232 232 232 232 232 232 232 232 232 232 232 232 232 232 232 232 232 232 232 232 232 232 232 232 232 233 234 234 234 233 234 233 232 232 232 232 232 233 234 233 234 234 234 234 234 234 234 234 234 234 234 234 234 234 234 233 233 233 233 233 233 234 233 232 232 232 232 232 233 234 233 234 233 233 234 234 234 234 234 234 234 233 233 
233 233 233 233 233 233 233 233 233 233 233 233 233 233 233 233 233 233 233 233 233 233 233 233 233 233 233 233 233 233 233 233 233 233 233 233 233 233 233 233 233 233 233 234 234 234 233 234 233 233 233 233 233 233 233 234 233 234 234 234 234 234 234 234 234 234 234 234 234 234 234 233 234 234 234 234 234 234 234 233 233 233 233 233 233 233 234 234 234 234 234 234 234 233 233 233 234 234 233 233 
234 234 234 234 234 234 234 234 234 234 234 234 234 234 234 234 234 234 234 234 234 234 234 234 234 234 234 234 234 234 234 234 234 234 234 234 234 234 234 234 234 234 234 233 234 233 234 233 234 234 234 234 234 234 234 233 234 233 234 234 234 234 234 234 234 234 234 234 234 234 234 234 233 233 233 233 233 233 233 233 234 233 234 233 234 233 233 233 233 233 233 234 235 233 232 233 234 235 235 235 
233 233 233 233 233 233 233 233 233 233 233 233 233 233 233 233 233 233 233 233 233 233 233 233 233 233 233 233 233 233 233 233 233 233 233 233 233 233 233 233 233 233 233 234 234 234 233 234 233 233 233 233 233 233 233 234 233 234 234 234 234 234 234 234 234 234 234 234 234 234 234 233 234 234 234 234 234 234 234 234 234 234 234 234 234 234 234 234 234 234 234 234 235 233 232 233 234 235 234 234 
234 234 234 234 234 234 234 234 234 234 234 234 234 234 234 234 234 234 234 234 234 234 234 234 234 234 234 234 234 234 234 234 234 234 234 234 234 234 234 234 234 234 234 233 234 233 234 233 234 234 234 234 234 234 234 233 234 233 234 234 234 234 234 234 234 234 234 234 234 234 234 233 234 235 235 235 235 235 235 235 235 235 235 235 235 235 235 235 235 235 235 235 235 233 232 233 234 235 235 235 
234 234 234 234 234 234 234 234 234 234 234 234 234 234 234 234 234 234 234 234 234 234 234 234 234 234 234 234 234 234 234 234 234 234 234 234 234 234 234 234 234 234 234 234 234 234 234 234 234 234 234 234 234 234 234 234 234 234 234 234 234 234 234 234 234 234 234 234 234 234 234 233 234 235 235 235 235 235 235 235 235 235 235 235 235 235 235 235 235 235 236 235 234 234 232 233 234 235 235 235 
233 233 233 233 233 233 233 233 233 233 233 233 233 233 233 233 233 233 233 233 233 233 233 233 233 233 233 233 233 233 234 234 234 234 234 234 234 234 234 234 234 233 233 233 233 233 233 233 233 233 233 233 233 233 233 233 233 233 233 233 233 233 233 233 233 233 233 233 233 233 233 233 234 235 236 235 235 235 235 235 235 235 235 235 235 235 235 235 235 235 235 235 234 233 232 233 234 234 234 234 
234 234 234 234 234 234 234 234 234 234 234 234 234 234 234 234 234 234 234 234 234 234 234 234 234 234 234 234 234 234 234 234 234 234 234 234 234 234 234 234 234 234 234 234 234 234 234 234 234 234 234 234 234 234 234 234 234 234 234 234 234 234 234 234 234 234 234 234 234 234 234 234 234 236 236 236 236 236 236 236 236 236 236 236 236 236 236 236 236 236 236 236 235 234 233 234 235 235 235 235 
235 235 235 235 235 235 235 235 235 235 235 235 235 235 235 235 235 235 235 235 235 235 235 235 235 235 235 235 235 235 235 235 235 235 235 235 235 235 235 235 235 236 236 236 235 235 235 235 235 235 235 235 235 235 236 235 235 235 235 235 235 235 235 235 235 235 235 234 235 235 235 235 236 236 236 236 236 236 237 237 237 237 237 237 237 237 237 237 237 237 237 236 235 236 235 236 236 235 236 236 
236 236 236 236 236 236 236 236 236 236 236 236 236 236 236 236 236 236 236 236 236 236 236 236 236 236 236 236 235 235 235 235 235 235 235 235 235 235 235 235 235 235 236 236 235 236 236 236 236 236 236 236 236 236 236 235 236 236 236 236 236 236 236 236 236 236 235 235 235 236 236 235 236 237 237 237 237 237 237 237 236 236 236 236 236 236 236 236 237 236 237 236 235 235 235 235 235 235 235 235 
236 236 236 236 236 236 236 236 236 236 236 236 236 236 236 236 236 236 236 236 236 236 236 236 236 236 235 236 235 236 236 235 235 235 235 235 235 235 235 235 235 235 235 236 236 235 235 235 235 235 235 235 235 236 236 235 235 235 236 235 235 236 235 235 235 235 235 236 236 235 236 235 236 237 237 237 237 237 237 237 237 237 237 237 237 237 237 237 237 237 237 236 236 236 236 236 236 236 236 236 
235 235 235 235 235 235 235 235 235 235 235 235 235 235 235 235 235 235 236 236 236 236 236 236 236 236 236 236 235 236 235 235 235 235 235 235 235 235 235 235 235 235 236 236 236 236 236 236 236 236 236 236 235 235 236 236 236 236 235 236 236 235 236 236 236 236 236 235 235 235 235 235 236 237 237 237 237 237 237 237 237 237 237 237 237 237 237 237 236 237 236 237 237 237 237 237 237 237 237 237 
236 236 236 236 236 236 236 236 236 236 236 236 236 236 236 236 236 236 235 235 235 235 235 235 235 235 235 235 236 235 235 235 235 235 235 235 235 235 235 235 235 235 236 235 235 235 235 235 235 235 235 235 235 235 236 235 235 236 235 235 236 235 236 235 235 235 236 235 236 236 236 236 236 237 237 237 237 237 237 237 237 237 237 237 237 237 237 237 236 237 236 237 237 237 237 237 237 237 237 237 
235 235 235 235 235 235 235 235 235 235 235 235 235 235 235 235 235 235 236 236 236 236 236 236 236 236 236 236 236 235 235 235 235 235 235 235 235 235 235 235 235 235 235 235 235 235 235 235 235 235 235 236 235 235 236 236 235 235 235 235 235 235 235 235 235 235 235 235 235 235 235 235 235 237 237 237 237 237 237 237 237 237 237 237 237 237 237 237 236 237 236 237 238 238 238 238 238 238 238 238 
237 237 237 237 237 237 237 237 237 237 237 237 237 237 237 236 237 236 235 235 235 235 235 235 235 235 235 235 235 235 235 235 235 235 235 236 236 236 236 236 235 236 236 236 236 236 236 236 236 236 235 236 236 236 235 235 235 236 236 236 236 237 236 236 235 234 235 237 236 237 237 237 237 237 237 237 237 237 237 237 237 237 237 237 237 237 237 237 236 237 236 237 237 237 237 237 237 237 237 237 
237 237 237 237 237 237 237 237 237 237 237 237 237 237 237 237 237 236 235 235 235 235 235 235 235 235 235 235 236 235 234 235 234 234 235 234 235 235 235 235 235 235 237 237 237 237 237 237 237 236 237 237 237 237 237 237 237 237 237 237 237 237 236 235 235 234 234 237 237 237 237 237 237 237 237 237 237 237 237 237 237 237 237 237 237 237 237 237 237 236 237 236 236 236 236 236 236 236 236 236 
237 237 237 237 237 237 237 237 237 237 237 237 237 237 237 237 237 235 235 235 235 235 235 235 236 235 235 236 236 236 235 235 235 235 235 235 235 235 235 235 235 235 237 237 237 237 237 237 236 236 236 236 236 236 237 238 237 237 236 236 236 236 236 235 234 234 234 237 237 237 237 237 237 236 237 236 237 237 237 237 236 237 237 237 237 237 237 237 236 237 236 237 237 237 237 237 237 237 237 237 
237 237 236 237 237 237 237 237 237 237 237 237 237 237 237 237 237 236 235 236 235 236 235 236 236 236 236 236 237 236 235 235 235 235 235 235 236 236 236 236 236 236 235 235 235 235 235 235 235 235 235 235 235 235 237 237 236 236 235 234 235 237 236 235 235 234 234 237 237 237 237 237 236 237 237 237 236 237 237 237 237 237 237 237 237 237 237 237 237 237 237 237 237 237 237 237 237 237 237 237 
237 237 237 237 237 237 237 236 236 237 236 237 237 237 237 236 236 235 235 236 235 235 235 237 237 237 237 237 237 237 237 238 238 238 238 238 239 239 239 239 239 239 238 238 238 238 238 238 238 238 238 238 238 238 238 238 238 237 236 234 235 237 236 235 234 234 234 237 237 237 237 237 237 237 237 237 237 237 237 237 236 237 236 236 237 236 236 236 236 236 236 236 236 236 236 236 236 236 236 236 
236 236 236 237 237 236 237 236 236 236 236 236 236 237 237 237 237 236 236 235 236 236 235 236 236 237 237 237 236 237 239 238 239 239 238 239 241 241 242 241 241 241 244 244 243 243 243 243 244 244 244 245 245 245 244 243 242 241 239 238 237 236 235 235 234 233 234 237 237 237 237 236 236 237 237 237 236 236 236 237 237 237 237 237 237 237 237 237 237 237 237 237 237 237 237 237 237 237 237 237 
237 237 236 236 236 237 236 237 237 237 237 237 236 236 235 236 236 234 235 235 236 236 237 239 239 240 239 239 239 241 244 244 244 243 244 244 245 245 245 245 245 245 246 246 247 248 249 249 250 250 250 250 250 249 247 245 246 245 243 243 241 239 238 237 236 236 235 236 236 236 237 238 238 237 237 236 235 235 235 236 236 236 236 236 235 236 236 236 236 236 236 236 236 236 236 236 236 236 236 236 
236 236 237 236 237 237 237 237 237 236 236 236 236 236 236 236 236 236 236 237 239 240 241 243 243 244 243 243 243 245 248 248 248 248 248 248 249 249 249 249 249 248 246 247 249 250 252 252 252 252 252 251 252 252 251 249 248 248 247 247 246 246 245 244 242 241 240 239 238 237 237 236 235 235 236 235 235 235 235 235 235 235 235 235 235 235 236 235 236 235 235 236 236 236 235 235 235 235 235 235 
236 236 237 237 236 235 236 236 236 236 235 236 236 237 239 240 241 242 242 243 244 245 245 245 244 245 245 244 244 246 250 250 249 249 249 250 249 250 249 249 250 250 249 250 250 252 253 253 253 253 253 254 253 253 252 251 251 251 250 250 251 251 250 250 249 248 247 245 244 241 238 236 235 235 235 235 235 234 235 235 236 236 237 236 237 236 235 236 236 236 235 236 236 236 236 236 236 236 236 236 
236 236 237 237 236 234 236 236 236 237 237 237 237 240 242 244 245 245 246 246 246 248 249 247 247 247 248 248 247 249 251 251 251 251 251 251 251 251 251 251 251 251 251 252 252 253 254 254 254 254 254 253 253 254 253 252 253 253 252 252 253 253 253 253 252 252 251 250 249 247 246 245 243 241 241 239 237 235 234 234 234 234 235 235 235 236 235 236 235 236 236 236 236 236 235 235 235 235 235 235 
235 236 237 237 237 236 237 237 238 239 240 240 241 242 245 247 247 247 247 247 247 247 248 248 250 249 250 250 250 250 252 252 252 252 252 252 252 252 252 252 252 252 253 253 253 253 253 253 253 254 254 254 254 254 252 251 252 252 253 253 253 253 253 253 253 252 253 252 252 252 251 252 251 249 247 245 242 238 236 235 234 234 235 234 234 235 236 235 235 235 236 236 236 236 236 236 235 235 236 235 
236 237 236 237 237 237 238 239 241 242 243 244 244 245 247 249 249 249 250 249 249 249 249 250 252 251 251 252 251 252 251 251 251 251 252 251 251 251 251 251 250 250 252 252 252 251 251 251 252 252 252 252 252 252 251 251 252 252 252 253 253 254 254 254 254 253 253 253 253 253 253 253 253 252 250 249 247 246 246 241 240 239 237 235 235 235 236 236 236 235 235 235 235 235 235 235 236 236 235 236 
237 238 237 237 238 239 240 241 243 245 245 246 246 247 248 249 250 251 251 251 250 250 250 251 252 252 252 252 252 252 251 251 251 251 251 251 250 250 250 250 250 250 252 252 252 251 251 251 252 252 252 252 252 252 251 252 253 252 253 253 253 254 254 254 254 254 254 253 254 253 253 253 254 252 252 252 252 252 252 246 244 241 240 237 236 236 236 236 235 236 236 236 236 236 236 236 235 235 236 235 
238 239 240 241 241 242 243 244 245 247 247 249 249 249 249 249 249 249 250 250 250 250 250 251 251 251 252 252 251 251 253 253 253 253 253 253 253 253 253 253 253 253 253 253 253 253 253 253 253 253 252 253 253 252 252 253 252 253 253 252 253 254 253 253 253 253 253 254 254 254 253 253 254 254 254 254 253 252 253 249 247 245 243 241 238 239 238 236 235 236 238 237 237 237 238 237 235 234 236 235 
240 241 243 243 244 245 245 247 248 249 249 251 251 251 251 251 251 252 252 252 252 252 252 252 251 252 252 252 251 251 252 252 252 252 252 252 252 252 252 252 253 252 253 253 253 252 252 252 252 252 252 252 252 253 252 253 253 253 253 252 253 254 253 254 253 254 253 254 254 254 254 253 253 253 253 253 254 253 253 252 251 250 250 248 247 243 240 238 236 236 236 236 234 235 236 236 235 235 236 235 
244 245 246 247 248 249 250 250 252 251 252 253 253 253 253 253 253 253 254 254 254 253 254 253 252 252 252 252 252 252 253 252 252 252 252 252 252 252 252 253 252 252 252 253 253 253 253 253 252 253 253 253 253 253 252 252 252 252 253 253 253 253 252 252 253 253 253 253 253 254 254 253 254 254 254 254 254 254 254 253 253 253 253 253 253 249 246 243 241 238 237 235 234 234 234 235 235 236 235 236 
247 248 250 251 251 252 251 252 253 253 253 253 254 254 254 254 254 254 254 254 254 254 254 253 253 253 253 253 253 252 253 253 252 252 252 252 252 252 252 252 252 252 252 252 252 253 253 252 253 252 253 253 252 253 252 252 253 253 253 252 252 252 252 252 252 252 252 254 254 254 254 254 253 254 254 254 254 253 254 251 251 252 253 253 253 251 250 249 247 242 239 238 237 235 234 234 236 236 235 236 
250 251 252 253 253 253 253 253 253 254 254 254 253 254 253 253 253 253 253 253 253 253 253 253 254 254 254 253 254 253 253 253 253 253 253 253 253 253 253 253 253 252 252 252 252 253 253 252 253 252 253 253 252 253 253 252 253 253 252 252 252 252 252 252 251 251 252 254 253 253 253 253 254 253 253 253 253 253 254 251 250 251 251 252 253 253 253 253 252 249 246 243 240 237 235 234 237 237 236 236 
252 253 254 253 253 253 254 254 253 253 253 253 254 254 253 253 253 253 252 252 252 252 252 253 254 253 253 253 254 253 252 253 253 253 253 253 253 253 253 252 252 252 252 252 252 252 252 252 252 252 252 252 252 252 252 252 252 252 252 252 252 251 252 252 252 252 252 253 253 253 253 253 253 253 254 253 254 254 253 252 252 251 251 252 252 253 254 253 253 252 250 247 244 240 236 234 236 237 235 236 
253 253 253 253 254 254 254 254 254 254 253 253 253 253 253 254 253 254 254 254 254 254 254 254 254 254 254 254 254 253 251 251 251 251 251 251 251 251 251 251 252 252 252 252 252 252 252 252 252 252 252 252 252 251 252 253 252 253 253 252 253 253 253 253 253 253 253 252 253 253 253 253 253 253 253 253 253 254 253 253 254 253 253 254 254 254 253 253 253 254 253 251 248 244 238 235 232 231 233 235 
253 253 253 253 254 254 254 253 253 253 254 254 254 254 254 254 254 253 253 253 253 253 253 253 253 253 253 253 253 252 251 251 251 251 251 251 251 251 251 251 251 251 251 252 252 251 251 251 251 251 252 251 252 251 252 253 252 252 253 252 253 254 254 254 254 254 253 252 253 252 253 252 252 253 254 254 254 253 253 254 255 254 255 254 255 254 254 253 253 253 253 253 251 250 247 243 239 236 235 235 
253 253 253 253 254 254 254 253 253 253 253 253 253 253 253 253 253 252 251 251 251 251 251 251 251 251 251 251 251 252 252 252 252 252 252 252 251 252 251 251 251 252 252 252 252 252 252 252 252 252 252 251 252 251 252 253 252 253 253 252 253 253 253 253 253 253 253 252 253 253 253 252 253 254 254 254 254 254 253 254 255 254 255 254 255 254 253 254 254 254 254 253 253 254 253 250 246 242 239 236 
253 254 254 253 254 254 253 254 253 252 252 252 252 252 252 252 252 252 251 251 251 251 251 251 251 251 251 251 251 252 253 253 253 253 253 252 251 251 251 251 251 251 251 252 252 252 252 252 252 252 252 251 252 251 252 253 252 253 253 253 252 252 252 252 252 252 252 253 253 253 253 252 252 253 254 254 254 254 253 254 255 254 255 254 255 254 253 254 253 253 254 252 252 253 254 253 249 246 245 241 
254 253 254 253 254 254 253 253 253 252 251 252 252 252 252 252 251 252 252 252 252 252 252 252 252 252 252 252 252 253 254 253 254 253 254 253 251 252 252 252 252 252 252 252 252 252 252 252 252 252 252 251 252 251 252 253 252 252 252 253 252 251 252 251 252 251 252 253 252 252 253 252 253 253 254 253 254 253 253 254 254 254 255 254 255 254 253 254 254 253 254 252 251 253 253 253 251 250 248 246 
254 253 254 253 254 254 253 253 252 251 252 251 251 251 251 251 251 253 254 254 254 254 254 254 254 254 254 254 254 254 253 254 253 253 254 253 251 251 251 251 251 251 251 252 251 251 251 251 251 251 251 251 252 251 252 253 253 253 253 253 252 251 252 251 252 251 252 253 253 253 253 253 253 254 254 254 254 254 253 254 255 254 255 254 255 254 253 253 253 253 254 253 252 252 252 253 253 253 251 250 
254 254 253 254 253 252 252 252 252 251 252 253 253 253 253 253 253 253 253 253 253 253 253 253 253 253 253 253 253 253 254 253 254 253 254 253 253 253 253 253 253 253 252 252 252 252 252 252 252 252 252 252 252 251 252 252 252 252 252 252 252 251 252 251 252 251 252 252 252 252 252 252 252 253 253 253 253 253 253 253 253 254 254 254 255 254 253 254 253 254 253 253 252 253 253 253 253 253 252 252 
253 253 253 254 253 251 251 251 251 251 251 253 254 254 254 254 254 254 254 254 254 254 254 254 254 254 254 254 254 254 253 254 253 254 253 254 254 254 254 254 254 254 252 251 251 251 251 251 251 251 251 251 251 251 251 251 251 251 251 251 251 252 251 252 251 252 251 251 251 251 251 251 252 252 252 252 252 252 252 252 252 253 254 254 254 254 254 254 254 253 253 254 253 253 253 253 253 253 252 253 
254 253 253 254 253 252 252 252 252 252 252 253 254 253 253 253 253 253 254 253 254 254 254 254 254 254 254 254 254 254 254 254 254 253 254 253 253 253 253 253 253 253 252 252 252 252 252 252 252 252 252 252 252 252 252 252 252 252 252 252 252 251 252 251 252 251 252 252 252 252 252 252 252 252 253 253 253 252 253 252 252 253 253 254 254 254 253 254 253 254 253 253 254 253 253 253 254 253 252 253 
254 254 254 254 253 252 253 253 253 253 253 253 254 254 254 254 254 254 253 254 253 254 254 254 254 254 254 254 254 254 254 254 254 254 253 254 254 254 254 254 254 253 253 253 253 253 253 253 253 253 253 253 253 253 253 253 253 253 253 253 252 251 252 251 251 252 251 251 252 251 251 251 252 252 253 253 253 252 253 252 251 252 252 253 254 254 254 254 254 254 254 254 254 254 254 253 254 253 252 254 
253 253 253 253 253 253 253 253 253 253 253 253 254 254 254 254 254 254 254 254 254 254 254 254 254 254 254 254 254 254 254 254 254 254 254 254 254 254 254 253 253 253 253 253 253 253 253 253 253 253 253 253 253 253 253 253 253 253 253 253 253 251 252 251 252 252 252 252 252 252 251 251 252 252 252 252 252 252 253 251 251 251 252 253 253 253 253 253 253 254 253 253 254 254 254 254 253 253 253 253 
253 253 253 252 252 254 254 254 254 254 254 254 253 254 254 254 254 254 254 254 254 254 254 254 254 254 254 254 254 254 254 254 254 254 254 254 254 254 254 254 253 253 254 254 254 254 254 254 254 254 254 254 254 254 254 254 254 254 254 254 253 251 252 251 252 252 252 252 252 252 252 251 252 253 253 253 253 253 253 251 250 251 251 252 252 253 254 254 253 254 253 253 253 253 253 253 253 253 253 253 
253 254 254 254 254 254 253 253 253 253 253 253 254 254 254 254 254 254 254 254 254 254 254 254 254 254 254 254 254 254 254 254 254 254 254 254 254 254 254 253 254 253 253 253 253 253 253 253 253 253 253 253 253 253 253 254 253 254 253 254 253 251 252 251 252 252 252 251 252 252 252 251 252 252 252 252 252 252 252 251 251 251 251 251 252 252 252 252 252 254 253 254 254 254 254 254 254 253 254 254 
253 254 254 254 254 253 253 253 253 254 254 254 254 254 254 254 254 254 254 254 254 254 254 254 254 254 254 254 254 254 254 254 254 254 254 254 254 254 254 254 253 254 253 253 253 253 253 253 253 253 253 253 253 253 254 254 254 254 253 254 253 251 252 251 251 251 251 252 251 252 252 252 251 251 251 251 251 251 251 252 252 252 252 252 251 251 250 250 251 253 253 254 255 255 255 255 254 255 254 254 
253 253 253 253 253 254 254 254 254 253 254 254 254 254 254 254 254 254 254 254 254 254 254 254 254 254 254 254 254 254 254 254 254 254 254 254 254 254 254 253 254 253 254 254 254 254 254 254 254 254 254 254 254 254 254 254 254 254 253 254 253 252 252 252 252 252 252 251 252 252 252 251 252 252 252 252 252 252 252 252 252 251 252 251 252 251 250 250 250 251 253 254 254 254 254 255 254 254 254 254 
253 254 254 254 254 253 253 253 253 254 254 254 254 254 254 254 254 254 254 254 254 254 254 254 254 254 254 254 254 254 254 254 254 254 254 254 254 254 254 254 253 254 254 254 254 254 254 254 254 254 254 254 254 253 254 254 254 254 253 254 253 252 252 252 252 252 252 251 252 251 251 251 251 251 251 251 251 251 252 252 251 252 252 251 252 250 250 249 249 250 252 253 253 253 254 255 254 255 255 255 
253 253 253 253 253 254 253 254 254 254 254 254 254 254 254 254 254 254 254 254 254 254 254 254 254 254 254 254 254 254 254 254 254 254 254 254 254 254 254 253 254 253 253 253 253 253 253 253 253 253 253 253 253 253 254 254 254 254 253 254 253 253 253 253 253 253 253 251 252 252 252 252 252 252 251 252 252 252 252 252 252 252 252 251 252 250 249 248 248 249 250 251 251 252 253 254 254 254 254 254 
254 254 254 254 254 254 254 254 254 254 254 254 254 254 254 254 254 254 254 254 254 254 254 254 254 254 254 254 254 254 254 254 254 254 254 254 254 254 254 254 253 254 254 254 254 254 254 254 254 254 254 254 254 254 254 254 254 254 254 253 254 254 254 254 254 254 253 251 251 251 251 251 251 251 252 252 252 251 252 252 251 251 252 251 252 250 248 248 247 247 248 249 251 251 252 254 254 254 254 254 
254 254 254 254 254 254 254 254 254 254 254 254 254 254 254 254 254 254 254 254 254 254 254 254 254 254 254 254 254 254 254 254 254 254 254 254 254 254 254 254 253 254 254 254 254 254 254 254 254 254 254 254 254 254 254 254 254 254 253 254 253 253 253 253 253 254 253 252 252 252 252 252 252 252 251 252 252 252 252 252 252 252 252 251 252 250 249 248 247 247 248 249 250 251 252 253 253 253 254 254 
254 254 254 254 254 254 254 254 254 254 254 254 254 254 254 254 254 254 254 254 254 254 254 254 254 254 254 254 254 254 254 254 254 254 254 254 254 254 253 254 253 254 254 254 254 254 254 254 254 254 254 254 254 254 254 254 254 254 254 253 254 254 254 254 253 254 253 253 253 253 253 253 253 252 251 252 252 251 252 252 253 252 251 252 252 251 251 251 251 251 251 250 249 250 251 252 252 253 254 254 
254 254 254 254 254 254 254 254 254 254 254 254 254 254 254 254 254 254 254 254 254 254 254 254 254 254 254 254 254 254 254 254 254 254 254 254 254 254 254 254 253 254 253 254 253 254 254 254 254 254 254 254 254 254 254 254 254 254 254 254 254 254 254 254 253 254 253 252 252 252 252 252 252 252 251 252 252 252 252 253 252 252 252 251 251 251 250 250 250 250 251 250 249 250 251 251 252 252 254 254 
254 254 254 254 254 254 254 254 254 254 254 254 254 254 254 254 253 253 253 253 253 253 253 253 253 253 253 254 253 254 253 253 253 253 254 253 253 253 253 253 253 253 253 253 253 253 253 253 253 253 253 253 253 253 253 253 253 253 253 253 253 254 253 254 253 254 253 252 253 253 253 253 252 252 251 252 252 251 252 252 251 252 251 251 250 250 251 250 251 250 251 250 250 250 250 250 250 251 254 253 
254 254 254 254 254 254 254 254 254 254 254 254 254 254 254 254 253 253 253 253 253 253 253 253 253 254 254 254 254 253 253 254 253 253 254 253 252 252 252 252 252 252 252 252 252 252 252 252 252 252 252 252 252 252 252 252 252 252 252 252 253 254 253 254 253 254 253 252 253 252 253 253 252 252 251 251 252 252 252 252 252 252 251 250 249 250 251 250 251 250 250 251 250 250 249 249 249 250 252 252 
254 254 254 254 254 254 254 254 254 254 254 254 254 254 253 254 253 253 253 253 253 253 253 253 253 253 253 253 253 254 253 253 253 253 254 253 251 251 251 251 251 251 251 251 251 251 251 251 251 251 251 251 251 251 251 251 251 251 251 251 252 254 254 254 254 254 253 252 253 253 253 253 252 252 252 252 252 252 252 252 251 251 250 249 249 250 251 250 251 250 250 251 250 249 250 249 247 249 251 251 
254 254 254 254 254 254 254 254 254 254 254 254 254 254 254 253 253 253 253 253 253 253 253 253 253 253 254 253 254 253 253 254 253 253 254 253 252 252 252 252 252 252 251 251 251 251 251 251 251 251 251 251 251 252 251 251 251 251 251 252 252 253 252 253 253 252 253 252 252 252 252 252 252 251 251 251 251 251 252 252 251 250 249 250 249 250 251 250 251 251 250 250 250 250 249 248 248 248 250 250 
254 254 254 254 254 254 254 254 254 254 254 254 254 254 254 254 253 254 253 253 253 253 254 253 253 253 253 253 253 253 252 252 252 252 252 252 252 252 252 252 252 252 251 251 251 251 251 251 251 251 251 251 251 250 251 251 251 251 251 251 251 251 251 251 251 251 251 251 251 251 251 251 251 251 251 251 251 251 250 251 251 251 250 250 250 250 251 250 250 250 250 250 251 250 251 250 250 250 250 250 
254 254 254 254 254 254 254 254 254 254 254 254 254 254 254 254 253 254 254 253 253 253 253 254 254 254 253 253 253 253 252 252 252 252 252 252 251 251 251 252 251 252 251 250 250 250 250 250 250 250 250 250 250 250 250 250 250 250 250 250 250 250 250 250 250 250 250 250 250 250 250 250 250 250 250 250 250 250 251 250 250 250 251 251 251 251 250 251 250 250 250 250 250 250 251 251 251 250 249 250 
254 254 254 254 254 254 254 254 254 254 254 254 254 254 254 254 254 254 253 253 253 253 254 253 253 253 253 253 253 252 251 251 251 251 251 251 251 251 251 251 251 252 251 250 250 251 251 251 251 251 251 251 250 251 251 250 251 250 251 251 250 251 250 250 251 250 250 250 250 250 251 250 250 251 250 250 251 250 250 250 251 250 250 251 250 250 251 250 250 250 250 250 250 251 250 250 251 250 249 250 
254 254 254 254 254 254 254 254 254 254 254 254 254 254 253 254 253 253 253 253 253 253 254 253 252 252 252 252 253 252 251 251 251 251 251 252 251 252 252 252 252 252 251 250 250 250 250 250 250 250 250 250 250 250 250 250 250 250 250 250 250 250 250 250 250 250 250 250 250 250 250 250 250 250 250 250 250 250 251 250 250 251 251 251 251 251 251 251 250 250 250 250 250 250 251 250 251 250 250 250 
254 254 254 254 254 254 254 254 254 254 254 254 254 254 254 253 254 253 254 253 254 253 253 252 251 251 252 251 251 251 250 250 251 251 251 251 252 252 252 252 252 252 251 250 250 251 251 251 251 251 251 251 251 251 251 251 251 251 251 251 251 251 251 251 251 251 251 251 251 251 251 251 251 251 251 251 251 251 251 251 251 251 251 251 251 251 251 251 250 250 250 250 250 250 250 250 251 250 251 250 
254 254 254 254 254 254 254 254 254 254 254 254 254 254 253 254 253 254 253 254 254 253 254 252 252 252 252 251 252 251 250 251 250 250 250 251 252 252 252 252 252 252 251 250 251 251 251 251 251 251 251 251 251 251 251 251 251 251 251 251 251 251 251 251 251 251 251 251 251 251 251 251 251 251 251 251 251 251 251 251 251 251 251 251 251 251 251 251 251 251 251 251 251 251 250 251 251 250 251 250 
254 254 254 254 254 254 254 254 254 254 254 254 254 254 254 253 254 253 253 253 253 252 252 252 251 250 251 251 251 251 250 250 250 250 250 251 251 251 251 251 251 251 251 250 251 251 251 251 251 251 251 251 251 251 251 251 251 251 251 251 251 251 251 251 251 251 251 251 251 251 251 251 251 251 251 251 251 251 251 251 251 251 251 251 251 251 251 251 251 251 251 251 250 251 251 250 251 250 250 250 
254 254 254 254 254 254 254 254 254 254 254 254 254 254 254 253 254 253 253 253 252 252 251 251 250 251 251 251 251 251 251 250 251 251 251 250 251 250 251 251 251 251 251 250 251 251 251 251 251 251 251 251 251 251 251 251 251 251 251 251 251 251 251 251 251 251 251 251 251 251 251 251 251 251 251 251 251 251 251 251 251 251 251 251 251 251 251 251 251 251 251 250 251 250 250 251 250 251 250 250 
254 254 254 254 254 254 254 254 254 254 254 254 254 254 254 253 254 253 252 253 252 251 251 251 250 250 251 251 251 250 251 251 251 251 251 251 251 251 251 251 251 251 251 250 251 251 251 251 251 251 251 251 251 251 251 251 251 251 251 251 251 251 251 251 251 251 251 251 251 251 251 251 251 251 251 251 251 251 251 251 251 251 251 251 251 251 251 251 251 251 251 250 250 250 250 250 250 250 251 251 
254 254 254 253 254 254 254 254 254 254 254 254 253 254 254 253 254 253 252 252 251 250 250 251 251 251 251 251 250 251 251 250 251 251 251 251 251 251 251 251 251 251 251 250 251 251 251 251 251 251 251 251 251 251 251 251 251 251 251 251 251 251 251 251 251 251 251 251 251 251 251 251 251 251 251 251 251 251 251 251 251 251 251 251 251 251 251 251 251 250 251 250 251 250 250 250 250 251 251 251 
254 254 253 254 253 253 253 253 253 253 253 253 254 253 253 253 254 252 251 251 251 250 249 250 250 250 250 250 251 251 250 251 250 251 251 251 251 251 251 251 251 251 251 250 251 251 251 251 251 251 251 251 251 251 251 251 251 251 251 251 251 251 251 251 251 251 251 251 251 251 251 251 251 251 251 251 251 251 251 251 251 251 251 251 251 251 251 251 250 251 250 251 250 250 251 251 250 251 252 251 
254 254 254 253 254 254 254 254 254 254 254 254 253 254 254 254 254 252 251 251 249 249 249 250 251 250 250 250 251 251 251 251 251 251 251 251 251 251 251 251 251 251 251 250 251 251 251 251 251 251 251 251 251 251 251 251 251 251 251 251 251 251 251 251 251 251 251 251 251 251 251 251 251 251 251 251 251 251 251 251 251 251 251 251 251 251 251 251 251 250 251 250 250 250 250 250 250 251 252 251 
254 254 253 254 253 253 253 253 253 253 253 253 254 253 253 252 253 252 251 251 250 250 250 250 251 250 251 251 251 251 250 251 250 251 251 251 251 251 251 251 251 251 251 250 251 251 251 251 251 251 251 251 251 251 251 251 251 251 251 251 251 251 251 251 251 251 251 251 251 251 251 251 251 251 251 251 251 251 251 251 251 251 251 251 251 251 251 251 250 251 250 251 250 251 250 250 250 251 251 251 
254 254 253 254 253 252 252 252 252 252 252 253 253 252 252 251 251 250 250 251 251 251 251 251 250 251 250 250 250 250 251 251 251 251 251 251 251 251 251 251 251 250 251 250 251 251 251 251 251 251 251 251 251 251 251 251 251 251 251 251 251 251 251 251 251 251 251 251 251 251 251 251 251 251 251 251 251 251 251 251 251 251 251 251 251 251 251 251 250 251 250 251 251 251 251 251 251 251 251 251 
254 254 253 254 253 252 252 253 253 253 253 253 253 252 252 251 251 251 250 250 250 250 250 250 251 250 251 251 251 251 250 250 250 250 250 250 250 250 250 250 250 251 250 251 251 251 251 251 251 251 251 251 251 251 251 251 251 251 251 251 251 251 251 251 251 251 251 251 251 251 251 251 251 251 251 251 251 251 251 251 251 251 251 251 251 251 251 251 250 251 250 251 251 251 251 251 251 251 251 251 
254 254 253 254 253 252 253 252 253 252 253 252 252 252 251 251 251 251 250 250 251 251 251 251 250 251 250 250 250 250 251 251 251 251 251 251 251 251 251 251 251 250 250 251 251 251 251 251 251 251 251 251 251 251 251 251 251 251 251 251 251 251 251 251 251 251 251 251 251 251 251 251 251 251 251 251 251 251 251 251 251 251 251 251 251 251 251 251 250 251 250 251 251 251 251 251 251 251 251 251 
254 254 253 254 253 252 252 252 252 252 252 252 252 251 251 250 249 250 250 250 251 251 251 251 251 251 251 251 250 251 250 250 250 250 250 250 250 250 250 250 250 251 250 251 251 251 251 251 251 251 251 251 251 251 251 251 251 251 251 251 251 251 251 251 251 251 251 251 251 251 251 251 251 251 251 251 251 251 251 251 251 251 251 251 251 251 251 251 250 251 250 251 251 251 251 251 251 251 251 251 
254 254 253 254 253 252 253 253 253 253 253 252 251 251 250 249 249 250 250 250 251 251 251 251 251 251 251 251 251 251 251 251 251 251 251 251 251 251 251 251 251 251 251 251 251 251 251 251 251 251 251 251 251 251 251 251 251 251 251 251 251 251 251 251 251 251 251 251 251 251 251 251 251 251 251 251 251 251 251 251 251 251 251 251 251 251 251 251 250 251 250 251 251 251 251 251 251 251 251 251 
254 254 253 254 253 253 252 252 252 252 252 251 250 251 250 250 249 250 251 250 251 251 251 251 251 251 251 251 251 251 251 251 251 251 251 251 251 251 251 251 251 251 251 251 251 251 251 251 251 251 251 251 251 251 251 251 251 251 251 251 251 251 251 251 251 251 251 251 251 251 251 251 251 251 251 251 251 251 251 251 251 251 251 251 251 251 251 251 250 251 250 251 251 251 251 251 251 251 251 251 
254 254 253 254 253 253 252 251 251 250 250 250 251 250 251 250 250 251 250 251 250 251 251 251 251 251 251 251 251 251 251 251 251 251 251 251 251 251 251 251 251 251 251 251 251 251 251 251 251 251 251 251 251 251 251 251 251 251 251 251 251 251 251 251 251 251 251 251 251 251 251 251 251 251 251 251 251 251 251 251 251 251 251 251 251 251 251 251 250 251 250 251 251 251 251 251 251 251 251 251 
254 254 253 254 253 253 252 251 251 251 251 251 250 250 250 251 250 251 250 251 250 251 251 251 251 251 251 251 251 251 251 251 251 251 251 251 251 251 251 251 251 251 251 251 251 251 251 251 251 251 251 251 251 251 251 251 251 251 251 251 251 251 251 251 251 251 251 251 251 251 251 251 251 251 251 251 251 251 251 251 251 251 251 251 251 251 251 251 250 251 250 251 251 251 251 251 251 251 251 251 
254 254 253 254 253 253 252 252 251 250 250 250 250 250 250 251 251 250 250 250 250 251 251 251 251 251 251 251 250 251 250 250 250 250 250 250 250 250 250 250 250 251 250 251 251 251 251 251 251 251 251 251 251 251 251 251 251 251 251 251 251 251 251 251 251 251 251 251 251 251 251 250 251 250 250 250 250 250 250 250 251 250 251 251 251 251 251 251 250 251 250 251 251 251 251 251 251 251 251 251 
253 254 253 254 253 253 252 251 251 250 251 250 251 251 251 250 251 250 250 250 250 251 251 251 251 251 251 250 251 250 251 251 251 251 251 251 251 251 251 251 251 250 251 251 251 251 251 251 251 251 250 251 251 251 251 250 251 250 251 251 251 251 251 251 251 251 251 251 251 251 250 251 250 251 251 251 251 251 251 251 250 251 251 251 251 251 251 251 250 251 250 251 251 251 251 251 251 251 251 251 
254 253 253 254 253 253 252 251 251 250 250 250 250 251 251 250 251 250 250 250 250 251 251 251 251 251 251 251 250 251 250 250 250 250 250 250 250 250 250 250 250 251 250 250 250 250 250 250 250 250 251 250 250 250 250 251 250 251 251 251 251 251 251 251 251 251 251 251 251 251 251 250 250 250 250 250 250 250 250 250 250 250 250 250 250 250 250 250 250 251 250 251 251 251 251 251 251 251 251 251 
254 254 254 254 253 253 252 251 251 250 250 250 250 251 251 250 251 250 250 250 250 251 251 251 251 251 250 250 251 250 251 251 251 251 251 251 251 251 251 251 251 250 251 251 251 251 251 251 251 251 250 250 251 251 251 250 251 250 251 251 251 251 251 251 251 251 251 251 250 251 251 251 250 251 251 251 251 251 251 251 251 251 251 251 251 251 251 251 251 251 250 251 251 251 251 251 251 251 251 251 
253 253 253 253 253 252 251 251 251 250 250 250 250 250 250 250 250 250 250 251 251 251 251 251 251 251 250 251 250 251 251 250 251 250 250 251 250 250 251 250 251 250 250 250 250 250 250 250 250 250 250 250 250 250 250 251 250 251 251 251 251 251 251 251 251 251 251 251 250 251 251 251 251 251 251 251 251 251 251 251 251 251 251 251 251 251 251 251 251 251 251 251 251 251 251 251 251 251 251 251 
254 254 254 254 253 252 251 252 251 250 250 250 251 250 250 250 251 251 251 251 250 251 251 251 251 251 250 251 250 251 251 250 251 251 251 251 251 251 251 250 251 250 250 250 250 250 250 250 250 250 250 250 250 250 250 251 250 251 251 251 251 251 251 251 251 251 251 251 250 251 251 251 251 251 250 250 250 250 250 251 251 251 251 251 251 251 251 251 251 251 251 251 251 251 251 251 251 251 251 251 
253 253 253 253 253 252 252 252 251 250 251 251 250 251 251 251 250 250 251 250 251 251 251 251 251 251 250 251 250 251 251 251 251 251 251 251 251 251 251 251 250 251 251 251 251 251 251 251 251 251 251 251 251 251 251 250 250 250 250 250 250 250 250 250 250 250 250 250 251 250 250 250 251 251 250 251 251 251 251 251 251 251 251 251 251 251 251 251 251 251 251 251 251 251 251 251 251 251 251 251 
252 252 252 252 252 252 252 252 251 250 250 250 250 250 250 250 251 250 251 251 251 251 251 251 251 251 250 251 250 251 251 251 251 251 251 251 251 251 251 251 251 251 250 250 250 250 250 250 250 250 250 250 250 250 250 250 250 250 250 250 250 250 250 250 250 250 251 250 250 251 250 251 251 251 250 250 250 250 250 251 251 251 251 251 251 251 251 251 251 251 251 251 251 251 251 251 251 251 251 251 
252 251 251 251 251 252 252 252 251 250 250 250 250 251 251 251 251 251 251 251 251 251 251 251 251 251 250 251 250 251 251 251 251 250 251 250 250 250 250 250 251 251 251 251 251 251 251 251 251 251 251 251 251 250 251 251 250 251 251 251 251 251 251 251 251 251 251 250 251 251 251 250 251 251 251 251 251 251 251 251 251 251 251 251 251 251 251 251 251 251 251 251 251 251 251 251 251 251 251 251 
251 252 252 252 251 252 252 252 251 250 250 250 250 251 251 251 251 251 251 251 251 251 251 251 251 251 251 250 251 250 250 250 250 250 250 250 251 251 250 250 250 250 250 250 250 250 250 250 250 250 250 250 250 251 251 251 251 251 251 251 251 251 251 251 251 251 251 251 250 250 250 250 250 251 251 251 250 250 250 251 251 251 251 251 251 251 251 251 251 251 251 251 251 251 251 251 251 251 251 251 
252 251 251 251 251 251 251 251 251 250 250 250 250 251 251 251 251 251 251 251 251 251 251 251 251 251 250 251 250 251 251 251 251 251 251 250 249 249 250 250 251 252 251 251 251 251 251 251 251 251 251 251 251 251 250 249 250 250 250 250 250 251 251 251 251 251 251 251 251 251 251 252 252 251 251 251 251 251 251 251 251 251 251 251 251 251 251 251 251 251 251 251 251 251 251 251 251 251 251 251 
252 250 250 250 251 250 250 250 250 250 250 250 251 251 251 251 251 251 251 251 251 251 251 251 251 251 250 251 250 251 251 250 250 250 251 250 249 249 250 250 251 252 251 251 251 251 251 251 251 251 251 251 252 251 252 252 252 252 252 252 252 251 251 251 251 251 251 252 251 252 251 251 252 252 252 252 252 252 252 251 251 251 251 251 251 251 251 251 251 251 251 251 251 251 251 251 251 251 251 251 
252 251 250 250 251 250 250 251 251 250 250 250 250 251 251 251 251 251 251 251 251 251 251 251 251 251 250 250 250 250 250 251 250 250 251 250 249 250 250 251 251 252 252 252 252 252 252 252 252 252 252 252 252 252 253 254 254 254 254 254 253 252 252 252 252 252 252 252 251 252 252 252 251 252 252 252 252 251 252 251 251 251 251 251 251 251 251 251 251 251 251 251 251 251 251 251 251 251 251 251 
252 251 250 250 251 250 250 250 250 250 250 250 251 251 251 251 250 250 251 250 250 250 250 251 251 251 251 251 250 251 251 250 251 251 251 250 250 250 251 252 252 252 253 253 253 253 253 252 253 253 252 253 253 253 252 252 252 252 252 252 252 253 253 253 253 253 253 252 251 252 252 252 252 251 252 252 252 252 252 251 250 251 251 251 251 251 250 251 250 251 251 251 251 251 251 251 251 251 251 251 
252 251 250 251 251 250 251 251 251 251 251 251 251 251 250 251 250 251 250 250 250 250 251 250 250 250 250 250 250 251 251 250 251 251 251 251 251 251 252 252 252 252 253 253 253 253 253 253 253 253 253 253 253 254 252 251 251 251 251 251 252 253 253 253 253 253 253 253 252 252 252 253 252 252 252 252 252 252 252 251 251 250 250 250 250 250 251 250 251 251 251 251 251 251 251 251 251 251 251 251 
251 250 251 250 251 250 250 251 251 251 251 251 251 251 251 250 251 250 251 250 250 250 250 251 251 251 251 251 251 251 250 251 250 251 250 251 252 252 253 253 252 253 254 254 253 254 254 253 254 254 253 254 254 253 253 253 253 253 253 253 253 253 253 253 253 253 253 254 253 253 253 253 252 251 251 252 251 252 251 251 250 251 251 251 251 251 250 251 250 251 251 251 251 251 251 251 251 251 251 251 
251 251 251 251 251 250 251 251 251 251 251 251 251 251 250 251 250 251 250 250 250 251 251 250 249 250 250 250 250 250 251 251 251 251 251 251 252 252 252 253 253 253 253 253 253 253 253 253 253 253 253 253 253 253 253 253 253 253 253 253 253 253 253 253 253 253 253 253 253 253 253 253 253 253 253 253 253 253 252 251 251 250 250 250 250 250 251 250 251 251 251 251 251 251 251 251 251 251 251 251 
252 252 252 252 251 250 251 251 251 251 251 251 251 251 251 250 251 250 249 250 250 251 251 250 249 249 249 249 249 250 252 252 252 252 252 252 253 253 253 252 253 252 252 252 252 252 252 252 252 252 252 252 252 252 253 253 253 253 253 253 253 253 253 253 253 253 253 253 254 254 254 253 253 254 253 254 254 253 254 252 251 250 250 249 249 250 251 250 250 250 250 251 251 251 251 251 251 251 251 251 
251 252 251 252 251 250 250 251 251 251 251 251 251 251 251 250 251 250 250 249 250 251 251 250 250 250 250 250 249 251 254 254 254 254 254 253 253 253 253 253 253 253 253 253 253 253 253 253 253 252 252 253 253 252 253 254 253 253 253 253 253 253 253 253 253 253 253 253 253 253 253 253 253 253 253 253 253 253 253 252 252 251 250 250 249 250 251 250 250 251 251 250 251 251 251 251 251 251 251 251 
