226 227 226 219 207 196 197 196 195 194 196 198 197 198 200 199 198 203 200 157  85  28   8  12  17  26  38  50  59  67  72  69  68  70  73  76  79  72  63  50  37  27  23  21  19  15  16  33  58  79 103 128 147 156 167 173 169 174 174 170 168 165 177 152  45  13  23  83 106 100 100 103  95 115 183 211 212 209 210 213 215 216 207 224 147  30  14  56 156 187 178 178 186 182 179 179 181 181 178 179 
228 228 226 224 221 217 207 201 198 196 197 199 197 199 203 201 195 197 202 203 193 146  84  32  10  12  10  21  38  53  65  73  74  75  74  72  70  75  78  76  71  57  43  28  23  21  17  16  17  19  29  45  60  79 102 121 136 149 162 170 173 175 171 180  95  24   7  41  97 102  99 105  98  94 148 194 213 210 210 212 216 213 212 223 211  76  12  18 111 185 177 174 179 176 174 176 180 180 178 184 
228 227 226 225 227 227 221 215 208 200 198 198 199 197 195 198 203 205 202 202 204 202 190 149  97  34  11   4  13  17  21  44  56  70  78  79  75  69  70  77  84  83  76  70  61  48  35  26  21  21  20  16  14  18  27  36  45  58  75  91 106 117 139 152 129  49  19  21  69 101  99  99 100  96 109 163 210 210 206 212 215 210 218 218 224 152  31   9  56 147 188 180 179 182 179 177 175 171 164 149 
226 228 231 231 230 226 228 225 217 209 202 198 197 198 201 202 200 201 199 202 206 205 208 206 196 169 101  45  19  10  15  20  28  40  52  64  70  81  80  72  71  78  80  84  83  78  74  69  61  50  38  34  30  28  23  19  20  20  20  22  29  34  37  49  73  35  23  16  40  96 102  92 100 102  91 132 203 209 207 212 216 214 218 219 218 214  84   8  19  86 141 129 122 109 103  93  84  73  64  50 
230 229 229 229 229 229 226 226 226 224 218 210 205 201 200 201 202 201 200 202 202 203 203 204 206 208 203 178 128  70  31  11   9  13  23  36  45  55  70  75  74  82  78  77  78  78  84  88  85  86  85  71  61  53  43  37  33  30  27  23  21  19  21  20  14  20  24  16  19  74 105  97 102 103 103  99 175 211 213 214 215 215 211 220 222 215 168  25  13  30  29  35  29  25  23  20  18  17  17  18 
229 229 229 229 229 229 224 224 227 226 226 224 218 211 204 199 198 199 199 201 203 204 204 203 203 209 209 213 207 184 157  99  56  16   5   8  18  25  32  48  63  68  70  73  75  77  78  78  78  82  87  89  93  90  80  73  69  65  58  51  46  42  36  33  24  20  24  23  16  45  89 107 103 104 103  97 130 206 205 213 214 218 215 217 222 223 210  95  11  15  14  17  15  19  20  21  25  29  31  38 
228 229 229 229 229 229 230 229 228 228 228 228 226 221 214 209 204 200 199 203 205 207 207 206 206 205 201 204 211 212 207 208 174 129  90  47  14  13   3   6  21  30  48  61  68  76  76  71  73  76  78  79  82  87  89  91  93  92  91  88  86  84  74  75  70  65  52  28  18  22  68 108  99  96 102  95 101 176 209 214 212 215 214 214 216 221 228 173  41  11  22  29  40  45  47  51  56  62  64  80 
229 229 229 229 229 229 230 229 228 226 226 227 230 229 226 224 218 207 202 203 204 204 206 207 206 204 209 209 208 208 209 211 211 213 203 167 127  79  44  23  15  10  16  21  28  42  55  64  74  79  81  81  81  79  77  78  81  84  87  89  90  91  95  92  94 101  91  60  27  11  42  90  99  98 102  98 104 128 207 215 213 214 217 217 216 218 217 224  98  10  20  39  77  78  78  79  81  83  85  85 
227 228 229 229 229 229 228 228 227 228 229 230 230 229 229 230 228 220 214 211 207 204 203 205 205 205 206 205 205 209 210 210 206 209 215 217 214 206 178 133  91  54  25  12   8   6  10  23  37  45  51  65  71  75  76  75  72  76  79  80  79  78  83  82  83  93  98  89  38  15  19  61 101 105 102 101 105  99 172 213 214 215 217 219 219 219 215 231 170  44   5  23  66  82  81  80  79  81  82  80 
228 229 229 229 228 229 231 230 231 231 229 227 228 226 225 227 230 228 226 225 218 210 204 205 207 209 205 206 211 209 205 209 210 212 212 212 209 214 221 216 203 184 151 106  71  37  15   7   7   8  15  22  30  39  52  63  69  73  76  77  76  75  76  84  83  79  80  81  52  30  10  38  97 101  96 101  99  96 128 210 215 213 212 215 219 220 221 216 224 113  14  14  37  79  79  78  80  81  83  79 
228 230 228 227 229 227 228 230 230 227 228 231 230 229 229 229 229 229 229 229 227 224 219 214 212 212 210 207 208 210 212 210 211 211 212 211 212 213 213 213 212 213 213 210 198 173 141 101  66  46  23  15  14   8  16  20  25  35  43  47  54  62  71  69  71  76  79  80  73  31  12  25  68 102 100  96  96 103  98 153 212 206 215 216 214 222 220 215 227 194  36  21  20  63  86  69  71  52  59  64 
216 233 231 225 232 235 232 231 231 231 230 227 228 229 229 229 229 229 229 229 228 227 225 223 220 216 214 211 209 208 210 211 211 212 213 213 213 211 212 213 212 212 210 216 220 218 217 210 201 185 150 120  93  66  49  27  12   8   4   4   7  13  24  22  27  39  48  54  51  39  22  13  33  91 108  99  98 103  94 119 190 214 207 215 218 219 219 221 219 221 115  14  15  28  40  25  26  23  18  18 
131 201 237 230 231 229 228 227 228 229 229 227 227 230 229 229 229 229 228 227 228 230 229 228 227 223 220 218 214 212 211 212 213 213 213 214 214 213 212 212 213 214 213 211 209 212 216 219 217 217 217 220 216 205 185 152 141 112  81  58  44  36  11   7   6   6   5   2   7  13   7  13  28  69 103 100  97 102  96  96 155 214 210 211 221 215 221 221 218 222 196  43  14  26   8   6   5  11  15  17 
 22  92 170 219 239 224 228 231 227 226 227 228 228 229 229 229 229 229 228 229 229 230 228 226 226 228 226 224 221 218 216 214 213 214 213 213 213 213 214 214 214 214 214 216 217 216 217 218 215 218 218 216 214 217 227 216 214 213 214 209 193 176 153 143 128 108  83  64  54  54  28  12  17  26  84 106  99 101  99  92 118 191 221 207 218 217 217 217 220 211 227 123  10  12  10  94 144 148 171 175 
 13  13  45 120 196 229 230 231 231 227 225 228 229 229 229 229 229 229 229 230 229 228 227 225 226 229 228 227 225 224 222 218 218 217 215 214 212 214 213 214 214 215 215 216 215 214 215 215 212 203 183 195 222 225 219 210 220 217 215 216 217 216 216 218 220 220 214 204 211 206 134  29  15  17  64 101 103  99  99  94  96 153 214 208 212 219 211 214 220 217 223 195  51  10  26 144 235 219 220 219 
 21  11  11  20  66 136 203 225 232 229 224 228 230 229 229 229 229 229 229 227 228 229 230 229 228 226 227 228 227 225 223 224 223 222 219 216 214 212 213 213 214 216 216 216 217 218 220 218 218 181  92  68 100 138 177 201 216 221 223 221 220 219 217 214 214 218 217 216 222 214 140  15  20  16  33  82 101  98 100  99  95 121 193 215 205 216 218 216 214 219 214 218 133   9  10  82 208 223 221 212 
 38  32  21   7   9  27  75 145 207 225 227 230 230 229 230 232 230 227 227 225 226 231 227 224 228 226 227 228 227 227 226 225 226 225 224 223 221 216 215 218 217 211 217 215 212 218 221 214 213 211 161  83  31  19  42  69  98 138 176 196 208 219 221 219 220 216 221 214 212 210 107  17  20  14  19  55 103  94  99 100 103  92 154 217 207 215 216 216 213 215 213 216 201  61   5  23 146 226 218 218 
 64  55  40  25  13   5   7  30  79 144 204 228 227 228 229 224 227 233 234 229 227 231 229 228 232 227 228 227 227 228 228 226 225 226 225 224 224 224 222 217 214 217 217 219 217 208 211 220 220 217 216 200 168 113  51  16   8  14  27  52  89 121 157 172 196 201 217 222 228 180  52   8  28  24   4  29  83 102 100  91 103  90 117 192 212 206 215 214 214 214 214 212 217 136  19   5  78 203 220 215 
 68  66  61  50  35  23  15   8   9  25  69 135 192 223 234 226 228 231 228 228 227 229 229 225 224 228 228 229 228 228 228 226 226 225 225 224 224 225 227 220 220 223 203 156 159 201 220 222 218 217 215 216 219 212 190 160 111  76  38  18   9   4   7  25  58  73  98 123 148 100  19  12  81  83   7  14  53  99 101  86 107 100  97 153 209 209 217 211 212 212 212 212 215 200  68   5  22 141 224 228 
 64  63  64  66  62  55  40  26  22  15  10  25  64 120 179 212 231 232 225 227 227 229 231 228 225 229 228 228 228 228 228 227 226 226 226 225 225 222 226 224 226 225 198 110  56  71 118 158 185 210 218 220 220 220 220 223 222 201 179 154 115  83  62  52  40  23  23  27  27  13   7  29 158 167  36   6  36  78 101  93 104  96  99 111 171 216 206 209 209 209 210 211 210 213 138  24   4  64 200 219 
 70  65  64  68  68  63  75  55  32  27  21  10   4  18  53  93 144 192 222 234 230 222 221 225 226 227 227 228 227 227 227 227 227 226 226 225 225 225 225 220 221 229 220 180  98  28  15  22  49  87 120 158 189 206 215 223 221 218 219 223 222 217 203 192 178 170 176 153  56  17  27  83 211 214  81   7  22  57  96  97  98  95 108  94 128 207 201 207 207 207 208 209 212 210 200  72  11  10 133 225 
 69  64  63  70  72  68  62  69  70  60  49  27  24  15   3  12  31  68 114 159 195 216 225 227 225 225 224 224 225 225 226 228 227 227 226 226 226 226 224 223 221 222 227 229 215 168 107  55  22   7   6  21  44  79 115 144 171 189 208 214 218 223 227 228 226 231 220 131  25   8  44 164 216 230 170  30   9  32  79 104 101 100 100  96 108 170 210 204 204 205 206 207 212 212 214 143  33   4  56 199 
 65  61  62  70  79  78  66  65  62  62  68  66  51  36  27  23  10   4  11  32  73 115 155 191 210 220 226 228 224 222 222 224 224 225 224 223 220 223 224 225 224 219 220 221 229 227 213 199 160 115  83  49  18   4   3   6  22  46  72  95 123 147 163 179 172 189 153  45   8  30 123 223 208 216 224 101   3  15  55 103  98  98  94  99  96 132 201 200 206 205 200 208 207 209 209 199  73  11  13 120 
 67  66  63  68  82  84  76  71  67  64  63  65  64  61  54  43  34  25  20  15   7  13  35  65  96 147 179 209 221 221 222 225 221 216 217 222 225 225 225 223 223 222 221 218 219 219 220 228 226 220 211 187 158 125  99  73  46  40  26  17  17  23  28  34  34  48  34   9  20 100 204 220 219 220 222 181  37  10  29  82  98 100 101 103  92 111 173 204 203 207 200 206 203 206 200 206 144  25  12  55 
 66  67  64  69  83  88  88  84  75  68  65  63  67  70  70  67  60  52  44  32  23  15  12  13  15  21  47  82 122 160 188 201 214 224 224 219 218 216 217 218 220 222 222 219 224 226 220 219 220 219 220 226 230 228 217 209 207 195 182 169 153 142 128 127  95  29  10  11  80 190 229 215 221 220 218 218 109  11   9  57  97 102  96 100  98  94 141 202 197 203 207 198 202 205 194 205 147  18  13  16 
 65  67  65  69  85  93  91  89  86  80  73  67  64  62  66  67  68  68  66  64  58  47  35  23  17  14   8   2   9  31  52  95 126 160 183 202 218 217 220 224 222 216 213 215 217 219 218 218 217 219 219 216 217 220 221 220 218 221 224 226 226 224 228 214 114  27  15  57 182 219 211 221 217 216 223 223 174  42   9  31  79 103  93  97 104  96 109 168 202 198 203 197 205 197 200 178  55   8  17   8 
 65  68  65  68  84  95  88  89  92  90  83  76  72  69  66  64  64  65  65  63  67  66  65  61  55  40  38  32  22  14  10  10  17  27  47  78 107 145 166 187 203 215 226 225 217 218 221 221 216 214 213 216 220 222 219 215 219 221 220 216 217 224 218 130  23   1  29 157 227 224 210 217 220 218 220 220 229  95  13   8  52 100 100  97 104  99  93 136 202 197 195 200 200 205 190  89  17  17  22  10 
 65  69  65  66  81  94  90  89  91  90  87  86  85  82  79  74  67  63  63  66  65  64  63  64  64  68  62  55  48  42  38  23  19  13  10  12  15  21  35  56  78 106 131 162 178 193 212 215 219 227 226 217 212 213 213 215 221 218 219 220 219 219 152  47   4  27 121 215 218 220 223 213 221 221 216 219 175  82  20   5  25  77 105  95  98  99  98 110 162 193 193 199 198 196 119  25  25  19   9  10 
 66  69  64  64  78  91  93  91  88  87  87  90  88  86  86  83  77  71  68  68  65  63  63  67  67  62  65  67  69  66  64  61  55  46  39  33  28  21  17  11   5   7  16  23  34  60  89 107 128 153 170 181 199 212 219 219 222 223 223 228 221 200  88  19  13  56 203 221 215 209 214 213 219 222 214 179  71  54  60  10  10  49 101  99 100 102 103  94 113 168 194 204 193 134  32  16  18  19   9  28 
 67  67  63  64  76  88  91  91  90  89  87  86  86  86  85  86  85  86  81  73  71  67  64  63  64  65  67  69  67  65  64  67  68  66  64  60  59  51  46  41  34  26  21  18  14   6   2   7  14  20  26  43  70  92 104 113 140 162 163 178 190 161  41  10  16  57 170 225 218 226 225 227 218 181 118  45  30 122 182  42   4  27  70  97 100  98  98 102  99 106 156 170 121  41  11  14  17   5  18 111 
 67  67  65  67  77  90  92  91  90  89  88  87  87  87  86  86  85  84  85  85  82  77  72  66  64  66  65  65  65  66  67  67  67  68  67  66  64  65  65  63  62  59  60  54  48  44  38  30  23  21  20  14   9   7   8  11  23  27  28  39  57  61  24  21  23  10  64 122 153 166 168 144  94  45  11   9  90 199 226 121  11  16  41  93 106  97  98  98 104 102  93  66  32  17  20  28  13  22  80 193 
 69  64  65  68  75  89  93  92  91  90  88  87  87  87  87  86  85  85  84  82  83  83  81  78  74  68  66  63  62  63  64  64  66  67  68  68  68  65  64  65  67  67  69  66  67  70  70  65  58  54  50  44  38  35  36  33  21  19  17   9   6  12  10  15  34  20  16  11  27  27  27  20   8   9   9  18  82 110 110 100  27   7  24  79 108 100  98 103  96  82  52  21  13  21  13  15  12  26  68 107 
 77  65  64  66  70  86  94  92  92  90  89  88  87  88  87  87  86  86  84  81  83  84  84  83  81  79  76  72  68  68  67  63  64  66  66  65  65  66  67  67  67  67  68  64  63  66  69  71  71  71  71  70  68  66  65  63  59  56  60  55  47  50  32  13  15  22  28  22  14  11  16  17  15  25  19   9  18   4   4  11  19  10  13  45  93 108  97  82  51  27  11   9  20  14  15  23  22  12   9  10 
 89  71  66  65  66  86  95  92  92  91  89  88  88  87  87  87  87  86  86  87  86  84  83  82  82  86  83  81  79  76  74  71  71  71  69  67  66  67  67  66  65  65  63  67  68  66  65  65  67  65  63  64  66  68  69  69  69  64  64  67  66  57  27  23  17  35  54  53  34  25  19  26  43  46  54  46  31  19  27  48  44  22   5  19  50  49  28  19  17  16  19  19  16  20  25  20  11  12  19  18 
 98  79  69  65  66  88  95  93  92  90  89  89  88  88  88  88  87  86  86  86  85  84  84  85  85  79  81  82  82  80  78  80  80  78  75  72  69  70  69  68  68  67  65  67  68  67  69  69  70  71  69  66  64  64  66  67  66  66  65  72  61  34  14  21  21  57  76  52  27  21  11  29  67  68  65  59  22  14  64 181 174 115  29   8  16  16  18  20  22  14  18  23  18  21  23  19  21  30  31  19 
 75  94  82  62  69  83  92  93  91  89  88  88  88  88  88  88  87  87  86  84  84  84  83  83  83  82  82  82  81  80  80  79  79  79  79  78  78  77  77  76  75  73  72  72  71  73  74  73  72  70  66  65  65  67  67  66  66  63  65  62  41  17  14  23  48  71  62  32  15  14  26  52  68  63  67  44   7  22 138 193 203 191 106   8  21  15  23  27  14  13   9  23  18  32  31  22  26  45  57  31 
 65  90  96  73  62  73  91  93  91  90  89  88  89  89  88  88  88  87  86  85  85  84  84  83  82  83  82  82  81  80  80  79  78  78  79  79  79  78  77  75  75  74  72  74  75  74  74  72  71  67  63  66  69  71  67  63  66  68  60  41  22  12  26  43  65  69  48  21  13  19  44  65  65  73  55  26   2  88 184 204 192 200 125  21  10  16  23  24  34  45  11  17  14  37  30  18  21  43  61  31 
 56  74 100  96  72  68  87  93  91  91  90  88  89  90  89  88  88  88  87  85  86  85  84  84  83  83  82  82  81  80  80  79  79  79  79  78  79  78  77  76  76  75  74  76  77  76  74  71  69  68  67  63  63  67  69  69  70  63  41  18  11  19  44  63  72  54  29  15  15  34  60  70  65  65  48  11  37 169 206 201 200 197  99   8  32 120 149 147 160 129  26  15  16  45  31  15  17  41  65  44 
 77  63  75  90  82  71  86  92  93  93  91  90  90  90  90  89  88  88  87  86  86  85  85  84  84  82  82  81  81  80  80  79  78  79  79  78  79  77  77  76  76  76  75  77  77  75  73  70  66  67  68  66  68  70  69  65  53  34  13  11  26  43  65  71  59  29  12  13  29  58  66  65  70  47  17  17 133 202 204 202 198 183  63   5  76 193 204 197 205 139  19  15  27  54  32  13  13  36  65  64 
102  78  61  66  77  81  88  92  94  95  93  90  90  91  90  90  89  88  88  87  87  86  85  85  84  83  82  82  81  80  80  79  78  78  79  78  78  78  77  77  77  77  76  75  73  73  71  68  65  63  65  70  73  66  52  37  23  12  13  30  52  65  70  61  36  13  11  24  52  71  70  66  62  33   8  76 209 198 209 212 201 167  35  10 115 200 189 185 195 108  13  12  27  62  34  14  12  32  63  70 
 93 104  90  72  80  94  91  90  95  96  94  91  90  92  90  90  89  89  88  88  87  86  85  86  84  82  82  81  81  80  80  79  79  79  79  78  79  78  78  78  78  77  79  74  70  71  69  67  64  67  67  58  50  39  25  14  12  26  44  59  67  69  53  36  16  11  28  51  70  61  70  69  40  15  58 179 213 210 204 202 212 117  13  42 157 200 194 196 192  80   9  15  33  68  36  15  10  28  60  71 
 95 102 100  94  93  97  95  94  95  94  92  91  91  91  90  90  89  89  88  87  86  86  86  85  86  86  83  82  82  81  81  76  76  78  79  79  80  76  67  64  69  73  69  63  63  67  66  62  57  50  39  27  16  14  16  23  39  52  62  70  67  52  27  17   8  21  50  71  72  64  63  60  15  38 161 216 208 206 212 198 197  65  12  82 188 198 194 196 181  46  14  19  46  69  43  16  15  17  54  72 
 99  98  97  98  97  97  96  95  94  93  92  91  91  91  91  90  89  89  88  87  87  87  86  86  85  83  82  80  79  78  79  83  83  83  82  81  82  71  54  38  34  39  43  40  36  33  28  22  19  14  11  14  22  32  42  52  66  73  70  63  48  26   9  24  37  53  67  68  66  78  60  18  28 140 217 210 214 206 211 214 159  28  20 139 195 196 189 196 162  29  15  22  54  69  51  18  14  15  45  67 
 99  99  98  97  96  97  96  96  95  94  92  91  91  91  90  90  89  89  88  87  87  86  86  85  86  87  85  83  82  82  82  82  80  78  76  74  72  73  64  47  30  21  21  20  16  12  11  15  20  25  33  41  53  63  69  69  65  67  55  37  22  11  20  45  61  70  72  66  69  52  38  20 121 219 221 217 215 211 209 213 102   8  57 194 190 194 188 197 127  15  12  26  63  70  61  25  13  18  31  61 
 99  99  98  97  97  96  96  96  95  94  92  91  92  91  90  90  89  88  88  87  86  86  86  85  85  82  80  78  78  77  77  72  71  70  69  67  66  66  68  66  50  30  18  19  24  28  35  46  54  60  68  69  69  68  66  65  62  48  27  12  16  27  56  64  64  64  69  68  65  29  12 118 217 226 222 221 216 217 224 178  41  20 128 199 184 193 196 197  91   7  15  35  69  70  67  37  15  20  21  54 
 98  99  98  97  96  97  96  96  95  94  93  91  91  91  91  90  89  89  88  87  87  87  86  86  85  81  80  78  77  76  77  76  76  76  77  77  77  73  75  74  66  60  58  64  68  72  77  78  78  75  69  67  65  63  62  56  32  21  16  21  41  63  68  72  70  69  67  58  30  13 119 218 221 225 220 221 220 224 220 125  14  58 183 189 190 191 197 183  61   7  20  46  70  71  68  53  23  21  16  39 
 98  98  98  97  96  96  96  96  95  94  92  91  92  91  90  90  89  88  88  87  86  86  86  85  86  87  86  83  82  82  83  82  82  81  82  81  81  81  82  78  78  78  82  80  77  76  75  73  70  70  67  65  58  46  36  26  11  17  41  58  64  71  67  67  69  70  55  23  20 113 218 223 218 220 221 219 229 220 172  55  24 135 197 191 195 192 196 159  37   6  22  57  69  72  64  66  30  20  18  16 
101 100  99  99  98  98  97  95  95  94  92  91  92  91  90  90  90  89  88  88  87  86  86  85  85  85  84  84  83  83  84  81  81  80  81  80  80  78  76  77  77  72  58  63  71  71  72  69  68  63  52  40  27  17  11  17  37  47  66  75  70  65  68  70  66  51  24  19 124 223 214 218 227 222 230 223 222 209 111  13  76 192 194 197 192 192 200 134  21  11  31  61  66  71  67  71  45  26  14  14 
101 101 101 100  99  99  97  96  95  94  92  91  91  92  91  90  90  90  89  89  88  88  87  86  86  85  85  84  83  81  82  82  81  82  81  82  82  77  74  76  75  62  38  33  39  41  42  38  35  29  21  15  14  24  37  50  70  73  71  68  66  65  75  56  48  21  26 147 216 208 219 224 224 226 225 225 224 166  32  41 157 198 193 199 193 194 194  96   9  13  43  64  69  68  69  71  65  41  14  21 
101 101 100 100  99  99  97  96  95  94  93  92  91  92  91  91  90  90  90  88  88  87  87  86  87  87  85  82  78  75  74  74  73  73  72  71  70  70  71  73  72  61  44  26  20  18  16  16  17  18  21  31  44  56  65  68  63  65  66  66  70  73  56  46   6  56 176 225 204 214 226 227 226 226 227 218 192  80  16 116 199 197 188 198 196 203 178  57   4  15  52  68  73  70  67  72  75  58  32  19 
101 101 100 100  99  99  98  97  96  95  93  93  92  92  92  91  91  90  89  88  88  87  87  86  86  87  85  82  78  76  74  72  72  71  69  68  67  66  64  65  69  68  62  53  47  41  38  39  42  48  56  62  67  70  71  72  74  71  73  68  56  49  16   8  85 201 230 210 209 222 229 228 229 229 223 212 111  19  80 180 201 198 190 199 196 207 158  28   9  28  64  68  69  71  70  73  74  68  59  33 
102 101 100 100  99  98  99  98  97  96  94  93  93  93  92  92  91  91  90  88  89  88  87  87  86  85  85  84  83  81  80  82  82  81  79  78  78  73  69  67  67  70  73  74  72  68  66  66  67  71  72  71  70  70  70  71  70  69  72  54  23   9  33 123 207 236 215 205 220 229 228 225 228 224 213 158  41  43 155 202 197 195 197 198 195 201 120   9  12  38  68  68  68  72  75  72  68  69  76  57 
102 101 100 100  99  98  99  98  97  96  94  93  94  93  93  93  92  92  90  88  88  88  87  86  86  85  85  84  83  82  81  80  81  80  80  80  80  83  83  81  77  77  79  76  74  75  75  73  71  69  67  66  67  69  70  72  68  57  38   7  14  61 165 226 232 212 198 207 224 231 227 225 226 213 177  66  36 135 197 198 192 197 200 198 203 187  72   6  17  49  71  68  69  71  73  72  70  70  73  72 
102 101 100 100  99  98  98  98  97  96  95  94  94  94  93  93  92  92  91  89  89  88  87  87  87  86  85  83  82  81  80  81  81  81  81  80  81  78  81  83  81  78  76  74  74  79  80  74  69  67  67  69  71  68  64  57  35  20   9  41 128 211 233 226 216 205 198 220 229 226 225 223 222 196  94  22 107 199 188 193 198 198 200 195 208 173  37  13  27  62  74  67  71  72  70  71  74  71  66  72 
102 101 100 100  99  98  98  97  96  97  96  96  94  93  93  93  92  92  91  89  90  89  89  88  87  86  86  85  84  83  83  83  84  83  82  79  78  79  80  80  79  79  81  80  73  72  76  72  72  72  64  64  65  46  26  18   6  35  99 186 234 227 221 207 194 200 217 226 223 225 225 226 208 113  26  84 177 200 190 193 203 194 202 195 206 132   9  13  39  71  73  67  75  72  72  73  72  72  73  71 
102 101 100 100  99  98  98  97  96  97  96  96  94  93  93  93  92  92  91  89  89  88  89  88  87  86  86  85  84  84  83  83  81  81  81  82  82  86  84  80  77  77  78  80  75  77  86  82  66  62  58  42  28  14   9  26  93 170 227 235 227 221 206 190 197 215 224 227 222 226 217 220 137  31  70 173 213 185 192 206 202 194 205 203 198  71   4  21  54  72  73  73  74  72  73  72  72  72  72  74 
102 101 100 100  99  98  98  97  96  97  96  96  94  93  93  93  92  91  91  89  89  88  89  88  87  87  86  85  85  84  84  87  84  82  80  80  81  84  83  81  82  82  79  84  78  67  62  50  41  29  18  16   4  27 103 182 225 237 220 214 217 200 198 190 209 224 224 227 231 219 215 152  36  55 166 193 195 199 203 207 208 207 202 209 164  30   9  30  69  72  70  76  71  72  73  72  72  72  73  77 
101 101 100 100  99  98  98  97  96  96  96  96  94  93  93  93  92  92  90  89  89  88  89  88  87  87  86  85  84  84  83  82  81  81  80  80  80  82  82  82  83  79  70  54  46  45  33  13   5   4  13  53 116 189 227 233 225 218 227 221 197 190 192 203 221 227 225 229 224 219 165  45  48 154 202 185 184 207 209 210 208 213 204 218 119  16  13  41  74  71  67  75  69  72  72  73  72  72  72  74 
102 100 100  99  99  98  97  97  96  96  95  96  94  93  93  92  92  91  91  89  89  88  89  88  87  86  86  85  84  84  83  84  86  87  87  83  80  82  73  61  53  42  27  23  14   6   0  10  43  93 155 202 231 237 235 229 227 226 204 195 200 193 196 217 223 224 226 220 218 151  49  38 163 208 184 199 207 207 213 218 210 213 215 198  68  13  21  57  75  72  68  72  71  73  73  72  73  73  72  72 
102 101 100 100  99  98  97  97  96  97  95  95  94  93  93  93  92  92  91  89  90  89  88  88  87  87  86  85  85  84  84  85  86  85  78  67  58  45  33  21  17  13   5   7  16  46  94 145 195 222 229 232 226 228 227 224 221 203 197 196 195 200 212 224 222 221 223 205 151  52  44 162 195 191 199 199 211 219 221 217 221 214 219 158  26  10  38  68  74  75  72  73  75  72  73  72  72  72  72  76 
102 101 100 100  99  98  98  98  98  97  96  96  96  95  95  95  94  94  89  88  93  87  86  88  87  89  88  86  85  83  81  73  63  49  37  27  20  10  10  10   9  31  64 110 156 201 227 230 229 228 227 228 228 226 223 218 199 193 202 195 192 212 224 228 224 214 208 152  44  56 150 197 192 197 203 210 219 224 224 223 224 219 209 108   2  18  44  75  72  72  72  72  72  73  73  73  73  73  73  74 
101 101 100  99  99  98  98  98  98  97  96  96  96  94  92  91  91  92  92  94  92  85  87  91  89  88  86  84  74  55  39  31  24  12   4   4   8  21  55 101 140 180 217 229 231 234 227 223 226 229 230 227 225 219 211 204 194 191 197 196 198 215 223 221 214 200 141  38  59 159 211 192 191 193 204 218 222 224 223 222 224 223 188  50   2  32  65  74  72  73  73  73  73  74  73  73  73  73  74  73 
101 101 100  99  99  98  98  98  97  97  96  96  94  93  92  91  92  93  93  91  90  88  91  88  83  73  53  32  21  14   9   2   6  15  39  84 128 174 205 232 241 236 230 233 232 227 224 226 231 230 226 223 217 207 199 195 195 191 197 205 215 225 224 216 204 117  21  74 176 202 190 195 199 199 216 223 224 224 222 223 221 223 135  16  13  44  76  74  73  74  74  74  74  73  74  74  74  73  74  74 
101 101 100 100  99  98  99  98  98  97  97  96  96  95  95  94  90  88  91  95  89  82  66  48  34  14   9   2   5  15  23  61 107 162 200 222 236 231 231 231 228 229 234 234 230 230 231 231 226 223 221 213 203 198 196 197 199 196 197 209 222 220 205 202  82  26  88 180 205 196 192 205 189 203 227 225 225 225 224 223 224 210  61  14  25  55  76  74  75  74  74  74  74  73  73  73  73  73  73  73 
102 101 100 100  99  98  98  99  98  97  97  97  92  90  95  97  97  93  84  64  56  39  19   4   5   8  22  48  85 139 182 216 228 238 237 232 228 228 228 228 229 229 229 225 222 223 225 224 222 216 208 202 197 196 199 197 191 201 208 223 225 209 167  71  32 104 184 203 196 198 193 194 205 216 227 227 225 225 224 221 218 157  16  12  38  69  77  74  75  74  74  74  73  73  73  73  73  73  73  73 
102 101 100  99  99  98  99  98  98  98  96  96  96  96  94  85  67  49  34  17   8   2   4  29  68 109 160 206 222 231 239 234 231 228 229 231 230 229 226 225 228 229 226 226 230 230 224 214 203 199 197 199 200 198 197 195 199 213 216 215 194 147  59  39 131 199 196 195 199 190 194 193 215 227 229 230 226 226 223 218 202  79  13   9  63  79  70  75  74  74  74  74  74  73  73  73  73  73  73  73 
100 102 100 102 104  96  96 103  97  90  97  96  88  77  56  32  14   6   4  12  38  83 132 182 216 233 235 235 233 231 231 231 224 227 230 228 232 232 229 228 229 231 232 225 220 214 206 201 198 194 201 200 190 198 191 194 205 215 210 192 108  34  55 148 200 197 200 192 194 191 200 214 225 228 230 226 229 220 224 210 158  38  11  35  69  74  76  72  73  73  73  73  73  73  73  73  74  74  74  75 
101 106 103 100 103  98  96  99  99  96  83  55  35  26  12   3  17  42  83 146 189 229 240 235 232 233 232 231 230 227 224 226 226 233 233 225 229 230 229 229 229 223 219 214 209 202 198 196 198 196 197 198 199 203 200 203 203 206 163  71  30  87 172 208 200 184 198 202 196 199 209 223 230 227 226 228 228 224 218 202  99  10  13  60  76  70  75  72  73  73  73  73  73  73  73  74  75  75  75  75 
106 106 102 100 104 105 104  92  75  50  23  12   4  10  45  84 140 203 231 233 240 234 223 227 235 229 233 234 232 231 233 234 234 234 232 226 228 227 226 225 220 210 202 199 200 200 199 199 199 202 198 204 202 192 203 211 199 126  52  32 110 191 200 203 198 196 198 195 198 210 221 228 228 225 223 227 224 227 209 165  39   6  35  72  78  71  75  73  73  73  73  73  73  72  73  73  74  75  75  75 
102 100 102 106  99  86  63  40  22   6  11  42  96 144 197 232 237 234 231 230 234 234 231 228 227 234 232 229 226 229 233 230 226 223 226 228 226 219 216 213 207 203 200 200 202 202 204 203 201 203 198 199 196 205 219 179  88  21  66 149 205 201 196 195 196 196 195 195 209 220 227 228 226 228 227 220 226 219 205  99   9  24  57  75  71  71  77  74  74  73  73  73  73  73  73  74  74  75  76  76 
113 106 101  88  54  24   5   2  21  72 134 189 220 232 240 235 228 228 234 234 225 223 230 232 231 232 230 230 231 232 231 232 229 224 222 221 213 209 206 201 199 201 206 205 203 203 202 200 198 199 198 204 215 207 140  50  29  94 178 205 200 193 201 203 199 193 199 210 222 227 229 226 226 230 229 219 225 209 170  44   4  33  70  77  73  72  73  75  74  74  74  74  74  74  74  75  75  76  77  76 
103  84  56  27   7  11  46 105 171 213 234 237 235 233 232 227 226 230 232 229 233 234 234 234 232 230 226 233 240 233 216 196 215 218 210 206 202 203 203 201 200 201 202 204 204 203 199 199 199 200 208 204 170  93  33  54 139 203 206 197 197 200 190 199 192 188 205 220 227 229 230 229 229 230 222 221 211 196 101  14  20  52  80  74  74  79  72  75  74  74  74  74  74  75  75  75  76  77  78  75 
 52  29   7  12  63 135 193 226 238 229 222 227 225 228 235 234 233 232 231 230 230 231 225 227 234 232 237 218 179 137 108 127 180 207 203 203 204 204 203 204 203 202 201 203 199 201 208 203 197 211 203 126  49  30  89 173 210 204 195 203 197 196 205 200 158 170 222 224 226 228 228 229 228 227 219 218 201 170  37  14  40  73  78  71  73  79  75  74  75  75  75  74  75  76  75  76  76  77  77  76 
  4  17  74 158 219 234 232 230 228 229 230 229 229 234 233 227 227 230 228 229 232 233 233 234 233 209 141  71  40  67 124 167 200 209 203 205 204 206 202 199 200 201 200 205 207 199 200 210 205 164  76  21  57 145 195 199 191 203 202 203 209 207 187 122 128 189 220 227 228 226 226 227 226 226 221 206 198  92  12  25  63  74  72  74  74  73  75  75  76  76  76  76  76  77  77  77  77  77  76  76 
 84 158 226 240 230 228 230 230 230 230 230 230 233 232 227 230 232 234 233 228 226 233 241 199 127  49  19  59 135 185 209 212 210 199 196 207 206 204 203 204 206 207 204 198 198 202 213 192 113  37  32 101 185 205 194 201 198 202 211 191 140  98  67 104 189 234 229 232 230 227 228 228 228 225 213 198 158  23  20  44  76  73  74  74  75  75  75  75  75  75  75  75  75  76  76  76  76  76  76  76 
221 227 230 230 230 235 232 230 230 231 230 231 231 229 232 236 230 230 232 230 239 215 145  58  11  44 116 188 208 206 210 207 207 202 204 209 204 199 206 209 202 202 201 205 209 200 148  56  26  68 149 207 200 197 209 207 193 152 110  66  49  67 140 212 233 223 226 225 228 227 227 230 228 220 210 191  75  13  30  76  70  74  74  74  75  76  76  76  76  76  76  76  76  76  76  76  76  76  76  76 
234 231 228 228 227 227 230 232 231 231 231 231 232 233 232 227 226 228 237 225 172  93  16  20  94 176 209 213 210 212 201 208 210 209 206 206 204 199 207 204 199 205 213 204 162  88  29  43 122 191 212 204 193 197 176 124  74  42  23  46 119 196 228 224 228 230 226 226 228 226 227 229 225 211 206 135  16  16  56  77  73  75  74  75  76  77  77  76  75  75  75  75  75  76  76  76  76  76  76  76 
223 225 229 230 230 232 232 232 231 231 232 233 229 232 231 225 235 227 197 129  36  11  55 143 209 209 217 204 196 202 203 204 202 201 204 206 208 206 210 209 213 209 175 105  42  28  93 187 209 201 198 177 150  89  39  20  15  53 119 192 233 234 230 228 219 219 230 229 228 226 224 228 221 207 166  49  12  39  72  73  77  75  75  76  76  78  77  77  77  77  77  77  77  76  76  76  76  76  76  76 
230 229 228 228 229 231 232 232 233 233 232 232 228 232 228 225 223 166  81  13  20  90 178 210 210 210 200 204 210 210 210 209 203 207 210 205 201 208 212 215 196 134  48  24  65 148 207 204 198 185 121  56  22  12  21  50 116 183 225 231 229 226 232 224 229 232 228 228 228 223 230 226 215 201 101   9  31  76  73  78  73  76  76  76  76  77  77  77  77  77  77  77  77  77  77  77  77  76  76  77 
231 230 231 232 232 231 231 229 228 232 232 231 228 230 222 213 143  38  10  46 128 203 217 207 210 208 207 207 205 202 204 213 204 205 211 208 205 215 202 152  70  20  56 128 186 211 203 181 117  50  16   9  29  69 126 182 212 225 232 227 227 233 229 229 229 229 229 228 228 220 226 217 216 142  26  19  56  79  79  75  78  76  76  77  76  76  76  76  76  76  76  76  76  77  77  77  77  77  78  77 
231 231 231 231 231 231 232 229 228 231 232 226 221 221 196 125  32  14  80 167 222 213 205 215 207 211 207 208 210 208 202 195 214 215 209 210 201 169  85  24  42 104 173 208 208 186 129  61  15   5  35  97 154 188 209 224 227 231 231 227 227 231 230 229 229 229 229 228 224 233 215 219 184  59   9  42  73  80  74  74  76  76  76  76  76  76  76  76  76  76  76  76  77  77  77  77  77  77  77  77 
231 231 231 231 231 230 230 233 233 230 227 216 215 190 102  24  29 112 195 217 203 209 212 209 208 209 210 207 208 212 212 213 206 209 214 174 106  31  25  87 172 208 211 203 141  59  19   8  43 105 167 203 208 207 221 232 230 226 226 227 229 230 229 229 229 229 229 229 223 225 235 207  92  15  27  65  84  77  75  76  74  77  76  76  76  76  76  76  76  76  76  76  76  77  77  77  77  77  77  77 
231 230 231 231 231 231 228 229 223 219 221 217 178  89  19  38 126 202 217 206 209 221 210 203 213 209 215 206 201 208 211 214 210 197 133  48  18  69 153 200 204 214 167  88  31   7  34  88 154 203 208 208 209 226 230 219 228 226 229 231 229 227 229 229 229 229 229 229 230 216 221 137  29  14  54  79  79  73  78  78  74  76  76  76  76  76  76  76  76  76  76  76  76  77  77  77  77  77  77  77 
231 231 231 231 231 231 231 226 214 214 207 171  82   8  44 144 205 215 209 215 210 202 207 215 208 205 214 208 212 217 207 202 134  61  18  46 143 197 214 219 185 116  39   7  21  72 147 205 212 204 211 223 225 225 228 228 231 233 234 232 229 226 229 229 229 229 229 230 221 235 170  45  11  50  77  78  75  77  78  79  78  76  76  77  76  76  76  76  76  76  76  75  76  77  77  77  77  77  77  77 
231 231 231 230 230 230 228 219 211 214 169  67   9  43 149 206 212 217 208 208 209 208 211 212 210 215 211 208 214 198 155  69  23  34 120 189 204 212 200 148  68  14  15  50 123 196 210 205 212 220 224 223 226 226 225 225 229 232 231 229 229 233 229 229 228 229 229 228 226 216  80  11  33  63  83  74  76  82  75  77  81  76  76  76  76  76  76  76  76  76  76  76  76  77  77  77  77  77  77  78 
233 228 228 228 224 221 216 216 210 152  48  17  60 157 219 202 207 213 200 203 208 210 212 212 204 210 212 214 171  87  24  35  89 176 205 208 205 177  99  33  15  31  99 177 199 205 212 219 224 227 227 228 229 230 230 229 230 230 230 230 230 230 228 228 220 231 220 225 228 115  14  24  67  76  77  77  77  77  77  77  77  77  77  77  78  77  77  77  77  77  77  77  77  77  77  77  77  77  77  78 
228 230 231 225 219 218 213 225 140  42  15  58 173 212 222 212 206 208 211 206 199 215 210 201 209 210 181 107  34  34  89 157 217 210 201 212 150  59  17  10  63 147 199 214 215 219 223 226 228 229 229 229 229 229 230 230 230 230 230 230 230 231 231 225 232 224 233 230 146  31  11  72  76  73  79  77  77  77  77  77  77  77  77  77  77  77  77  77  77  77  77  77  77  77  77  77  77  77  77  78 
226 234 229 217 215 216 207 152  43  12  63 180 215 208 206 216 210 210 213 211 213 209 212 214 199 121  51  23  73 153 207 208 207 207 198 110  24   6  34 110 184 209 215 225 228 228 228 228 229 229 228 229 229 229 230 230 231 231 230 230 230 230 226 231 223 219 239 172  40  16  49  84  78  77  79  77  77  77  77  77  77  77  77  77  77  77  77  77  77  77  77  77  77  77  77  77  77  77  77  78 
228 234 224 218 223 215 155  30   9  64 178 214 210 208 211 216 216 211 210 210 207 217 216 144  51  21  60 135 203 222 203 199 219 170  80   8  16  70 158 213 212 226 231 225 226 226 227 228 229 228 228 228 229 229 230 230 229 230 229 229 230 228 225 233 225 240 180  58   8  54  80  72  74  79  78  77  77  77  77  78  77  77  77  77  77  77  77  77  77  78  77  77  77  77  77  77  77  77  77  78 
225 228 219 223 213 163  52   7  42 171 219 212 213 213 214 208 211 216 215 217 219 174  80  26  45 121 180 211 201 203 215 222 153  56   6  25  99 189 224 231 221 219 228 227 226 227 228 229 230 229 228 228 229 229 231 229 228 228 228 227 227 229 231 227 233 205  72   6  48  63  75  78  73  76  79  77  78  78  77  77  77  77  77  77  77  77  77  77  77  77  78  78  78  78  78  78  78  78  78  78 
225 223 213 218 181  66  13  34 151 221 209 215 211 209 207 213 210 213 221 197 124  46  33 103 175 212 215 210 210 211 208 150  53  12  39 130 217 229 223 223 226 230 227 226 228 228 228 228 228 228 228 229 229 230 230 229 227 228 228 227 227 228 224 236 214  85  12  42  75  77  78  78  78  76  76  77  77  77  78  78  78  78  77  77  78  77  77  77  77  78  77  77  77  77  77  77  77  77  77  77 
216 213 217 208  91  13  17 113 208 215 217 211 216 204 214 217 210 214 173  82  22  67 164 208 207 210 209 207 218 211 160  44   4  46 154 225 226 226 231 227 225 230 227 226 228 228 227 228 229 228 228 228 228 228 228 230 226 221 230 226 220 228 231 218  97  12  36  72  79  82  83  81  81  79  78  77  77  82  82  75  72  76  78  79  77  75  78  79  75  75  79  81  79  78  78  78  78  78  78  78 
218 218 210 135  25   4  78 187 221 213 211 213 217 213 210 205 213 139  27  39 135 211 221 207 214 207 205 212 205 172  54  11  46 151 224 222 225 228 227 228 229 228 228 228 228 228 228 228 229 228 228 228 228 228 228 227 227 230 222 226 230 226 215  93  10  32  65  82  76  72  71  72  71  73  72  70  72  77  81  82  78  77  79  77  77  80  83  82  79  80  82  80  76  79  79  79  78  78  78  79 
212 220 180  44   1  32 161 213 216 216 218 215 215 210 221 198  92  29  78 172 221 219 205 213 211 206 215 221 184  65  11  25 138 231 229 217 224 228 227 228 228 229 228 228 228 228 228 228 228 228 228 228 228 228 228 228 233 232 225 229 230 212  99  12  23  63  63  47  39  35  27  22  20  24  24  27  34  40  49  59  68  74  81  82  78  75  75  79  78  79  81  78  76  79  78  78  78  78  78  78 
213 202 102   7  10 105 212 216 210 214 218 213 210 229 179  68  35 118 204 216 221 216 219 214 203 211 205 197  96  10  25 112 214 236 214 228 225 226 228 228 228 228 228 228 228 229 228 228 228 228 229 229 228 228 228 227 232 226 213 239 202  88  15  18  37  18  16  13  12  14  15  16  16  16  17  20  23  19  17  20  28  39  55  68  76  82  82  78  77  75  76  78  80  79  79  79  78  78  78  78 
223 154  22  10  51 183 214 218 220 205 208 221 217 148  47  52 155 223 219 210 212 212 206 211 221 217 213 106  14   8  85 214 222 225 224 225 224 227 228 228 228 228 228 228 229 228 228 228 228 228 228 228 228 228 228 228 224 227 236 189  80  10  10   7  20  14  14  21  21  26  30  28  22  14  12  14  16  16  18  23  21  18  22  31  49  71  84  83  82  78  75  77  79  78  78  78  78  78  78  78 
200  69   7  26 129 212 214 211 218 211 219 210 135  38  68 181 221 215 209 218 216 214 213 212 205 213 155  26   6  43 181 232 215 222 227 218 226 230 228 228 229 229 229 229 228 228 228 227 227 228 229 228 228 229 229 227 226 221 169  60   1  14  18  40  55  96 125 143 163 166 165 160 147 137 112  85  54  28  16  12  16  21  19  16  22  33  49  70  76  79  78  77  78  78  78  78  79  79  78  78 
138  19  12  70 197 216 223 218 205 216 220 127  37  82 189 213 211 222 211 213 212 211 218 217 213 184  47  14  12 133 221 224 227 226 226 228 227 227 226 226 226 226 227 224 227 229 227 227 229 228 222 224 231 223 223 236 228 144  32   0  37  86 141 194 222 246 255 255 255 254 255 255 255 253 250 232 201 162 112  59  29  11   9  18  18  19  20  33  54  79  82  76  78  78  77  77  77  78  80  79 
 80   5  35 153 215 218 217 218 214 218 121  31  94 190 228 214 212 218 215 214 211 217 207 212 209  93  12  11  61 200 224 219 218 220 227 229 227 225 227 227 227 227 227 226 229 229 225 227 229 224 225 227 223 232 229 213 115  17  25 112 185 235 252 254 255 254 250 250 251 251 251 251 252 252 254 255 255 255 239 202 159  90  37  15  12  20  17  18  26  47  70  83  83  76  76  79  81  79  75  78 
 35  23 121 223 226 211 216 216 219 134  28  93 203 224 224 214 213 218 216 206 214 215 206 208 153  29  11  22 156 226 219 228 225 223 224 225 224 226 227 227 226 225 222 227 226 226 231 231 228 225 222 220 222 236 189  77  10  69 180 251 253 249 253 254 254 252 252 254 254 254 254 254 254 254 253 250 246 249 254 255 249 219 168  82  21  17  17  23  19  11  36  69  75  81  79  79  83  80  75  78 
