138 153 169 177 177 183 183 180 190 189 139  69  11  23  99 139 138 142 149 129  58  18  31  53  77  83  86  82  80  81  79  80  83  33  11  15  43  75  48  18  11  28 125 194 190 195 199 203 136  25  18  29 117 147 144 146 150 152 145 152 137  45  17  38 174 202 199 205 176  57   4  45 166 178 177 194 217 219 217 219 217 217 218 217 217 218 217 219 217 211 221 216 191 132 165 211 219 219 217 217 
185 183 184 182 175 174 182 182 155 100  29  15  62 116 143 140 141 147 121  55  15  32  65  77  83  77  78  83  83  79  80  82  87  50  16  14  33  74  66  30  15  14  83 178 198 197 195 207 170  55  18  19  91 145 144 146 149 152 144 151 146  60  18  30 167 204 199 203 183  69   3  43 165 179 178 198 218 218 217 220 218 217 217 218 217 219 219 217 214 214 224 203  89  18  97 215 218 215 219 217 
170 168 176 183 181 180 158 106  40  11  51 102 137 147 136 148 146 106  43  11  33  72  83  85  83  80  79  82  84  82  83  85  83  68  23  16  24  64  75  43  19  14  40 148 201 198 197 203 193  98  20  16  61 144 149 147 147 152 145 149 146  75  16  24 150 205 200 199 184  74   3  45 166 178 179 200 219 218 216 219 218 217 218 218 217 218 218 217 217 220 218 172  30   3  71 216 216 209 219 217 
182 186 187 167 146 102  37   6  43  94 132 147 140 143 151 136  85  35  16  45  77  88  83  83  83  85  84  81  83  85  84  87  78  79  30  17  17  53  78  53  25  17  17 111 195 195 196 197 205 140  27  19  39 134 149 148 146 150 146 148 146  86  15  18 138 205 201 197 187  76   4  48 169 176 180 203 220 216 216 220 218 217 217 217 218 218 215 218 219 221 214 151  12   5  67 208 218 217 220 217 
159 133  98  51  23  20  54 103 135 145 147 142 141 149 129  67  21  22  45  73  88  84  82  85  83  84  84  84  84  83  83  86  80  84  41  14  17  46  78  63  39   9  22  63 179 197 196 195 204 171  46  24  27 110 146 147 147 147 147 147 149  92  23  17 138 205 195 196 194  75   5  52 176 169 184 210 218 214 216 220 218 216 216 217 218 217 214 220 217 216 219 137  11   2  93 216 219 218 216 218 
 31  18  20  43  76 114 134 145 144 137 139 150 138  96  46  11  25  61  80  86  88  84  82  85  85  84  84  84  85  84  85  86  83  89  54  20  11  35  72  71  51  17  16  36 145 198 194 194 197 184  79  19  17  90 145 145 146 146 146 145 147  97  23  16 136 202 197 195 187  71   3  63 181 176 186 211 218 215 216 219 218 216 215 217 217 220 218 220 212 215 215  95   8   4 117 221 216 219 217 217 
 68  98 116 128 144 148 143 138 141 144 143 124  72  23  17  39  62  79  87  83  83  85  88  87  85  85  85  86  85  85  85  83  85  91  67  25  10  25  64  78  64  25  15  13 104 194 194 193 190 197 113  17  16  68 141 144 143 143 144 143 146 103  24  16 135 199 196 196 181  63   3  79 181 179 192 214 217 216 216 218 218 216 215 217 217 220 216 219 211 218 208  58   5  23 159 228 213 215 216 218 
171 168 149 137 136 139 136 142 148 125  82  32  17  39  56  65  73  82  85  81  84  88  88  86  86  86  87  86  86  87  84  82  86  88  78  33  14  19  54  78  71  37  16  10  68 175 192 192 187 200 139  24  21  54 133 141 141 141 141 140 143 102  23  20 139 198 194 199 173  54   4 101 177 180 197 215 216 217 219 218 218 216 216 216 217 220 215 217 216 223 184  34   4  61 191 229 214 214 217 218 
171 158 139 136 140 144 142 123  82  42  22  35  53  59  67  77  87  91  89  89  90  89  88  87  88  88  88  88  88  88  84  84  90  85  86  45  19  13  43  72  74  57  17  17  40 142 188 193 187 195 162  40  19  41 124 140 138 139 139 138 141  97  21  26 147 199 191 197 160  43   5 127 178 181 203 217 215 218 220 217 218 216 215 216 217 218 213 214 220 215 132  12  18 128 211 221 215 215 218 218 
171 160 145 137 133 104  74  42  20  26  54  67  69  70  73  83  91  92  90  91  89  86  89  91  88  88  88  88  90  90  86  89  93  83  91  56  22   9  35  66  75  73  18  22  24 116 185 195 187 190 179  56  12  30 119 139 137 137 137 137 140  93  20  30 153 200 189 192 149  35   9 144 179 182 206 218 214 218 219 216 218 216 216 217 218 218 215 213 220 203  85   5  54 191 227 215 216 214 218 217 
157 134 105  71  44  29  25  34  54  69  72  70  70  72  81  91  94  94  91  92  90  89  89  89  85  89  92  92  86  78  59  74  88  83  85  74  27  13  25  58  83  68  38  17  21  82 178 187 188 190 180  85   7  34 101 133 134 133 129 131 137  89  16  41 163 193 188 189 134  15  28 163 180 188 206 216 218 216 217 217 215 216 218 218 216 217 217 214 225 154  27  17 126 219 218 220 217 212 217 218 
 60  35  23  26  32  50  61  68  72  70  66  65  70  83  94  97  93  90  92  96  95  91  92  97  96  92  83  66  47  33  20  38  80  93  88  78  31  12  21  52  81  69  52  20  20  55 164 186 183 186 183  96  12  30  93 133 133 132 129 130 134  81  12  56 171 191 184 185 113   4  58 173 180 195 211 217 217 216 218 220 220 219 218 217 216 217 213 219 204  80   6  94 181 226 211 218 218 217 218 217 
 27  36  51  65  75  67  68  74  72  70  71  77  87  94  95  93  94  96  96  97  95  90  85  79  62  52  36  23  17  19  18  15  64  93  88  91  44  11  18  41  76  73  65  24  22  25 143 185 178 182 185 105  16  25  87 130 130 131 128 128 129  72  11  77 179 184 179 180  83   0 100 181 179 202 217 218 218 216 219 219 218 217 215 215 216 215 223 191  79  14  70 167 205 221 214 223 216 218 219 217 
 74  70  70  72  70  72  73  71  66  66  75  84  91  96  96  94  99 100  89  79  73  65  46  29  22  18  15  18  34  52  46  10  46  87  89  96  59  14  16  30  69  78  71  32  26  16 121 183 178 183 185 109  18  25  87 127 125 126 127 124 121  56  13  99 180 182 183 167  52   7 134 182 178 207 220 219 218 216 218 218 215 216 216 218 218 224 207  98  10  59 165 183 206 215 221 222 213 219 219 217 
 67  70  74  74  71  70  69  68  71  79  90  97  99 100  94  82  72  63  49  37  28  24  15  11  21  33  53  84 125 158  83  15  32  80  93  90  72  23  18  21  63  79  73  46  27  17  93 175 177 180 184 112  20  24  88 123 120 121 122 120 112  35  22 124 179 180 179 134  23  39 158 178 178 207 219 217 218 218 218 217 217 219 219 219 218 214 118  17  74 157 182 186 214 217 219 212 213 222 218 217 
 68  70  74  74  70  73  72  71  78  85  87  80  66  54  43  36  27  21  19  16  12  20  45  69  98 130 159 172 174 177 129  32  14  63  93  91  83  29  20  15  60  80  76  63  22  20  66 165 176 175 185 119  25  24  84 120 115 117 120 115 107  31  40 151 181 171 157  96   3  69 177 178 178 204 217 216 218 219 216 214 215 217 217 213 212 186  82  86 165 182 177 187 206 210 215 214 222 216 217 218 
 74  71  68  66  65  64  58  54  52  47  36  27  25  25  19  13  13  19  33  53  79 108 142 168 172 175 177 171 176 174 163  61  16  40  89  97  88  45  18  16  45  76  80  70  29  16  41 159 175 172 182 125  24  23  88 118 115 121 116 122  87  20  66 165 159 145 144  58   9 114 184 176 179 204 217 217 218 217 213 215 217 213 208 198 187 175 161 172 181 176 177 178 185 192 202 211 218 219 218 219 
 55  49  44  37  28  29  27  23  21  21  17  17  21  24  29  47  76 102 130 154 177 181 175 172 174 173 177 174 173 167 175  96  23  29  80  97  94  58  19  14  36  69  77  67  32  14  34 148 173 176 180 120  22  26  94 116 112 114 110 113  59  19  84 152 137 137 123  28  40 154 182 178 176 206 214 212 212 213 214 214 209 193 181 178 179 180 180 179 177 178 178 177 174 178 183 189 193 195 208 211 
 18  16  18  19  18  14  16  21  27  35  44  62  84 108 133 154 171 181 181 177 173 173 178 182 169 176 186 183 172 179 183 140  36  19  63  96 100  70  24  10  29  64  79  71  40  14  26 122 157 162 164 102  21  34  96 113 109 103 105  97  36  29 110 138 133 144  92   5  92 184 176 181 174 203 212 215 214 211 205 197 187 177 171 174 179 180 177 177 178 178 178 178 180 179 177 177 177 178 180 182 
 23  24  23  31  44  59  75  95 114 132 151 164 174 181 184 180 177 176 178 176 175 176 177 181 187 171 149 120 104 151 180 169  62  16  44  92 102  82  32  10  23  59  83  78  48  14  17  94 135 135 142  82  18  34  86  91  90  83  89  68  19  50 131 136 144 141  50  17 145 186 172 178 179 186 196 203 205 195 179 173 177 178 182 182 177 174 178 178 177 178 178 178 181 179 177 176 178 179 178 178 
 75  88 101 122 148 162 169 176 179 179 180 177 173 174 175 177 181 179 176 180 182 180 172 160 126  95  56  30  29 121 176 177 102  24  28  81  98  93  41  13  20  52  78  75  51  14  17  84 136 128 135  70  17  35  76  77  78  74  75  42  24  87 139 139 143 102  17  71 175 173 173 174 182 176 181 182 181 180 177 178 179 176 176 178 178 177 178 177 178 179 178 178 178 177 177 177 178 178 178 178 
143 152 168 178 179 179 177 176 179 182 181 179 181 184 187 185 178 176 179 170 153 121  80  50  29  11   5  10  11 103 176 176 144  37  17  70  97 103  50  18  15  40  76  78  54  14  17  76 140 131 132  63  17  41  82  79  81  80  73  31  43 119 134 141 130  60  23 137 179 175 179 171 179 178 179 177 177 178 180 182 179 174 174 179 179 177 178 178 177 177 178 177 181 182 183 181 179 177 184 182 
154 167 179 181 176 179 181 179 180 181 179 181 182 178 176 166 152 130  96  72  43  24  11   4   4  28  75  69   8  65 174 175 174  61  14  57  94 104  64  24  12  27  74  80  61  19  14  76 135 129 126  44  17  55  80  78  77  82  61  19  71 134 136 130 109  20  71 176 175 177 178 175 180 177 176 181 183 179 174 173 178 181 180 178 177 176 175 177 183 181 177 178 161 150 138 129 117 105  99  98 
168 184 186 184 186 185 183 182 179 172 161 152 137 112  87  64  42  33  26   8   2   9  33  62 119 164 212 156  18  53 163 174 185  94  17  42  89 101  80  29  13  21  68  77  67  22  12  81 129 131 115  25  22  68  76  78  78  77  36  37 116 135 132 135  53  25 139 182 178 176 174 175 174 179 181 178 174 174 179 182 182 179 174 176 182 187 186 168 153 123  85  66  41  30  22  18  15  10   9   9 
179 176 169 159 151 140 125 108  97  82  62  40  28  24  16   9   6   7  20  43  82 128 175 207 229 242 248 193  31  28 143 177 181 130  27  27  87 100  93  38  13  21  58  80  67  19  12  81 126 136  93  18  38  73  81  75  85  63  18  80 137 133 138 105  12  94 179 177 178 181 181 180 179 179 179 178 178 178 178 176 175 181 187 178 155 129  87  50  23  14   8   6   8   8   9  10  11  13  17  16 
 80  69  60  50  43  37  30  19  12   8   5  10  13  13  21  43  80 117 159 194 225 237 240 241 242 229 233 225  62  11 123 182 177 164  45  14  77  98 105  50  14  20  48  79  68  18  16  85 127 137  66  13  54  76  79  79  77  35  41 110 135 139 124  20  56 158 180 177 178 178 179 179 179 179 178 179 183 183 178 180 179 160 131  86  45  20   7   6  10  26  44  57  79  98 117 123 123 125 126 127 
 17  10   7   7   8   4   7  11  13  24  42  65  94 132 166 193 217 232 240 243 239 232 232 234 236 233 228 229  86   7 100 184 175 179  72  14  60  95 109  65  17  18  38  75  66  15  22  92 131 121  41  21  67  77  77  85  54  26  90 130 140 130  45  26 136 185 175 177 177 176 177 178 178 178 178 180 182 173 160 132  86  51  15   1   3  27  58 102 145 178 204 216 235 244 251 249 249 252 252 252 
 17  25  34  49  64  83 100 124 150 176 202 220 233 240 240 237 237 236 231 232 233 232 233 232 234 243 235 239 129  12  68 180 179 185 104  21  40  93 105  77  22  17  34  69  65  14  27 100 135  96  23  33  75  80  78  66  31  60 125 135 127  69  26 114 180 177 179 173 176 183 185 182 178 178 166 143 115  78  37  17   5   2  24  74 138 193 221 242 252 253 253 247 243 243 241 240 242 246 245 245 
160 172 182 197 213 223 227 234 240 241 239 237 237 239 238 237 237 237 235 235 236 239 234 235 235 233 225 244 161  12  46 172 183 186 128  28  26  88 102  86  29  15  28  62  60  13  33 105 136  71  17  53  79  83  76  41  32 107 139 127  75   9  90 170 186 173 179 185 183 178 162 137 117  86  55  20   5   4   8  29  66 122 195 231 242 250 250 249 241 242 247 244 244 247 248 248 247 245 246 247 
241 241 240 239 238 239 239 239 238 238 238 238 240 240 239 236 235 238 235 238 230 239 230 240 234 234 229 236 185  30  33 152 180 181 153  44  15  76 102  94  45  14  19  55  52  11  51 118 118  40  28  81  79  82  55  22  82 137 120  69  17  92 170 184 162 161 144 112  94  70  44  21   7   1   1  16  36  77 132 177 217 245 253 243 240 242 241 242 243 243 242 242 244 244 244 244 244 244 243 244 
235 235 236 236 236 238 238 238 238 238 238 235 233 235 236 235 234 236 235 241 230 231 240 237 235 234 237 240 214  54  18 130 181 181 167  69  14  68 106 100  53  18  16  53  47   9  68 130  88  26  45  75  86  60  23  68 108  93  48  10  58 103 102  80  59  47  31   8   4   4   4  15  26  58  97 143 188 217 234 241 239 231 226 225 226 228 232 232 231 231 232 232 233 233 233 234 233 233 230 230 
238 238 237 237 237 238 238 238 238 238 238 238 237 234 235 238 240 237 229 237 238 236 240 232 240 233 237 232 229  74  10 109 186 178 177  93  12  54 107 107  64  19  12  39  27  17  99 122  48  28  64  85  65  22  45  97  62  20  24  17  12   8   8   7   5   4  12  16  30  55  88 135 179 211 222 227 231 230 224 222 224 219 223 227 225 223 225 226 226 225 226 226 227 227 227 227 226 227 228 227 
237 237 237 237 237 238 238 238 239 239 238 240 240 235 236 237 237 236 239 231 239 237 236 238 240 232 235 231 238 111   9  84 184 176 184 120  20  35  98 106  77  22  14  25  14  36 114  92  16  49  88  65  27  15  59  36  12  21   7  13  10  23  26  43  62  86 122 160 190 220 232 231 227 227 224 223 227 229 228 224 225 230 232 229 225 224 226 226 226 226 226 226 226 227 227 227 227 227 229 228 
237 237 237 237 237 238 239 238 237 237 237 235 233 237 242 236 223 202 224 239 231 235 232 239 237 231 234 235 242 155  11  59 176 177 187 147  38  22  89 105  91  29  18  19  14  40  76  49  21  59  50  20  21  16   9  10  80 134  95  97 138 156 160 188 219 231 231 233 231 226 221 222 230 231 230 227 226 226 226 226 226 226 224 222 227 230 227 227 227 227 227 227 227 227 227 227 227 227 227 225 
237 237 237 236 237 238 239 239 241 241 241 238 230 213 186 139  82  65 186 243 228 240 233 231 238 232 231 237 236 174  18  48 170 177 184 157  54  18  82 105 101  35  17  15  18  28  25  19  18  14  16  21  11  18  56 143 217 220 235 242 236 229 231 231 228 225 223 220 221 224 228 229 224 225 229 228 226 225 228 229 226 225 224 226 227 226 225 225 225 225 225 225 225 225 225 225 225 225 226 226 
239 241 242 241 240 242 236 229 224 205 172 138 102  57  29  12  14  10 151 237 237 229 237 237 239 240 233 238 233 202  44  23 145 179 189 174  65  19  65 114 106  51  12  21  13  15   8  13  12  10  22  50  87 143 198 229 231 237 243 238 224 222 224 224 223 224 226 226 226 226 226 227 227 226 226 227 227 227 226 226 227 227 227 227 227 226 227 226 225 225 226 226 225 228 229 227 227 230 229 227 
231 223 211 196 186 163 138 109  79  51  25   9   6   6  24  41  48   9 126 234 237 234 237 236 236 240 235 238 239 220  58  14 131 183 186 177  86  19  59 109 109  64  26  22  21  59  60  68  84 108 140 195 230 236 232 226 240 247 242 229 223 225 225 225 225 225 225 226 227 227 226 225 226 227 227 226 226 226 226 226 226 226 226 226 226 226 225 225 225 226 227 228 227 223 223 228 231 229 223 221 
102  86  65  45  32  20  12   5   4  12  24  33  57  73  95 112  96  12  97 231 236 238 235 236 234 240 236 237 241 237  86   5 109 186 183 181 113  18  51 104 112  82  24  11  65 188 207 200 214 227 220 232 244 242 236 240 247 244 232 223 222 225 225 225 225 225 225 225 226 226 226 226 226 225 226 226 226 225 226 225 225 226 226 225 226 225 224 224 224 225 228 230 233 226 224 226 227 225 224 229 
  6   4   7  13  19  30  40  50  62  78  93 102 123 126 129 138 109  17  74 223 234 235 235 238 235 239 235 233 237 242 121   2  83 185 182 185 135  19  42 101 113  89  33   8  50 194 229 224 224 223 224 219 223 240 251 251 241 226 220 221 224 224 224 224 224 224 224 225 225 225 225 225 225 225 225 225 225 225 225 225 225 225 225 225 225 224 223 223 223 225 227 229 238 240 234 223 219 224 237 249 
 52  54  63  74  83  98 108 119 126 130 132 130 135 128 126 132 113  32  48 206 238 232 236 237 237 237 235 234 235 240 157   8  61 178 183 185 151  29  32  99 110  97  42  12  33 169 230 225 223 226 233 224 224 240 251 250 238 222 217 221 226 224 223 223 223 223 223 224 224 224 224 224 224 224 224 224 224 224 224 224 224 224 224 224 224 224 224 223 223 224 225 227 234 243 242 230 226 233 246 247 
116 122 129 134 135 137 135 136 138 139 135 133 138 130 129 131 121  50  21 190 244 231 238 235 237 234 236 239 237 241 183  16  46 173 184 182 165  44  24  97 107 105  47  21  24 146 229 223 224 223 220 221 238 250 243 241 245 237 222 220 227 223 222 222 222 222 222 223 223 224 223 223 224 224 223 223 223 223 223 223 224 223 224 224 223 224 225 223 222 223 224 225 225 235 243 244 244 247 249 228 
130 142 137 126 127 129 128 118 111 100  94  91  79  62 102 137 124  61  14 173 244 230 239 238 237 236 237 238 237 240 201  37  34 153 187 187 178  67  14  86 106 111  56  24  17 120 228 224 223 222 224 238 249 239 221 225 239 242 232 222 220 222 223 223 223 223 222 223 224 224 224 224 224 224 224 224 224 223 224 223 223 223 223 223 223 223 225 223 222 221 221 220 223 221 231 249 252 248 229 222 
100  91  80  78  69  51  52  43  34  33  23  13  13  18  84 137 130  77  13 147 240 232 239 239 237 237 237 237 237 239 221  60  19 138 185 182 179  79  14  79 107 112  67  22  12  97 222 221 223 224 237 245 240 229 221 221 227 233 236 229 221 222 223 222 222 223 222 223 224 224 224 224 224 224 224 224 224 224 224 223 222 222 222 222 222 223 223 222 222 224 224 221 219 223 236 251 252 247 229 222 
 32  20  17  25  12   6  13  11   8  21  31  43  44  17  64 126 137  94   9 115 238 237 237 238 237 237 236 236 236 238 233  85   4 125 186 180 181  92  16  71 108 112  84  26  11  69 209 218 228 234 245 240 226 221 223 222 220 224 233 235 229 223 222 222 223 223 222 223 223 223 223 223 223 223 223 223 223 223 223 223 222 223 223 222 223 222 220 223 225 225 225 223 220 234 246 246 243 242 239 227 
 36  29  22  22  48  85  97 100 100  88 139 200 168  41  40 119 138 103  11  92 239 239 235 241 237 237 237 235 235 236 233 110   0 109 192 183 184 111  18  60 108 112  96  29  14  49 197 226 237 243 238 228 219 220 224 222 223 221 223 228 232 223 222 223 223 222 223 222 222 222 222 222 222 222 222 222 222 222 222 222 223 222 222 222 223 222 221 224 223 220 222 224 236 246 246 232 227 232 242 238 
163 131  93  63  95 187 236 235 211 122 157 255 235  64  25 116 138 108  20  72 234 239 237 241 237 237 237 236 235 235 239 142   5  83 187 179 186 131  21  50 106 111 102  38  16  37 177 236 240 241 225 218 221 224 224 223 226 223 218 221 228 223 222 223 223 222 223 222 222 222 222 222 222 222 222 222 222 222 222 222 223 223 223 223 223 223 222 223 220 219 222 231 247 246 235 221 217 224 235 240 
255 232 190 105  53 100 220 255 249 133 131 245 249  90  23 109 136 116  34  54 216 236 240 238 237 237 236 236 236 234 242 164  12  56 180 184 189 145  24  43 105 109 107  52  16  27 153 247 234 226 222 221 223 225 224 222 222 222 223 221 220 222 223 222 223 222 223 222 221 221 221 221 221 221 222 221 221 222 221 222 223 222 222 222 222 222 222 224 221 219 230 244 242 232 223 220 221 222 222 228 
223 255 249 205 107  40 144 247 255 144 107 232 254 130  17  96 142 125  44  32 199 237 237 235 238 238 238 237 237 235 241 179  20  41 176 185 188 155  27  39 104 108 111  58  16  17 138 238 224 221 222 223 223 223 223 223 220 222 225 223 220 222 223 222 223 223 223 222 222 222 222 222 222 222 222 222 222 222 223 221 220 225 226 226 225 224 224 222 218 227 241 241 225 221 219 221 224 223 220 222 
148 243 249 255 195  56  76 233 255 158  94 216 241 145  24  87 140 129  50  18 185 239 233 236 238 239 239 238 238 235 236 200  36  34 165 182 184 163  36  36 101 109 112  67  22  13 117 218 218 224 222 223 223 222 222 223 223 223 223 223 223 223 223 223 223 223 223 223 223 223 223 223 223 223 223 223 223 223 223 223 223 223 222 222 223 223 222 225 230 246 249 235 228 229 230 229 229 230 219 215 
 73 205 255 253 242  96  47 222 255 181  68 108 122  75  10  69 125 135  62  19 171 239 232 235 239 239 239 238 238 235 234 223  58  23 147 186 184 170  50  30  94 111 110  86  28  12  81 210 220 222 221 222 222 222 221 221 222 222 222 222 221 222 222 222 222 222 222 222 222 222 222 222 222 222 221 222 222 222 222 220 218 218 223 226 220 214 207 198 199 193 176 162 146 139 128 116 104  98  91  84 
 33 167 255 241 255 135  48 218 255 225 130 113 117  91  14  68 135 142  81  21 150 242 234 238 238 239 239 238 238 236 236 235  75  11 131 191 184 178  68  23  88 113 108  97  29  15  58 205 224 222 222 222 222 222 222 222 222 222 222 222 222 222 222 222 222 222 222 222 222 222 222 222 222 221 222 222 222 222 222 224 224 221 213 187 145 111  80  58  55  47  38  43  50  52  58  65  70  73  77  80 
 17 135 255 246 255 114  72 236 251 250 233 232 235 180  29  58 133 132  94  15 122 241 231 237 238 239 238 238 238 236 237 236  92   6 118 192 184 181  80  17  83 114 108 103  32  17  48 195 226 221 221 221 221 221 221 221 221 221 221 221 221 221 221 221 221 221 221 221 221 221 221 221 221 221 221 221 221 221 221 220 218 220 221 208 182 162 152 144 152 160 165 176 194 196 201 207 211 214 219 219 
 30 127 255 252 239  82 111 248 252 247 248 254 255 212  44  61 143 138  99  11 101 240 229 237 238 239 239 238 238 236 234 238 120   6 105 187 185 180  85  13  82 115 107 106  45  16  37 173 223 220 220 220 220 220 220 220 221 220 220 220 220 220 220 220 220 220 220 220 220 220 220 220 220 220 220 220 220 220 220 219 217 218 221 225 227 228 230 231 228 230 229 225 225 225 225 225 224 224 224 223 
 38 145 251 255 215  52  70 129 141 154 155 162 190 173  46  58 133 133 107  12  89 241 234 240 238 239 239 239 237 237 231 243 149  11  90 181 184 181  88  11  81 114 108 110  58  15  25 150 224 220 221 221 221 221 221 221 221 222 221 222 221 222 222 222 222 222 222 223 223 223 223 223 223 223 223 223 223 223 223 223 224 224 221 219 221 223 226 228 219 222 227 222 223 223 224 225 225 225 224 226 
 43 207 249 255 213  76  47  44  45  48  47  48  54  62  26  52 132 139 114  20  76 235 242 239 238 238 238 237 237 237 232 243 169  13  70 174 181 190  95  15  73 113 110 114  64  20  23 130 238 229 230 231 232 232 233 232 232 232 232 232 232 234 234 234 234 234 234 234 234 234 234 234 234 234 234 234 234 234 234 234 234 234 234 234 234 234 236 236 237 237 236 237 238 238 238 238 237 237 238 237 
132 242 255 247 239 185 151 130 121 121 115 109  94  79  35  52 128 138 121  29  69 225 240 235 238 238 238 238 238 237 235 243 178  14  60 174 184 191 104  18  72 114 109 114  71  23  19 121 237 237 237 237 238 239 239 237 237 237 237 237 237 237 237 237 237 237 237 236 235 235 235 235 235 236 235 236 236 236 235 236 237 237 237 237 237 237 239 239 239 239 239 239 238 238 238 238 238 238 238 238 
238 255 251 255 255 255 255 250 253 253 247 235 242 212  66  40 128 138 126  38  54 213 240 234 238 237 238 238 238 237 235 242 195  22  46 172 188 191 117  21  68 116 109 114  82  27  15 104 231 235 235 235 236 236 237 236 236 236 236 236 236 234 234 234 234 234 234 235 236 236 236 236 236 236 236 236 236 236 236 236 236 237 236 236 236 237 238 238 238 238 238 238 237 237 237 237 237 237 237 237 
158 177 191 206 206 207 215 222 223 220 221 222 230 217  77  33 122 142 126  46  37 202 244 237 238 238 238 238 237 237 232 237 212  37  37 167 190 191 131  25  62 116 108 113  91  33  13  80 219 237 235 236 237 237 238 239 239 239 239 239 239 237 237 237 237 237 237 237 236 236 236 236 236 237 237 236 237 236 236 236 235 235 235 235 235 236 236 236 236 236 236 236 237 237 237 237 237 238 238 238 
 33  50  51  56  64  66  71  74  73  75  83  88  82  88  49  42 121 141 129  53  24 191 246 238 239 238 238 238 237 237 234 233 231  53  29 153 187 190 141  27  55 115 108 110  97  39  13  57 199 227 223 225 226 226 227 229 229 228 229 228 229 227 227 227 227 227 227 229 230 229 230 230 230 229 230 230 230 230 229 229 229 229 229 229 229 229 229 229 229 229 229 229 230 230 230 230 230 230 230 230 
 34  28  28  22  25  25  21  21  23  24  21  22  24  39  20  51 134 137 133  59  18 184 245 236 239 238 238 238 237 237 236 232 241  65  23 139 185 188 145  27  52 113 108 109  98  42  14  43 185 219 215 217 217 218 218 218 218 218 218 218 218 219 219 218 219 219 218 218 217 217 217 217 217 217 217 217 217 217 217 218 218 218 218 217 218 218 218 218 218 218 218 218 217 217 217 217 217 217 217 217 
132 125 118 106  89  85  86  84  86  90  93  99 103 121  56  51 141 134 136  67  16 174 242 238 240 238 239 239 239 238 236 236 234  81  13 128 189 187 144  26  45 109 113 109 108  45  12  39 168 220 215 219 218 217 219 217 218 217 217 217 217 219 219 218 218 218 218 218 218 218 218 218 218 218 218 217 218 218 217 218 218 218 218 218 218 218 218 218 218 218 218 218 217 217 217 217 217 217 217 217 
254 255 240 234 233 234 235 233 232 232 232 234 239 226  89  47 137 130 137  72  18 172 244 237 239 239 239 239 239 238 236 237 236  88  11 127 189 187 145  26  42 109 109 107 110  55  16  31 156 223 217 219 217 218 219 217 217 217 217 217 217 219 219 219 219 219 219 219 219 219 219 219 219 219 219 218 218 219 218 218 219 218 218 219 219 219 219 219 219 218 219 219 217 218 218 217 218 218 218 218 
253 255 250 255 255 254 253 255 255 255 255 254 255 241  86  39 135 130 136  80  23 168 244 237 239 238 238 238 238 238 235 237 241 104   9 123 190 187 147  27  40 108 107 106 110  65  18  20 140 226 218 217 215 218 219 216 216 216 216 216 216 218 218 218 218 218 218 218 218 218 218 218 218 218 218 218 218 218 218 218 218 218 218 218 218 218 218 218 218 218 218 218 217 217 217 217 217 217 217 218 
232 199 166 163 161 166 172 172 173 173 172 175 174 171  68  35 126 129 137  87  25 159 245 236 239 238 238 238 238 237 236 236 245 126   8 115 189 186 149  29  37 106 109 110 107  71  19  14 126 222 220 216 215 218 217 216 216 216 216 216 217 217 217 217 217 217 217 217 217 217 217 217 217 217 217 217 217 217 217 217 217 217 217 217 217 217 217 217 217 217 217 217 217 218 218 217 218 217 218 218 
128  66  63  81  76  65  69  76  86  96 102 114 120 131  51  27 124 132 137  92  24 149 245 236 238 237 237 237 237 237 236 235 247 148   8 104 187 186 151  31  35 105 109 111 105  77  22  13 113 214 219 216 215 218 215 216 216 216 216 216 216 216 216 216 216 216 216 216 216 216 216 216 216 217 217 217 217 217 217 217 217 217 217 217 217 216 216 217 216 217 216 217 217 217 217 217 217 217 217 218 
 75 128 160 155 157 161 165 170 181 195 206 211 226 223  81  29 126 130 138  93  21 140 245 237 237 237 237 236 236 238 236 231 247 164  11  96 184 186 152  32  32 103 107 111 107  87  27  11 103 206 217 216 214 217 212 216 216 216 216 216 216 216 217 217 216 216 217 216 216 216 216 216 217 216 216 216 216 216 216 216 216 216 216 216 216 216 216 216 216 216 216 217 218 218 218 218 218 218 218 218 
204 252 251 239 249 247 249 255 252 252 255 253 253 232  74  31 122 137 131  99  21 136 245 236 238 237 237 237 237 237 235 234 244 177   9  85 182 187 152  38  32 106 108 109 105  90  30  16  83 210 218 214 219 214 215 215 215 215 215 215 215 217 216 216 216 216 216 217 217 217 217 217 217 217 217 217 217 217 217 217 216 217 216 217 216 217 217 217 217 217 217 217 217 217 217 217 217 217 217 217 
255 251 250 251 242 228 224 212 205 198 185 176 142 130  60  44 114 137 130  98  18 137 243 235 238 237 237 237 237 237 234 235 242 180   9  80 180 187 151  40  31 107 109 108 105  92  33  16  69 204 216 211 218 214 217 214 214 214 214 214 215 216 216 216 216 216 216 217 217 217 217 217 218 218 217 217 217 217 217 217 216 216 216 216 216 216 216 216 216 216 216 216 216 216 216 216 216 216 217 217 
255 243 254 253 179  79  73  67  70  64  49  56  87 148  73  37 113 139 133  96  15 141 240 234 237 237 237 236 237 236 235 236 243 181  11  76 180 188 151  40  32 106 110 110 107  97  36  13  59 195 215 211 217 214 217 214 215 215 215 214 215 216 215 216 215 216 215 216 216 216 216 216 216 216 216 216 216 216 216 216 215 216 216 215 216 215 215 216 216 216 216 216 216 216 216 216 216 215 217 217 
250 249 251 217  62  37  51  58  76  93 119 159 218 233  77  36 126 134 135  94  15 148 240 234 237 237 237 236 237 236 236 237 242 183  14  70 177 188 151  40  32 106 109 109 109 101  41  11  51 192 219 212 216 213 215 214 214 214 214 214 214 215 215 215 215 215 215 215 215 215 215 215 215 215 215 215 215 215 215 215 215 215 215 215 215 215 215 215 215 215 215 215 215 215 215 215 215 215 217 216 
246 254 246 170  47 177 199 215 224 222 234 236 237 218  73  38 120 130 134  92  17 159 241 234 237 237 237 236 237 236 236 237 242 185  17  66 176 188 151  40  32 106 110 108 107 104  46  13  46 187 222 213 215 212 214 213 213 213 213 213 213 214 214 214 214 214 214 214 214 214 214 214 213 214 214 214 214 214 214 214 214 214 214 214 214 214 214 214 214 214 214 214 214 214 214 214 214 214 215 215 
251 246 248 109 108 251 246 255 184  91  80  80  94 117  50  44 120 128 133  92  18 169 244 236 237 237 237 236 237 236 237 238 241 186  19  62 174 189 151  40  32 106 111 107 104 104  48  14  41 177 220 211 214 213 214 212 212 212 212 212 213 213 213 213 213 213 213 213 212 212 212 212 212 212 212 212 212 212 212 213 214 213 213 213 214 213 214 213 213 214 213 214 214 213 213 213 213 214 212 214 
246 242 231  64 148 255 234 240  92  21  53  54  62 101  34  52 128 131 127  89  27 176 244 233 238 237 236 236 237 237 234 237 242 187  19  64 175 186 152  40  32 103 108 106 105 103  54  14  34 167 219 211 212 215 213 213 213 213 213 213 213 213 213 213 213 213 214 213 213 213 213 213 213 213 213 213 213 213 213 213 214 214 213 213 214 214 213 213 213 214 213 213 212 215 215 219 213 212 209 214 
236 254 140  65 209 250 251 158  49 151 189 193 203 214  70  52 124 134 125  83  29 180 242 235 237 236 237 236 237 236 233 234 243 188  17  67 177 183 152  39  34 100 106 103 107 103  60  14  29 161 220 213 212 218 211 214 214 213 214 213 213 214 214 214 214 214 214 214 214 214 214 214 214 214 214 213 214 214 213 213 213 213 213 213 213 213 213 214 214 213 214 214 216 218 211 209 211 211 223 195 
235 216  72 126 241 248 165  44 124 251 251 255 237 191  48  58 129 126 127  75  34 197 240 237 237 237 237 237 237 236 236 234 242 190  18  67 176 184 150  38  36 102 106 103 106 104  60  15  26 154 217 213 212 218 213 214 213 213 213 213 213 214 213 213 213 213 213 213 213 213 213 213 213 213 213 213 213 213 213 213 213 213 213 213 213 213 214 214 213 213 213 214 214 215 213 202 222 210 148  70 
241 102  65 218 253 159  35  97 220 235 198 158  91  45  15  84 135 120 125  58  50 224 239 230 237 237 237 237 237 236 236 233 242 191  18  71 178 184 149  36  39 103 106 104 104 104  63  17  23 146 214 212 211 218 213 213 213 212 213 212 213 213 213 213 213 213 213 213 213 213 213 213 213 213 213 213 213 213 213 213 213 213 213 213 212 213 213 213 213 213 212 213 210 213 223 210 218 167  41  33 
111  39 169 255 148  35  83 170 150 106  59  29  15  24  69 119 133 126 125  37  77 236 239 236 237 237 237 236 237 237 236 233 244 189  15  82 181 185 146  34  42 104 106 104 103 105  65  20  20 140 213 212 210 216 212 212 212 212 212 211 212 212 212 212 212 212 212 212 212 212 212 212 212 212 212 212 212 212 212 212 212 212 212 212 212 212 212 212 212 212 212 213 216 212 219 213 214 159  71  28 
 23 125 202 139  43  26  66  48  27  23  18  36  61  92 122 125 126 127 116  31 122 240 233 239 237 237 237 237 237 236 236 234 245 184  11  92 185 184 145  32  43 106 106 103 102 106  66  21  18 137 213 213 208 213 209 212 212 212 212 211 212 212 212 211 212 212 211 212 212 211 212 212 211 211 211 211 211 211 211 211 211 211 211 211 211 211 212 212 212 211 211 212 215 212 211 217 222 208 179 130 
 44  66  33  27  18  26  20  20  41  63  94 108 122 128 129 128 131 124  88  35 169 245 227 234 237 237 237 237 237 236 234 235 245 182   9 103 187 184 143  32  47 105 106 103 102 103  69  21  15 133 213 212 207 211 209 212 212 212 211 211 211 212 211 211 211 211 211 211 211 211 211 211 211 211 212 211 211 211 211 212 212 212 212 212 212 212 211 211 211 212 212 211 213 215 210 211 208 214 215 208 
 16  13  16  26  36  54  71  92 108 120 126 129 125 118 113 100  78  69  27  62 210 241 233 234 237 237 237 236 237 236 234 237 242 180   7 115 182 184 140  34  54 101 106 102 103 101  77  21   9 127 212 209 210 210 210 211 211 211 210 210 210 211 210 210 210 211 211 210 211 211 211 210 210 211 212 212 212 212 211 212 213 213 213 213 213 212 209 210 211 212 212 213 211 211 212 212 212 212 212 213 
 52  68  79  94 111 119 122 126 125 117 106  91  78  64  46  30  24  12  24 142 235 230 235 237 237 237 237 236 237 237 237 234 244 165   8 116 182 185 140  33  57 102 108 101 104 103  78  23  11 127 213 209 209 210 210 211 211 211 211 210 211 211 211 211 210 210 211 210 210 211 210 210 211 211 211 211 211 211 211 211 212 212 212 212 212 211 209 210 211 211 212 212 211 211 211 211 211 211 211 212 
117 118 116 112 110 102  90  78  64  50  35  24  18  13   8  16  39  71 134 214 242 230 237 229 237 236 237 237 237 237 238 231 245 142  11 124 183 185 136  33  62 105 107 103 104 104  79  25  12 127 213 209 210 210 210 211 211 211 211 210 211 211 211 210 211 211 210 211 211 210 211 211 210 210 210 210 210 210 210 211 212 211 212 212 212 211 209 210 210 210 210 210 210 210 210 210 210 211 211 211 
 75  65  61  50  36  31  24  12   7  10  15  26  45  77 114 154 195 218 229 239 236 231 235 233 237 237 237 237 237 238 238 231 242 110  23 141 180 185 131  31  66 106 105 102 104 103  81  26  13 127 213 209 209 210 210 211 211 211 211 210 211 211 211 211 210 210 211 210 210 211 210 210 211 210 210 210 210 210 210 210 211 211 211 211 211 211 210 210 209 209 209 209 210 210 210 210 209 209 209 209 
 12  10   9   9   9  15  28  49  74 106 136 169 200 219 232 236 240 238 237 236 232 232 234 238 236 237 237 237 237 238 236 235 238  79  39 160 178 182 125  27  69 107 103 100 102 102  79  25  12 127 213 209 209 210 210 211 211 211 211 210 211 210 210 210 211 211 210 211 211 210 211 211 210 209 208 208 209 209 208 209 211 210 210 211 210 210 211 210 209 209 208 208 209 209 209 209 209 209 208 207 
 40  59  73  98 127 155 177 202 214 222 237 241 238 238 235 234 234 234 234 231 226 238 236 229 237 237 237 237 236 236 234 236 233  61  52 173 177 180 122  26  69 106 101  98 100 100  78  24  11 127 213 209 209 210 209 211 210 210 210 210 210 210 210 210 210 210 210 210 210 210 210 210 210 209 208 208 208 208 208 209 210 210 210 210 210 210 210 210 209 208 207 208 208 208 208 208 208 208 207 207 
190 206 222 233 238 240 241 241 239 238 237 236 235 234 234 235 236 236 235 235 235 236 235 236 238 235 234 237 236 232 232 236 208  47  69 174 179 178 107  24  69 108 101  98 101 100  76  25  13 127 213 207 209 209 206 209 208 208 209 209 208 209 209 209 209 209 208 209 209 209 210 210 210 209 209 209 209 209 209 209 209 209 209 209 208 208 208 208 208 208 208 208 208 208 209 208 208 208 208 208 
239 242 242 239 236 236 236 236 237 237 238 237 235 236 236 235 235 235 236 236 236 236 236 237 240 238 235 232 232 234 234 240 189  23 102 186 175 177 102  24  72 107 100  98 101  99  76  25  15 130 212 207 209 208 206 208 208 208 208 208 208 208 208 209 208 208 209 209 209 210 209 209 210 209 208 208 208 208 208 208 208 208 208 208 208 208 208 208 208 208 208 208 208 208 208 208 208 208 208 208 
236 237 239 241 241 239 238 238 238 237 237 237 237 236 237 237 237 237 236 236 237 236 237 235 230 236 238 236 234 236 225 242 150  18 149 179 170 176  94  25  78 106 100  98 101  99  75  24  17 134 211 207 208 207 207 208 208 209 208 208 208 209 209 208 208 209 208 209 210 209 210 209 210 209 208 208 208 208 209 208 208 209 208 208 209 208 208 209 208 208 208 208 209 208 208 208 209 208 209 209 
236 234 234 235 237 237 237 237 237 237 236 237 237 237 237 237 237 237 237 237 238 237 237 236 236 236 235 234 234 234 232 247 102  29 158 181 177 175  85  27  84 104 100  97 100  98  75  22  19 139 211 208 208 206 208 209 208 209 208 208 208 208 209 208 208 209 208 209 209 209 209 209 209 209 208 209 209 209 209 209 208 208 209 209 209 208 208 208 208 208 208 208 209 209 209 209 209 208 208 209 
238 238 237 236 236 236 236 236 237 237 237 237 237 237 237 237 237 237 237 237 237 237 236 237 237 233 232 237 240 239 228 171  32  83 181 174 176 173  78  29  90 103  99  97  99  97  74  22  22 145 210 209 208 205 208 209 208 208 208 208 209 208 208 208 208 208 208 208 208 208 208 208 208 208 208 208 208 208 208 208 208 209 208 208 208 208 209 208 208 208 208 208 208 208 208 208 208 208 208 209 
235 237 237 238 238 237 237 237 236 237 237 237 238 238 238 238 239 238 238 237 237 237 237 237 234 235 239 229 193 153  90  39  18 131 182 172 173 173  73  31  95 102 100  95  99  98  75  21  24 148 209 209 209 204 209 209 208 209 209 209 209 208 208 209 208 208 208 208 207 207 207 207 207 208 209 209 209 209 209 209 208 209 209 209 208 209 209 208 208 208 209 209 209 209 209 209 209 208 209 209 
237 237 237 238 239 236 235 237 239 240 238 238 238 237 236 236 238 237 234 238 239 238 236 235 222 184 139  88  43  21  10  11  76 164 179 174 170 167  61  35  93  97  98  99  98  98  70  22  29 157 210 209 201 207 211 207 207 208 208 207 207 208 208 208 208 208 208 207 207 208 208 208 208 207 207 207 207 207 207 208 209 208 208 208 207 207 208 209 209 209 208 207 207 206 205 205 206 207 206 207 
237 236 235 234 234 240 238 232 231 233 232 234 237 238 240 241 238 236 235 231 220 194 158 123  65  42  21   6   8  18  45  85 154 185 173 172 178 160  50  35  92  98  98 100  98  98  67  21  35 165 212 208 204 209 201 208 207 207 207 207 207 207 207 207 207 207 207 207 207 207 207 207 207 207 206 206 206 206 206 207 209 208 207 206 206 206 205 209 213 216 218 219 214 214 212 210 208 206 208 209 
234 237 239 239 238 236 235 238 243 243 242 245 242 233 226 213 194 174 145 110  74  44  19   4  10   8  17  35  69 107 140 165 181 174 170 179 184 147  43  39  97  96  95  99  97  97  63  19  32 123 174 210 210 205 209 206 207 206 206 207 207 206 206 206 206 206 206 206 206 206 206 206 206 206 206 207 207 207 206 207 208 207 206 205 206 208 213 215 219 222 224 225 222 222 222 218 213 208 211 208 
242 243 243 241 237 235 231 228 217 199 180 160 141 118  95  70  48  30  14  10   6   9  15  25  48  77 111 141 164 179 180 180 177 182 180 159 134  93  27  50 101  96  95  97  95  96  58  18  18  26  45 130 194 208 208 207 207 207 207 206 207 207 207 207 207 207 207 207 207 207 207 207 207 207 206 206 206 206 206 207 208 206 205 206 208 213 223 223 223 222 221 220 222 224 225 223 218 214 208 206 
168 161 152 139 133 111  94  79  61  47  36  26  18  12   7   6  10  12  17  30  45  69 103 132 149 165 178 185 182 172 181 176 157 131  98  63  42  27  21  63 102 100  99  96  94  94  53  15  16  14  15  35 109 185 208 205 206 205 206 206 206 206 206 206 206 206 206 206 206 206 206 206 206 206 207 207 207 207 206 207 207 205 206 209 214 217 220 221 223 223 222 222 219 221 223 224 222 220 211 206 
 23  18  13   9   4   7   6   3   5   8   9   9  14  24  30  44  65  84 105 132 158 169 173 175 184 184 178 177 168 146 121  95  65  36  14  12  15  17  46  91 100  94  99  93  93  96  51  10  28  24   7   6  23 109 192 207 206 206 205 206 205 205 205 205 205 205 205 206 206 205 205 205 205 206 206 206 206 206 206 207 207 206 207 212 220 222 219 221 223 224 225 224 223 223 222 222 223 223 222 211 
 12  11  11  15  22  19  22  32  41  50  61  77  95 114 130 145 160 175 181 174 175 179 182 181 170 155 129 101  71  47  31  19  13  15  25  39  48  65  91  99  92  94  95 100  93  84  46   7  82 122  42  13  12  33 124 203 205 203 208 200 207 207 206 206 206 206 206 205 205 206 206 206 206 207 208 207 208 208 208 206 204 205 209 216 221 222 222 222 223 223 222 222 225 224 224 223 223 224 224 213 
 66  75  81  88  94 105 121 139 149 154 163 173 177 177 177 179 181 182 182 178 171 155 131 108  73  54  31  17  16  20  19  26  39  51  68  83  95  96  88  90 101  94  92  96  87  86  33  28 146 199 126  29  12   8  71 177 204 199 211 197 209 205 203 204 204 204 204 204 204 204 204 204 204 205 207 206 206 206 207 205 203 205 212 219 221 221 223 222 223 223 223 223 223 223 223 223 223 223 221 217 
169 178 180 179 177 179 180 180 179 180 179 178 178 179 181 177 166 148 125 104  75  53  36  26  21  18  18  22  31  40  57  70  86  96  99 102 101 101 100 100  99  90  85  87  92  80  18  66 196 216 189  90  20   9  40 144 210 207 212 206 211 205 204 205 205 205 205 206 206 205 204 203 202 203 204 204 204 204 204 204 204 207 212 219 221 222 222 222 222 222 222 222 221 221 221 221 221 221 223 219 
