241 241 241 241 241 241 241 241 241 241 241 241 241 241 241 241 241 241 241 241 241 241 241 241 241 241 241 241 241 241 241 241 241 241 241 241 240 241 240 241 241 241 241 241 241 240 241 240 240 240 239 239 239 239 239 239 239 239 240 239 240 240 240 240 240 240 241 241 241 242 241 241 241 241 241 240 241 241 240 240 240 241 242 243 243 238 235 236 238 238 237 242 242 242 240 241 243 240 241 242 
240 240 240 240 240 240 240 240 240 240 240 240 240 240 240 240 240 240 240 240 240 240 240 240 240 240 240 240 240 240 240 240 240 240 240 240 241 240 241 241 241 241 241 241 241 240 241 240 240 240 240 240 240 240 240 240 240 240 240 240 241 241 241 241 241 241 240 240 240 240 240 240 240 241 240 241 241 241 238 237 240 242 240 238 238 241 239 236 236 239 241 237 238 239 239 239 239 240 240 240 
241 241 241 241 241 241 241 241 241 241 241 241 241 241 241 241 241 241 241 241 241 241 241 241 241 241 241 241 241 241 241 241 241 241 241 241 241 241 241 241 241 241 241 241 240 241 240 241 240 241 241 241 241 241 241 241 241 241 241 241 241 241 241 240 240 240 239 239 239 238 238 239 240 241 241 241 241 241 238 234 237 238 236 234 234 236 240 241 238 235 234 236 237 238 240 239 236 237 237 236 
240 241 241 241 241 241 241 241 241 241 241 241 241 241 241 241 241 241 241 241 241 241 241 241 241 241 241 241 241 241 241 241 241 241 241 241 241 241 241 241 241 241 241 241 241 240 241 240 240 240 240 240 240 240 240 240 240 240 240 240 241 241 241 241 240 241 239 239 238 237 236 237 240 241 241 241 241 241 242 243 240 238 237 237 239 240 239 235 236 243 246 243 241 243 247 246 244 244 243 242 
240 241 241 241 241 241 241 241 241 241 241 241 241 241 241 241 241 241 241 241 241 241 241 241 241 241 241 241 241 241 241 241 241 241 241 241 241 241 241 241 241 241 241 241 240 241 240 241 241 241 241 241 241 241 241 240 241 240 241 240 241 241 241 241 241 241 240 240 239 239 239 238 240 240 240 240 241 241 238 236 237 239 241 242 244 247 250 252 252 239 227 226 217 212 213 211 206 192 187 183 
241 241 241 241 241 241 241 241 241 241 241 241 241 241 241 241 241 241 241 241 241 241 241 241 241 241 241 241 241 241 241 241 241 241 241 241 241 241 241 241 241 241 241 241 241 240 241 240 241 240 240 240 240 240 240 241 241 240 241 241 241 241 240 241 241 241 242 242 242 242 242 241 239 237 238 239 240 242 245 249 250 245 231 217 204 182 157 136 122 101  82  72  58  48  44  39  35  28  26  23 
240 241 241 241 241 241 241 241 241 241 241 241 241 241 241 241 241 241 241 241 241 241 241 241 241 241 241 241 241 241 241 241 241 241 241 241 241 241 241 241 241 241 241 241 240 241 240 241 242 241 241 241 241 242 242 240 240 241 242 240 242 242 240 240 241 241 241 241 240 238 240 244 242 243 245 245 238 221 203 169 129 103  76  48  36  23  13   5   5   5   5   7   7   8   9  10  10  11  12  12 
240 241 241 241 241 241 241 241 241 241 241 241 241 241 241 241 241 241 241 241 241 241 241 241 241 241 241 241 241 241 241 241 241 241 241 241 241 241 241 241 241 241 241 241 240 241 240 241 242 242 242 242 242 242 241 239 239 241 241 241 236 239 241 237 235 238 238 244 251 251 242 229 221 203 168 125  82  45  24  13  10  11  12  12  14  17  20  24  26  30  34  52  54  55  56  57  57  57  57  57 
240 240 240 240 240 240 240 240 240 240 241 241 241 241 241 241 241 241 241 241 241 240 241 240 240 240 240 240 240 240 240 240 240 240 240 240 240 240 240 240 240 240 240 240 240 241 240 241 242 241 241 241 242 240 237 243 245 241 238 237 238 234 237 237 240 243 249 241 222 190 142 100  61  36  15   4   6  11  16  25  38  49  56  60  71  88  88  92  95  97 100 105 106 107 109 109 110 110 110 110 
240 240 240 241 240 240 240 240 240 240 240 241 240 241 241 241 241 241 241 241 240 241 240 240 240 240 240 240 240 240 240 240 240 240 240 240 240 240 240 240 240 240 240 240 240 241 240 241 242 241 241 241 241 240 236 240 241 240 240 241 237 238 243 242 224 199 143 100  60  37  18  13  12  14  33  54  66  72  81  94 102 108 113 115 114 109 109 109 108 108 107 107 106 108 108 108 109 108 107 107 
241 241 240 240 241 240 240 241 240 241 241 240 241 240 241 241 241 241 241 241 241 240 241 241 241 240 241 240 240 241 240 240 241 241 241 241 240 240 241 241 241 240 241 241 241 240 240 241 241 242 241 241 241 243 246 240 238 240 244 244 239 225 187 128  62  25  11  12  16  25  45  55  75  89 100 109 110 108 111 113 107 105 109 107 103 109 108 108 108 108 108 111 111 112 111 112 112 109 109 109 
240 240 240 241 240 240 240 240 240 240 240 241 240 241 241 241 241 241 241 241 240 241 240 240 240 240 240 240 240 240 240 240 240 240 240 240 240 240 240 241 240 241 241 240 240 241 241 241 241 241 242 243 241 240 236 245 251 244 207 165 105  53   8   8  13  23  43  62  82 100 108 110 111 112 110 105 104 111 112 112 110 104 108 110 107 109 109 110 110 110 110 106 107 106 106 107 107 105 105 105 
241 241 241 240 241 241 241 241 241 241 241 240 241 240 241 241 241 241 241 241 241 240 241 241 241 241 241 241 241 241 241 241 241 241 241 241 241 241 241 241 242 240 242 243 240 237 236 237 243 245 237 235 241 247 251 218 164 104  48  13  12  18  37  60  82  94 109 110 106 103 103 107 108 111 115 113 110 108 105 107 109 105 107 109 109 110 110 109 109 108 109 110 110 109 109 109 109 108 108 108 
242 243 241 240 241 242 242 242 242 242 241 240 241 240 241 241 241 241 241 241 240 240 241 242 242 242 242 242 242 242 242 242 241 242 242 241 242 242 242 242 242 244 243 237 235 237 238 238 236 232 241 249 231 186 117  64  18  11  22  44  69  80  96 108 111 108 107 107 107 108 108 108 108 107 106 106 107 108 108 108 108 108 108 108 108 107 107 107 107 107 107 107 107 107 107 107 107 107 107 107 
242 243 241 240 241 242 241 242 241 242 241 240 241 240 241 241 241 241 241 241 240 240 241 242 242 241 242 242 242 242 242 241 242 241 242 241 242 242 241 242 241 242 244 246 244 238 231 234 241 239 225 165  85  29   9  18  38  71  94 105 112 114 116 114 110 105 107 108 107 108 108 108 107 108 108 108 107 108 107 107 108 108 108 108 108 108 108 108 108 108 108 108 108 108 108 108 108 108 108 108 
242 243 241 240 241 242 241 242 241 242 241 240 241 240 241 241 241 241 241 241 240 240 241 242 242 242 242 242 242 241 242 242 242 242 242 242 241 242 241 240 240 240 239 236 237 242 250 245 203 131  62  13  14  36  61  96 115 108 105 110 106 106 107 108 109 109 108 108 107 108 108 108 107 108 107 107 108 108 108 108 107 108 107 108 108 107 107 107 107 107 107 107 107 107 107 107 107 107 107 107 
242 243 241 240 241 242 241 242 241 242 241 240 241 240 241 241 241 241 241 241 240 240 241 242 242 242 242 241 242 242 241 241 242 241 242 241 242 241 241 240 238 242 236 232 249 242 194 122  46  15  23  60  82  98 113 110 109 107 109 111 110 109 108 107 108 109 108 108 108 108 108 108 108 107 107 108 108 107 107 107 107 108 107 108 108 107 108 107 108 108 108 108 107 108 108 108 108 107 108 107 
242 243 241 240 241 242 241 242 241 242 241 240 241 240 241 241 241 241 241 241 240 240 241 242 242 241 241 242 241 241 242 242 241 242 242 241 242 242 242 243 241 238 243 241 206 133  49  13  26  61  86 105 108 105 108  98 101 111 109 101 106 107 107 108 108 110 108 108 107 108 108 108 108 108 107 108 108 108 108 108 108 108 108 108 108 108 108 108 108 108 108 108 108 108 108 108 108 108 108 108 
242 242 241 241 241 242 241 242 241 242 241 240 241 240 241 241 241 241 241 241 240 240 241 242 242 242 242 241 242 243 241 241 242 240 240 242 242 243 240 238 243 248 220 144  52  14  28  67  94 111 108 107 111 109 109 110 107 106 107 111 109 109 108 107 107 106 107 107 107 108 108 107 108 108 107 108 108 108 108 108 108 108 108 108 108 108 108 108 108 108 108 108 108 108 108 108 108 108 108 108 
241 241 242 242 242 241 242 242 241 242 241 240 241 240 241 241 241 240 241 240 240 240 241 242 242 241 242 241 242 245 239 242 245 240 241 235 250 243 236 244 231 167  73  14  26  62  97 115 108 107 108 108 107 108 108 107 108 108 108 107 107 108 108 108 108 108 107 108 107 108 108 108 108 108 108 108 108 108 108 108 108 108 108 108 108 108 108 108 108 108 108 108 108 108 108 108 108 108 108 108 
242 242 241 241 241 242 241 242 241 242 241 240 241 240 240 240 240 240 240 240 241 240 241 242 242 241 241 242 241 239 240 245 246 242 243 242 239 235 244 212 110  21  15  51  92 109 108 108 107 108 108 108 108 107 108 108 108 108 108 108 108 108 108 108 108 108 108 108 108 108 108 108 108 107 108 107 108 107 108 108 108 108 108 108 108 108 108 108 108 108 108 108 108 108 108 108 108 108 108 108 
242 242 242 242 242 242 242 242 242 243 241 240 241 241 241 241 241 241 241 241 240 241 242 242 242 242 242 242 242 240 243 245 241 238 240 244 237 238 178  61  11  35  74 104 115 111 104 104 108 108 108 107 108 108 108 108 108 108 108 108 108 108 108 108 108 108 108 108 108 108 108 108 108 107 108 108 108 108 108 108 108 108 108 108 108 108 108 108 108 108 108 108 108 108 108 108 108 108 108 108 
243 243 243 243 243 243 243 243 243 243 242 240 240 240 240 240 240 240 240 240 239 240 242 243 243 243 243 243 243 243 243 241 241 244 245 243 236 149  36  16  56  92 109 112 103 104 110 110 108 108 108 108 108 108 108 108 108 108 108 108 108 107 108 108 108 108 108 108 108 108 107 108 108 108 107 108 108 108 108 108 108 108 108 108 108 108 108 108 108 108 108 108 108 108 108 108 108 108 108 108 
244 244 244 244 244 244 244 244 244 244 242 241 241 241 241 241 241 241 241 241 241 241 242 243 244 244 244 244 244 244 244 241 245 247 240 221 118  14  20  72 101 105 107 107 110 110 109 109 108 108 108 108 108 108 108 108 108 108 108 108 108 108 108 108 108 107 108 108 107 107 107 108 108 108 108 108 108 108 108 108 108 108 108 108 108 108 108 108 108 108 108 108 108 108 108 108 108 108 108 108 
243 243 243 243 243 243 243 243 243 244 243 242 242 242 242 242 242 242 242 242 242 242 242 242 243 244 244 244 243 245 245 241 244 241 219  86   9  21  76  99 108 115 106 105 112 109 108 111 107 108 108 108 108 108 108 108 107 108 108 108 108 108 108 108 108 108 107 108 107 108 108 108 108 108 108 108 108 108 107 108 108 108 108 108 108 108 108 108 108 108 108 108 108 108 108 108 108 108 108 108 
243 244 244 244 244 244 244 244 243 244 243 243 243 243 243 243 243 243 243 243 243 243 242 240 242 244 243 243 242 243 237 243 245 218  84   8  22  73 107 100 102 110 109 108 108 108 107 108 107 107 107 108 108 108 108 108 108 108 108 108 108 108 108 108 108 108 108 108 108 108 108 108 108 108 108 108 108 108 108 108 108 108 108 108 108 108 108 108 108 108 108 108 108 108 108 108 108 108 108 108 
243 244 244 244 244 244 244 243 244 243 244 244 244 243 244 244 244 244 244 244 244 244 242 240 242 243 243 243 241 238 243 246 228  91  15  19  68 104 107 110 106 105 108 108 108 108 108 108 108 108 108 107 108 108 108 108 108 108 108 108 108 108 107 108 108 108 108 108 108 108 107 108 108 108 108 108 108 108 108 108 108 108 108 108 108 108 108 108 108 108 108 108 108 108 108 108 108 108 108 108 
243 244 244 244 244 244 244 244 243 244 243 244 243 244 244 243 244 243 243 243 243 244 242 240 242 244 244 243 241 240 244 238 128  12  12  49 105 121 103 111 105 103 109 108 108 108 108 108 108 108 108 108 107 108 107 107 107 107 107 108 107 108 108 108 108 108 108 108 108 108 108 108 108 108 108 108 108 108 108 108 108 108 108 108 108 108 108 108 108 108 108 108 108 108 108 108 108 108 108 108 
243 244 244 244 244 244 244 243 244 243 244 244 243 244 244 243 244 244 244 244 244 244 242 241 243 243 244 242 242 239 246 160  19   9  34  89 110 111 103 105 105 105 108 107 108 107 107 108 108 108 107 108 108 108 108 108 108 108 108 108 108 108 108 108 108 108 108 108 108 108 107 108 107 108 108 108 108 108 108 108 108 108 108 108 108 108 108 108 108 108 108 108 108 108 108 108 108 108 108 108 
243 244 244 244 244 244 244 244 244 244 244 243 244 243 243 244 243 244 244 244 243 244 242 241 243 243 243 243 240 238 220  59   6  23  59 114 108 105 109 107 109 109 108 108 108 108 108 108 108 108 107 108 107 108 108 107 108 108 108 108 108 108 108 108 108 108 108 108 108 108 108 108 108 108 108 108 108 108 108 108 108 108 108 108 108 108 108 108 108 108 108 108 108 108 108 108 108 108 108 108 
243 244 244 244 244 244 244 244 244 244 243 244 243 244 244 243 244 243 244 244 243 244 242 242 243 244 244 243 241 241 127   6  14  34  98 111 109 107 106 110 108 107 108 108 108 108 108 107 108 108 107 108 108 108 108 108 108 108 108 108 108 108 108 108 108 108 108 108 108 108 108 108 108 108 108 108 108 108 108 108 108 108 108 108 108 108 108 108 108 108 108 108 108 108 108 108 108 108 108 108 
243 244 244 244 244 244 244 244 244 244 244 244 244 244 244 244 244 244 244 244 243 244 242 244 241 240 243 237 245 210  41   6  14  55 108 107 108 108 107 108 108 108 107 108 107 108 107 108 108 108 107 108 108 108 108 108 108 108 108 108 108 108 108 108 108 108 108 108 108 108 108 108 108 108 108 108 108 108 108 108 108 108 108 108 108 108 108 108 108 108 108 108 108 108 108 108 108 108 108 108 
243 244 244 244 244 244 244 244 244 244 244 244 244 244 244 244 244 244 244 244 243 244 242 244 241 241 245 240 246 152  10   7  16  73 110 108 107 108 108 108 108 108 108 108 108 108 107 108 108 107 108 107 108 108 108 108 108 108 108 108 108 108 108 108 108 108 108 108 108 108 108 108 108 108 108 108 108 108 108 108 108 108 108 108 108 108 108 108 108 108 108 108 108 108 108 108 108 108 108 108 
243 244 244 244 244 244 244 244 244 244 244 244 244 244 244 244 244 244 244 244 243 244 243 243 240 243 245 243 237  95   0   8  22  88 110 106 108 108 108 108 108 108 108 107 108 107 107 108 108 108 108 107 108 108 108 108 108 108 108 108 108 108 108 108 108 108 108 108 108 108 108 108 108 108 108 108 108 108 108 108 108 108 108 107 108 107 108 107 107 107 108 107 108 108 107 107 107 108 108 107 
243 244 244 244 244 244 244 244 243 244 243 243 243 243 243 243 243 243 243 244 243 244 244 244 239 244 240 242 220  64   1   9  24  92 108 106 108 108 108 108 108 108 108 108 108 108 108 108 107 108 108 108 108 108 108 108 107 108 108 108 108 108 108 108 108 108 108 108 108 108 108 108 108 108 108 108 108 108 108 108 108 108 107 108 108 108 108 107 107 108 107 108 108 107 107 108 107 108 108 107 
243 244 244 244 244 244 244 243 244 243 244 244 244 244 244 244 244 244 244 244 244 244 245 244 238 245 236 241 205  45   1   5  18  85 110 107 108 108 108 108 108 108 108 108 108 108 108 108 107 108 107 108 108 108 108 107 108 107 108 108 108 108 108 108 108 108 108 108 108 108 108 108 108 108 108 108 108 108 108 108 108 108 108 107 107 107 108 108 108 108 108 107 107 108 107 107 108 108 108 108 
243 244 244 244 244 244 244 244 243 244 243 243 243 243 243 243 243 243 243 243 243 244 245 242 237 247 237 246 200  38   3   3  17  78 111 109 108 108 108 107 108 108 108 108 108 108 107 108 108 108 107 108 108 108 108 108 108 108 108 108 108 108 108 108 108 108 108 108 108 108 108 108 108 108 108 108 108 108 108 108 108 108 107 108 108 108 108 108 108 108 108 108 108 107 108 109 108 108 106 107 
243 243 243 243 243 243 243 243 244 243 244 245 244 244 244 244 244 244 244 244 245 245 245 241 239 242 241 246 207  45   4  13  14  65 109 106 108 108 107 109 106 106 108 107 108 107 108 108 108 108 108 108 108 108 108 107 108 107 108 108 108 108 108 108 108 108 108 108 108 108 108 108 108 108 108 108 108 108 108 108 108 108 108 108 108 107 108 108 108 107 108 108 107 110 107 103 106 108 113 109 
244 244 244 244 244 244 244 244 244 243 245 246 246 246 246 246 246 246 246 246 246 246 245 243 245 238 244 243 221  76   3  16  10  51 104 103 109 108 106 111 109 107 107 108 108 108 108 108 108 108 107 108 108 108 108 108 108 108 108 108 108 108 108 108 108 108 108 108 108 108 108 108 108 108 108 108 108 108 108 108 108 108 108 108 108 107 108 108 108 108 108 104 107 109 107 105 108 101  93  73 
244 244 244 244 244 244 244 244 244 244 245 246 245 245 245 245 245 245 245 245 245 246 245 245 248 241 242 245 235 108   7  12   9  27  78 104 110 108 104 109 114 110 107 108 108 108 108 107 108 108 107 108 108 108 108 108 108 108 108 108 108 108 108 108 108 108 108 108 108 108 108 108 108 108 108 108 108 108 108 108 108 108 107 108 108 108 108 108 108 108 107 104 110 106 106 108  93  59  34  20 
245 245 245 245 245 245 245 245 245 245 245 246 246 245 246 246 246 246 246 246 245 245 245 245 248 242 240 244 245 147  28   9  13  11  46  98 112 112 105 105 109 108 108 108 107 108 108 108 108 108 107 108 108 108 108 108 108 108 108 108 108 108 108 108 108 108 108 108 108 108 108 108 108 108 108 108 108 108 108 108 108 108 107 108 108 108 108 108 108 108 108 110 110 103 107  97  49  17  10  10 
246 246 246 246 246 246 246 246 246 246 246 245 246 245 246 245 245 246 245 246 245 246 245 244 245 242 239 242 248 208  69   2  10   8  20  72 103 116 111 108 108 108 108 108 108 108 108 108 107 108 107 108 108 108 108 108 108 108 108 108 108 108 108 108 108 108 108 108 108 108 108 108 108 108 108 108 108 108 108 108 108 108 108 108 108 108 108 107 107 108 108 111 108 106 113  84  24   8   9  11 
245 246 245 245 245 245 245 245 245 245 245 245 245 245 245 246 245 245 245 245 245 246 246 246 242 242 241 241 245 245 143  18   4   7   8  30  70 107 113 109 110 109 107 107 108 108 108 108 107 108 108 108 108 108 108 108 108 108 108 108 108 108 108 108 108 108 108 108 108 108 108 108 108 108 108 108 108 108 108 108 108 108 108 108 108 108 108 108 108 108 108 106 107 111 104  64  17   5   6   9 
246 246 246 246 246 246 246 246 246 246 246 245 246 245 246 245 246 246 245 246 245 246 247 247 244 244 244 243 242 249 221  88  11   6   9  10  35  80 100 108 105 104 108 111 109 108 107 107 108 107 108 107 108 108 108 108 108 108 108 108 108 108 108 108 108 108 108 108 108 108 108 108 108 108 108 108 108 108 108 108 108 108 107 108 108 108 107 108 108 108 107 105 106 113  91  36  10   6   2   6 
245 246 245 246 246 246 246 246 246 246 246 245 246 245 246 245 246 246 246 246 246 245 248 247 248 247 245 243 243 237 251 193  59   3   7   7   9  23  62 107 110 104 109 107 104 109 107 104 108 107 108 108 108 108 108 108 108 108 108 108 108 108 108 108 108 108 108 108 108 108 108 108 108 108 108 108 108 108 108 108 108 108 107 108 108 108 108 108 107 108 106 110 105 113  83  12   8   5  29  20 
245 246 246 246 246 246 246 246 246 246 246 245 246 245 246 245 245 246 245 245 246 245 247 248 247 247 246 245 245 242 242 250 178  62   4  10   8   8  19  48  86 110 110 103 102 110 111 106 108 108 108 107 107 108 107 108 108 108 108 108 108 108 108 108 108 108 108 108 108 108 108 108 108 108 108 108 108 108 108 108 108 108 107 108 108 108 108 108 107 107 108 109 108 101  53  10   3  14 108  72 
245 246 246 246 246 246 246 246 245 246 246 245 246 245 245 245 246 246 246 246 245 246 246 247 247 246 247 246 246 248 237 243 246 191  76   8   0   8  12  13  26  56  85 110 113 108 107 106 108 108 108 108 108 108 108 107 108 108 108 108 108 108 108 108 108 107 108 108 108 108 108 107 108 108 108 108 108 108 108 108 108 107 107 108 108 108 108 108 108 108 107 106 109  92  30  11   4  37 183 137 
245 246 245 246 246 246 246 246 245 246 245 245 245 245 245 245 245 246 246 246 246 245 246 246 246 247 247 247 247 244 251 249 245 248 210 108  31   0  11  16   7  11  30  59  87 108 108 105 108 107 108 108 108 108 107 107 107 107 108 108 108 107 108 108 107 108 108 108 108 108 108 108 108 107 108 107 108 108 108 108 108 108 108 107 108 108 108 108 108 108 108 105 108  77  17   8   4  84 219 188 
246 246 246 246 246 246 246 246 246 246 246 245 246 245 245 245 246 246 245 245 245 246 245 244 245 246 247 248 248 245 240 248 246 249 249 236 169  78  21   0   5  11   7  14  41  88 111 109 108 108 108 108 108 107 108 108 108 108 108 107 108 107 108 107 108 108 107 108 108 108 108 107 107 108 107 108 108 108 108 108 108 108 108 108 108 108 107 108 108 108 109 107  99  53  15   5  15 146 225 216 
246 245 245 246 246 246 246 246 245 245 245 246 246 245 246 246 246 246 246 246 246 247 246 244 245 246 247 247 247 249 246 248 243 247 241 241 245 223 157  72  14   2   7   8  15  41  87 109 107 108 108 108 108 108 108 107 107 107 108 108 108 108 108 108 107 108 108 108 108 108 108 108 108 107 108 107 108 108 108 108 108 108 107 108 108 107 107 107 108 107 108 106  90  35  13  10  43 186 223 224 
244 244 244 244 243 243 243 242 242 242 244 247 247 247 247 246 247 246 247 247 248 247 246 245 245 246 247 247 246 244 246 247 246 245 245 239 243 240 244 229 134  39  14   5  10  21  65  95 101 102 105 107 110 111 109 107 105 105 108 109 108 108 108 108 107 108 108 107 107 108 108 108 108 108 108 107 108 108 108 108 108 108 107 108 106 105 108 107 106 107 106 107  77  16   9   8  96 216 219 219 
246 246 246 245 246 245 245 245 245 245 246 247 247 247 247 247 247 248 248 247 247 247 247 247 247 247 246 247 247 245 244 246 249 247 243 240 246 246 244 242 242 162  20  10  17  27  80  92  96  97 100 102 104 106 110 109 108 107 106 106 108 108 108 108 108 108 108 108 107 107 108 108 108 108 107 108 108 108 108 108 108 107 108 108 108 109 109 108 107 106 107  97  44  10   7  21 148 220 222 221 
247 246 247 247 247 247 247 248 247 247 247 247 247 247 247 247 247 248 248 247 248 247 247 246 246 247 247 246 246 248 248 247 247 246 243 246 241 237 241 244 253 220  39   6  15  57  98  95  91  93  95  97  98 100 105 107 108 109 107 106 108 108 107 108 108 107 108 108 108 108 108 108 108 108 107 108 108 108 108 108 108 107 108 107 109 111 108 106 108 108 110  86  21   7   7  51 196 222 220 224 
247 247 247 247 247 247 247 247 247 247 247 247 247 247 247 247 247 247 247 247 247 247 247 246 247 246 246 246 247 245 248 246 240 240 246 247 248 250 248 231 186 102  14  26  51  99  89  91  93  94  95  96  97  97  96 100 106 108 109 109 108 108 108 108 108 108 108 108 108 108 108 108 108 108 107 108 108 108 108 108 108 108 108 108 109 107 104 106 110 111 109  67  15   4  11 100 216 224 213 224 
246 246 246 247 247 248 247 247 247 248 246 245 245 245 245 245 246 248 247 247 248 248 248 246 246 246 246 246 245 242 246 250 252 252 252 236 222 188 133  81  26  14  38  79  88  99  84  98  96  96  96  96  97  96  94  97  99 104 107 108 108 107 108 108 108 108 108 108 108 108 107 108 108 108 108 108 108 108 108 108 108 108 108 108 108 105 103 106 110 109  99  38   9   1  37 159 223 223 215 222 
243 244 244 244 246 246 246 246 247 246 245 245 244 244 245 245 245 246 247 247 247 248 248 245 245 247 249 250 252 252 239 223 206 169 127  93  58  32  15  17  37  67  86  94  98  95  98  97  96  97  97  95  95  95  97  96  96  99 101 103 108 108 107 107 108 108 108 108 108 107 107 107 108 108 107 108 108 108 108 108 108 107 107 108 108 108 105 108 109 102  88  22   5   6  65 198 221 221 225 217 
245 245 246 246 247 246 243 243 244 245 245 246 248 248 246 247 248 250 252 252 252 252 252 249 242 234 216 180 147 122  97  62  36  19   8  10  14  30  56  74  90  99  95  94  97  97  98  95  96  96  96  96  95  96  96  96  96  96  97  97 101 104 108 109 108 106 107 107 107 108 108 108 108 107 108 107 108 108 108 108 108 108 107 108 107 105 111 107 108 112  61  16   8  11 122 218 214 222 223 220 
244 245 244 242 247 250 251 251 251 251 252 251 249 251 249 239 230 225 212 190 167 148 135 109  75  43  28  21  16  10  11  13  16  25  41  61  72  81  91  97  98  96  96  96  96  96  95  96  95  96  96  96  96  96  95  96  96  95  95  95  95  99 104 107 109 107 107 107 108 108 108 108 108 107 108 107 108 108 108 108 108 108 107 108 107 105 111 105 107 103  38  12   8  34 168 222 215 222 221 222 
252 249 242 239 229 226 222 211 195 182 172 158 139 130 116  89  64  51  41  26  11   2   1   2   4   7  13  19  26  42  50  61  76  88  96 100 100  99  98  95  93  94  96  96  96  95  96  96  96  96  97  96  96  96  96  95  95  96  96  96  94  95  98 101 104 106 108 108 108 108 108 108 108 108 108 108 108 107 108 107 108 107 108 107 109 108 106 107 109  81  20   9   7  77 205 222 217 220 222 221 
119 101  83  71  65  60  54  43  32  23  13   4   3   4   5   5   5   6   8  11  19  28  36  49  51  57  67  83  95  92  93  95  97  96  96  93  92  93  94  97  99  97  95  96  96  95  96  96  96  96  96  96  96  96  96  96  96  96  95  96  98  96  94  96  98 101 105 106 107 107 107 108 108 108 108 107 107 107 107 108 107 107 108 108 108 109 105 109 106  59  12   5  13 126 221 224 221 220 222 221 
  5   5   6   6   7   8   8   9  11  13  17  21  21  24  32  47  56  59  62  70  77  84  88  88  95  99  98  95  93  98  98  97  97  97  97  96  96  96  95  97 100  97  95  96  96  95  96  96  96  96  95  96  95  95  96  96  96  96  95  97 100  97  94  93  94  95 100 101 103 104 106 107 108 108 108 108 108 108 108 107 108 108 108 108 107 109 107 109  94  36   7   4  40 171 218 222 224 222 221 221 
 22  27  32  35  45  47  49  55  62  69  78  84  85  83  86  95  98  94  97  99 101 100 100 103  95  92  94  98 101  97  96  96  96  95  93  96  96  96  95  94  92  95  96  95  96  96  95  96  96  96  96  95  95  96  95  95  96  96  96  96  96  95  95  95  95  96  95  96 100 103 106 108 108 108 108 108 107 107 107 108 107 108 108 108 106 110 111 107  77  17   6   7  80 206 216 219 226 222 221 221 
 81  84  88  92  97  97  97  96  96  96  98  98  98  97  97  98  97  95  97  96  96  94  94  97  93  93  95  96  95  96  97  97  97  96  96  95  95  95  96  96  95  95  96  96  96  95  95  96  96  96  96  96  96  95  96  96  96  96  96  95  94  95  96  96  96  97  93  94  96  98 101 102 105 107 108 108 108 109 109 108 108 109 109 109 108 110 108 106  54  10   5  16 131 222 216 221 223 221 222 221 
100  99  96  93  95  95  95  96  96  96  95  96  95  96  96  95  95  96  95  95  96  96  96  95  96  96  96  96  96  95  95  95  95  96  96  96  96  96  96  96  96  96  96  96  96  96  96  96  96  96  96  96  96  96  96  96  96  96  95  96  97  96  96  96  95  95  94  94  94  95  96  95 101 104 105 107 108 109 108 107 107 108 108 109 108 111 108  96  29   9   4  47 176 226 217 221 225 221 221 222 
 96  95  95  95  96  96  96  96  96  96  95  96  96  96  95  96  96  96  96  96  96  96  95  96  96  96  96  96  96  96  96  96  96  96  96  95  95  96  96  95  96  95  96  96  96  95  95  95  96  96  96  96  96  96  96  96  96  96  96  96  96  96  95  96  96  96  96  96  96  95  95  94  98 100 101 103 105 106 107 108 107 107 107 107 105 108 113  75  13  13   6  96 209 225 216 215 226 221 221 221 
 95  94  95  95  95  95  96  96  95  96  96  96  96  96  96  95  95  96  95  96  96  96  96  96  96  96  96  96  96  95  95  95  96  96  96  96  96  96  96  96  96  96  96  96  96  96  96  96  96  96  96  96  96  95  96  96  96  96  96  96  96  96  96  96  96  95  96  97  96  95  94  93  95  95  97  99 102 103 106 110 108 108 108 107 105 106 105  52  10  10  16 149 226 216 217 215 220 220 222 221 
 94  94  93  95  96  96  95  96  96  96  96  96  96  96  96  96  96  96  96  96  96  96  96  95  96  96  96  96  96  96  95  96  96  96  95  96  96  96  96  96  96  96  96  96  96  96  96  96  96  96  96  96  96  96  96  96  96  96  96  96  96  96  96  96  96  95  96  96  96  95  94  94  94  94  95  97  98  98 103 108 108 108 109 108 109 112  90  30   9   4  40 193 225 211 221 222 219 220 222 221 
 98  95  95  96  96  96  95  96  96  96  96  96  96  96  96  96  96  96  96  96  96  96  96  96  96  96  96  96  96  96  96  96  96  96  96  96  96  96  96  96  96  96  96  96  96  96  96  96  96  96  96  96  96  96  96  96  96  96  96  96  96  96  96  96  95  96  95  94  95  95  96  96  96  96  95  95  96  95  99 102 103 104 106 108 107 109  69  17  12   3  97 217 221 217 220 221 222 221 222 221 
 99  96  96  97  96  95  96  96  95  95  95  96  95  96  96  96  96  96  96  96  96  96  96  96  96  96  96  96  96  96  96  96  96  96  96  96  96  96  96  96  96  96  96  96  96  96  96  96  96  96  96  96  96  96  96  96  96  96  96  96  96  96  96  96  95  96  94  94  94  95  96  96  96  97  96  96  95  95  96  97  97 100 103 106 103  95  48  14  13  19 152 224 218 222 216 217 221 222 221 221 
102  99  97  96  95  96  97  97  96  95  95  96  95  96  96  96  96  96  96  96  96  96  96  96  96  96  96  96  96  96  96  96  96  96  96  96  96  96  96  96  96  96  96  96  96  96  96  96  96  96  96  96  96  96  96  96  96  96  96  96  96  96  96  96  96  95  96  96  96  96  95  96  96  96  96  96  96  96  96  94  93  97 100 102 106  91  26  12   5  61 198 223 221 221 220 221 221 221 221 221 
106 104 100  98  96  97  97  97  96  96  96  95  96  95  96  96  96  96  96  96  96  96  96  96  96  96  96  96  96  96  96  96  96  96  96  96  96  96  96  96  96  96  96  96  96  96  96  96  96  96  96  96  96  96  96  96  96  96  96  96  96  96  96  96  95  96  95  95  95  95  96  96  96  96  96  96  96  96  96  97  96  94  95  97 104  67  12  10  12 106 224 222 222 220 220 220 221 221 221 221 
109 109 105 101  97  95  95  95  96  97  96  95  96  95  96  96  96  96  96  96  96  96  96  96  96  96  96  96  96  96  96  96  96  96  96  96  96  96  96  96  96  96  96  96  96  96  96  96  96  96  96  96  96  96  96  96  96  96  96  96  96  96  96  96  96  95  96  96  96  96  96  96  96  96  96  96  95  96  95  96  98  94  95  97  93  38   9  12  33 156 222 220 222 221 220 221 221 221 221 221 
111 110 107 105  98  96  94  92  93  94  95  96  95  96  96  95  95  96  95  96  96  96  96  96  96  96  96  96  96  96  96  96  96  96  96  96  96  96  96  96  96  96  96  96  96  96  96  96  96  96  96  96  96  96  96  96  96  96  96  96  96  96  96  96  96  96  96  96  96  96  96  96  96  95  95  96  96  97  94  96  97  94 100  99  74  18   8  10  68 204 222 221 222 221 220 221 220 221 221 221 
108 109 108 107 105 101  97  94  93  93  95  96  95  96  96  96  96  96  96  95  95  96  96  96  96  96  96  96  96  96  96  96  96  96  96  96  96  96  96  96  96  96  96  96  96  96  96  96  96  96  96  96  96  96  96  96  96  96  96  96  96  96  96  96  96  96  96  96  96  96  96  96  95  96  96  96  96  96  94  96  94  93 102  91  53  11   8  11 109 216 224 221 222 220 220 220 220 221 221 221 
107 107 108 109 110 107 101  96  95  96  96  96  96  96  95  95  95  96  96  96  96  96  96  96  96  96  96  96  96  96  96  96  96  96  96  96  96  96  96  96  96  96  96  96  96  96  96  96  96  96  96  96  96  96  96  96  96  96  96  96  96  96  96  96  96  96  96  96  96  96  96  95  96  96  96  96  95  96  96  96  92  92 101  81  37   7   7  27 144 193 206 221 221 221 220 220 220 221 221 221 
108 107 108 108 108 106 103 100  98  97  96  95  96  96  95  93  94  97  96  96  96  95  96  96  96  96  96  96  96  96  96  96  96  96  96  96  96  96  96  96  96  96  96  96  96  96  96  96  96  96  96  96  96  96  96  96  96  96  96  96  96  96  96  96  96  96  96  96  95  96  95  96  96  96  96  96  96  96  97  94  98  95  97  74  14   8   4  68 181 188 190 194 208 218 221 220 219 221 221 220 
108 108 107 108 108 107 106 104 102  98  95  94  95  95  95  94  94  97  96  96  95  96  96  96  96  96  96  96  96  96  96  96  96  96  96  96  96  96  96  96  96  96  96  96  96  96  96  96  96  96  96  96  96  96  96  96  96  96  96  96  96  96  96  96  96  96  96  96  96  95  96  95  96  96  95  96  95  96  98  98  95  99  92  49   9   7  13 106 188 190 192 191 192 199 213 221 222 220 220 221 
107 108 107 108 106 108 109 108 105 102  96  94  94  94  94  95  95  96  96  96  96  96  96  96  96  96  96  96  96  96  96  96  96  96  96  96  96  96  96  96  96  96  96  96  96  96  96  96  96  96  96  96  96  96  96  96  96  96  96  96  96  96  96  96  96  96  96  96  96  96  96  96  96  96  96  96  95  95  98 100  91 102  84  23   6   4  37 155 192 190 192 188 182 185 198 212 216 218 220 221 
108 108 107 108 106 108 111 110 107 105  99  95  94  94  94  97  96  95  96  96  97  96  96  96  96  96  96  96  96  96  96  96  96  96  96  96  96  96  96  96  96  96  96  96  96  96  96  96  96  96  96  96  96  96  96  96  96  96  96  96  96  96  96  96  96  96  96  96  96  96  96  96  96  96  96  96  95  95  97  98  91 102  69  13   4   5  74 184 190 189 190 186 187 187 187 193 200 216 221 222 
108 108 107 108 106 106 108 108 107 107 103 100  98  95  95  97  97  96  96  97  96  96  96  96  96  96  96  96  96  96  96  96  96  96  96  96  96  96  96  96  96  96  96  96  96  96  96  96  96  96  96  96  96  96  96  96  96  96  96  96  96  96  96  96  96  96  96  96  96  96  95  96  96  96  96  96  96  95  95  93  96  92  46   9   5  22 123 191 189 190 189 187 192 192 186 184 189 204 210 216 
108 108 107 108 106 106 105 106 106 107 109 105 100  97  96  98  98  95  96  96  96  96  96  96  96  96  96  96  96  96  96  96  96  96  96  96  96  96  96  96  96  96  96  96  96  96  96  96  96  96  96  96  96  96  96  96  96  96  96  96  96  96  96  96  96  96  96  96  96  96  96  96  96  96  96  96  96  96  95  90 102  83  25   5   5  45 169 191 189 193 189 189 187 187 190 191 190 186 194 206 
108 108 107 108 107 107 107 107 107 108 109 109 107 100  94  95  97  97  96  94  95  95  95  96  95  96  96  96  96  96  96  96  96  96  96  96  96  96  96  96  96  96  96  96  96  96  96  96  96  96  96  96  96  96  96  96  96  96  96  96  96  96  96  96  96  96  96  96  96  96  96  96  96  96  96  96  95  95  98  89  98  62  11  11   7  85 185 188 190 189 188 189 187 187 189 190 189 187 186 189 
108 107 108 107 108 108 108 108 108 107 109 110 108 103  98  95  96  96  96  95  94  95  96  96  96  96  96  96  96  96  96  96  96  96  96  96  96  96  96  96  96  96  96  96  96  96  96  96  96  96  96  96  96  96  96  96  96  96  96  96  96  96  96  96  96  96  96  96  96  96  95  96  95  95  96  96  96  96  97  96  91  46   7   7  20 124 190 185 188 187 189 188 188 189 188 188 188 190 187 185 
108 108 107 108 107 107 107 107 108 107 110 109 107 108 106 100  95  97  95  95  96  97  97  95  96  96  96  96  96  96  96  96  96  96  96  96  96  96  96  96  96  96  96  96  96  96  96  96  96  96  96  96  96  96  96  96  96  96  96  96  96  96  96  96  96  96  96  96  96  96  96  95  96  96  96  96  95  96  92  99  77  27   5   3  48 165 196 183 184 188 190 188 188 188 188 188 188 190 189 187 
108 107 108 107 108 108 108 108 108 108 109 108 107 110 112 103  97  97  96  95  97  98  97  95  96  95  95  95  96  96  96  96  96  95  96  96  96  96  96  96  96  96  96  96  96  96  96  96  96  96  96  96  96  96  96  96  96  96  96  96  96  96  96  96  96  96  96  96  96  96  96  95  96  96  96  96  95  97  91  97  58  11   6  12  86 188 193 186 185 188 187 188 188 188 188 188 188 189 189 189 
108 108 108 108 108 108 108 108 108 108 108 107 107 110 109 106 102  99  98  97  96  97  97  96  96  96  96  96  96  96  96  96  96  96  96  96  96  96  96  96  96  96  96  96  96  96  96  96  96  96  96  96  96  96  96  96  96  96  96  96  96  96  96  96  96  96  96  96  96  96  96  96  96  95  96  96  96  95  97  91  39   7   5  31 125 191 186 190 187 189 185 188 188 188 188 188 188 188 189 190 
108 108 108 108 108 108 108 108 107 108 105 105 108 106 105 108 107 101  99  97  95  94  94  96  95  96  95  95  96  96  96  96  96  95  95  95  96  96  96  96  96  96  96  96  96  96  96  96  96  96  96  96  96  96  96  96  96  96  96  96  96  96  96  96  96  96  96  96  96  96  96  96  96  96  95  96  96  95 100  75  19   5   8  59 168 192 181 193 184 190 188 188 188 188 188 188 188 188 189 189 
108 108 108 108 108 108 108 108 107 108 106 106 108 106 105 108 109 105 103  98  94  95  97  96  96  96  96  96  96  96  96  96  95  96  96  96  96  96  96  96  96  96  96  96  96  96  96  96  96  96  96  96  96  96  96  96  96  96  96  96  96  96  96  96  96  96  96  96  96  96  96  96  95  94  98  95  96  98  97  52   9   9  11 108 188 190 185 191 186 189 189 188 188 188 188 188 188 188 189 188 
108 108 108 108 108 108 108 108 107 108 108 108 108 108 108 107 108 108 107 100  94  94  99  96  97  97  97  97  96  96  96  96  95  95  96  96  95  96  96  96  96  96  96  96  96  96  96  96  96  96  96  96  96  96  96  96  96  96  96  96  96  96  96  96  96  96  96  96  96  96  96  96  96  92  99  93  94 100  87  32   7  10  25 149 189 188 189 187 188 188 187 189 188 187 188 188 188 188 188 188 
108 108 108 108 108 108 108 108 107 108 108 108 108 108 108 108 108 109 108 104  99  95  95  97  97  97  97  97  96  96  95  96  96  95  95  96  95  96  95  96  96  96  96  96  96  96  96  96  96  96  96  96  96  96  96  96  96  96  96  96  96  96  96  96  96  96  96  96  96  96  96  96  97  94  96  91  94  96  67  17   7   4  67 167 191 188 188 188 187 188 188 189 188 188 188 188 188 188 188 187 
108 108 108 108 108 108 108 108 107 108 108 108 108 108 108 108 108 108 109 108 104  98  95  97  97  96  97  97  97  96  95  96  96  96  96  96  95  96  96  96  96  96  96  96  96  96  96  96  96  96  96  96  96  96  96  96  96  96  96  96  96  96  96  96  96  96  96  96  96  96  96  96  96  94  95  92  99  92  50  10   5   8 109 185 190 188 188 188 188 188 188 188 188 187 188 188 188 188 187 188 
108 108 108 108 108 108 108 108 108 108 108 108 108 108 108 108 108 108 108 109 108 102  97  97  97  97  97  96  96  95  95  96  96  96  96  96  96  96  95  96  96  96  96  96  96  96  96  96  96  96  96  96  96  96  96  96  96  96  96  96  96  96  96  96  96  96  96  96  96  96  96  96  97  94  96  95 103  83  35   9   2  31 146 191 188 188 188 188 188 188 187 188 188 188 188 188 188 187 188 188 
108 108 108 108 108 108 108 108 107 108 108 108 108 108 108 107 108 108 106 109 110 107 101  96  97  97  97  97  96  96  95  96  96  96  96  96  96  96  96  96  96  96  96  96  96  96  96  96  96  96  96  96  96  96  96  96  96  96  96  96  96  96  96  96  96  96  96  95  96  95  96  95  97  96  97  95  99  65  18  13   4  72 175 191 186 189 188 188 188 187 188 188 188 188 188 188 188 188 188 188 
108 108 108 108 108 108 108 108 108 108 108 108 108 108 108 107 108 107 106 108 110 109 104  98  98  97  97  97  97  96  96  96  96  95  96  96  96  96  96  96  96  96  96  96  96  96  96  96  96  96  96  96  96  96  96  96  96  96  96  96  96  96  96  96  96  96  96  95  96  95  96  96  99 100  95  95  94  48  13  14  16 116 190 190 186 188 188 188 188 188 188 188 188 188 188 188 188 188 188 188 
108 108 108 108 108 108 108 107 108 107 108 108 107 108 108 108 107 107 108 108 107 108 107 104 101  98  97  97  98  96  96  96  96  95  95  96  96  96  96  96  96  96  96  96  96  96  96  96  96  96  96  96  96  96  96  96  96  96  96  96  96  96  96  96  96  96  96  96  96  96  96  96  96 102  87  98  84  26  11   6  45 165 187 185 191 188 188 187 188 187 188 188 188 188 188 187 187 187 188 187 
108 108 108 108 108 108 108 108 108 108 108 108 108 107 108 107 108 107 107 108 108 108 108 106 104 100  98  97  97  96  96  96  96  95  96  96  96  96  96  96  96  96  96  96  96  96  96  96  96  96  96  96  96  96  96  96  96  96  96  96  96  96  96  96  96  96  96  96  96  96  96  96  94  95  92  96  66  17   9  10  86 178 193 187 190 188 188 188 188 188 188 188 188 188 188 188 189 188 187 188 
108 108 108 108 108 108 108 108 108 108 108 107 108 108 107 108 108 108 108 108 108 108 108 108 107 103 100  97  96  95  95  95  96  95  95  96  96  96  96  96  96  96  96  96  96  96  96  96  96  96  96  96  96  96  96  96  96  96  96  96  96  96  96  96  95  96  96  95  96  96  96  96  94  92  98  92  43  10   6  19 132 190 195 190 189 188 188 188 188 188 188 188 188 188 188 188 188 188 188 188 
108 108 108 108 108 108 108 108 108 108 108 107 108 108 108 108 108 108 108 108 108 108 108 109 108 106 102  99  97  96  95  95  96  96  95  96  96  96  96  96  96  96  96  96  96  96  96  96  96  96  96  96  96  96  96  96  96  96  96  96  96  96  96  96  96  96  96  96  95  96  96  95  97  93 101  79  26   7   4  45 164 191 192 188 188 188 188 188 188 188 188 188 188 188 188 188 188 188 188 188 
108 108 108 108 108 108 108 108 108 108 108 108 108 108 108 108 108 108 108 108 108 108 108 109 109 108 105 102 100  96  95  96  96  95  96  96  96  96  96  96  96  96  96  96  96  96  96  96  96  96  96  96  96  96  96  96  96  96  96  96  96  96  96  96  96  96  96  96  96  96  96  95  99  95  98  58  13   8   8  96 184 187 190 189 188 188 188 187 188 188 188 188 188 188 188 188 188 188 188 188 
108 108 108 108 108 108 108 108 108 108 108 108 108 108 108 108 108 108 108 108 108 108 108 107 109 109 107 104 102  96  96  95  96  96  96  96  96  96  96  96  96  96  96  96  96  96  96  96  96  96  96  96  96  96  96  96  96  96  96  96  96  96  96  96  95  95  96  96  96  95  96  96  99  96  92  40   8   8  15 138 195 186 189 190 190 187 188 187 187 188 188 188 188 188 188 188 188 188 188 188 
