248 250 251 250 251 251 250 251 250 250 251 251 251 250 252 252 251 250 247 245 241 241 241 241 240 241 240 241 241 241 240 240 240 240 240 240 240 240 241 241 240 240 241 241 240 240 240 240 241 241 241 241 241 241 241 241 240 241 241 240 240 241 242 240 239 239 240 240 239 240 240 239 239 239 241 240 238 241 243 246 247 249 253 253 253 253 253 254 253 254 254 253 253 254 253 254 253 253 253 253 
248 250 251 251 251 251 250 251 250 251 251 250 250 251 252 252 252 250 247 244 241 241 241 241 241 241 241 240 240 240 241 241 241 240 241 241 241 241 240 241 241 240 241 241 240 240 240 240 241 241 241 241 241 241 241 240 240 241 241 241 240 241 241 240 240 240 240 240 240 239 239 239 239 241 242 242 242 243 246 248 250 252 253 253 254 253 253 254 254 253 253 253 254 253 254 255 255 254 254 255 
248 251 250 251 251 250 251 250 251 251 250 250 250 251 251 251 251 249 247 243 240 240 240 240 240 240 241 240 240 240 240 239 241 242 242 242 242 242 241 240 241 241 240 241 241 240 241 240 241 241 241 241 241 241 241 240 241 241 242 241 240 240 240 241 240 240 240 240 240 240 240 239 240 242 243 244 247 248 249 251 252 253 254 253 254 253 253 253 253 253 254 253 254 253 254 255 254 254 254 254 
248 251 250 251 251 250 251 251 250 250 251 250 250 250 251 251 251 248 246 243 240 240 240 240 240 240 241 241 241 241 240 240 241 242 242 242 242 242 241 240 241 241 241 240 241 240 240 240 241 241 241 241 241 241 241 240 241 242 242 242 242 242 241 241 241 241 241 241 241 242 242 241 241 244 246 248 251 251 252 253 254 254 254 254 253 254 253 253 253 253 253 253 254 253 254 255 254 254 254 254 
248 250 251 250 250 251 250 251 251 251 251 250 250 250 250 251 250 248 245 242 240 239 239 239 239 240 241 240 240 241 241 240 241 242 241 242 242 242 241 240 240 240 241 240 241 240 241 240 241 241 241 241 241 241 241 240 241 242 242 242 242 242 242 242 242 242 242 242 241 243 244 244 245 248 250 251 253 253 253 254 254 254 253 254 253 254 254 254 254 254 254 254 254 253 254 255 254 255 254 255 
250 249 251 251 251 251 251 250 251 251 251 250 250 250 249 250 250 248 245 242 241 240 240 240 240 240 241 241 240 241 240 241 242 242 242 242 241 242 241 240 241 241 240 241 241 240 241 240 241 241 241 241 241 241 240 240 241 241 242 242 242 242 242 242 243 243 242 242 242 244 247 247 248 250 253 253 253 253 254 253 253 253 253 253 253 253 253 253 253 253 253 253 253 253 254 255 254 254 255 254 
241 252 250 251 250 251 250 251 251 251 251 250 250 250 249 250 250 248 245 242 241 240 239 239 239 240 240 241 241 240 240 240 242 243 242 242 241 241 240 240 240 240 240 240 241 240 241 240 241 241 241 241 241 240 241 240 241 242 242 241 242 243 241 241 243 244 245 246 247 249 251 252 252 252 252 253 254 253 254 253 253 253 254 254 254 254 254 254 254 254 254 254 254 254 254 255 255 255 254 255 
242 252 250 251 250 250 251 250 251 251 251 250 250 250 249 250 250 248 244 241 241 241 240 240 240 241 241 242 242 243 243 242 243 244 243 243 242 243 242 240 241 241 241 240 241 240 241 240 241 241 241 241 240 240 241 240 241 242 243 242 241 241 240 241 243 245 247 249 250 252 253 253 253 253 253 253 253 253 254 254 254 254 255 255 255 255 255 255 255 255 255 255 255 255 254 254 254 254 254 254 
248 250 251 251 251 251 251 251 250 251 251 250 250 250 249 250 250 248 245 242 241 240 241 241 242 243 244 245 246 247 249 249 247 247 246 245 244 244 242 241 241 241 241 241 241 240 241 240 240 240 240 240 240 240 241 240 241 243 244 243 242 241 240 242 243 246 249 252 252 253 253 254 254 254 254 253 253 254 254 254 254 254 255 254 254 254 254 254 254 254 254 254 254 254 255 255 255 255 255 255 
248 247 251 250 251 251 250 250 251 251 251 250 250 250 249 250 250 248 245 242 240 240 241 243 244 246 247 248 250 252 252 253 249 249 248 247 248 247 245 242 242 242 241 241 240 241 240 240 240 240 240 240 240 240 240 241 241 243 243 243 242 242 242 244 246 248 250 253 253 254 254 254 254 254 254 254 253 254 254 253 253 254 255 254 255 255 255 255 255 255 255 255 254 255 254 254 254 254 254 254 
247 246 251 250 251 250 251 251 250 250 250 250 251 250 249 250 250 248 245 242 241 242 242 244 247 249 251 251 252 253 253 253 253 252 251 251 251 249 246 244 243 242 241 240 240 241 241 241 240 241 240 241 241 241 240 240 241 241 242 243 243 245 245 248 250 251 253 253 254 254 254 254 255 254 255 254 253 254 253 253 253 253 255 254 254 254 254 254 254 254 254 254 254 255 254 253 253 253 253 253 
250 249 251 251 251 251 250 251 251 251 251 251 251 251 249 250 250 248 245 242 240 241 243 245 249 251 252 253 254 253 254 253 254 254 253 252 251 251 247 243 244 242 241 240 240 240 240 240 240 240 240 241 241 241 241 241 242 238 239 241 244 247 248 251 253 254 254 254 254 254 254 254 254 254 255 254 253 252 253 253 253 253 255 254 254 255 255 255 255 255 255 255 254 255 253 252 252 253 253 253 
242 248 250 248 248 250 250 250 251 250 251 251 251 251 251 251 250 248 245 242 242 243 244 247 250 252 253 254 254 253 254 253 254 254 254 254 252 252 249 246 246 244 243 241 240 241 241 241 241 241 242 242 241 241 241 241 243 241 243 245 248 251 252 253 253 254 254 254 254 254 255 254 255 254 255 254 253 253 253 253 253 253 254 254 254 254 254 254 254 254 254 254 254 254 252 252 252 252 252 252 
242 250 248 246 246 248 250 250 251 251 250 251 251 251 253 252 250 247 245 243 243 244 246 248 250 251 252 252 253 254 253 252 253 254 254 254 253 252 251 248 247 246 244 242 241 242 242 242 242 241 242 242 241 241 241 242 244 245 248 250 252 253 254 254 253 253 253 253 253 254 255 254 255 254 255 254 254 254 254 254 254 254 254 254 253 253 254 254 254 254 253 253 254 253 252 252 252 252 252 252 
250 247 249 247 248 249 250 250 250 250 251 251 250 251 252 251 250 247 245 244 244 245 246 248 249 251 252 253 254 254 254 253 252 252 254 253 252 252 251 249 248 246 244 243 242 242 242 242 242 242 242 242 241 242 242 243 244 247 248 251 253 253 253 253 253 254 254 254 253 254 255 254 255 255 254 255 255 255 255 255 255 255 254 254 254 254 253 254 254 254 254 254 253 252 251 252 252 252 252 252 
237 249 250 249 249 249 251 251 250 250 251 251 250 251 252 251 250 248 246 244 245 247 247 249 250 252 253 253 254 253 253 253 252 253 253 252 252 252 251 249 248 246 245 243 243 243 243 242 243 243 243 242 242 242 243 244 246 249 250 252 253 254 254 253 254 253 253 254 253 254 255 254 255 254 255 254 254 254 254 254 254 255 254 254 254 253 253 252 254 254 253 252 251 249 251 252 251 252 251 252 
214 253 250 250 249 251 252 251 250 250 250 250 250 251 251 251 250 249 247 246 246 247 248 249 250 252 253 253 253 253 254 253 253 253 253 252 251 251 251 250 249 247 245 243 243 243 243 243 243 243 243 242 243 243 244 246 248 251 252 253 253 253 255 254 253 254 253 254 253 254 255 254 255 255 254 255 255 255 255 255 255 254 253 253 253 253 253 252 253 253 252 251 250 249 251 252 251 251 251 252 
209 254 250 251 250 251 251 252 251 250 251 250 251 250 250 251 250 249 247 246 247 248 249 250 252 252 252 253 254 254 253 254 253 252 252 251 251 250 251 250 249 247 246 244 244 244 244 244 244 244 244 243 243 244 246 247 250 253 253 253 254 254 255 254 253 254 253 253 253 254 254 255 255 255 255 255 255 255 255 254 254 255 254 254 253 252 252 252 251 251 251 251 250 249 251 252 252 252 252 252 
146 250 249 250 250 250 251 251 251 251 251 251 251 250 250 250 250 249 247 246 249 250 250 250 252 251 253 253 252 253 253 253 252 252 251 251 251 250 251 251 250 249 247 244 244 243 244 244 244 244 244 244 244 245 248 250 251 253 253 254 254 254 254 254 253 254 253 254 254 254 254 254 254 254 254 254 255 254 254 254 254 254 253 253 252 251 251 251 250 250 250 250 251 250 251 251 251 251 251 251 
 74 225 251 248 248 247 250 248 251 251 251 250 250 250 251 251 249 248 247 246 251 250 251 251 251 250 250 251 250 250 250 251 251 251 250 250 251 251 250 251 251 251 249 245 243 243 241 241 242 244 244 245 247 249 250 252 253 253 254 254 253 253 253 253 254 254 253 253 254 253 254 253 254 254 254 254 254 254 254 254 254 253 251 252 252 252 252 252 251 251 251 251 251 251 251 250 250 250 250 251 
 21 160 255 241 250 248 244 251 251 251 251 250 250 251 252 251 250 249 247 247 251 251 251 251 251 251 251 251 250 251 251 250 251 250 251 250 251 251 250 251 251 251 249 246 244 243 242 242 243 245 246 248 249 251 252 253 254 254 254 254 253 254 254 254 253 254 253 254 254 254 254 254 254 254 254 254 255 254 254 254 254 253 252 252 251 251 251 251 251 250 250 250 250 251 251 251 250 251 250 251 
  5  87 243 244 251 249 243 252 250 251 250 251 250 251 252 251 250 249 249 249 250 250 251 250 251 250 251 251 251 251 251 251 250 251 251 251 251 250 251 252 252 251 249 246 244 243 243 243 244 247 248 251 252 253 254 254 254 254 253 253 254 253 253 253 254 254 253 253 254 253 254 254 254 254 254 254 254 254 254 254 253 253 251 251 252 252 252 252 251 250 251 251 251 250 251 250 250 251 250 251 
  8  36 194 255 245 248 249 251 251 251 251 250 251 250 251 251 251 250 250 250 251 250 250 251 250 251 251 251 251 251 251 250 250 251 250 251 251 250 251 252 252 252 250 247 244 244 244 245 246 248 250 252 253 253 254 254 254 253 253 254 253 254 254 254 253 254 253 254 254 253 254 254 254 254 254 253 254 253 254 253 253 252 251 252 252 252 252 252 251 251 251 251 251 250 251 250 250 250 250 251 
 10  10 114 248 245 250 251 249 251 250 251 251 251 250 249 250 251 251 251 251 251 251 251 251 251 251 250 250 251 250 251 250 251 251 250 251 251 250 251 252 252 253 250 247 245 244 244 246 247 250 252 252 252 253 254 253 254 254 254 253 254 253 253 254 254 254 253 253 254 253 254 254 253 254 253 253 254 253 253 252 252 251 251 251 252 252 251 252 251 250 251 251 251 250 250 251 250 251 250 250 
 33   6  42 213 246 250 250 248 251 250 251 251 250 251 250 251 252 252 252 252 251 251 251 250 250 251 250 251 250 250 250 250 251 250 251 251 250 250 251 253 253 253 250 247 245 245 245 246 248 251 252 253 253 253 253 253 253 254 254 253 254 253 254 253 253 253 254 254 253 254 254 254 254 253 254 253 253 253 253 252 252 252 252 251 252 252 252 251 251 250 250 251 250 251 250 251 250 250 251 251 
 71   8  16 131 248 241 249 247 251 250 251 251 250 251 252 250 251 252 252 251 251 250 251 250 250 250 250 251 251 251 251 251 251 250 250 250 251 251 251 253 253 252 250 246 244 244 246 249 251 252 252 254 253 253 253 253 253 253 253 253 253 254 253 253 254 253 254 253 254 254 254 254 254 253 254 253 252 253 253 252 253 252 250 251 251 251 251 251 251 251 250 250 250 251 243 250 249 246 251 248 
102  25   6  79 233 242 250 251 250 250 250 251 250 250 250 250 251 251 251 251 252 251 250 250 249 249 250 251 251 251 250 251 251 251 250 250 251 251 251 253 253 253 250 246 245 246 247 250 252 252 253 254 253 253 253 254 253 253 253 253 253 254 253 254 254 254 253 253 254 253 254 254 254 253 254 253 252 253 252 252 253 252 250 251 251 251 251 250 251 251 250 250 251 251 253 249 247 249 247 250 
134  67   8  28 176 245 249 247 251 250 251 250 250 250 250 250 251 250 250 251 252 252 251 251 250 249 250 251 251 251 251 251 251 251 250 250 251 251 251 252 254 253 251 248 246 248 249 251 252 252 253 254 253 254 253 254 253 254 253 254 253 254 253 254 254 254 254 254 253 254 254 254 254 253 254 253 252 253 252 252 253 252 250 251 251 251 251 251 251 251 251 250 251 251 250 251 247 253 244 159 
142 106  21   6  94 247 252 246 252 250 251 250 251 250 250 250 250 250 251 251 252 252 252 251 251 250 250 250 251 251 251 250 250 251 250 250 251 251 251 252 254 253 252 249 248 249 251 252 253 253 253 254 253 253 253 254 253 253 253 254 253 254 253 254 254 254 254 254 253 254 254 254 254 253 254 253 252 253 252 252 253 252 250 251 251 250 251 250 251 251 250 251 251 251 252 240 252 236 130  30 
140 126  51   7  33 205 249 251 251 251 250 250 250 250 250 250 250 250 251 251 253 252 252 252 251 251 251 250 251 251 251 251 250 251 250 250 251 251 251 252 254 254 252 250 249 251 252 253 254 254 253 254 253 254 253 254 253 254 253 254 253 254 253 254 254 254 254 254 254 254 254 254 254 253 254 253 252 253 253 253 252 252 250 250 251 251 251 251 251 250 250 250 250 251 249 254 226 123  28  17 
139 141  89  11   9 127 242 248 251 251 251 250 251 250 250 251 250 251 250 251 253 252 252 252 252 251 250 251 251 251 251 250 250 251 251 250 251 251 251 252 254 255 252 251 250 252 253 253 254 254 253 253 253 253 253 254 253 253 253 254 253 254 253 254 254 254 254 254 254 254 254 254 254 253 254 253 252 252 252 252 252 252 251 251 250 250 250 250 250 251 251 251 251 251 249 220 115  26  20  27 
140 147 119  33   7  53 216 244 248 249 246 252 247 250 251 251 250 250 250 251 252 252 252 252 252 251 251 251 251 251 251 251 251 250 251 251 251 252 252 253 254 254 254 252 252 253 253 253 254 254 254 254 254 254 254 254 254 254 253 254 253 254 253 254 254 254 254 254 254 254 254 254 254 253 254 253 253 253 253 253 253 253 251 251 251 251 251 251 251 246 250 247 245 254 232 106  31  18  19  24 
141 140 141  79  10  19 150 252 249 252 250 251 248 249 251 250 251 251 250 251 252 252 253 252 251 251 251 252 252 252 252 252 251 250 251 252 252 252 253 254 253 253 254 253 253 254 253 253 254 253 254 255 255 255 255 254 254 254 253 254 253 254 253 254 254 254 254 254 254 254 254 254 253 254 253 254 254 254 254 254 253 253 251 252 252 252 251 252 249 244 254 244 252 236 120  23  17  24  22  28 
143 141 149 114  26   7  71 233 249 248 251 245 250 248 251 250 250 251 250 251 252 252 253 252 251 251 251 252 251 251 252 251 251 250 250 252 252 252 253 254 253 254 253 253 254 254 254 254 254 253 254 255 254 254 254 255 254 254 253 254 253 254 253 254 254 254 254 254 254 254 254 254 254 253 254 253 253 253 253 254 253 253 251 252 252 251 252 252 248 248 246 246 247 139  31   9  28  27  21  25 
143 147 141 132  63  10  23 170 252 243 251 246 250 246 251 250 251 251 250 251 252 252 253 252 251 251 251 252 252 251 252 252 251 250 251 252 252 252 253 254 253 254 253 253 253 254 253 253 254 254 254 255 255 254 255 255 254 254 253 253 253 254 253 254 254 254 254 254 254 254 254 254 253 254 253 254 254 254 253 254 253 253 251 251 252 251 252 251 251 250 246 251 165  32  14  23  28  18  19  26 
143 145 142 153 109  17   5  98 240 250 252 248 249 243 251 250 250 250 251 251 252 252 253 252 251 251 251 252 251 252 252 252 250 251 251 251 252 252 253 254 254 253 253 254 253 253 253 253 253 253 254 254 254 254 254 254 254 254 253 254 254 254 253 254 254 254 254 254 254 254 254 254 254 253 254 253 253 253 253 254 253 253 252 251 251 252 251 250 250 247 254 206  45  16  26  23  22  20  23  22 
145 143 148 147 135  46   5  36 194 253 250 244 247 248 251 251 251 251 251 252 252 252 252 252 251 251 251 252 252 252 252 251 251 250 251 251 252 252 253 253 253 253 253 254 254 253 253 253 254 253 254 254 254 255 255 255 254 254 253 253 253 253 253 254 254 254 254 254 254 254 254 254 253 254 253 254 254 254 254 254 253 253 252 252 252 252 251 252 249 247 225  89  10  24  27  25  20  28  24  19 
145 146 144 140 143  92  12   6 128 244 249 246 244 253 251 250 251 251 251 251 252 252 252 252 251 251 251 251 251 251 251 252 251 251 251 252 252 252 253 253 254 254 254 254 254 254 254 254 253 254 253 254 254 254 254 254 254 254 253 254 254 254 254 253 254 254 254 254 254 254 254 254 254 254 254 254 253 254 254 253 254 254 251 251 251 249 253 250 248 245 133  21  26  26  19  22  19  25  23  23 
145 147 141 146 148 118  35   6  51 217 251 251 247 245 249 248 249 250 250 249 252 251 251 252 251 252 251 250 250 251 251 251 252 252 252 251 251 251 252 254 255 255 255 255 255 255 255 254 254 253 254 253 253 253 253 253 254 254 254 254 254 254 254 254 253 254 253 254 254 254 255 255 255 254 255 254 253 254 253 254 253 254 250 251 253 252 253 249 251 192  53  21  24  25  25  22  23  22  22  22 
147 147 147 143 153 142  75   9   2 156 249 246 251 242 250 248 250 251 251 251 252 252 252 252 252 252 251 250 250 251 251 251 252 252 251 252 251 251 252 253 254 254 255 254 254 254 254 254 254 254 254 254 254 254 254 254 254 253 253 253 253 253 253 253 254 253 254 254 254 254 255 254 254 254 255 254 253 254 253 253 254 252 250 253 252 254 248 251 236  93  18  21  22  19  24  22  22  23  22  22 
149 144 151 144 148 150 117  25   3  75 233 245 250 250 251 250 250 252 251 251 252 251 252 252 251 252 251 250 251 250 251 251 252 252 251 252 251 251 252 252 253 254 255 254 254 255 254 255 255 255 254 253 254 253 253 253 253 254 253 254 254 254 254 254 253 254 253 254 253 254 255 254 255 254 255 254 253 254 253 253 254 251 248 250 248 249 245 252 163  30  11  28  21  24  23  23  22  23  23  23 
149 143 153 146 142 147 142  58   9  21 180 253 249 250 250 250 251 251 251 251 251 251 252 252 252 252 251 251 251 251 251 250 251 251 251 252 252 252 252 252 252 253 254 254 254 254 254 254 254 255 254 253 253 253 253 253 254 253 254 254 254 254 254 254 254 254 254 253 254 254 254 254 254 254 255 254 253 254 254 253 254 251 247 249 249 248 253 230  70  15  24  28  17  26  21  23  23  23  23  23 
148 147 150 148 145 149 143 107  17   4  98 239 249 250 252 252 252 252 252 252 251 251 252 252 252 252 251 250 251 251 251 251 251 252 251 251 252 252 251 251 252 253 253 253 253 255 254 255 254 255 254 253 254 254 254 254 253 253 254 253 254 254 254 254 254 254 253 254 253 254 255 255 255 255 255 254 253 253 253 253 254 252 250 249 252 249 255 159  24  16  26  23  20  23  22  23  22  22  23  23 
148 150 149 149 150 153 139 147  47   5  35 199 250 248 252 251 251 252 251 251 252 251 252 252 252 252 251 251 251 250 251 250 251 252 252 252 252 251 252 251 252 252 252 252 253 254 254 254 254 254 254 253 253 253 253 253 254 253 254 254 254 254 254 254 254 254 254 253 254 254 254 254 254 254 254 254 254 254 254 254 253 253 251 247 249 248 234  78  18  18  23  22  25  23  23  23  24  24  22  21 
151 152 151 151 150 148 145 151  93  12   8 124 248 248 248 245 248 252 251 247 251 252 252 251 252 252 251 251 251 251 251 251 250 251 252 252 251 251 251 252 252 251 251 251 252 254 253 253 254 253 253 253 254 254 254 253 254 254 254 254 254 254 254 254 254 254 254 253 254 253 253 253 253 253 253 253 254 255 255 254 252 253 245 247 249 250 162  23  18  21  19  20  22  27  24  22  20  17  14  12 
148 151 151 151 150 149 147 148 131  33   7  54 211 255 251 248 248 250 251 250 251 251 252 252 251 252 251 250 251 250 250 250 251 251 252 252 251 252 251 251 252 251 252 251 252 253 253 254 253 254 253 254 253 253 253 254 253 253 254 254 253 254 253 254 254 254 254 253 254 254 253 254 254 254 254 253 254 255 255 254 253 249 246 252 252 237 102  19  19  24  25  20  14  11   6   4   5   5   5   5 
150 152 151 152 151 150 149 143 150  76  11   4 150 255 252 249 248 249 250 251 251 252 252 252 252 252 251 250 252 251 251 251 251 251 252 252 252 252 252 251 251 252 252 251 252 252 252 253 252 253 253 254 253 254 254 253 253 253 254 253 254 253 254 253 254 254 254 253 254 253 253 253 253 253 254 253 254 255 255 254 253 251 252 244 255 205  49  13  28  23   9   4   6  15  41  61  87 109 119 121 
153 152 151 152 152 151 150 147 149 120  27   2  86 230 251 249 248 248 249 250 251 252 251 251 252 252 250 251 252 251 251 252 251 251 252 252 252 251 251 252 251 251 252 250 251 252 252 252 252 252 252 254 254 254 253 253 253 253 254 254 254 253 253 254 254 254 254 254 254 254 254 254 254 254 254 254 254 255 254 254 253 253 246 242 248 134  11  16   3   6  25  61 118 169 201 211 218 219 213 203 
155 150 151 152 151 152 150 153 148 145  61   6  27 171 248 247 249 249 248 249 251 252 251 251 252 252 251 251 252 252 252 252 251 251 251 252 252 252 251 252 252 251 252 251 251 251 251 251 252 251 252 253 253 254 254 254 254 254 253 253 253 254 254 254 254 254 254 254 254 253 253 253 253 253 254 254 255 255 255 254 253 249 255 239 146  31   6  11  54 108 175 212 222 222 220 218 216 216 219 222 
155 149 151 152 152 152 151 150 146 154 105  19   3 109 246 244 250 249 247 249 251 251 252 252 252 252 252 252 252 252 252 252 251 251 251 252 252 252 251 252 251 252 251 251 251 250 251 252 251 252 252 252 253 253 253 253 253 253 254 254 254 253 254 254 254 253 253 253 254 254 255 255 255 255 254 254 253 254 253 254 255 248 203  93  10  11  43 123 192 211 225 221 215 216 216 217 218 219 218 217 
156 153 153 153 153 152 153 149 154 154 141  46   6  41 197 248 250 243 249 248 251 251 252 251 251 251 251 251 251 251 251 251 251 251 251 251 251 251 251 251 251 252 251 251 252 251 251 252 252 252 251 251 250 251 250 248 251 253 252 251 251 248 249 253 255 255 255 247 248 249 246 246 247 248 249 250 255 255 242 249 234 154  36   3  44 121 192 219 220 219 217 216 218 219 218 217 218 218 218 218 
152 155 153 153 153 153 153 153 150 150 154  84  11  13 121 246 249 251 245 245 252 251 251 252 252 252 252 252 252 252 252 252 252 251 252 252 252 252 252 252 252 251 252 252 251 251 252 251 252 251 251 249 249 253 255 254 251 251 251 245 248 255 255 254 231 199 171 138 114 108 106 103 105 113 120 141 184 214 241 209  93  15  10 108 192 220 220 217 217 217 218 218 218 218 218 218 218 217 217 217 
143 156 152 153 153 154 152 154 149 152 156 134  33   4  52 223 248 247 244 249 252 251 252 252 251 252 252 252 252 251 252 251 252 252 251 252 252 252 252 251 251 252 251 251 252 251 251 252 251 252 251 250 252 252 252 253 248 246 253 255 255 241 189 125  79  40  22  15  10  12  12   7   7  11  19  22  36  58  88  60   5  58 161 222 221 222 219 215 218 218 217 218 217 218 218 217 218 218 218 218 
131 152 153 153 153 153 153 151 154 158 147 163  71   8  13 158 253 245 249 250 251 252 252 252 252 252 252 252 252 252 252 252 252 252 252 252 252 252 252 252 252 251 252 251 252 251 251 251 252 252 251 249 254 250 248 253 255 247 255 232 169  99  36  20  16  19  27  26  24  24  24  23  22  21  21  17  25  23  15   6  10  94 191 220 216 224 214 213 218 217 218 218 217 218 218 217 218 218 218 218 
118 145 154 153 153 153 153 152 155 158 146 161 116  32   3  80 230 253 251 246 251 252 252 252 252 252 252 252 252 252 252 252 252 252 252 252 252 252 252 252 252 252 251 252 251 251 252 251 251 252 250 247 254 249 249 255 250 251 190  99  30   7  17  23  22  26  28  22  25  23  20  24  25  25  23  20  27  28  28  27   7   6  48 152 212 219 218 223 218 217 217 217 217 218 218 218 218 218 218 218 
109 140 156 152 153 153 151 157 150 148 160 148 152  65   8  26 180 254 241 248 252 251 251 252 252 252 252 252 252 252 252 252 252 252 252 252 252 252 252 252 252 251 252 251 252 251 251 252 252 252 251 251 250 246 251 253 233 138  50   6  19  24  21  28  23  20  24  20  21  24  22  21  20  21  22  26  24  16  19  23  25  23   8  21 138 211 218 217 217 218 217 217 217 218 218 217 218 218 218 218 
106 123 147 158 155 155 156 157 155 152 158 152 158 115  19  12  95 246 244 245 252 251 252 251 252 252 252 251 252 252 252 252 252 252 252 252 252 252 252 252 252 252 251 252 248 246 252 251 250 253 248 247 250 233 255 217  93  24  19  22  25  20  20  22  21  23  25  24  23  23  23  22  21  22  22  22  21  22  25  24  24  22  18  14  31 120 223 212 217 215 219 216 221 215 217 218 217 218 218 218 
108 112 137 157 156 154 156 156 157 155 155 156 154 140  49   7  43 198 254 249 252 251 251 252 251 251 251 252 251 252 252 252 252 252 252 252 252 252 252 252 252 252 251 252 251 251 250 246 247 249 248 247 242 252 197  68  18  22  23  22  22  23  23  23  23  22  22  22  22  22  22  23  23  23  23  23  23  22  22  22  22  24  28  12   3  45 149 221 217 213 221 214 219 216 218 217 218 218 218 218 
108 104 125 152 156 154 153 155 156 154 155 157 153 151  98  15  12 127 254 247 252 252 251 252 252 252 252 251 252 252 252 252 252 252 252 252 252 252 252 252 252 252 252 251 252 249 246 250 253 253 253 249 248 182  45  16  18  21  22  22  23  22  22  22  22  23  23  23  23  23  23  22  22  22  22  22  22  22  23  23  22  24  28  16  13   5  53 192 221 217 218 214 214 217 219 217 218 218 218 218 
108 101 115 144 157 157 155 157 156 155 156 158 154 155 136  34   6  57 221 248 250 252 252 252 251 252 251 252 252 252 251 251 252 252 252 252 252 252 252 252 252 252 251 252 251 247 249 252 249 244 246 252 181  43  14  20  28  24  22  23  22  23  23  22  23  23  22  22  23  22  22  23  23  23  23  22  23  23  22  22  23  22  21  24  29  13  13 108 216 225 214 217 216 217 218 217 218 218 218 218 
108 104 108 130 152 159 156 156 156 155 156 158 156 154 154  73   9  11 159 254 251 252 252 252 251 251 251 251 251 251 252 252 251 251 251 251 251 251 251 251 251 252 251 252 250 248 248 246 249 250 252 193  38  13  27  52  42  22  22  22  22  23  23  23  22  23  22  23  23  23  23  23  23  23  23  23  23  22  23  22  23  22  20  22  24  22  13  33 172 224 213 219 219 216 217 218 217 218 218 218 
108 107 102 115 146 158 155 155 156 155 157 159 157 153 158 118  28   4  80 230 253 252 252 252 251 251 251 252 252 252 251 251 252 252 252 252 252 252 252 252 252 252 251 252 249 248 249 244 253 247 210  69   7  54  73 109  41  19  23  22  23  22  22  22  23  22  23  23  23  23  23  23  23  23  23  23  23  22  23  22  23  22  20  22  23  14  19   3 102 215 217 217 220 218 216 218 218 218 218 218 
107 110 104 105 131 155 158 155 157 156 158 158 158 155 155 154  57   7  24 181 254 247 250 249 252 251 251 251 252 251 252 252 251 251 251 251 251 251 251 251 251 251 251 252 248 248 249 248 254 226  91  14  86 144 154  74  23  22  22  22  22  23  23  23  22  23  22  23  23  23  23  23  23  23  23  23  23  22  23  22  23  23  22  25  27  17  21   9  43 189 221 217 217 216 218 217 218 218 218 218 
108 109 108 104 115 146 160 158 158 158 158 157 158 156 151 166 104  19   4 108 248 249 248 249 248 251 251 250 252 251 251 251 251 250 250 250 250 251 250 250 250 250 250 250 251 242 246 247 245 139   8  66 212 198  88  20  27  26  24  23  23  23  23  23  22  23  22  23  23  23  23  23  23  23  23  23  23  23  22  23  22  23  25  25  24  23  21  17  12 148 220 217 215 213 220 217 218 218 218 218 
108 106 108 108 111 129 155 161 157 158 158 158 158 158 154 158 155  51   6  39 201 254 242 249 241 251 251 251 251 251 252 251 251 250 251 251 251 251 250 250 251 251 251 250 252 243 247 247 177  26  29 191 238 111  36  40  42  27  25  25  25  23  21  22  23  22  23  23  23  23  23  23  23  23  23  23  23  22  23  23  22  23  24  24  24  23  21  18   4 101 212 218 214 214 218 217 218 218 218 218 
108 105 110 111 105 113 145 161 157 158 158 158 157 160 160 155 163  95  12  11 123 254 239 247 246 252 252 252 252 251 251 252 251 250 251 250 250 250 251 251 250 251 250 251 250 242 252 217  70   8 130 243 156  69  84  65  34  22  21  23  24  23  22  22  23  22  23  23  23  23  23  23  23  23  23  23  23  23  22  23  22  23  24  23  24  24  22  21   2  57 201 223 215 215 217 218 217 218 218 218 
108 105 108 111 104 105 131 154 158 158 158 158 157 159 157 159 150 145  37   6  59 223 248 245 252 249 251 251 252 252 252 252 251 250 251 250 250 251 250 250 251 250 251 250 253 243 244 131   0  72 214 214 168 131 100  41  26  22  20  21  22  23  24  23  22  23  22  23  23  23  23  23  23  23  23  23  23  23  23  22  23  22  22  24  24  24  22  23  13  32 180 223 215 216 217 218 217 218 218 218 
108 107 107 109 108 104 117 144 160 157 158 157 157 158 156 162 153 162  80   9  19 153 251 245 249 245 250 252 252 252 252 252 251 250 251 250 251 250 251 251 250 251 251 251 248 253 176  45  16 157 239 223 190 149  84  51  37  28  27  24  21  23  25  23  22  23  22  23  23  23  23  23  23  23  23  23  23  23  23  22  23  22  21  22  23  24  23  23  20  16 151 217 214 214 217 218 218 218 218 218 
107 109 107 108 110 107 109 132 157 158 157 158 159 158 158 160 158 158 126  24   3  80 240 248 245 246 251 251 252 251 251 251 251 250 251 250 250 251 250 250 251 250 250 252 244 239 104   1  81 205 232 190 148 138  97  62  41  48  31  22  22  21  25  24  22  23  22  23  23  23  23  23  23  23  23  23  23  23  23  23  22  23  22  22  23  23  23  22  20   8 126 209 212 214 218 217 218 218 218 218 
107 107 108 107 107 108 107 114 144 160 154 156 160 156 154 159 156 158 154  58   6  26 185 253 246 247 251 250 251 251 250 250 250 250 251 251 251 250 250 247 252 249 250 247 252 177  36  22 138 172 141 124 161 166 102  61  99  64  23  17  27  19  21  23  22  23  22  23  23  23  23  23  23  23  23  23  23  23  23  23  22  23  23  23  22  22  23  23  20   7 105 204 213 217 218 217 218 218 218 218 
107 108 107 108 108 108 108 110 132 156 157 156 158 158 156 157 158 157 165 107  12  10  95 250 251 247 249 250 251 251 250 250 251 250 251 250 251 250 251 247 251 249 252 240 240  92   2  56 105  59  78 168 215 157  86 124 103  24  31  27  21  23  15  20  23  22  23  23  23  23  23  23  23  23  23  23  23  23  23  23  22  23  23  23  22  23  22  23  19   7 106 195 206 215 218 217 218 218 218 218 
108 108 108 108 108 107 108 105 120 150 160 159 158 161 157 159 162 155 165 148  44   9  38 203 253 250 250 251 251 251 250 250 251 250 251 250 251 250 251 249 247 251 249 253 177  28  23  36  33  42 126 199 213 154 150 145  45  35  44  29  16  22  22  22  23  22  23  23  23  23  23  23  23  23  23  23  23  23  23  23  22  23  23  23  23  23  23  23  19   7 108 185 199 214 218 217 218 218 218 218 
108 108 108 108 108 107 108 105 112 139 160 161 159 163 158 161 163 154 153 162  95   8  11 128 253 249 250 251 251 251 250 250 250 250 251 251 250 251 250 250 241 248 244 247  92   8  26  29  38  82 139 191 202 197 186  97  82  62  42  28  21  20  25  24  22  23  22  22  22  23  22  23  22  22  22  22  23  22  23  23  22  23  23  23  22  23  23  23  20   8 115 179 194 215 217 218 218 218 217 217 
108 108 108 108 108 107 108 107 106 123 152 158 157 160 160 162 159 157 152 164 136  27   6  59 219 251 249 251 251 251 250 249 250 250 251 251 250 251 250 250 245 245 248 181  33  19  24  30  37  91 153 200 169 152 157 118  82  62  53  32  21  24  20  21  23  22  22  23  23  22  23  22  22  23  23  23  22  23  22  22  22  23  22  22  23  23  22  23  20  12 126 179 193 215 217 218 218 218 218 217 
108 108 108 108 108 108 107 109 102 110 144 156 154 158 161 162 154 162 162 164 155  75  10  16 155 254 249 251 250 251 251 250 250 250 250 250 250 251 249 249 246 237 253  99  13  27  23  22  54 109 147 101 100 183 169 123  86  96 101  49  25  47  39  23  22  23  23  22  22  23  22  23  23  22  22  22  23  22  23  22  23  22  23  22  23  23  22  23  20  15 134 180 194 217 217 218 218 217 217 218 
108 108 108 108 108 107 108 106 112 106 121 157 157 157 159 159 159 159 159 158 159 120  29   4  85 239 253 248 248 247 246 249 247 249 249 249 248 249 246 249 244 253 208  40  20  23  15  34  69  74  50  58 150 218 177 137 145 161  98  31 101  79  25  20  25  20  22  24  19  24  24  23  23  22  22  22  23  22  23  22  23  22  23  24  24  21  21  21   9  31 149 184 195 223 218 217 218 218 218 217 
108 108 108 108 108 107 108 107 107 105 114 142 158 160 159 159 159 158 158 158 160 149  56   6  36 177 254 247 246 248 245 247 245 249 248 249 248 249 248 251 245 253 146   6  22  21  30  36  31  29  39  86 191 241 192 224 221 140  53 130 116  37  22  29  30  19  21  24  20  23  24  23  24  25  24  24  22  23  22  23  22  23  23  23  23  22  21  21   4  47 165 182 196 221 218 218 217 218 217 218 
108 108 108 108 107 108 107 110 103 105 107 119 158 162 158 159 159 159 159 160 158 164 108  14   3 103 241 249 244 251 246 249 247 249 249 248 249 248 251 245 252 236  71   3  32  20  23  32  22  23  52 115 208 222 175 218 185  92 130 145  62  35  34  26  26  30  26  18  24  25  22  23  23  24  24  23  22  23  22  23  22  23  23  23  23  23  21  18   3  71 179 180 199 219 217 218 217 218 217 218 
108 108 108 108 107 108 107 111 104 108 106 107 149 162 158 159 159 159 158 160 158 153 153  40   4  40 200 253 247 249 247 251 249 248 249 249 249 248 249 237 251 179  15  24  26  26  20  25  17  26  67 166 190 114 136 198 152 162 174 121  92  65  50  56  24  23  25  21  26  22  21  22  22  22  22  22  23  23  22  23  22  23  22  21  22  24  21  14   6 104 184 180 204 219 217 218 217 218 217 218 
108 108 108 107 107 108 107 109 108 109 107 106 130 154 159 159 159 159 159 159 160 151 165  84  12   4 133 243 249 246 248 248 247 249 248 248 249 248 251 249 239 108   2  38  14  19  30  29  20  41  87 124  67  77 191 214 194 221 193 170 125  91  87  98  40  26  35  33  24  18  26  23  23  23  21  21  23  22  23  23  22  23  23  20  22  25  21   9  28 143 181 187 212 220 218 218 218 218 218 217 
108 108 108 108 108 107 108 105 110 108 107 107 110 145 160 158 159 159 159 157 157 166 157 140  29   3  58 219 249 245 253 248 247 249 248 248 249 249 245 253 211  49  15  28  22  22  22  23  35  49  49  27  58 124 185 216 197 221 241 178 121 129 148  98  45  75  67  29  25  23  28  29  27  24  23  22  22  23  22  22  22  23  23  19  22  25  20   6  56 180 177 194 216 219 218 218 218 218 216 216 
108 108 108 108 108 107 108 107 109 107 108 108 105 123 157 158 156 158 162 160 157 160 157 155  76   9  18 157 253 247 247 249 249 248 248 247 248 248 245 253 159   7  30  14  22  24  21  21  26  27  19  28  66 107 205 182 165 228 239 169 146 194 168  93 120 120  66  42  28  58  77  27  21  35  20  24  22  18  29  24  19  24  20  21  22  21  25  10 101 185 182 206 213 216 219 215 215 213 222 216 
108 108 108 108 108 107 108 108 107 108 108 108 106 113 143 156 157 157 160 159 159 162 159 158 121  24   4  91 237 247 250 248 247 248 247 247 247 247 246 245  99   6  27  23  22  22  23  23  22  22  23  25  44 140 177 102 136 218 219 183 207 233 164 168 181 120 111  77  81 129  70  23  42  56  46  32  19  74  50  21  28  25  30  21  22  27  11  24 142 180 187 213 217 216 222 215 221 215 216 222 
108 108 108 108 108 108 107 108 108 108 108 107 107 108 123 152 162 157 155 157 158 163 159 159 155  56   6  29 188 242 250 246 245 248 247 248 248 247 250 217  38  19  20  30  25  22  22  22  23  22  23  21  74 145  80  62 154 205 180 169 249 230 200 221 176 165 136 113 171 144  48  74 127  87  36  12 109 138  39  10  52  92  33  18  33  26   6  72 179 177 197 217 223 218 218 214 222 214 208 225 
108 108 108 108 108 107 108 108 107 108 108 108 108 105 109 143 162 159 156 159 159 155 163 155 162 104  16   4 113 240 250 245 249 247 248 247 248 246 254 165  12  19  22  24  24  22  23  23  22  22  22  45  80  57  35  90 147 134 133 224 249 237 223 217 208 181 176 210 197 138 112 150 174  96  44 103 189  85  25  70 148  93  26  32  38  16  12 132 189 175 208 217 220 217 211 217 216 211 223 212 
107 107 107 107 108 107 108 108 108 108 108 107 109 106 106 128 153 162 159 161 165 156 166 157 160 147  40   5  50 210 253 245 249 247 248 247 248 247 247 102  14  17  25  18  22  23  22  23  22  23  21  38  47  12  36  67  81  89 181 221 233 208 185 242 240 208 226 254 205 166 202 208 181 130 136 221 181  75  93 213 180  53  38  65  25  17  54 170 179 182 215 214 215 217 212 222 217 215 229 167 
108 108 108 108 107 108 108 108 108 108 108 107 107 108 107 111 140 161 161 158 160 161 157 159 162 158  89  10   7 133 252 248 247 247 248 248 247 252 221  52  13  24  21  25  19  23  22  23  22  23  22  18  22  26  24  35  57 128 156 121 164 117 187 255 238 218 234 246 220 211 240 242 200 191 225 234 180 162 210 243 136  58  64  78  17  20 125 183 180 195 215 214 215 219 218 216 218 222 204  98 
108 108 108 108 108 108 108 108 108 108 108 108 108 108 108 105 122 158 161 157 157 161 154 159 162 157 137  33   5  57 224 252 243 251 246 245 248 251 178  28  10  25  20  26  23  22  23  22  23  22  24  24  18  24  22  45  68  96  47  84  70 104 224 234 199 183 234 247 223 232 252 245 212 235 253 230 200 217 255 192 100  47  96  66   8  57 173 180 187 208 216 215 220 218 216 217 217 221 165  38 
109 108 108 108 108 108 108 108 108 108 108 108 108 106 108 106 110 146 158 158 159 159 159 159 158 159 161  72  10  18 158 252 240 251 247 246 249 247 125  14  13  21  24  20  25  22  23  22  22  23  22  24  28  23  20  30  51  28  33  43  53 177 200 123 127 150 183 228 197 206 246 237 226 243 255 228 215 253 232 119  31  47  89  36  23 132 184 176 193 215 219 216 221 217 215 216 214 203 104   0 
109 108 108 108 108 108 108 108 108 108 108 108 107 109 107 104 110 123 152 158 159 159 159 159 159 158 164 122  24   9  78 230 246 244 252 248 246 233  74   6  18  21  25  23  20  23  22  23  22  23  22  22  25  25  23  22  23  23  20  34 120 144  87  40  76  84 172 169 127 200 175 171 192 213 225 170 196 224 116  29  25  34  42   3  85 176 179 177 201 219 218 214 220 219 220 211 218 176  41   1 
109 108 108 108 108 108 108 108 108 108 108 108 107 110 105 104 109 106 145 160 159 159 159 159 159 158 155 156  60   8  31 183 253 241 247 248 247 204  27  11  25  19  23  25  20  23  22  23  22  23  22  19  21  25  28  27  22  23  14  47  88  47  16  32  41 138 162  62  88 119 100 133 144 142 121 116 154  90  24  20  33  21  15  26 146 183 173 189 213 220 218 215 219 218 216 215 216 130   8  16 
109 108 107 108 108 108 108 108 108 108 108 108 107 108 103 106 110 103 132 154 159 159 159 158 159 159 158 165 104  15   9 112 245 248 244 251 251 160   9  21  28  18  20  25  22  23  22  23  23  22  23  23  21  21  24  25  22  20  24  30  11  23  24  22  80 138  63  21  50  50 104 115  73  57  60  98  80  17  30  27  15  26  13 108 179 186 179 205 219 220 217 216 218 218 211 222 189  70   2  16 
109 108 107 108 108 108 108 108 108 108 108 108 108 106 105 109 109 107 110 137 160 158 159 159 159 159 161 159 141  47   4  44 201 252 245 249 243 106   5  22  25  22  19  22  23  22  23  22  23  22  23  24  23  22  21  21  23  24  17  28  24  19  17  39  85  29  22  31  29  83  81  41  14  28  61  51  21  28  22  22  25  18  64 170 176 182 188 212 220 218 217 218 217 216 214 224 159  32   7   9 
109 108 108 108 108 108 108 108 108 108 108 108 108 105 107 111 108 108  98 120 155 159 159 157 158 160 155 154 167  92  10   9 139 250 245 246 227  62   7  20  22  24  20  20  23  22  23  23  22  23  22  21  24  25  24  24  26  22  25  17  26  22  24  27  23  31  23  22  49  56  21  24  32  30  43  27  30  24  23  28  16  31 145 190 177 181 206 216 219 217 218 219 217 215 215 212 126  14  11   2 
107 108 108 108 108 108 108 108 108 107 107 108 108 108 108 107 108 108 108 108 134 157 160 154 159 160 155 160 165 130  32   4  58 227 248 248 197  28  14  24  22  22  23  23  22  23  23  22  23  22  23  23  22  22  22  22  22  23  22  23  22  22  23  20  20  22  25  28  29  24  23  23  23  23  22  22  28  19  27  21  16 110 179 177 182 200 216 214 217 218 218 218 217 216 220 206  90   9  12   6 
108 108 108 108 108 108 108 108 108 108 108 108 108 107 108 108 108 108 107 108 120 148 161 157 155 155 156 159 153 159  67   8  22 157 254 250 144  20  11  24  22  23  22  22  23  22  23  23  22  23  22  22  23  23  23  23  23  22  23  22  23  23  22  23  23  23  23  22  23  23  23  23  24  24  24  25  15  23  27  12  87 178 181 172 185 211 220 218 217 217 217 218 217 217 220 189  57   7  14  10 
108 108 108 108 108 108 108 108 108 107 108 108 108 108 108 108 108 107 108 106 107 137 159 160 156 155 158 155 155 167 115  20   5  87 236 251  85  17  20  23  22  22  23  23  22  23  23  23  23  22  23  23  22  22  22  22  22  23  22  23  22  23  22  23  23  22  21  20  19  22  23  23  23  23  23  22  25  26  12  58 157 191 181 174 198 218 219 218 218 218 218 217 218 217 220 173  29   7   9  23 
108 108 108 108 108 108 107 108 108 108 107 108 108 108 108 108 108 108 108 107 104 124 151 161 158 158 160 151 165 151 154  55   6  29 187 238  47   8  22  23  23  23  22  23  23  23  22  23  22  23  23  23  23  23  23  23  22  22  22  23  23  23  23  21  20  20  21  22  22  22  22  22  22  22  22  22  24   9  45 147 184 176 176 188 212 219 214 218 218 218 218 218 218 217 219 156  17   9   3  46 
108 108 108 108 108 108 107 108 108 108 108 108 108 108 108 108 108 108 108 108 107 111 134 156 160 158 160 154 162 150 163 101  21   3 117 179  34  12  22  23  22  22  23  23  23  22  23  22  23  23  23  23  23  23  23  22  23  23  23  22  22  22  23  21  20  21  22  23  24  22  22  22  21  21  21  22  14  37 130 189 183 180 185 206 217 218 216 217 217 217 218 217 218 217 216 130   7  13   3  72 
108 108 108 108 108 108 108 108 108 108 107 108 108 108 108 108 108 108 108 108 111 102 120 150 159 157 158 159 151 164 154 136  43   2  54  95  18  20  23  22  22  22  23  22  23  23  23  22  23  22  23  23  23  23  23  22  23  23  23  22  22  23  22  23  23  22  23  22  22  22  20  21  22  21  23  19  23 113 187 172 183 176 198 215 215 217 222 218 217 218 217 218 218 218 212 109   3  17   6  89 
