241 234 231 239 248 253 238 234 233 233 234 234 243 243 234 231 238 250 255 251 240 231 240 252 250 242 235 229 231 239 246 245 243 240 236 233 231 232 232 232 232 232 232 233 230 229 235 243 248 245 240 248 253 241 228 230 231 246 253 249 237 229 233 247 248 234 225 230 232 231 231 231 231 231 235 237 236 231 229 230 235 232 227 236 247 248 246 250 249 241 231 230 232 229 234 232 228 237 250 249 
233 230 237 248 250 243 235 233 232 232 232 233 241 240 232 233 241 248 251 249 241 239 247 248 240 234 230 225 226 231 236 241 239 237 234 231 230 231 232 231 232 232 232 232 230 232 241 246 241 237 246 250 239 237 235 228 237 251 251 239 232 233 229 236 242 242 236 230 231 232 232 232 232 232 231 233 234 232 230 231 229 229 238 248 250 242 235 243 250 245 235 231 233 233 229 231 239 246 248 236 
227 234 246 250 243 232 232 233 231 231 232 233 233 231 233 241 249 249 244 245 250 250 251 242 230 233 231 229 228 229 230 234 234 233 232 231 230 231 232 231 232 231 232 231 233 238 244 246 238 240 252 245 227 229 233 230 244 248 241 229 227 234 230 227 233 243 242 233 231 231 231 232 231 232 228 230 234 232 230 230 229 235 249 252 244 232 227 234 244 248 244 237 231 230 228 236 249 249 240 234 
231 244 249 239 230 230 232 231 230 229 231 232 229 231 240 250 249 240 232 242 253 252 245 235 229 233 233 232 232 230 229 231 230 230 231 230 231 231 232 232 231 231 232 231 237 243 242 241 245 251 243 232 231 227 232 243 244 235 228 228 229 230 234 230 229 233 236 237 232 231 232 232 232 232 231 232 234 231 230 229 238 248 249 241 231 228 230 230 232 244 252 245 231 229 239 249 252 243 232 228 
238 246 243 231 225 230 231 230 229 229 230 230 235 242 248 248 239 228 229 244 250 245 239 234 230 228 229 230 230 229 228 230 230 230 229 230 230 231 231 232 232 232 231 234 238 240 240 240 247 245 229 224 236 236 239 249 238 228 225 231 233 233 235 233 229 228 231 236 232 232 232 232 232 231 231 232 233 230 231 235 245 249 241 230 224 227 232 229 226 235 247 246 238 237 248 250 243 231 226 231 
243 238 233 233 232 229 230 230 228 228 229 229 237 246 248 239 230 232 243 247 236 233 241 239 228 228 229 230 231 231 231 232 231 231 231 230 230 232 232 232 232 232 231 240 237 232 239 246 239 230 231 233 232 243 246 237 232 231 230 232 239 243 231 229 231 234 233 229 231 231 231 231 232 232 230 231 231 231 237 248 249 243 239 235 234 236 237 237 238 239 244 254 255 255 254 248 239 232 229 226 
237 231 226 228 231 232 229 230 230 227 229 235 245 245 234 230 234 238 238 234 230 230 234 235 232 228 228 229 231 231 232 230 230 229 229 230 229 228 229 231 232 231 228 229 233 239 242 239 230 225 229 233 238 243 237 229 232 232 238 246 245 240 235 235 236 237 236 235 236 237 237 236 233 231 224 216 212 218 223 221 210 200 195 189 181 170 162 157 150 143 140 143 144 141 126 109 100  95  91  74 
236 240 239 233 233 240 238 236 234 236 242 251 252 241 230 229 235 236 235 234 234 234 235 237 237 233 234 234 234 235 235 236 235 235 235 234 234 238 238 237 238 238 239 236 239 246 243 236 231 229 226 224 225 224 218 213 210 206 207 207 193 178 171 167 160 151 145 141 132 126 117 105  93  85  81  75  68  67  63  54  45  38  33  29  26  18  16  20  16  15  19  23  25  22  18  10   3   2   2   5 
208 217 220 213 208 212 212 209 208 216 224 228 223 216 210 210 213 212 209 207 206 205 207 209 208 203 203 203 201 201 202 199 199 198 197 196 196 190 182 171 162 157 156 155 153 147 135 124 119 109  97  87  78  71  65  62  59  57  54  46  32  21  18  17  15  13  11  10   8   8   6   5   7   9   2   3   7   8   6   4   5   5   1   1   2   6   3   0   5  10  13  15  14  13  20  28  33  32  31  38 
 62  64  68  70  66  60  61  61  64  72  75  70  63  59  58  59  61  57  56  54  53  53  54  54  54  48  48  47  47  46  45  46  46  45  45  44  43  38  33  28  22  18  15  19  20  16   8   4   5   8   8   5   3   2   2   5  12  12  11   7   6   7   7   7   5   3   2   2   6   6   4   4   8   9  11  21  30  31  29  30  36  39  40  46  58  70  81  97 113 126 127 122 119 122 131 155 182 191 186 186 
  3   0   1   9  10   2   2   4   8  11   7   0   0   2   3   3   3   2   4   4   3   2   1   2   3   1   1   1   1   1   0   1   1   1   1   1   2   2   2   3   6   8  10   4   3   6   4   5   9   9   6  10  14  19  27  34  38  38  35  31  36  42  46  54  69  86 101 110 107 109 113 119 125 129 142 157 170 180 188 197 196 192 195 197 202 210 217 228 243 251 245 235 233 236 231 240 253 253 244 236 
 31  27  27  32  38  38  36  39  41  37  31  29  28  28  31  31  31  33  33  32  30  29  29  29  29  29  30  31  31  32  32  31  31  32  34  35  36  40  42  47  57  71  81  89  96 101 101 101 100 107 117 123 133 151 174 193 209 211 204 193 192 198 199 203 209 217 223 227 233 234 235 234 232 231 230 231 233 233 233 234 235 236 239 238 232 230 236 250 251 246 233 228 228 225 225 227 232 240 247 233 
166 166 165 164 172 183 186 182 174 167 165 169 170 172 173 174 175 176 180 182 180 179 179 178 178 179 180 180 180 181 181 183 183 184 185 186 186 190 191 193 203 218 233 227 226 232 237 239 236 236 236 232 236 247 255 255 254 250 241 235 233 233 233 233 232 230 230 229 229 231 232 232 231 230 229 227 226 231 233 231 223 230 241 231 228 236 243 246 241 234 229 231 234 232 233 231 228 232 240 246 
231 233 230 230 239 252 253 252 244 233 229 233 232 231 232 233 234 236 236 237 236 236 235 234 234 235 235 235 235 235 235 236 235 236 235 235 235 237 235 233 233 238 243 241 239 240 241 238 231 228 228 231 242 252 253 251 247 233 227 232 231 228 230 229 230 229 228 228 228 228 228 228 228 228 229 229 230 231 230 229 230 240 241 229 230 245 249 239 232 227 228 229 229 229 229 229 230 229 228 240 
229 228 231 236 244 250 245 249 252 240 228 228 230 230 230 230 230 230 231 231 230 230 229 229 228 228 228 228 228 228 228 229 229 229 229 229 229 229 229 228 227 229 229 239 247 251 250 244 238 233 235 246 251 252 254 250 236 231 229 233 233 230 227 227 228 229 228 229 229 228 229 229 229 229 228 231 233 228 227 233 245 239 227 235 242 246 243 231 228 227 228 227 226 230 230 230 229 230 230 231 
225 229 237 246 247 244 233 238 244 242 235 226 228 232 231 230 229 229 229 229 229 229 230 230 230 229 229 229 229 229 229 230 230 230 230 230 229 229 230 230 230 228 226 229 239 249 252 251 251 247 246 253 254 252 248 241 230 229 229 232 230 229 225 226 226 228 228 229 228 228 229 228 228 229 228 227 228 230 234 240 244 232 229 246 245 236 233 226 226 228 230 228 226 230 229 229 229 229 229 228 
228 236 246 249 243 234 231 230 235 245 246 233 232 235 233 233 231 231 228 226 227 227 228 228 228 229 229 229 229 229 228 228 228 228 228 228 229 228 229 230 231 231 230 228 231 239 247 252 252 253 254 253 253 250 237 229 230 229 229 229 228 226 227 227 227 228 228 229 229 228 228 229 228 229 228 225 226 236 243 243 232 227 240 250 239 227 227 226 226 229 231 230 227 229 229 229 229 229 229 228 
234 243 245 239 230 226 229 227 227 235 239 237 232 229 229 229 228 228 228 227 228 228 229 229 229 229 229 229 229 229 229 228 228 228 228 228 228 229 230 229 229 229 228 231 228 229 242 253 250 250 254 254 250 238 228 225 229 229 228 227 229 231 229 229 230 230 229 228 229 229 229 228 228 229 226 228 237 244 243 236 229 237 244 236 229 227 228 228 226 227 230 229 228 228 228 228 228 228 228 226 
247 249 243 232 227 229 229 228 227 227 230 235 232 228 229 229 229 229 229 228 229 230 231 231 230 228 229 229 229 229 228 228 228 228 228 228 228 229 230 229 227 226 227 231 225 224 240 253 253 249 251 254 248 229 224 228 227 227 227 227 231 234 235 233 230 228 228 229 228 228 229 230 229 227 224 236 249 246 234 229 235 245 241 224 224 233 231 228 226 226 227 228 227 228 228 228 228 228 227 222 
247 239 230 229 230 229 228 228 229 229 228 228 227 227 227 227 227 227 228 229 228 228 228 228 228 228 228 228 228 228 228 228 228 228 228 228 229 226 228 230 230 230 232 229 227 232 245 253 253 251 252 253 251 237 228 229 226 227 226 227 229 231 242 241 234 225 225 231 228 227 229 230 229 225 234 247 248 236 225 235 243 238 232 227 226 229 230 227 228 228 228 228 228 228 228 228 228 228 227 224 
234 230 227 228 229 229 228 228 228 228 228 229 228 228 228 228 228 228 228 229 229 229 229 229 229 229 229 229 229 229 229 229 229 229 229 229 229 232 227 226 232 232 227 224 232 245 253 254 255 252 253 253 248 250 241 225 228 227 227 227 228 229 231 243 245 235 227 226 228 230 228 224 228 239 250 245 230 227 235 242 236 228 227 226 226 229 229 227 227 227 227 227 227 227 227 227 227 227 228 229 
229 227 227 230 230 227 228 229 229 229 229 229 228 227 227 227 227 227 228 228 228 228 228 228 228 228 228 228 228 228 228 228 228 228 228 228 228 228 227 227 229 228 225 230 242 252 254 253 248 243 245 249 249 252 246 231 228 227 227 227 228 228 227 235 243 245 237 227 226 226 225 229 239 249 249 235 226 234 240 233 225 224 226 228 227 227 228 227 227 227 227 227 227 227 227 227 227 227 228 227 
231 229 230 232 230 225 228 229 228 228 228 229 228 227 227 227 227 227 227 227 227 227 227 227 227 227 227 227 227 227 227 227 227 227 227 227 227 222 228 230 223 223 231 245 250 252 253 250 236 231 229 236 252 245 241 243 227 228 227 226 227 228 227 224 231 246 247 237 228 224 228 244 250 247 236 229 227 230 232 226 226 229 229 230 229 226 226 228 227 228 228 228 228 227 227 227 228 228 228 230 
232 229 229 230 230 226 228 229 228 228 228 229 228 227 227 227 227 227 227 226 226 226 226 226 226 226 226 226 226 226 226 226 226 226 226 226 226 224 230 230 224 228 243 253 253 249 245 237 228 227 225 228 242 241 239 240 229 228 227 227 227 228 228 223 225 237 244 244 236 233 239 250 249 237 229 227 225 222 224 228 230 230 230 229 228 227 227 228 227 228 228 228 228 228 228 228 228 228 228 227 
229 226 226 228 230 229 229 229 229 229 229 229 228 227 227 227 227 227 227 226 226 226 226 226 226 226 227 226 226 226 226 227 226 226 227 226 226 230 229 227 229 241 252 250 251 249 235 224 227 231 231 227 227 244 244 230 230 228 226 226 226 227 227 228 228 229 237 248 246 247 249 248 239 229 224 225 228 228 227 225 227 228 227 227 228 229 229 228 228 228 228 228 228 226 226 227 227 227 227 222 
226 226 226 226 226 226 226 226 226 226 226 226 226 227 226 226 226 226 226 226 226 226 226 226 226 226 226 226 226 226 227 227 227 226 225 226 227 229 225 229 243 252 250 250 245 231 224 224 226 226 226 227 225 228 238 244 232 222 227 230 225 226 231 225 234 236 229 235 249 253 251 238 227 226 228 227 225 226 227 225 224 224 224 227 228 227 225 226 225 225 226 228 229 229 230 230 232 233 232 231 
226 226 226 226 226 226 226 226 226 226 226 227 227 226 227 227 227 227 227 227 227 227 226 227 226 226 227 226 227 226 227 227 227 227 226 225 225 222 232 243 247 246 248 241 233 227 225 225 223 225 229 228 224 223 226 232 232 227 231 229 222 221 220 236 239 227 225 237 253 254 248 236 228 228 232 228 225 227 229 230 228 226 230 232 232 229 231 233 225 225 228 222 214 209 201 189 176 168 164 158 
227 227 227 227 227 227 227 227 227 227 227 226 227 227 227 227 227 227 227 227 227 227 227 227 227 226 227 226 226 227 226 225 226 227 227 224 222 226 241 250 244 237 240 231 225 227 228 230 228 227 227 229 229 229 229 232 234 232 230 225 223 225 236 246 232 221 236 251 251 247 243 242 235 223 226 229 232 235 231 223 219 218 209 194 178 168 163 153 134 117 102  84  70  59  50  37  27  22  20  13 
227 226 226 227 226 226 227 226 227 227 226 227 226 227 226 227 227 227 227 227 227 227 227 227 226 227 227 227 226 227 226 226 227 227 227 226 225 240 244 241 236 231 230 229 228 227 225 223 224 224 225 225 225 225 221 221 226 225 222 223 231 238 248 238 224 234 253 249 236 230 239 253 251 226 215 208 189 168 142 123  94  71  60  39  24  21  18  12  12  10   9  16  23  26  31  43  61  80  92 114 
227 227 226 226 226 227 227 227 227 226 226 227 226 226 227 226 226 226 226 226 226 226 226 226 226 226 226 226 227 226 227 227 226 226 228 230 233 245 237 228 227 228 226 221 223 228 229 229 231 233 233 231 233 236 234 229 226 225 224 233 243 244 231 220 219 231 228 207 185 173 165 164 148 123  83  58  37  19   9   5  13  23  29  38  50  69  84  99 113 127 141 164 184 194 196 201 211 221 230 220 
226 226 227 227 227 226 226 226 226 227 227 226 227 226 227 227 227 227 227 227 227 227 227 227 227 227 227 227 227 227 227 230 228 225 228 234 241 234 229 224 223 224 225 227 229 231 220 203 191 182 172 161 154 147 138 127 121 120 113 119 116 100  81  75  80  75  57  50  34  28  19  11  15  24  37  46  62  89 118 135 158 178 189 195 201 212 221 225 229 230 229 228 229 230 228 228 224 224 228 147 
228 228 226 225 227 230 228 229 229 226 226 230 232 229 227 225 224 225 225 224 224 223 224 225 225 225 225 226 226 227 227 223 220 225 235 239 235 226 225 225 224 224 225 223 231 239 231 213 199 190 188 175 142 118 110 101  92  87  90  84  72  68  68  76  81  73  71  80  87  91 102 119 144 163 204 216 214 218 222 228 227 229 233 228 225 227 227 219 221 229 225 219 224 222 226 217 231 227 218  56 
224 226 226 225 225 226 226 230 235 234 228 224 225 226 228 229 230 230 230 228 228 227 229 231 231 231 231 232 233 234 234 236 233 233 236 233 224 226 227 227 227 227 227 224 226 234 240 239 232 227 231 228 216 220 223 216 224 238 243 230 220 227 242 237 228 223 223 224 220 218 217 221 227 232 234 239 240 230 221 225 226 224 219 214 223 227 225 230 221 218 229 231 222 225 226 218 226 228 173  23 
229 230 232 233 234 233 243 240 233 229 225 218 221 224 223 221 218 217 209 198 193 185 177 170 165 160 160 157 155 154 152 151 151 148 142 137 133 135 135 135 135 134 134 136 134 131 139 148 148 152 184 219 225 225 226 224 239 252 240 228 236 245 250 235 223 226 227 222 227 227 225 224 222 222 218 228 239 233 223 225 228 219 219 230 228 225 222 217 227 232 223 218 225 224 220 224 219 230 108  11 
167 161 156 156 157 156 153 141 126 120 120 119 111 103  96  90  89  89  88  85  84  80  77  72  71  73  75  79  83  86  88  95 100 101  95  93  97  98  98  98  98  98  97  99  98  94  93  99 106 129 185 228 227 219 232 246 252 241 221 227 245 243 230 222 218 221 224 223 221 221 223 225 225 224 223 225 228 228 227 226 223 231 227 217 232 203 135  95 107 160 213 230 230 222 219 226 220 216  53  33 
129 125 126 136 144 146 150 149 150 151 149 144 144 143 139 140 146 152 159 166 177 191 204 213 215 208 210 211 213 215 215 214 218 218 214 213 218 218 218 218 218 218 218 215 218 219 215 217 226 240 248 234 213 222 241 247 244 228 229 246 249 234 222 228 228 224 224 226 222 222 224 224 224 223 226 222 219 224 229 225 230 223 224 232 171  63   7  14  13  34 124 205 221 222 223 224 226 178  22  83 
217 218 227 241 246 242 224 226 232 231 229 228 228 229 230 233 233 235 231 227 230 229 226 221 221 232 229 228 225 224 223 227 226 226 224 224 226 225 225 224 225 225 225 223 223 224 227 228 226 233 244 235 231 247 251 242 224 226 241 243 229 222 221 223 224 221 219 220 223 223 222 222 223 224 224 222 222 223 224 223 224 218 224 186  50  11  52  32   8   3  25 124 219 224 230 218 230 134   4 117 
241 243 247 250 246 237 234 236 235 232 232 236 233 232 233 232 229 226 225 227 228 230 229 228 226 225 225 226 226 227 226 222 221 221 221 222 222 222 222 222 222 222 222 223 223 221 224 225 222 216 228 251 254 252 237 222 230 237 243 232 223 226 223 222 222 223 224 224 228 227 225 224 223 223 221 223 226 224 222 225 214 230 218  60  40 143 201 147  95  31   0  35 150 227 226 219 224  99   5 156 
247 248 248 247 244 242 241 241 241 242 242 242 240 238 238 238 239 239 240 239 238 238 238 237 236 236 235 235 234 233 233 234 234 234 234 234 234 231 229 230 230 230 230 228 226 225 227 228 228 223 231 250 254 253 239 226 234 238 233 223 220 220 220 221 221 222 222 222 223 224 223 223 222 221 223 223 222 223 223 223 222 231 147  14 144 229 223 203 178  94  22   3  76 204 224 228 210  75  18 183 
251 249 246 242 240 238 240 241 241 240 240 241 241 242 242 242 242 241 242 242 242 242 241 240 240 239 239 240 240 240 241 241 241 241 241 241 241 240 240 240 240 240 240 238 234 233 236 239 233 234 246 252 253 253 249 242 239 236 231 226 223 223 227 226 226 226 225 225 225 224 224 223 223 222 224 225 224 223 222 220 225 206  51  63 221 224 212 221 201 179  80   3  24 137 222 229 191  45  29 189 
250 246 241 239 239 240 241 241 241 241 241 240 242 242 242 242 242 242 241 240 239 239 238 238 237 237 238 239 239 241 241 240 240 240 240 240 240 240 240 240 240 240 240 240 242 241 237 236 242 249 252 249 246 248 251 251 244 239 235 237 238 238 238 238 237 236 235 235 235 235 235 234 233 233 233 233 232 230 229 226 230 137  12 155 236 204 220 218 215 203 143  41   4  63 206 229 173  19  49 201 
245 241 238 237 240 243 241 240 241 241 240 241 240 240 240 240 240 240 240 240 240 240 239 238 238 239 239 239 240 240 240 241 241 241 241 241 241 239 239 239 239 239 239 240 243 244 236 235 247 253 248 242 241 241 246 252 250 244 239 238 238 239 241 241 240 240 239 238 241 242 241 240 240 239 240 241 239 238 238 235 231  85  26 204 227 212 216 216 223 203 184  91   3  25 172 239 175  17  83 213 
240 239 238 237 239 241 241 241 241 240 241 240 240 241 241 241 240 241 241 241 241 240 240 239 240 241 240 239 239 238 238 237 237 237 237 237 237 240 239 240 240 239 240 240 240 240 243 246 250 250 242 238 240 237 238 245 249 247 241 233 233 238 238 238 239 239 239 240 240 241 240 239 238 238 240 240 240 240 239 242 209  46  57 221 229 222 211 213 216 212 196 151  35   9 113 242 173  11 100 218 
241 241 239 238 239 239 240 240 240 241 241 240 240 240 241 240 240 241 240 240 240 239 239 238 239 239 239 238 237 237 237 240 240 239 239 239 239 237 239 237 236 238 238 239 237 238 249 252 248 242 237 236 240 236 235 239 243 247 244 238 239 243 237 238 238 239 240 240 240 241 240 240 240 239 239 239 239 240 238 245 178  14  75 236 224 214 217 222 210 217 197 182  73   3  63 225 163   4 100 220 
241 240 239 239 240 241 239 238 239 239 239 239 238 238 238 239 239 239 239 239 240 240 239 240 240 240 240 240 240 240 240 241 240 240 239 238 238 236 242 238 235 243 238 236 241 246 252 251 243 236 236 237 238 238 239 239 239 244 247 247 242 237 238 238 239 238 238 238 237 237 238 237 238 238 236 234 236 238 234 238 154   7  72 235 225 223 210 218 218 214 215 184 120  13  36 183 158   4 104 223 
238 237 237 237 237 238 239 238 238 238 238 238 238 238 238 238 238 238 238 238 238 237 236 236 236 238 238 237 237 237 238 240 240 239 239 238 238 239 236 237 242 241 236 239 246 251 249 241 234 234 236 236 236 235 235 235 232 236 238 238 237 235 231 231 231 231 231 231 226 225 225 226 225 226 223 221 222 224 221 226 142   5  64 240 234 211 218 216 219 217 207 188 154  31  12 136 144   3 105 222 
239 238 237 237 238 239 239 238 238 238 237 237 238 238 238 238 238 238 239 241 240 238 237 235 235 236 236 237 237 237 237 238 239 238 236 237 236 236 228 232 235 228 235 247 247 241 234 228 226 226 226 226 225 224 224 223 221 222 223 225 227 227 219 219 219 219 219 219 218 218 218 218 218 217 219 218 218 219 218 221 155  17  41 215 244 210 222 215 217 220 209 192 181  70   2  91 134   9  99 218 
238 237 236 236 237 238 237 236 235 234 233 233 234 235 235 235 234 235 234 233 234 231 229 229 228 227 227 227 227 227 227 227 226 225 225 224 225 225 221 224 220 217 237 249 239 222 218 222 221 219 220 219 219 218 218 218 218 217 217 219 222 223 221 221 221 221 221 221 219 218 218 218 218 218 220 219 217 219 219 221 175  32  16 170 253 225 216 215 214 219 215 195 183 104   4  53 109  16  83 210 
229 229 228 227 228 230 228 227 227 225 224 224 221 219 220 220 220 220 221 222 222 221 221 220 219 218 218 218 218 218 218 218 218 217 217 216 216 217 218 218 218 226 239 239 226 215 214 218 218 218 219 219 219 219 219 220 220 219 220 221 221 222 219 219 219 219 219 219 220 220 220 220 220 220 220 218 216 219 220 221 193  58   3 103 233 239 213 217 217 216 218 203 183 140  25  20  69  17  57 197 
222 219 218 219 219 220 221 220 219 218 217 215 217 218 218 218 218 218 218 218 218 218 219 219 219 219 219 219 219 219 219 221 221 220 219 219 219 216 219 217 228 245 239 221 218 221 220 218 220 219 217 218 218 219 220 220 219 220 220 220 218 217 218 218 218 218 218 218 219 219 219 219 219 218 222 220 218 220 222 222 213  97   3  41 187 245 219 217 223 213 215 211 190 173  50   8  38   8  35 189 
243 227 216 218 223 220 218 218 218 218 218 218 218 219 219 219 219 219 219 219 219 219 219 219 218 218 218 218 218 218 218 218 218 218 218 218 218 217 216 223 235 235 220 217 219 219 219 219 219 218 218 218 218 218 219 218 218 218 218 218 218 218 219 219 219 219 219 219 219 218 218 218 218 218 219 219 218 218 219 219 217 158  32   5 103 232 229 212 217 212 212 217 182 185 107  13  25  10  31 181 
232 233 229 222 217 217 218 219 218 218 219 218 218 219 218 218 219 218 219 219 219 219 219 219 218 217 217 217 217 217 217 217 217 217 217 217 217 218 225 230 227 220 217 218 219 218 218 219 218 219 219 219 219 219 219 219 219 219 219 219 219 219 219 219 218 219 219 218 219 219 218 219 219 218 219 219 218 218 219 217 226 194  85   8  31 154 250 232 219 213 217 211 191 191 156  43   5  34  17 107 
220 232 236 225 215 217 218 218 218 218 218 218 218 218 218 218 218 218 218 218 218 218 218 218 218 217 218 218 217 217 218 217 217 218 217 217 217 221 229 230 219 211 216 218 218 218 218 218 218 218 218 218 218 218 218 218 218 218 218 218 218 218 218 218 218 218 218 218 218 218 218 218 218 218 218 218 218 218 218 217 222 217 157  36   2  65 193 247 228 217 227 209 193 182 186 124  18   9   7   7 
218 222 225 224 221 220 218 217 217 217 217 217 217 217 217 217 217 217 217 217 217 217 217 217 217 218 218 218 218 218 217 218 217 217 218 218 217 222 223 221 218 216 217 217 217 217 217 217 217 217 217 217 217 217 217 217 217 217 217 217 217 217 217 217 217 217 217 217 217 217 217 217 217 217 217 217 218 217 217 217 217 213 211 108  19   6  82 214 245 228 224 217 211 188 182 179 105  28  61 111 
219 215 215 220 222 219 217 216 217 217 217 217 216 216 217 217 216 217 217 217 217 217 217 216 217 218 217 217 217 217 217 217 217 218 217 218 217 221 216 214 218 221 218 216 217 216 217 217 217 217 217 217 217 217 217 217 217 217 217 217 217 217 216 217 217 216 217 217 217 217 217 217 217 216 217 217 217 216 216 216 222 211 228 187  64  11  15  95 218 249 238 224 213 203 186 190 211 170 186 218 
217 216 215 216 215 213 216 217 216 216 216 216 216 217 217 217 217 217 216 216 216 216 216 216 217 218 218 218 218 218 218 217 217 217 217 217 218 217 216 215 217 218 217 216 217 216 217 216 217 216 216 216 216 216 216 216 216 216 216 216 216 216 217 217 217 217 217 217 216 216 216 216 216 216 216 216 216 216 216 217 215 222 214 223 156  59   4  11  96 211 246 241 222 214 209 204 220 219 224 219 
216 217 217 216 215 215 216 216 216 216 216 216 216 216 216 216 216 216 217 217 217 217 217 217 217 217 217 217 217 217 217 218 218 218 218 218 218 216 217 217 216 216 216 217 216 217 216 217 216 217 217 217 217 217 217 217 217 217 217 217 217 217 216 216 216 216 216 216 217 217 217 217 217 217 217 217 217 217 217 218 212 217 211 218 216 142  48   7  18  74 205 241 239 222 213 213 215 213 215 216 
216 216 216 217 217 217 216 216 216 216 216 216 217 217 217 217 217 217 217 217 217 217 217 217 217 216 216 216 216 216 217 217 217 217 217 217 217 217 216 216 217 217 217 216 217 216 216 217 216 217 217 217 217 217 217 217 217 217 217 217 217 217 217 217 217 217 217 217 217 217 217 217 217 217 217 217 217 217 217 217 220 223 216 215 225 205 137  51  15   7  80 210 248 231 216 215 220 217 217 216 
218 218 218 217 217 217 218 218 218 218 217 218 217 217 218 218 218 218 217 216 216 216 216 216 216 217 217 217 217 217 217 216 216 216 216 216 216 216 217 217 216 216 216 217 216 217 217 216 217 216 216 216 216 216 216 216 216 216 216 216 216 217 218 218 218 218 218 218 217 216 216 216 216 217 217 216 216 216 217 216 216 216 214 212 216 221 214 151  62   5  34 214 247 241 225 217 219 215 215 216 
217 217 217 217 217 217 217 217 217 217 217 218 217 218 218 218 218 218 217 216 217 217 217 217 217 216 217 217 217 217 217 217 217 217 217 217 217 217 217 217 217 217 217 217 217 217 217 217 217 217 217 217 217 217 217 217 217 217 217 217 217 217 218 218 218 218 218 218 217 217 217 217 216 217 217 217 217 217 217 217 215 211 214 219 213 212 217 214 153  21  78 236 249 246 228 218 217 215 215 217 
217 217 217 216 217 217 217 217 217 217 217 217 216 216 217 217 217 217 216 216 216 216 216 216 216 217 216 216 216 216 216 216 216 216 216 216 216 216 216 216 216 216 216 216 216 216 216 216 217 216 216 216 216 216 216 216 216 216 216 216 216 216 217 216 217 217 217 216 216 216 216 216 216 216 216 216 216 216 216 215 219 216 213 217 216 214 213 227 149  14 150 252 252 245 226 216 216 214 215 216 
214 214 214 215 214 214 214 214 214 214 214 214 214 214 214 214 214 214 215 216 216 215 215 215 216 217 217 217 217 217 216 216 216 216 216 216 216 216 217 217 217 217 217 217 217 217 217 217 217 216 215 216 216 216 216 215 215 215 215 215 216 215 214 214 214 214 214 215 215 215 216 216 216 216 216 216 216 216 216 216 214 214 213 210 216 215 215 215  77  39 211 254 249 241 220 214 217 216 216 218 
213 212 212 213 214 213 213 213 213 213 213 213 214 214 214 214 213 212 214 215 214 215 216 216 216 216 215 215 215 215 215 215 215 215 215 215 214 215 216 216 216 216 216 216 216 216 216 215 216 215 214 215 214 215 214 215 216 216 216 216 215 214 213 212 213 216 215 210 217 216 215 214 214 215 215 215 214 215 214 215 211 214 217 214 213 211 216 179  38  91 241 250 246 227 218 215 217 216 216 215 
215 212 212 214 215 212 213 213 213 213 213 213 215 215 215 214 213 213 212 213 217 213 210 219 224 214 214 212 213 214 214 213 213 213 213 213 213 214 214 214 214 214 214 214 214 214 214 214 214 214 213 213 213 213 213 214 215 215 215 214 213 213 215 216 215 213 213 215 220 218 213 211 212 214 214 213 213 213 213 214 212 213 216 213 210 209 222 146  22 127 255 251 238 217 219 218 217 217 216 214 
218 216 214 216 216 213 213 213 213 213 214 213 214 214 214 213 213 212 214 214 213 214 218 223 223 214 214 213 213 214 215 214 214 214 214 214 214 215 215 215 215 215 215 215 215 215 215 215 215 214 213 214 214 214 214 213 212 212 213 214 214 213 214 220 215 206 212 227 220 216 213 212 213 214 213 213 213 213 213 214 213 214 214 213 212 214 216 112  28 170 255 248 232 217 218 217 216 217 217 216 
217 214 214 215 214 211 213 214 214 214 213 213 214 215 214 214 214 214 215 213 210 225 237 223 209 215 214 213 213 214 214 213 213 213 213 213 213 214 214 214 214 214 214 214 214 214 214 214 214 213 213 213 214 214 213 213 211 212 211 212 213 214 214 211 214 220 226 226 216 215 213 213 213 214 214 214 214 214 214 214 215 215 213 213 214 217 207  78  37 210 253 244 225 215 216 217 217 216 217 218 
213 211 211 213 213 210 213 214 214 214 213 214 213 213 214 213 214 216 210 215 235 238 225 213 211 215 213 212 213 214 214 213 213 213 213 213 213 213 213 213 213 213 213 213 213 213 213 213 213 213 213 214 214 214 213 214 215 213 211 211 213 214 213 208 219 237 235 216 213 214 213 213 212 213 213 214 214 214 214 213 215 214 213 214 214 216 189  53  53 230 251 243 220 215 215 215 216 217 216 217 
213 211 212 215 216 214 214 214 213 214 214 213 213 212 213 214 215 214 216 232 245 232 209 209 218 214 214 212 213 214 215 214 214 214 214 213 214 213 213 213 213 213 213 213 213 213 213 213 213 213 213 214 213 214 213 215 219 215 212 211 211 212 209 221 234 238 226 212 211 213 213 213 213 212 213 213 214 214 214 214 213 212 212 215 212 213 166  32  69 236 252 246 214 214 215 214 215 217 217 215 
213 212 213 216 219 221 212 213 215 212 211 214 212 211 214 212 212 217 233 244 226 215 214 214 212 214 213 212 212 214 214 213 213 213 213 213 213 212 212 212 212 212 212 212 212 212 212 212 212 213 213 213 213 213 213 216 225 222 213 211 215 213 216 238 241 223 211 213 212 212 213 213 213 212 213 213 213 213 213 213 212 211 212 214 213 214 152  19  72 237 254 247 214 213 215 213 215 216 217 214 
212 213 214 215 220 228 218 214 214 212 212 213 207 211 216 210 214 237 245 229 211 209 217 216 211 212 213 213 213 212 212 213 213 213 213 212 213 212 211 211 211 211 211 212 213 213 213 213 213 212 213 212 212 213 212 213 225 236 224 214 214 214 240 243 224 204 207 213 213 212 212 212 213 213 212 212 213 213 213 213 212 211 213 210 215 220 147  18  64 238 252 245 219 214 216 215 216 218 218 218 
212 213 213 212 215 221 235 224 211 213 217 208 212 210 206 224 241 244 229 213 211 212 215 213 211 212 211 211 211 211 211 211 211 211 211 211 211 211 211 211 211 211 211 211 211 211 211 211 212 211 212 212 212 212 212 209 205 227 246 230 219 234 240 228 213 210 212 209 211 211 211 212 212 212 211 212 212 212 212 212 212 210 212 209 212 217 144  16  72 228 254 245 217 215 216 215 216 217 218 218 
211 212 212 210 211 214 223 232 229 209 200 216 215 206 216 237 245 230 212 208 211 212 212 211 211 212 212 212 212 212 212 212 212 212 212 212 212 212 212 212 212 212 212 212 212 212 212 212 212 212 212 211 212 212 211 211 208 215 237 244 246 247 227 214 206 212 214 207 211 211 211 211 211 211 211 211 211 211 211 211 213 210 211 208 208 213 150  18  59 214 255 245 221 215 216 216 216 217 216 219 
209 211 211 209 209 211 207 227 243 228 207 204 203 217 241 246 230 210 207 213 213 210 208 211 214 211 211 211 211 211 211 211 211 211 211 211 211 211 211 211 211 211 212 211 211 211 211 211 211 211 211 211 211 211 211 212 212 208 224 246 250 237 212 208 208 212 210 207 211 211 211 211 211 211 210 211 211 211 211 211 212 208 210 209 206 211 168  32  30 183 255 246 229 216 217 216 216 216 216 218 
208 211 211 209 208 210 209 212 228 243 236 207 214 239 247 235 213 206 211 213 210 209 209 211 212 210 210 210 210 211 210 210 210 210 210 210 210 211 212 211 212 212 212 211 211 210 211 211 210 210 210 210 210 211 210 209 205 216 237 249 246 239 223 210 210 212 209 210 211 210 210 210 210 210 210 210 210 210 210 210 212 207 210 211 207 212 186  60  12 122 241 253 238 217 217 217 216 215 215 216 
207 210 213 211 211 211 212 205 208 226 244 242 245 247 233 215 204 211 213 206 206 208 212 211 210 211 210 210 210 210 210 211 211 211 211 211 211 211 211 211 211 211 211 211 211 211 211 211 211 210 210 210 211 211 210 213 219 230 246 225 209 234 240 217 209 213 210 211 210 210 210 210 210 210 211 211 210 210 210 210 213 208 211 213 208 213 195  83  14  69 213 254 240 216 218 217 216 215 215 215 
207 209 216 209 214 210 204 218 208 206 239 251 251 233 210 211 211 209 211 209 210 211 210 209 209 212 210 210 210 211 212 209 209 209 209 210 210 209 208 209 209 209 210 210 210 210 210 210 211 209 209 211 212 212 209 215 235 235 225 207 203 211 225 226 218 206 203 211 207 207 209 208 207 205 208 209 209 209 210 210 209 207 209 210 208 207 208 128  29  21 130 245 243 218 215 211 218 221 213 215 
212 208 214 201 202 214 213 211 202 214 245 251 247 232 210 202 205 207 210 213 212 212 210 209 209 209 208 208 209 211 212 210 210 210 210 211 211 210 210 209 210 210 210 208 208 208 208 208 208 208 212 213 208 207 216 232 244 225 210 206 209 211 212 217 219 213 209 209 211 211 212 211 211 210 212 212 211 212 213 215 217 218 219 219 220 218 224 187  54  12  55 190 238 214 221 215 212 216 215 216 
207 207 213 211 219 211 212 212 223 246 251 241 236 243 234 213 211 213 210 212 212 213 213 214 214 212 211 209 210 211 212 215 215 215 214 214 214 214 213 213 213 212 212 213 213 213 213 213 213 213 214 214 211 217 235 244 229 215 211 217 216 212 218 219 222 223 217 208 212 212 211 209 209 209 210 205 197 189 184 182 174 165 161 156 151 148 142 120  84  23   4  63 171 215 219 218 218 218 211 215 
210 214 206 211 218 153 111 119 146 168 161 146 158 193 211 200 196 198 200 203 198 194 190 190 189 184 182 179 176 175 176 179 178 178 177 176 176 173 172 171 171 170 170 167 166 166 166 166 166 167 165 162 167 177 185 178 157 161 162 163 161 157 156 150 146 145 139 129 114 107 100  91  84  81  70  62  56  47  40  36  35  33  28  21  17  14  14  14  25  19  22   3  63 160 204 223 212 210 217 216 
209 213 205 208 216 156  63  49  49  38  28  25  26  39  57  62  60  58  57  55  52  50  50  51  53  52  48  46  44  42  42  38  37  35  35  34  34  32  32  30  29  28  28  26  26  26  26  26  26  26  22  17  23  29  22  17  23  23  18  14  16  23  24  17  12  12  10   7   8   7   5   6   7   9   9  10  13  15  17  18  16  15  18  25  34  43  44  62  50  68  47  13   8  36 122 192 216 220 215 216 
207 204 210 206 212 205 216 215 187 161 155 155 150 124 102 107 100  81  72  68  61  52  45  41  41  40  39  38  38  39  40  42  41  40  39  38  37  37  37  35  33  32  31  29  28  29  28  28  28  28  29  30  33  33  30  29  30  29  29  30  33  35  31  35  41  46  51  53  57  58  61  68  79  86  98 106 114 122 126 126 129 134 139 148 161 172 180 184 186 191 159  72  11   8  16  50 121 183 211 216 
213 206 210 204 207 235 245 232 215 210 213 213 219 214 206 213 221 228 220 201 197 189 184 183 181 173 175 175 175 176 177 177 176 176 176 176 176 170 168 169 168 168 168 164 163 163 163 163 163 166 170 169 168 166 166 166 166 166 167 168 168 168 167 171 175 180 184 186 188 188 190 193 196 197 206 211 212 213 214 214 214 213 211 210 209 208 209 208 211 209 216 105  10  18   6   4  12 134 225 218 
209 205 202 213 233 239 224 211 202 203 208 208 207 208 208 209 216 225 224 217 214 210 209 210 210 210 210 211 212 212 212 212 212 212 212 212 212 215 216 216 216 216 216 215 214 214 214 214 214 215 215 214 213 212 212 212 213 213 213 213 212 212 211 211 211 213 214 215 209 209 209 210 211 212 210 209 209 208 208 208 210 211 211 211 211 210 211 215 212 209 216  95  30 143  85  67 102 204 239 218 
207 207 206 227 244 223 211 207 204 208 212 213 209 208 206 205 207 208 213 217 213 210 209 210 209 207 208 209 209 209 210 212 212 212 212 212 212 210 210 210 210 210 210 211 212 212 212 211 212 213 214 214 214 214 214 216 217 217 217 217 217 218 221 221 220 219 219 218 220 220 220 219 220 219 219 219 219 219 219 219 220 220 220 220 221 221 223 225 220 223 214  79  42 223 233 230 240 246 228 217 
207 215 231 236 223 209 208 207 207 209 209 206 208 212 211 211 211 211 215 221 218 216 216 216 216 216 216 217 217 218 219 223 224 224 224 224 224 222 222 222 222 222 222 223 223 224 224 223 224 223 222 223 224 225 226 226 226 226 226 226 226 225 225 225 224 224 224 224 226 225 225 224 223 221 223 224 223 223 223 223 222 222 222 223 225 225 226 227 223 232 205  66  64 232 253 243 250 239 222 218 
211 222 244 235 208 214 215 215 217 219 219 218 220 221 222 222 224 224 224 224 225 224 224 224 222 222 222 222 223 224 224 225 224 225 225 225 225 221 220 220 220 220 220 220 220 220 220 220 220 221 223 223 224 224 225 225 223 223 223 222 223 223 220 221 222 223 224 225 221 221 221 220 219 218 221 223 222 223 223 222 222 223 223 224 224 224 224 224 222 234 191  51  96 247 252 245 248 232 214 218 
231 237 234 224 220 221 220 222 224 224 224 226 225 223 223 222 223 225 223 222 223 224 225 224 223 220 220 221 221 222 222 222 222 222 222 222 222 224 224 224 224 224 224 224 224 224 224 224 224 223 220 221 221 221 221 221 221 220 220 220 221 221 222 222 224 222 223 223 223 222 222 222 222 222 223 224 224 224 224 224 224 224 223 223 222 222 221 224 222 232 175  39 120 255 249 247 232 210 220 220 
241 237 224 219 226 223 220 222 222 220 220 221 222 222 220 220 221 221 221 220 220 221 220 219 220 221 221 222 222 222 222 224 224 224 224 224 224 221 220 220 221 220 220 221 221 222 222 222 222 223 224 224 224 223 223 223 222 222 222 223 223 222 223 224 223 223 223 223 222 221 222 222 222 222 222 222 222 222 222 222 223 223 222 222 221 221 222 222 223 231 163  26 140 255 248 247 235 215 218 218 
235 228 222 221 222 223 223 223 223 223 223 223 222 223 223 223 223 223 223 223 223 222 222 222 222 222 222 222 222 222 222 222 222 222 222 222 222 224 225 225 225 225 225 224 225 225 223 222 224 224 222 222 222 222 222 223 225 224 224 224 224 224 223 223 223 223 223 223 226 226 226 226 226 226 226 226 226 226 226 226 224 222 222 222 222 222 223 220 224 230 153  20 155 255 252 245 226 215 216 216 
228 224 222 222 223 221 221 222 222 221 221 222 222 222 222 222 221 221 222 222 222 223 223 223 223 222 222 222 222 222 222 221 221 221 221 221 220 222 222 222 222 222 223 221 223 223 219 216 220 222 222 222 222 222 222 222 222 222 222 222 222 222 221 221 221 221 221 221 222 222 222 222 222 222 222 222 222 222 222 223 221 219 220 220 220 219 221 220 223 227 141  24 163 254 250 239 222 216 218 216 
221 219 221 224 223 220 221 222 222 222 222 222 222 222 222 222 222 222 221 221 221 221 221 222 222 222 222 222 222 222 222 222 222 222 222 222 222 222 222 222 221 222 222 224 222 219 223 226 224 222 223 222 222 222 222 222 222 222 222 222 222 222 223 223 223 223 223 223 222 222 222 222 222 222 222 222 222 222 222 222 222 222 222 222 222 222 222 220 223 223 125  31 176 254 249 231 215 217 219 216 
219 218 220 223 223 220 220 221 221 221 221 221 221 221 221 221 221 221 222 223 222 222 222 221 221 222 222 222 222 222 222 221 221 220 220 220 221 220 220 220 220 220 220 221 216 214 224 230 223 217 219 219 219 219 219 219 220 220 220 220 220 220 220 219 219 219 219 219 219 219 219 219 219 219 219 219 219 219 219 219 218 218 218 218 218 218 218 216 218 217 107  39 191 254 246 223 212 217 218 216 
221 219 219 222 223 221 220 221 221 221 221 221 221 221 221 221 221 221 221 222 220 219 217 215 214 214 214 214 214 214 214 211 211 211 211 211 211 208 207 207 207 208 208 204 206 214 216 214 206 206 210 209 209 209 209 208 207 208 207 207 208 207 206 206 206 206 206 206 206 206 206 206 206 206 206 206 206 206 206 207 205 204 205 204 205 204 205 208 208 207  89  41 199 254 245 220 210 218 215 215 
223 221 220 221 223 222 220 219 219 219 218 218 217 217 217 217 217 217 215 213 212 209 208 206 205 205 204 204 204 204 204 204 204 204 205 205 204 205 205 204 204 203 202 204 216 226 217 204 204 206 203 204 204 204 204 204 204 204 204 204 204 204 206 206 206 206 206 206 204 204 204 204 204 204 204 204 204 204 204 204 204 205 205 205 205 204 204 202 204 201  79  40 203 254 244 218 212 218 214 215 
214 215 215 214 214 215 212 211 210 208 207 206 204 203 203 203 203 203 204 204 204 204 204 204 204 205 205 204 203 204 205 207 204 203 205 206 203 203 206 208 205 202 200 222 231 220 205 198 204 207 204 205 205 205 205 205 205 205 205 205 205 205 204 204 204 204 204 204 205 205 205 205 205 205 205 205 205 205 205 205 205 205 205 205 205 204 206 205 209 201  79  43 211 254 243 219 217 213 216 216 
205 205 205 205 205 205 205 204 204 203 203 203 204 205 205 205 205 205 205 205 205 205 205 205 203 202 209 211 207 206 208 207 205 201 200 201 205 200 205 207 201 206 221 233 224 206 201 204 203 203 205 204 204 204 204 204 204 204 204 204 204 205 205 205 205 205 205 205 205 205 205 205 205 205 205 205 205 205 204 205 204 205 205 205 205 204 205 204 207 198  77  44 214 254 242 218 216 214 215 216 
204 204 204 204 204 204 203 204 204 204 205 206 205 204 204 204 204 204 204 204 204 204 204 204 204 205 207 210 210 206 201 204 207 206 203 203 208 209 201 195 203 220 236 226 209 199 202 209 207 205 204 204 204 204 204 204 204 204 204 204 204 204 204 204 204 204 204 204 204 204 204 204 204 204 204 204 204 204 204 204 204 204 204 204 204 204 205 204 205 195  76  46 216 254 242 218 217 214 215 216 
205 205 205 205 205 205 203 203 204 205 206 207 204 203 203 203 203 203 203 203 203 203 203 203 205 206 201 207 219 219 210 200 202 205 205 205 203 206 198 204 228 237 223 205 204 205 205 205 204 204 203 203 203 203 203 203 204 203 203 203 203 204 204 204 204 204 204 204 204 204 204 204 204 204 204 204 204 204 204 204 204 204 204 204 204 203 205 203 204 195  76  44 216 254 242 218 217 214 215 216 
203 203 203 203 203 203 201 201 202 203 203 203 203 203 203 203 203 203 203 203 203 202 203 202 204 205 202 204 214 223 226 211 203 200 203 204 199 199 210 230 241 229 203 198 206 209 206 201 201 202 203 203 203 203 203 203 203 203 203 202 203 203 203 203 203 203 203 203 203 203 203 203 203 203 203 203 203 203 203 203 203 203 203 203 203 203 204 203 205 197  77  42 212 254 242 218 216 214 215 216 
203 203 203 203 203 203 204 204 204 204 204 203 203 202 202 202 202 202 202 202 202 202 202 202 203 206 206 200 196 208 225 233 212 199 204 207 200 203 227 241 226 206 207 204 202 202 203 205 208 206 202 203 202 202 202 202 202 202 202 202 202 202 202 202 202 202 202 202 202 202 202 202 202 202 203 202 202 203 202 203 202 202 203 202 202 202 203 203 206 199  76  39 209 254 242 218 216 214 215 216 
