184 185 184 185 184 187 188 188 188 187 185 180 189 180 192 127  17  35 118 164 158 154 162 153 154 155 155 152 146 141 123 116 113 115 112 105  85  57  26  12  15  28  65 112 168 216 240 250 252 249 253 253 252 253 253 253 249 238 228 225 226 221 212 204 204 210 215 229 233 237 247 251 248 242 250 250 230  68  12  66  74  73  81  91 101 107 111 114 122 127 131 132 129 130 130 127 121 117 112 101 
184 184 184 184 184 185 185 184 184 184 184 193 179 187 152  38  16  99 158 164 156 155 161 158 156 158 158 156 152 149 146 129 114 111 113 113 114 106  89  66  37  14   8  14  39  74 126 179 216 237 248 255 252 249 249 247 248 251 254 255 252 252 253 255 255 253 251 254 253 253 253 253 250 248 248 254 194  36  21  47  31  20  12  13  16  19  21  24  31  38  43  46  44  46  44  39  30  24  21  19 
184 185 184 184 184 184 183 182 181 183 186 182 188 180  74  11  83 159 163 161 163 162 159 157 159 160 160 160 157 156 160 151 139 131 121 112 113 116 119 114  98  78  52  33  15   8  16  36  66 108 157 200 226 243 254 255 251 249 250 249 248 250 250 250 249 250 250 250 250 249 250 252 252 250 244 254 153  24  60  99  92  82  69  59  46  38  34  27  20  13  11  12  11  10  12  18  27  35  44  52 
184 183 184 184 184 185 184 183 183 183 186 181 179  90  11  65 150 167 154 159 168 162 158 162 159 159 160 160 159 159 160 160 160 154 141 130 122 115 111 110 114 116 106  94  78  54  28  17  11  11  25  47  82 123 159 194 221 244 250 252 253 253 255 254 251 250 252 251 250 250 248 249 250 252 249 246  96  17  80 110 106 110 113 112 103  97  97  92  86  83  81  82  79  79  83  89  97 102 101 111 
183 183 183 183 183 184 184 185 185 183 180 184 117  15  43 137 165 162 165 164 163 159 162 168 161 161 160 160 159 159 158 158 157 158 158 160 150 140 130 123 117 112 113 115 113 105  90  77  58  34  24  14  10  14  26  47  77 110 137 169 195 213 230 244 250 251 255 254 254 254 251 248 248 251 254 212  58  35  96 112 109 105 106 109 111 110 108 107 108 109 112 112 107 113 117 112 102  93  77  54 
183 183 182 182 182 180 182 186 186 177 182 136  24  33 131 167 175 162 166 167 162 167 168 161 165 163 161 160 160 160 160 161 159 157 158 161 158 157 157 154 145 135 121 114 115 116 116 115 109 100  90  78  62  40  24  14  12   9  16  33  48  64  86 110 130 153 171 192 204 212 216 220 224 226 234 147  15  64 108 107 108 108 110 111 108 106 110 110 111 111 111 112 113 106  87  66  47  37  23  23 
184 182 181 187 181 178 189 188 181 193 135  33  39 128 169 164 168 165 166 166 165 166 165 162 166 164 164 163 163 162 162 162 161 159 159 157 158 159 159 159 157 155 151 145 137 129 119 106 107 115 115 113 108 100  92  80  65  47  33  22  17  12  12  12  15  21  24  38  45  53  61  70  77  82  82  43  28  92 119 110 111 110 113 116 114 113 113 113 117 117 105  92  70  40  25  19  23  40  57  88 
184 179 180 185 181 183 180 186 185 142  42  36 119 170 173 165 169 169 167 167 166 165 164 166 166 166 165 164 165 163 162 162 161 161 160 160 160 159 159 158 158 157 156 154 152 151 147 140 131 122 118 115 114 118 121 121 117 113 105  93  81  71  60  49  41  34  28  21  19  18  17  17  17  17  17  33  75 107 115 115 116 113 113 115 113 109  99  84  68  55  43  35  31  34  51  70  88 105 116 109 
180 186 189 184 185 186 179 186 141  33  27 126 172 177 168 166 172 171 168 168 168 167 167 166 167 166 166 165 165 164 164 164 163 162 161 161 160 160 160 159 158 159 156 153 154 157 160 156 154 153 146 137 128 123 118 110 110 114 117 117 116 126 118 109 104 100  95  93  90  84  78  72  70  71  64  88 123 114 110 115 114 113 114 113 110  87  42  51  57  68  79  85  94 112 113 112 116 115 112 112 
185 189 183 175 180 184 195 119  31  30 116 175 174 169 164 169 172 171 171 170 169 169 169 168 168 168 167 167 166 165 166 165 165 164 163 164 162 162 161 161 160 160 161 159 158 159 159 155 153 156 158 158 153 146 142 137 127 119 117 116 115 110 109 110 115 118 117 119 118 117 116 115 116 120 115 118 121 112 112 114 111 112 115 115 111 106 107 113 116 118 121 121 114 118 109 111 119 112 110 105 
186 182 181 187 191 171  95  16  46 130 176 178 171 172 174 176 173 171 173 172 172 171 170 170 169 169 168 167 167 168 168 167 166 166 165 165 164 163 162 162 161 161 161 159 157 158 159 157 156 156 153 152 154 158 158 151 148 144 140 130 123 124 121 118 118 116 111 111 111 111 112 114 116 110 115 114 107 115 116 116 120 120 124 125 122 121 125 119 115 115 118 120 116 119 117 114 101  79  48  28 
187 179 185 189 148  79  17  62 151 180 182 177 173 176 177 172 170 172 174 173 172 172 171 171 170 170 169 168 167 167 168 168 168 167 167 167 165 164 163 162 162 161 161 159 155 156 158 158 157 158 155 152 151 152 154 155 154 156 156 154 149 143 139 135 133 128 122 123 122 121 122 122 123 122 127 128 127 131 126 126 131 126 128 130 128 127 126 120 121 123 118 110 100  83  68  46  22  17  23  44 
184 181 185 130  47  20  83 162 177 179 179 173 175 177 175 172 172 173 173 174 175 174 174 173 171 170 168 169 169 169 169 168 167 166 166 168 165 164 163 162 163 164 164 163 161 161 161 161 156 154 157 158 158 155 156 158 153 150 150 151 151 149 148 148 150 148 145 145 144 143 141 140 140 140 138 138 140 136 135 133 134 136 130 125 124 124 121 117 110  94  68  46  26  17  17  29  57  89 128 146 
187 182 121  20  30 116 175 192 174 175 179 177 178 177 177 177 177 175 173 174 175 174 174 172 171 170 170 169 169 170 168 168 170 169 168 166 166 166 166 165 165 165 164 163 162 162 161 161 160 158 158 156 156 156 156 155 155 155 154 153 153 150 151 150 149 148 147 146 146 145 144 142 141 140 137 136 139 141 134 133 131 124 126 125 117 104  88  61  32  18  16  23  47  78 114 141 162 174 173 174 
185 101  18  43 132 181 184 177 172 178 184 180 176 177 177 177 178 178 178 176 174 173 174 174 173 172 172 171 170 170 172 168 162 163 168 174 167 167 169 168 165 163 164 164 163 163 162 162 160 159 158 158 157 156 157 156 155 154 154 154 154 152 151 150 148 147 144 147 147 147 146 145 144 141 144 138 128 132 128 123 121 118 108  73  43  27  10  23  41  72 114 143 160 171 177 175 172 174 174 173 
100  16  46 150 184 182 173 171 179 179 177 178 177 177 177 178 179 178 176 174 173 173 174 174 172 173 172 171 169 168 171 172 173 172 170 167 160 162 167 168 166 164 163 164 163 163 163 162 161 160 159 159 158 158 158 156 156 155 155 154 155 154 154 151 149 150 150 148 147 144 142 140 139 130 137 131 116 120 125 119  88  49  29  23  34  59  93 125 157 171 181 186 175 175 178 181 180 178 170 179 
  6  52 161 180 178 184 180 183 186 182 180 181 179 178 178 178 177 177 177 178 178 179 178 177 177 179 178 176 173 170 169 169 169 163 156 149 156 160 164 166 166 165 164 164 164 163 163 162 162 161 160 160 159 160 159 157 156 156 155 155 155 153 150 146 145 144 144 138 136 133 129 126 124 124 117 114 126 128  99  59  25  18  50 101 142 163 177 183 183 177 174 178 185 176 174 179 181 177 168 138 
 36 134 173 157 155 157 165 173 179 183 177 179 184 182 181 178 177 177 178 180 180 176 170 166 166 168 169 167 162 159 155 146 139 139 149 161 166 167 167 167 167 167 165 165 164 164 163 163 163 162 161 161 160 160 160 158 157 156 156 156 155 150 144 136 129 126 126 129 127 125 124 122 120 129 122 119 122  83  35   7  51 133 171 183 187 181 174 177 178 179 179 178 171 183 188 172 147 129 104  86 
 48  86  48  22  25  15  31  63  97 139 163 174 178 174 172 171 169 161 155 156 157 152 144 138 139 139 138 135 133 131 135 145 158 167 172 172 173 172 170 168 168 167 166 165 165 164 164 163 163 163 162 161 161 161 159 158 158 157 156 155 156 158 152 143 133 125 122 124 126 127 127 127 127 125 119 128  80  22   4  72 154 184 183 183 182 177 183 178 177 179 181 182 179 160 115  81  78  86 106 138 
 15  17  22  25  23  16  15   7   4  22  65 107 139 147 141 147 143 137 140 133 135 136 134 133 134 131 133 140 150 158 169 171 172 172 172 173 170 169 170 169 168 168 168 168 167 165 164 163 163 163 162 162 162 162 160 159 158 156 155 155 154 154 156 155 150 141 133 124 125 127 126 126 126 130 119  94  22  10  47 150 185 186 183 186 186 182 181 177 181 184 179 164 116  68  63  94 123 143 165 174 
  9  23  45  53  44  36  37  16  19  11   6  35  70 119 142 133 133 141 139 138 135 135 140 144 148 151 157 166 175 180 175 175 174 172 170 168 171 171 170 169 169 169 168 168 167 165 164 163 163 163 162 162 161 161 161 159 158 157 155 155 154 152 154 155 155 153 152 135 131 128 126 126 127 123 114  24   8  25 122 185 186 183 185 185 189 185 187 190 173 175 148  80  47  88 130 144 151 173 181 179 
  7  12  31  44  50  53  40  13   6  23  14   1  13  49 103 140 147 145 155 160 165 172 174 173 181 180 179 177 174 173 177 177 176 174 171 169 170 171 170 170 169 169 168 167 166 165 164 162 163 163 162 162 161 161 160 159 158 156 155 154 154 154 153 152 151 151 151 144 137 128 126 127 128 126  61  16  18  51 186 195 184 184 193 190 184 183 188 189 164 122  74  50 106 145 135 150 188 178 173 180 
  6   8  14  22  43  53  27  12  10  94 115  34  14   6  24 104 161 172 184 182 178 186 187 178 178 179 181 181 179 177 176 175 175 175 174 173 172 171 171 171 170 170 168 167 166 165 164 162 163 163 163 162 161 161 160 159 158 157 155 155 154 156 154 151 150 150 151 148 138 128 127 128 132 102  22  10  14  40 124 180 190 187 189 189 188 189 174 153 134  69  57 124 136 133 170 182 171 184 184 176 
 23   8   7   8  19  30  16  11  60 167 194 134  60  13  12  20  82 157 183 187 177 177 182 178 178 178 178 178 178 178 174 175 175 175 174 172 172 172 171 171 170 170 168 167 167 166 164 163 162 163 163 162 161 161 161 158 158 157 155 154 154 155 154 154 153 154 155 146 135 127 129 133 132 113  87  45  25  19  32 139 189 193 184 185 190 174 153 127  61  64 117 141 142 142 168 184 177 177 177 175 
 73  14  10  12  11  11  17  10 107 185 182 188 157  85  20  10  22  61 138 179 185 177 181 181 181 180 179 178 179 179 174 175 175 173 171 169 173 172 171 171 170 171 168 168 166 165 164 163 163 163 162 162 161 161 160 159 159 157 155 155 154 155 155 155 153 151 149 141 132 128 132 134 132 128 135 111  47  16  26  89 173 197 189 188 177 154 125  69  60 112 146 133 148 176 179 180 185 176 176 179 
156  81  24  22  14  18  21  33 150 189 179 183 186 172 103  27   4  11  42 115 170 185 182 177 178 183 179 177 179 177 174 175 174 174 173 173 172 172 171 170 169 169 168 167 167 166 164 163 163 164 163 162 161 161 160 160 159 158 157 156 155 154 153 154 154 149 140 130 136 128 138 129 127 126 137 124  58  17  19  45 160 196 186 185 153 139  81  46 115 134 143 139 169 181 183 177 176 180 173 130 
175 167  97  24  17  22  11  62 173 190 177 187 178 178 180 121  40   9  12  25  85 151 180 181 182 177 172 178 183 177 174 175 174 174 174 173 172 172 171 170 169 169 168 168 167 166 164 164 163 163 163 162 162 161 161 159 159 158 156 155 155 154 153 154 153 148 140 133 137 133 129 133 135 140 106  53  21  12  10  34 122 190 196 155 138 103  47  91 140 136 150 169 181 173 174 184 180 168 110  39 
176 179 169 117  31  13   7 105 198 193 185 181 190 184 177 187 145  59   9  14  20  55 124 175 177 181 177 178 180 176 175 175 174 174 174 173 172 171 170 170 170 169 168 168 167 166 165 163 163 163 162 162 162 161 161 159 159 157 156 155 155 154 153 154 153 146 139 134 135 141 131 140 131  82  30  14  39  37  17  21 116 194 169 141 128  63  61 121 139 153 169 181 178 189 176 180 160  82  38  65 
182 176 179 160  55  21  13 146 220 209 210 199 183 181 189 188 180 168  95  15  12  13  30  94 155 182 185 170 170 180 176 175 174 174 173 173 172 171 171 170 169 169 168 168 166 166 165 163 163 163 163 162 162 162 161 158 158 156 155 154 155 154 153 153 152 145 138 135 130 143 137 125  81  22  23  86 130  78  22  21 141 186 148 142  85  42 107 143 143 176 184 183 175 175 181 128  53  37  81 138 
174 180 186 142  39  18  18 158 221 216 217 218 209 190 179 188 185 179 178 131  45   7  11  18  56 120 169 181 179 176 175 176 175 174 173 173 172 172 171 171 170 169 168 168 166 165 165 163 163 163 162 162 162 162 160 157 157 156 155 154 154 154 153 153 151 144 136 138 132 139 135  90  28  11  41 109 127  56  14  48 148 156 149 106  43  67 142 174 173 186 185 184 186 150  93  39  48 109 140 134 
175 176 180 137  31  13  21 160 216 217 212 218 218 213 202 187 180 182 191 194 151  84  30   5   9  33  80 140 175 174 175 175 174 174 173 173 173 172 171 171 170 169 169 168 167 165 165 163 163 164 163 162 162 162 161 157 157 155 154 153 153 154 154 154 150 143 134 137 136 135 131  64  14  18  18  34  38  25  51 109 139 137 125  50  57 135 173 179 183 185 177 171 138  68  26  65 124 143 139  89 
178 175 178 125  28  16  26 161 218 221 217 214 215 219 219 204 194 190 179 183 187 179 123  56  16   8  19  43  97 167 179 174 176 175 171 173 168 170 172 171 169 167 168 168 167 165 165 163 163 162 162 161 161 161 159 158 157 156 155 155 156 155 153 153 151 145 138 136 140 140 136  92  29  34  45  35  52  93 121 138 129  88  51  60 138 185 180 180 175 174 154 114  48  28  79 138 140 133  96  25 
175 175 182 126  29  19  22 156 217 217 219 214 217 218 216 214 211 198 190 186 176 191 190 161 101  30  15   9  14  61 133 162 172 170 174 169 176 170 161 164 169 170 168 167 166 165 164 163 162 162 161 160 160 160 159 157 157 156 156 156 156 153 152 152 152 147 141 137 138 140 139  99  29  60 125 129 126 139 139 151 129  88  99 159 187 181 178 166 165 143  83  32  38  96 133 146 133  94  25  22 
175 175 180 133  33  20  15 148 219 211 219 215 217 217 218 216 216 215 211 196 182 179 186 192 185 148  74  20   8   7  25  89 140 171 186 169 160 169 176 173 168 169 168 166 166 164 164 163 162 161 161 160 160 159 158 157 157 156 155 155 155 152 151 152 152 149 144 142 133 138 141  93  27  49 131 145 142 145 135 137 136 158 183 192 186 180 173 155 122  61  24  44 114 136 141 136  92  20  12  71 
176 177 178 141  38  17   9 127 221 213 217 215 218 216 215 215 216 218 215 211 210 195 182 180 182 181 173 128  60  17   4   8  37  92 143 173 180 169 161 168 174 166 164 166 165 164 163 163 162 160 160 159 159 159 158 156 156 155 155 155 154 152 150 151 153 151 147 146 133 137 142  96  28  48 121 137 141 147 136 141 157 184 190 178 174 174 154 110  42  12  56 123 136 143 141  82  22  24  84 127 
176 176 177 152  52  13  11  91 212 217 216 216 217 215 214 213 213 216 217 217 220 215 202 188 182 188 181 196 177 108  51  17   6   9  32  89 146 167 176 165 158 169 170 165 165 164 162 162 161 160 160 159 158 158 157 155 156 155 154 154 154 154 151 150 152 151 149 147 140 139 141 105  37  32  93 142 142 129 133 158 175 176 174 180 177 157 104  31   9  63 125 139 138 136  83  18  26  93 139 145 
172 174 177 164  68  13  18  52 192 216 214 218 215 215 216 216 215 215 219 221 215 215 213 208 198 181 185 183 180 193 169 104  44  12   5  11  39  90 145 164 162 167 167 164 165 164 162 161 161 159 159 158 158 158 157 155 155 154 154 153 154 156 153 150 151 150 149 146 149 140 141 117  44  26  52 125 145 139 166 170 179 182 171 180 157  96  33  14  64 130 140 138 142  72  16  34  98 135 138 144 
171 173 172 176  90  22  12  31 163 221 217 216 216 216 217 217 217 215 215 219 214 215 218 216 214 213 202 193 188 179 180 185 162 109  51  10   9  12  38  95 144 167 169 167 159 160 166 160 157 157 160 159 157 155 156 156 155 154 153 153 153 155 152 150 150 150 148 148 151 145 143 130  61  28  24  84 150 165 172 172 179 171 173 174 103  31   6  47 121 144 149 124  65  21  40 105 142 142 136 141 
170 176 170 183 119  30  11  10 109 214 219 215 217 216 217 217 217 217 216 215 216 216 215 215 215 214 215 211 203 199 191 184 184 182 151 109  46  18   4   8  34  83 127 157 165 162 156 156 159 155 156 155 153 158 160 155 155 154 153 153 154 152 151 151 150 149 149 151 150 148 144 142  94  32  19  44 109 160 174 174 168 168 178 120  30   6  28  93 140 150 119  61  27  62 118 138 132 143 142 141 
169 177 173 181 152  45  30   4  57 187 220 217 217 217 216 216 217 216 215 216 216 215 216 215 214 217 219 219 218 216 211 207 198 188 184 186 159 115  60  20   5   8  31  68 119 161 169 158 156 161 161 158 153 150 151 155 154 153 153 153 153 152 151 151 151 150 149 151 149 148 144 148 127  62  27  12  32  91 141 165 167 180 149  57  14  10  65 139 139 119  42  39  95 128 150 147 140 141 140 140 
169 175 173 175 175  83  26  15  24 135 219 216 217 217 216 216 217 216 215 216 215 215 215 216 216 217 217 216 215 213 219 219 214 203 190 180 187 183 161 117  65  25  10   4  19  54  94 144 161 161 164 161 157 157 158 153 153 153 152 152 153 152 151 151 150 150 149 150 149 151 145 150 145 117  65  25  17  13  37  76 110 135  77  17  16  27 103 154 129  64  14  68 137 145 138 135 143 140 141 137 
173 172 171 168 177 131  32  19   6  72 205 220 216 217 217 217 217 216 215 215 215 216 216 215 214 215 215 215 215 215 215 214 218 219 210 194 178 184 193 195 169 128  85  31  12   5   9  40  84 129 147 164 164 155 151 151 152 152 153 153 153 152 151 151 150 150 149 149 146 155 148 147 146 145 131  95  60  36  16   8  15  35  27  14  41  90 135 142 140  70  24  35  72 127 148 138 137 139 139 139 
177 170 171 169 172 166  82  22  15  28 139 218 217 217 217 217 216 216 215 216 216 215 215 216 214 215 215 217 218 219 217 214 214 216 214 207 190 180 171 179 193 193 165  62   7   8  10  11   7  24  59 103 134 152 158 153 152 151 151 153 152 152 151 151 150 150 150 151 143 154 148 143 147 146 152 143 126 124 105  68  45  40  60  88 121 156 145 140 143 116  53  10  24  60 107 142 149 135 135 135 
176 170 173 173 170 170 133  35  24   4  57 194 216 215 219 215 219 214 217 214 213 216 217 214 218 217 215 215 215 216 215 215 217 216 214 214 189 186 187 181 181 182 105  12   7  31  35  33  21  17   7   9  33  77 111 137 147 155 156 154 152 152 151 151 150 148 147 155 144 149 147 146 151 152 142 145 154 149 146 131 129 127 131 154 146 139 150 150 141 144 103  58  21  12  37  81 119 145 149 135 
171 171 171 171 171 172 168  79  20  17  17 114 211 218 222 211 215 211 217 218 213 215 217 214 217 217 217 217 217 217 216 215 216 216 216 217 192 176 187 182 185 168  49   2  12  45  56  48  45  38  25  16  10   9  14  40  78 113 131 144 156 149 148 147 147 149 152 148 146 147 151 152 147 147 149 148 146 146 145 147 147 146 147 146 148 150 149 142 146 150 142 127  83  35  20  20  49  84 119 131 
172 171 172 172 171 170 175 142  42  26  22  29 158 221 211 211 212 229 214 218 221 214 214 221 216 216 217 216 216 216 216 215 216 216 216 217 192 178 184 184 188 130  26   4  18  47  57  56  56  55  52  47  34  24  16   8  12  22  42  76 104 130 141 152 153 151 150 148 146 147 151 152 149 148 148 147 147 145 143 143 145 147 147 145 144 141 138 139 143 148 145 142 139 105  68  28  16  12  29  43 
172 172 171 171 172 172 163 183 103  22  16  14  58 186 216 226 206 167 139 132 186 221 217 216 217 216 217 217 217 216 216 216 216 216 216 217 194 185 186 184 190 104   6   2  15  37  47  56  61  60  60  60  56  51  49  44  28  14  12  12  17  39  65  95 118 135 148 155 152 148 146 147 147 147 148 149 149 148 147 145 145 147 147 147 149 147 144 146 145 145 144 147 148 145 142  61   4  29  38  37 
172 171 171 171 172 173 163 179 171  73  20   7  13 151 221 191 100  33  13  47 150 216 218 215 217 216 217 216 217 216 216 215 215 216 216 217 195 188 185 179 183  94   7   9  11  18  24  32  43  52  58  63  65  62  61  63  55  49  40  28  21  21  15  14  24  49  72  97 114 137 152 154 152 146 145 148 149 148 144 145 147 143 141 141 144 144 143 147 146 142 141 144 148 148 109  26  32 116 146 146 
172 171 171 171 170 173 175 143  99  32   8  51 136 218 191  72  14  37  63 117 191 217 215 221 217 217 217 216 217 216 216 216 216 215 216 216 202 185 182 180 180  89  12  22  17  15  15  16  16  20  32  44  53  53  57  69  69  70  65  60  55  45  34  27  22  13   8  14  24  38  58  84 105 124 133 141 147 149 150 148 146 146 148 147 147 145 143 147 152 152 151 148 139 117  39   8  91 169 167 169 
172 170 172 174 174 153  90  32  13  55 144 214 234 242 167  93 164 180 189 206 223 219 213 218 216 216 216 216 217 216 216 215 216 215 216 216 211 186 182 191 186  89  10  22  23  25  21  17  14  13  10  11  15  22  30  41  52  61  64  68  71  72  65  63  62  51  35  27  22  14   8  11  16  25  32  47  64  78  83  96 113 122 133 137 135 134 137 130 119 106  87  73  45  18   9  53 133 162 170 165 
170 169 173 150  91  25  19  66 153 227 250 248 243 236 229 229 238 234 225 222 219 216 215 216 217 216 215 216 217 218 216 216 216 216 216 217 215 199 181 180 189 106  13  17  27  58  79  58  29  20  12   9  11  11   9   9  16  21  24  33  41  44  56  65  68  69  71  70  67  59  50  39  31  23  17  16  17  16  10   9  13  16  22  24  23  22  23  22  17  12  10  10  11  28  81 144 168 156 163 164 
174 159  97  28   8  66 150 231 253 245 239 243 244 240 237 235 234 232 227 226 223 220 220 220 217 216 215 216 217 218 217 217 216 216 216 216 218 206 192 181 186 147  32  10  18  52 116 144 129 104  74  49  34  21  13  13  14  14  15  16  16  18  21  24  27  29  30  39  44  50  53  51  47  46  40  30  22  13   4   5   6   5   2   3   8  10   8   8  12  23  42  57  85 135 168 166 160 166 164 163 
126  49   6  63 157 232 249 246 242 242 246 247 245 244 242 239 238 234 232 229 226 224 223 222 219 218 216 216 216 217 217 216 216 216 217 217 219 212 207 188 182 183  96  24   9  15  23  66 128 162 172 158 124 103  89  62  43  26  21  20  22  22  15  12  13  15  15  10  11  13  13  11   8   9   7   5   5   5   6   6   7  10   9  12  26  40  54  70  94 119 142 158 170 160 160 165 167 162 163 163 
 12  29 133 213 250 242 243 249 247 247 251 248 245 246 244 241 238 234 232 229 226 224 223 222 219 219 217 216 216 218 217 216 217 217 216 217 216 213 217 197 181 187 173 118  48  10  14  15  21  65 127 172 183 176 170 164 154 141 124 100  82  71  57  44  39  35  30  27  25  23  22  22  21  21  21  21  22  23  25  35  52  71  87 104 126 141 148 160 169 170 168 167 163 167 167 162 160 161 162 162 
 86 184 243 252 241 246 248 245 243 243 245 246 247 246 244 242 238 235 231 229 226 224 223 222 221 220 218 217 216 217 217 216 216 216 216 217 215 212 217 207 191 179 190 185 164 107  39  14  17  19  45  99 150 166 166 169 170 171 172 171 169 168 160 150 143 138 135 130 125 118 114 113 114 119 125 131 134 139 145 153 161 165 165 164 166 168 167 167 165 161 161 163 159 166 166 161 160 164 162 161 
223 252 243 242 250 250 245 245 249 250 246 246 247 245 243 240 239 235 232 230 227 225 224 223 221 220 218 217 216 216 217 217 217 217 217 217 219 214 215 214 207 177 183 183 189 192 159  83  26  12  13  29  80 141 169 166 168 165 160 164 168 161 167 169 168 170 174 173 172 172 170 169 168 166 169 173 168 163 164 166 166 163 163 164 163 162 163 164 162 161 165 169 167 163 160 161 164 165 161 161 
243 244 246 246 249 246 252 248 248 248 244 250 247 245 242 240 238 236 233 229 227 226 223 223 221 220 219 218 217 217 216 216 216 216 216 216 219 215 212 216 213 189 182 186 182 182 188 182 133  55   9  23  30  53 144 169 166 166 172 165 164 167 168 168 165 164 165 162 162 163 164 164 164 162 162 163 163 162 162 163 164 162 162 163 162 163 164 164 164 163 162 162 161 164 164 162 162 163 162 161 
239 233 240 244 240 246 247 243 249 249 246 248 247 245 243 240 238 235 232 230 227 225 223 223 220 220 219 217 217 217 215 215 215 215 215 215 216 214 213 217 214 199 184 183 184 184 183 185 182 158  73  15  17  26  68 149 173 164 168 168 165 167 166 166 166 166 166 165 164 164 165 164 165 164 164 164 164 164 164 163 164 164 164 164 164 163 162 162 162 162 162 162 161 161 161 161 161 161 161 161 
239 245 246 244 247 243 239 252 246 240 249 248 246 243 242 238 237 235 231 229 226 224 223 223 220 219 217 216 216 217 216 216 216 216 215 216 214 216 215 215 216 210 190 183 184 184 184 184 183 196 157  58  16  23  23  98 172 168 163 169 167 165 165 165 165 165 165 164 164 164 164 164 164 164 162 163 163 163 163 163 163 163 163 163 163 163 161 161 161 161 161 161 161 162 161 161 161 161 162 161 
246 247 243 244 250 253 239 244 246 247 245 240 245 243 240 237 236 234 232 229 225 223 223 223 220 219 217 216 216 216 215 215 215 215 215 216 212 217 217 215 216 216 193 182 184 184 183 185 179 175 193 147  40  10  24  54 148 171 166 163 171 165 165 165 165 165 165 164 164 164 164 164 164 163 162 162 162 162 162 162 162 163 163 162 163 162 161 161 161 161 161 161 161 161 161 162 161 161 161 161 
229 237 250 242 220 141 173 240 247 244 243 241 243 241 238 236 234 233 231 228 225 223 222 221 220 219 216 216 215 215 216 216 216 216 216 216 213 217 218 215 217 216 193 183 184 183 184 183 187 182 192 179  85  17  17  44 135 170 168 161 169 165 164 164 164 164 164 163 163 163 163 163 164 162 162 161 161 162 162 162 162 162 162 162 161 161 161 161 161 161 161 161 162 161 161 161 161 162 162 161 
118 122 118  91  57  64 181 249 244 237 240 243 241 239 236 235 233 232 230 228 225 223 222 221 219 218 215 215 214 215 215 215 215 215 215 215 215 218 217 217 219 213 191 183 184 184 184 183 187 183 182 182 110  20  17  52 151 165 162 165 164 164 163 163 163 164 164 162 162 162 162 162 162 161 161 161 161 161 161 161 161 161 161 161 161 161 161 160 160 160 160 160 162 162 162 162 162 162 162 161 
 13  14  12  37  81 187 244 244 242 242 238 239 240 238 237 234 233 231 229 227 225 222 220 219 218 217 215 214 215 215 216 217 218 217 217 216 216 217 216 218 216 202 185 186 187 183 184 186 183 179 190 184  90   8  27  89 166 164 158 168 161 162 162 162 162 162 162 163 163 163 163 163 163 163 163 163 163 162 162 162 161 161 161 161 161 161 160 160 160 160 161 161 161 161 161 161 161 161 161 160 
 99 110 121 155 210 236 234 236 237 236 236 236 236 235 234 231 230 228 226 226 223 220 218 218 221 219 218 217 217 217 214 215 216 217 217 217 213 215 215 214 210 192 178 178 179 181 191 184 181 189 185 131  32   9  67 144 166 160 158 167 161 161 160 160 161 161 160 162 162 162 162 162 162 162 162 162 162 162 162 161 161 161 161 161 161 161 160 160 160 160 160 160 158 158 158 158 158 158 158 158 
211 219 222 221 225 220 219 221 224 228 230 231 231 233 233 230 229 226 224 223 223 221 220 219 215 215 214 213 214 214 214 214 215 216 216 217 216 217 210 199 191 179 180 188 186 181 184 188 189 172 109  29   7  99 203 224 221 215 216 221 218 217 217 217 218 218 217 219 219 219 219 219 219 219 219 219 219 219 219 218 217 218 218 218 217 218 218 218 218 218 218 218 217 217 217 217 217 217 217 217 
218 216 215 213 212 214 214 213 215 219 223 221 220 223 223 222 219 218 218 217 218 217 217 216 212 212 211 212 213 214 215 215 215 213 212 213 206 206 196 185 184 185 183 179 181 188 180 157 117  51   5  47 161 233 248 249 248 251 251 251 251 251 251 251 251 251 251 251 251 251 251 251 251 251 251 251 251 251 251 251 249 250 250 250 249 250 251 251 251 251 251 251 251 251 251 251 251 251 251 251 
217 218 216 217 219 217 216 213 214 215 216 216 215 216 216 215 213 214 216 216 216 215 215 215 213 211 208 206 204 203 205 202 198 195 194 194 190 189 183 176 181 181 189 188 171 140  86  36  14  57 141 210 249 253 245 248 248 253 253 250 252 252 252 252 252 252 252 253 253 253 253 253 253 253 253 253 253 253 253 252 252 252 252 252 252 252 252 252 252 252 252 252 253 253 253 253 253 253 253 253 
219 220 218 218 212 214 216 217 217 217 216 219 221 217 215 215 217 214 208 208 207 207 206 203 198 194 190 186 184 184 189 185 181 178 180 185 177 182 187 187 183 168 133  90  42  13  29 103 172 221 253 254 250 250 253 253 252 250 250 251 249 251 251 251 251 251 251 252 252 252 252 252 252 252 252 252 252 252 252 252 252 252 252 252 252 252 251 251 251 251 251 251 251 252 251 251 251 251 251 251 
200 201 207 215 214 214 216 218 218 215 211 209 208 206 201 198 200 195 187 189 186 184 185 184 179 181 181 182 183 183 186 185 187 191 190 184 180 165 138 105  62  20  10  24  64 137 206 243 255 252 245 249 253 252 250 251 252 251 253 253 244 252 252 252 252 252 252 252 252 252 252 252 252 252 252 252 252 252 252 252 250 251 251 251 251 251 251 251 251 251 251 251 252 252 252 252 252 252 252 252 
184 183 188 193 195 195 196 198 199 195 192 187 185 186 181 178 183 180 175 182 178 180 185 185 188 185 187 187 186 187 186 167 154 144 116  85  62  27   8  14  44 101 142 193 242 254 253 250 245 249 250 252 253 253 254 253 253 253 252 252 254 253 253 253 253 253 253 253 253 253 253 253 253 253 253 253 253 253 253 253 253 253 253 253 253 253 253 253 253 253 253 253 253 253 253 253 253 253 253 253 
162 173 185 189 185 185 185 182 182 182 183 184 184 185 186 187 187 189 196 194 190 193 188 179 167 155 159 143 106  88  70  44  27  14   6  18  43  84 143 187 216 240 255 255 252 243 247 250 247 249 249 251 253 254 253 252 253 251 252 252 252 253 254 254 254 254 253 254 254 254 254 254 254 254 254 254 254 254 254 254 254 254 254 254 254 254 254 254 254 254 254 254 254 254 254 254 254 254 254 254 
 22  47  73  85  86  96 112 130 148 157 158 159 159 160 162 153 134 116  99  89  81  84  79  64  35  12  17  16   8  20  29  39  85 130 163 209 229 245 253 253 253 250 246 249 251 251 254 249 247 249 249 251 252 253 253 253 252 252 252 251 252 253 254 254 253 254 253 254 254 254 254 254 254 254 253 253 254 254 253 253 253 253 253 253 254 254 253 254 254 253 253 253 253 253 253 253 254 254 254 254 
 33  13   4   2   2   2   4   6  11  12   9  13  14   8   9  11   8   7   5   3   8  28  43  43  50  68 114 135 147 182 231 229 246 254 250 255 250 253 248 247 252 250 247 250 251 250 251 251 250 252 252 252 253 254 253 253 253 253 252 252 252 253 252 252 252 253 253 252 252 252 252 252 252 252 253 253 253 253 253 253 252 253 253 252 252 252 252 252 252 252 253 253 252 253 253 252 252 252 252 252 
198 164 144 142 146 148 141 125 112 103  99 102 112 127 140 143 140 138 139 145 165 198 221 222 218 238 255 255 255 255 252 249 248 249 253 250 250 252 250 251 254 249 245 248 251 252 252 249 249 253 253 253 254 254 253 252 252 252 252 253 253 253 253 253 254 253 253 254 253 253 254 253 253 254 253 254 254 253 254 253 253 253 253 253 254 253 253 254 253 253 254 253 254 253 253 254 253 253 254 253 
254 253 255 255 255 255 255 254 249 246 243 245 250 255 255 255 255 255 255 254 253 255 254 251 255 251 245 244 246 248 249 252 247 245 253 249 248 250 252 252 250 251 253 250 245 248 253 252 252 253 252 253 254 253 253 253 252 252 252 252 252 254 253 254 254 254 254 254 254 254 254 254 254 253 254 253 253 254 253 254 254 254 254 254 254 254 254 254 254 254 254 254 254 254 254 254 254 254 254 254 
252 252 253 252 252 251 251 252 253 254 254 253 252 252 251 251 252 252 252 252 252 252 253 252 252 253 253 254 254 254 255 255 255 254 255 254 254 254 254 254 253 255 254 253 253 254 254 255 255 254 254 255 254 254 254 254 254 254 254 254 254 254 254 254 254 254 254 254 254 254 254 254 254 254 254 254 254 254 254 254 254 254 254 254 254 254 254 254 254 254 254 254 254 254 254 254 254 254 254 254 
254 254 254 254 254 254 253 253 253 253 253 253 253 253 254 254 253 254 254 254 254 254 254 254 254 254 254 254 254 254 254 254 254 254 254 254 254 254 255 255 255 254 254 255 255 255 255 254 254 255 254 254 254 255 254 254 255 255 255 255 255 254 255 255 255 255 255 255 255 255 255 255 255 255 255 255 255 255 255 255 255 255 255 255 255 255 255 255 255 255 255 255 255 255 255 255 255 255 255 255 
253 254 254 254 254 254 254 254 254 254 254 254 254 254 254 254 254 254 254 254 253 253 253 253 253 253 253 253 253 254 254 255 255 255 255 255 255 254 254 254 254 255 255 254 254 254 254 255 255 254 255 255 254 254 255 255 254 254 254 254 254 255 254 255 255 255 255 255 255 255 255 255 255 255 255 255 255 255 255 255 255 255 255 255 255 255 255 255 255 255 255 255 255 255 255 255 255 255 255 255 
253 253 253 253 253 254 254 254 254 254 254 254 254 254 254 254 254 254 253 253 253 253 253 253 253 253 253 253 253 254 254 255 255 255 255 254 255 254 255 254 254 254 254 255 255 255 254 255 254 255 255 255 254 255 254 255 255 255 255 255 255 255 255 255 255 255 255 255 255 255 255 255 255 255 255 255 255 255 255 255 255 255 255 255 255 255 255 255 255 255 255 255 255 255 255 255 255 255 255 255 
254 254 254 254 253 254 255 255 255 255 255 255 255 255 255 255 255 254 253 254 254 254 254 254 254 254 254 254 254 254 254 255 255 255 255 255 255 255 255 255 255 255 255 255 255 255 255 255 255 255 255 255 255 255 255 255 255 255 255 255 255 255 255 255 255 255 255 255 255 255 255 255 255 255 255 255 255 255 255 255 255 255 255 255 255 255 255 255 255 255 255 255 255 255 255 255 255 255 255 255 
253 253 253 253 253 254 255 254 255 254 254 254 254 254 255 254 255 254 253 253 253 253 253 253 253 253 253 253 253 253 254 255 255 255 255 255 255 255 255 255 255 255 255 255 255 255 255 255 255 255 255 255 255 255 255 255 255 255 255 255 255 255 255 255 255 255 255 255 255 255 255 255 255 255 255 255 255 255 255 255 255 255 255 255 255 255 255 255 255 255 255 255 255 255 255 255 255 255 255 255 
254 254 254 254 254 254 255 254 255 255 255 255 255 255 255 254 255 254 254 254 254 254 254 254 254 254 254 254 254 254 254 255 255 255 255 255 255 255 255 255 255 255 255 255 255 255 255 255 255 255 255 255 255 255 255 255 255 255 255 255 255 255 255 255 255 255 255 255 255 255 255 255 255 255 255 255 255 255 255 255 255 255 255 255 255 255 255 255 255 255 255 255 255 255 255 255 255 255 255 255 
255 255 255 255 255 255 254 255 254 255 255 255 255 255 254 255 254 255 255 255 255 255 255 255 255 255 255 255 255 255 255 254 255 255 255 255 255 255 255 255 255 255 255 255 255 255 255 255 255 255 255 255 255 255 255 255 255 255 255 255 255 255 255 255 255 255 255 255 255 255 255 255 255 255 255 255 255 255 255 255 255 255 255 255 255 255 255 255 255 255 255 255 255 255 255 255 255 255 255 255 
254 254 254 254 254 254 255 254 255 255 255 255 255 255 255 254 255 254 254 254 254 254 254 254 254 254 254 254 254 254 254 255 255 255 255 255 255 255 255 255 255 255 255 255 255 255 255 255 255 255 255 255 255 255 255 255 255 255 255 255 255 255 255 255 255 255 255 255 255 255 255 255 255 255 255 255 255 255 255 255 255 255 255 255 255 255 255 255 255 255 255 255 255 255 255 255 255 255 255 255 
255 255 255 255 255 255 254 255 254 255 255 255 255 255 254 255 254 255 255 255 255 255 255 255 255 255 255 255 255 255 255 254 255 255 255 255 255 255 255 255 255 255 255 255 255 255 255 255 255 255 255 255 255 255 255 255 255 255 255 255 255 255 255 255 255 255 255 255 255 255 255 255 255 255 255 255 255 255 255 255 255 255 255 255 255 255 255 255 255 255 255 255 255 255 255 255 255 255 255 255 
255 255 255 255 255 255 255 255 255 255 255 255 255 255 255 255 255 255 255 255 255 255 255 255 255 255 255 255 255 255 255 255 255 255 255 255 255 255 255 255 255 255 255 255 255 255 255 255 255 255 255 255 255 255 255 255 255 255 255 255 255 255 255 255 255 255 255 255 255 255 255 255 255 255 255 255 255 255 255 255 255 255 255 255 255 255 255 255 255 255 255 255 255 255 255 255 255 255 255 255 
255 255 255 255 255 255 255 255 255 255 255 255 255 255 255 255 255 255 255 255 255 255 255 255 255 255 255 255 255 255 255 255 255 255 255 255 255 255 255 255 255 255 255 255 255 255 255 255 255 255 255 255 255 255 255 255 255 255 255 255 255 255 255 255 255 255 255 255 255 255 255 255 255 255 255 255 255 255 255 255 255 255 255 255 255 255 255 255 255 255 255 255 255 255 255 255 255 255 255 255 
255 255 255 255 255 255 255 255 255 255 255 255 255 255 255 255 255 255 255 255 255 255 255 255 255 255 255 255 255 255 255 255 255 255 255 255 255 255 255 255 255 255 255 255 255 255 255 255 255 255 255 255 255 255 255 255 255 255 255 255 255 255 255 255 255 255 255 255 255 255 255 255 255 255 255 255 255 255 255 255 255 255 255 255 255 255 255 255 255 255 255 255 255 255 255 255 255 255 255 255 
255 255 255 255 255 255 255 255 255 255 255 255 255 255 255 255 255 255 255 255 255 255 255 255 255 255 255 255 255 255 255 255 255 255 255 255 255 255 255 255 255 255 255 255 255 255 255 255 255 255 255 255 255 255 255 255 255 255 255 255 255 255 255 255 255 255 255 255 255 255 255 255 255 255 255 255 255 255 255 255 255 255 255 255 255 255 255 255 255 255 255 255 255 255 255 255 255 255 255 255 
255 255 255 255 255 255 255 255 255 255 255 255 255 255 255 255 255 255 255 255 255 255 255 255 255 255 255 255 255 255 255 255 255 255 255 255 255 255 255 255 255 255 255 255 255 255 255 255 255 255 255 255 255 255 255 255 255 255 255 255 255 255 255 255 255 255 255 255 255 255 255 255 255 255 255 255 255 255 255 255 255 255 255 255 255 255 255 255 255 255 255 255 255 255 255 255 255 255 255 255 
255 255 255 255 255 255 255 255 255 255 255 255 255 255 255 255 255 255 255 255 255 255 255 255 255 255 255 255 255 255 255 255 255 255 255 255 255 255 255 255 255 255 255 255 255 255 255 255 255 255 255 255 255 255 255 255 255 255 255 255 255 255 255 255 255 255 255 255 255 255 255 255 255 255 255 255 255 255 255 255 255 255 255 255 255 255 255 255 255 255 255 255 255 255 255 255 255 255 255 255 
255 255 255 255 255 255 255 255 255 255 255 255 255 255 255 255 255 255 255 255 255 255 255 255 255 255 255 255 255 255 255 255 255 255 255 255 255 255 255 255 255 255 255 255 255 255 255 255 255 255 255 255 255 255 255 255 255 255 255 255 255 255 255 255 255 255 255 255 255 255 255 255 255 255 255 255 255 255 255 255 255 255 255 255 255 255 255 255 255 255 255 255 255 255 255 255 255 255 255 255 
255 255 255 255 255 255 255 255 255 255 255 255 255 255 255 255 255 255 255 255 255 255 255 255 255 255 255 255 255 255 255 255 255 255 255 255 255 255 255 255 255 255 255 255 255 255 255 255 255 255 255 255 255 255 255 255 255 255 255 255 255 255 255 255 255 255 255 255 255 255 255 255 255 255 255 255 255 255 255 255 255 255 255 255 255 255 255 255 255 255 255 255 255 255 255 255 255 255 255 255 
255 255 255 255 255 255 255 255 255 255 255 255 255 255 255 255 255 255 255 255 255 255 255 255 255 255 255 255 255 255 255 255 255 255 255 255 255 255 255 255 255 255 255 255 255 255 255 255 255 255 255 255 255 255 255 255 255 255 255 255 255 255 255 255 255 255 255 255 255 255 255 255 255 255 255 255 255 255 255 255 255 255 255 255 255 255 255 255 255 255 255 255 255 255 255 255 255 255 255 255 
255 255 255 255 255 255 255 255 255 255 255 255 255 255 255 255 255 255 255 255 255 255 255 255 255 255 255 255 255 255 255 255 255 255 255 255 255 255 255 255 255 255 255 255 255 255 255 255 255 255 255 255 255 255 255 255 255 255 255 255 255 255 255 255 255 255 255 255 255 255 255 255 255 255 255 255 255 255 255 255 255 255 255 255 255 255 255 255 255 255 255 255 255 255 255 255 255 255 255 255 
255 255 255 255 255 255 255 255 255 255 255 255 255 255 255 255 255 255 255 255 255 255 255 255 255 255 255 255 255 255 255 255 255 255 255 255 255 255 255 255 255 255 255 255 255 255 255 255 255 255 255 255 255 255 255 255 255 255 255 255 255 255 255 255 255 255 255 255 255 255 255 255 255 255 255 255 255 255 255 255 255 255 255 255 255 255 255 255 255 255 255 255 255 255 255 255 255 255 255 255 
255 255 255 255 255 255 255 255 255 255 255 255 255 255 255 255 255 255 255 255 255 255 255 255 255 255 255 255 255 255 255 255 255 255 255 255 255 255 255 255 255 255 255 255 255 255 255 255 255 255 255 255 255 255 255 255 255 255 255 255 255 255 255 255 255 255 255 255 255 255 255 255 255 255 255 255 255 255 255 255 255 255 255 255 255 255 255 255 255 255 255 255 255 255 255 255 255 255 255 255 
255 255 255 255 255 255 255 255 255 255 255 255 255 255 255 255 255 255 255 255 255 255 255 255 255 255 255 255 255 255 255 255 255 255 255 255 255 255 255 255 255 255 255 255 255 255 255 255 255 255 255 255 255 255 255 255 255 255 255 255 255 255 255 255 255 255 255 255 255 255 255 255 255 255 255 255 255 255 255 255 255 255 255 255 255 255 255 255 255 255 255 255 255 255 255 255 255 255 255 255 
255 255 255 255 255 255 255 255 255 255 255 255 255 255 255 255 255 255 255 255 255 255 255 255 255 255 255 255 255 255 255 255 255 255 255 255 255 255 255 255 255 255 255 255 255 255 255 255 255 255 255 255 255 255 255 255 255 255 255 255 255 255 255 255 255 255 255 255 255 255 255 255 255 255 255 255 255 255 255 255 255 255 255 255 255 255 255 255 255 255 255 255 255 255 255 255 255 255 255 255 
255 255 255 255 255 255 255 255 255 255 255 255 255 255 255 255 255 255 255 255 255 255 255 255 255 255 255 255 255 255 255 255 255 255 255 255 255 255 255 255 255 255 255 255 255 255 255 255 255 255 255 255 255 255 255 255 255 255 255 255 255 255 255 255 255 255 255 255 255 255 255 255 255 255 255 255 255 255 255 255 255 255 255 255 255 255 255 255 255 255 255 255 255 255 255 255 255 255 255 255 
