201 228 208 212 213 217 211 218 242 252 220  65  52 185 221 217 217 218 219 212 212 222 218 187 101  14  49 147 216 255 253 242 247 255 253 253 237 101   9 147 241 235 235 236 236 239 200  50   7  15  71 219 224 234 235 236 235 235 242 190  26  89 234 229 235 155  46  21  66 191 235 238 216  98  41 130 232 241 236 177  52  31  68 109 112 109 101  63  27  32 123 183 163 144 117 111 145 176 197 196 
231 211 217 210 219 217 217 232 252 220  78  32 161 221 214 220 215 211 211 215 220 213 144  44  32 118 210 250 255 254 249 251 252 239 250 249 248 120  11 143 239 235 237 236 235 238 191  44  10  12  56 209 217 228 235 236 234 236 234 232  80  26 204 234 236 205  89  26  38 163 236 234 239 147  54 127 234 233 235 204  70  26  60 103 103  97 100  78  34  38  93  75  43  31  19  23  42 101 171 197 
209 223 221 218 218 212 233 247 213  84  22 147 229 208 213 214 215 211 218 227 194 105  34  79 184 248 252 253 250 251 249 249 251 248 248 246 253 133  14 137 239 237 237 237 233 233 190  40  16  25  29 187 215 219 233 236 235 234 236 242 147   7 134 237 239 236 157  61  33 140 238 237 244 186  63 124 232 238 242 208  81  24  66 104 110 104 106  83  39  26  45  56  68  73  59  24  13  54 145 197 
223 210 213 212 218 231 252 198  70  16 137 223 213 212 218 213 216 216 221 181  72  30 119 226 255 248 246 252 252 252 251 242 236 240 243 238 248 143   9 130 239 237 237 235 233 231 194  39  26  51  13 161 217 213 230 235 234 235 237 236 209  34  64 218 241 240 218 119  58 133 232 236 236 195  68 129 238 237 241 220  99  29  63  95 101  98 104 102  84  81  96 100 105 105  92  39  22  35 123 198 
215 214 219 215 232 246 173  55   2  83 209 210 216 210 214 220 215 222 165  54  54 165 243 253 250 248 251 246 242 241 240 243 243 235 231 232 229 157   7 112 236 234 239 233 235 231 203  42  36 114  22 101 220 212 215 227 234 236 234 237 235  87  23 176 244 234 245 198 118 131 224 239 229 211 140 189 240 234 232 227 102  30  63 113 101 104 101 101 107 104 104 101 102 103  98  58  21  30 114 202 
212 219 216 236 238 128  27  10  27 138 210 211 219 216 217 212 217 152  34  60 201 253 251 252 246 248 246 236 241 243 223 198 165 125 104 109 105  93  18  79 226 238 235 234 236 229 207  51  26 169  79  36 185 221 210 217 237 234 231 235 238 155   4 123 237 236 234 239 170 130 215 243 232 236 229 242 236 229 233 229 107  32  52  78  78 104 113  95 101 105 102 108 100 103 103  65  25  21 128 197 
214 222 239 198  89  10  26  25  26  69 108 155 196 212 218 213 150  28  73 219 250 244 251 244 235 241 241 237 221 144  75  31  11  11   8  10  10  33  15  61 215 243 232 235 235 226 211 100   6 157 165  15  87 200 221 204 221 235 231 232 245 195  21  77 226 236 239 239 207 192 227 239 236 234 236 232 237 235 232 228 110  29  17  23  33  59  87 104 108  99 105 107  95 103 102  56  16  41 165 212 
237 210 126  44   9  78  32  26  37  19  21  50  94 146 209 162  26  64 214 248 248 243 242 243 239 237 241 231 149  54  47  71  69  71  45  23   9  17   7  40 196 246 232 236 233 223 220 144   5 112 224 120  13  99 209 219 216 233 230 231 240 231  93  25 189 241 236 234 234 238 237 230 240 240 241 227 234 236 230 230 128  65  50   9   9  24  41  82 109  97  97 104 104 109  91  33  14  87 153 128 
154  59   7  31 110  69  40  89  93  63  41  19  24  46  90  40  48 204 255 239 246 230 237 238 238 233 234 234 211 192 211 221 215 222 185 104  72 101  77  19 163 244 231 237 232 227 223 179  45  69 208 214  81  27 127 220 222 226 231 238 231 243 180  34 128 239 226 235 239 234 231 237 234 230 235 239 240 234 231 231 141 120 157  70  16  10  15  42  93 111 100  98  91  74  48  15  18  25  21   8 
 20  21  72 131  86  22  81 131 129 116  99  49  30  24  21  24 184 247 240 250 232 240 236 235 237 237 238 237 238 244 238 237 242 240 236 225 226 231 151   9 137 239 229 240 232 234 214 215 104  22 157 220 199  53  38 185 214 223 231 235 234 231 242 148 136 237 238 231 232 239 234 233 236 236 232 238 234 236 240 229 135 142 227 177  80  17  19  31  68  94  68  45  26  10   9  16  22  24  22  24 
 49 106 156  97  25  68 125 131 124 137  99  91  91  39   7 125 236 252 242 237 238 236 237 236 237 237 237 236 235 236 236 237 236 236 231 242 231 246 187  22  88 239 226 242 232 230 227 212 194  48  57 206 225  98   7 115 215 215 230 235 234 236 240 234 227 237 237 236 236 237 237 236 237 237 237 236 236 236 241 219 136 130 199 226 188  87  28  28  33  23   9  19  38  69 106 132 156 173 177 158 
152 153  90  28  63 121 123 127 136 111  66 172 168  23  52 214 251 246 231 233 241 238 236 237 236 236 236 236 237 237 237 237 237 237 235 236 239 231 219  63  41 216 237 234 235 238 218 212 220 138  33 118 225  90   4  76 198 215 227 235 233 236 238 235 232 236 236 237 237 237 237 237 236 236 236 236 237 231 240 226 127  86 130 179 198 122  28   7  14  37  90 150 206 231 246 251 251 253 255 249 
151  91  31  66 115 136 119 130 111  52 169 228  83   7 138 252 245 234 234 237 237 237 236 237 236 236 236 236 237 237 236 236 237 236 238 232 242 225 241 141  23 169 247 236 239 236 218 217 206 216 134 112 202  75   5  56 193 215 217 233 233 236 238 237 235 236 237 236 236 236 237 237 237 237 236 237 237 240 237 221 136  78  89  88  58  18  28  84 147 208 239 251 255 250 247 249 251 249 250 249 
 57  33  66 119 129 119 127 124  71 115 244 166  17  46 224 244 231 234 242 238 235 238 236 237 236 236 236 236 237 237 237 237 236 237 238 235 237 238 236 217  88 141 234 238 240 237 214 220 213 221 206 192 196  57   9  53 195 219 213 232 233 237 237 236 235 236 237 236 236 237 237 237 236 237 236 237 236 239 234 224 138  57  47  22  21  84 182 234 248 254 246 248 250 251 250 249 247 249 248 247 
 32  81 120 119 128 122 127  78  72 213 236  86  14 105 244 236 238 239 238 235 238 239 236 237 236 236 236 236 237 237 237 237 236 237 237 238 231 243 227 239 207 193 237 237 234 234 227 210 210 213 212 222 177  41   5  60 193 220 218 232 235 237 236 236 236 236 237 236 237 236 236 236 237 236 237 236 237 233 238 231 115   7   5  55 155 230 253 253 247 246 249 243 244 245 243 237 239 245 242 239 
 96 122 118 120 124 115 115  46 143 253 192  34  17 169 243 232 240 241 234 237 237 235 237 237 237 236 236 236 237 237 237 236 237 236 236 238 233 239 231 232 242 231 243 234 235 235 220 211 209 218 215 214 147  28   7  88 203 216 215 233 237 237 234 235 236 236 237 236 237 237 237 237 237 236 236 236 237 236 232 224 125  62 119 197 248 251 247 248 249 248 242 238 233 231 234 237 236 238 232 234 
115 114 122 119 118 127  73  73 225 251 121   9  55 216 241 236 237 237 236 237 236 235 237 237 237 236 237 237 237 237 237 236 237 236 237 237 236 236 235 234 232 232 236 238 238 235 216 214 214 215 212 213 113  14  17 109 217 209 222 235 236 237 236 236 235 236 237 236 237 237 237 236 236 236 237 236 236 238 235 231 216 213 234 251 251 246 243 241 236 237 237 237 236 235 236 237 237 236 235 236 
123 120 115 122 120 110  40 140 253 224  71   3  98 228 237 237 236 236 237 236 237 237 236 237 236 237 236 236 237 237 237 237 236 237 238 237 236 236 235 236 238 236 233 235 235 234 218 211 212 210 213 205  85  10  25 136 221 210 225 236 236 238 237 235 235 237 236 236 237 237 236 237 237 236 237 236 236 235 234 233 235 239 238 241 243 241 239 237 236 235 236 236 236 237 237 236 236 236 237 236 
123 116 118 119 122  75  47 219 255 186  34  10 150 238 236 236 237 237 237 237 237 236 237 236 237 237 237 237 237 237 237 236 237 237 238 237 237 236 235 235 237 235 233 234 235 232 219 208 216 204 218 190  53  10  35 174 220 214 225 235 236 237 237 236 235 237 236 237 237 237 237 237 236 236 237 237 237 236 235 233 233 234 237 237 234 236 236 235 235 236 236 236 236 236 236 236 236 236 236 236 
106 114 122 115 115  42  98 255 248 143  22  27 180 244 235 235 237 236 237 237 237 237 237 237 237 237 237 236 236 236 236 237 236 237 238 237 236 236 236 236 234 234 236 237 233 225 219 210 218 206 223 168  27  10  55 200 213 216 225 234 236 236 238 236 235 237 236 236 236 237 237 237 237 236 236 236 236 236 236 234 234 235 235 235 234 235 236 236 236 236 236 236 236 236 236 236 236 236 236 236 
 81 118 116 124  98  18 150 251 239  97  16  42 188 244 237 236 236 236 236 236 236 236 237 237 237 237 236 237 237 237 236 237 237 237 238 237 236 236 235 235 234 233 234 230 222 210 214 215 216 211 222 146  17  12  86 211 207 215 223 234 235 237 237 237 236 237 236 237 237 237 237 236 236 236 237 236 237 236 236 235 235 235 233 235 236 236 236 237 236 235 237 236 236 236 236 236 236 236 236 236 
 46 114 115 126  78  26 181 250 229  72  13  55 207 242 231 238 235 236 236 236 236 237 237 237 237 237 237 236 236 236 236 236 236 236 237 237 236 236 236 237 230 223 219 216 213 208 211 215 210 214 216 125  17  14 118 217 210 212 218 235 235 237 238 238 237 237 237 237 236 236 236 237 237 237 236 237 237 236 235 237 236 235 233 232 234 235 235 236 237 237 237 236 236 236 236 237 236 237 237 237 
 21  91 118 121  65  33 204 255 209  59   9  67 216 240 234 238 237 238 237 237 237 237 237 236 237 237 237 237 237 237 237 237 237 237 238 236 237 237 231 224 218 214 211 211 212 213 211 215 205 216 217 109  13  17 148 223 211 213 215 230 234 237 237 237 237 236 237 236 235 234 233 227 231 234 237 237 236 236 238 238 237 237 235 233 235 236 237 238 240 238 234 236 238 238 237 236 236 236 236 236 
  6  42  83 100  48  35 209 255 196  45   5  67 207 237 238 237 238 238 238 238 237 237 237 237 237 237 237 236 236 236 238 238 238 238 236 239 237 231 220 211 213 214 213 213 213 213 211 215 210 213 218 111   8  28 166 218 211 215 212 221 232 238 236 236 236 235 236 234 231 227 223 216 221 230 237 239 238 237 237 237 238 237 236 236 237 237 236 236 235 236 236 236 238 238 238 238 236 236 235 236 
  9   7  17  27  13  40 194 255 191  38  13  52 198 240 231 237 236 237 237 237 237 237 236 237 237 236 236 236 235 236 237 237 238 238 235 239 233 216 210 216 214 214 213 213 213 213 213 214 218 209 218 124   5  43 177 211 215 214 210 214 227 236 239 237 236 236 235 232 225 218 211 214 217 224 230 235 238 238 237 237 235 234 233 233 235 235 235 237 237 238 239 236 233 233 236 238 236 237 237 236 
 23   7  12   8  22  19  80 187 186  42  17  34 178 246 230 236 236 236 236 237 237 237 237 237 236 237 237 236 234 236 237 237 238 238 237 234 225 212 209 216 214 213 213 213 214 213 216 210 220 209 221 136   5  50 191 213 214 209 211 212 220 227 233 236 237 236 231 225 218 214 213 213 214 216 221 225 228 228 227 226 224 223 222 221 222 225 227 230 232 235 236 236 234 235 235 235 237 237 237 237 
155  98  43   8  10  22  19  50  84  35  19  18 137 233 229 235 234 235 236 236 237 237 237 237 237 237 237 236 235 235 236 236 236 236 235 226 216 215 216 215 214 214 214 214 214 214 218 210 216 213 224 160  22  38 186 218 211 206 214 213 212 215 223 229 231 227 220 212 211 212 215 214 213 213 214 215 217 215 213 213 212 210 209 211 213 213 214 215 214 221 233 236 239 240 239 237 237 237 237 237 
247 227 186 116  39  12  10  16  25  23  21  12  81 195 221 233 233 234 235 236 237 237 236 237 236 237 237 237 238 236 235 234 234 234 227 216 213 216 217 213 213 214 213 214 213 213 216 214 214 212 218 197  72  19 162 217 210 210 213 214 210 210 215 219 217 216 213 212 211 213 213 214 214 214 214 213 213 214 215 215 214 214 213 215 216 215 215 213 213 215 223 227 232 235 238 239 236 237 237 237 
247 250 248 240 191 106  34  15  11  20  22   9  40 151 209 230 231 233 235 234 236 236 237 236 236 236 236 237 238 238 236 234 230 225 212 216 209 216 213 211 214 212 214 216 216 216 214 219 214 211 213 222 127  10 123 218 212 210 216 212 209 213 214 211 209 211 216 216 213 213 215 214 214 213 213 211 209 213 213 212 213 214 215 213 211 212 212 212 213 213 213 213 216 220 227 232 233 235 236 236 
247 249 250 246 253 242 186  94  19  10  18  12  17  80 181 216 215 228 234 233 234 237 237 237 237 236 236 237 238 237 233 226 217 212 212 212 212 213 210 216 226 208 204 207 200 199 199 206 203 207 208 212 205  70  32 161 218 217 214 215 211 215 209 209 218 212 215 210 211 217 213 205 209 215 220 221 219 217 218 217 218 216 214 215 216 217 217 215 213 213 215 215 212 210 213 216 215 222 229 231 
248 249 250 248 249 247 253 229 150  62  11  16  18  16  98 192 211 213 218 232 235 231 232 232 231 232 232 232 232 226 219 214 213 214 207 208 217 202 224 196 127  99  82  77  74  73  75  70  73  86  88  87 105  66   8  31 118 189 208 216 218 211 206 209 213 211 207 215 224 195 146 111 119 134 149 161 167 168 181 198 203 204 210 210 211 216 220 219 214 210 212 218 218 215 210 208 209 214 216 216 
249 250 250 245 252 243 241 251 246 205  92  15  11  15  28 104 183 222 214 210 216 217 217 217 217 217 217 217 216 212 209 210 215 216 215 220 208 225 155  59  16   4   1   1   4   5   6   2   2   4   2   5   5  13  20  12  15  60 123 168 199 209 214 216 210 211 205 181 136  80  36  16  14  13  17  28  37  41  51  64  73  85 100 113 122 136 151 164 171 178 188 199 209 212 215 215 212 217 217 215 
250 249 250 249 241 243 249 248 249 249 219 107  14  21  20  11  87 175 204 213 217 213 213 212 213 212 212 211 210 212 213 214 214 216 215 203 217 161  35   6  17  37  49  44  45  41  42  33  38  31  30  32  19  14  15  21  17  14  21  46  77  98 114 124 117 106  90  62  30  13  16  13  12  12  13  14  14  15  13  12  11  10  12  11  12  16  22  31  38  46  60  69  81  92 103 116 141 148 159 169 
250 250 249 242 246 247 248 243 245 242 248 223 114  10  10  27  20  41 111 187 212 211 216 214 215 215 216 215 213 215 216 215 212 209 206 223 162  25  13  29  64 140 184 177 175 175 173 168 177 166 171 158  70  16  32  59  76  56  21  16  11  10  13  16  19  20  13  13  12   8  10  23  30  39  42  35  29  27  24  20  19  17  15   7   4   3   5  10  15  16  12  13  11  10  12  16  19  24  31  37 
250 250 249 245 251 242 243 249 242 245 243 244 217 128  37  10  12  13  25  61 128 187 213 213 213 211 210 210 213 212 211 213 215 217 219 147  30  56 101  35  37 142 211 206 207 214 216 209 215 205 215 171  58  13  59 106 103 101  77  50  28  20  15  11  13  14  17  20  20  37  72 105 102  94  91  89  89  82  78  70  60  63  79  95  96  82  61  36  17  14  20  21  20  17  15  15  13  13  11   8 
250 248 245 250 249 247 245 245 243 243 242 237 238 214 147  63  20   9  14  16  23  48  98 155 191 211 217 211 216 225 215 221 220 194 119  23  63 185 144  33  26 105 208 203 206 207 201 208 201 201 211 133  20  14  60  99 103 104 101  99  87  67  49  41  39  37  40  27  56 141 211 226 185 128 101 104 106 105 101 102 109 134 194 224 227 211 128  39  21  54  76  66  67  65  56  47  29  17  13  40 
250 242 250 250 249 247 246 244 243 242 242 235 233 235 217 184 123  53  17   5  12  12  10  31  67 110 139 155 175 179 178 159 110  53  12  80 185 234 141  33  23 108 201 206 208 196 101 157 208 211 200 105  13  16  62 103 101 105 106  99 106 105  99  94  93  98  82  38  35 108 185 222 227 212 187 168 151 151 160 174 190 206 220 234 220 134  31  18  61  98 106 103 105 106 103  95  54  18  49 161 
244 245 243 250 249 247 246 245 243 242 242 236 228 228 220 221 213 184 129  59  20   8   6  10  16  11  18  39  45  41  30  12   8  24 125 213 223 209 145  30  13 108 204 217 204 122  34 147 212 214 192  89  15  18  59 105  98  99 107 103 103 102 100 101 101 101  99  57  17  23  48 104 146 186 209 223 230 231 231 226 229 231 215 184 108  22  19  67 101 105 102 104 102 102 103  93  47  11  68 206 
244 251 243 249 249 248 245 243 242 238 237 236 234 231 216 216 214 214 220 196 150 104  53  20  12  10   6   7   8   6  11  29  95 177 226 219 217 214 130  34  25 110 200 206 168  42  65 187 211 211 194  87  17  18  48  99 105 102 104 106 101  99 102 107 108 104 102  75  40  16   8   8  20  46  72  93 110 117 125 124 119 110  80  42  20  34  74  94 101 106 106 108 104 106 105  87  33  12  91 206 
208 230 250 249 248 247 245 244 242 240 235 230 232 229 220 215 212 214 221 220 213 205 189 159 127  99  85  82  80 103 150 187 208 221 216 212 216 221 132  24  17 123 217 198 100  16 128 211 207 210 202 102  19  15  33  75  99 108 102 100 100 102 105 102 100 106 101  95  79  50  24  19  10   7   6   5   5   6   7   8  11  17  23  28  60  97  99 104 106  97 101 103 101 108 103  75  20  18 129 219 
 92 219 246 248 249 246 245 243 242 237 233 232 230 222 217 216 218 218 212 211 218 217 220 225 213 214 216 212 217 220 220 220 218 215 216 218 220 213 124  15  24 147 207 163  25  65 191 214 207 212 212 144  36  10  21  38  71 101  99  99  89  89  93  98 102 105 101 104 106  94  80  66  49  38  34  29  34  37  31  38  51  59  78  96 101 101 103 101 101 103 106 104 100 108  96  59  14  40 179 220 
158 248 238 248 247 244 242 241 241 232 233 226 228 227 221 220 215 213 214 215 215 216 211 211 221 219 214 212 211 219 218 203 175 145 129 134 179 223 107  12  49 171 210  70  19 153 212 207 210 210 215 187  90  21  10  16  27  36  35  35  37  37  81  98 101 100 100 101 103 104 105 101  97  92  88  90  96  94  91  96 100 101 101 104 101 106 106 100 106 101 103 107 101 107  81  31  22 109 215 230 
238 246 243 244 242 241 238 236 234 236 236 232 226 220 213 207 212 218 219 217 219 219 220 219 213 213 218 220 213 181 134  78  37  20  22  58  88 141  85  12  98 210 126  19  94 198 215 207 213 211 205 212 188 123  60  34  30  40  59 104 122  55  71  96 107 101 103 104 103 103 103 103 107 109 106 104  99 102 105 105 104 104 103 102 101 106  98 100 106 103 107  94 104  93  46  15  69 193 226 219 
230 241 238 235 236 237 238 237 236 231 223 230 220 215 218 217 219 216 212 213 217 213 215 218 216 220 197 152  95  43  12  22  59 101 117  85  51  64  46  19 148 172  27  52 175 219 213 206 212 211 211 213 213 203 179 172 170 180 195 212 154  40  68 108 101 106 104 103 103 102 102 101 102 103 105 103 103 102 102 104 104 103 101 112  96  62  46  66 105 109 101 109 106  51  17  54 167 228 227 214 
218 224 230 234 235 234 233 230 226 233 223 227 220 210 218 220 218 211 213 222 221 219 221 212 194 140  64  21  10  36  98 156 189 212 208 178 138  60  14  43 127  50  33 162 211 203 210 213 207 150 118 188 223 212 223 226 218 211 216 214 122  31  63 100  99 102 100 101 103 102  99 107 100 100 104 103 106 105 104 104 104 104 101  95  54  20  15  31  64  80  86  69  37  16  78 180 228 215 222 225 
187 188 208 223 226 230 231 231 230 229 219 215 217 180 160 189 206 208 210 210 188 161 132  91  47  14  24  70 123 175 218 222 216 216 217 224 187  63   8  22  23  33 140 218 207 221 214 188  98  43 143 217 204 206 211 211 212 213 217 202 106  35  51  89 114 102 101 104 108 105  97  67  66  89 108 104 102 103 104 105 104 102 101  89  33  11  18  10  13  19  22  21  52 123 197 226 217 224 224 223 
172 182 181 191 199 208 215 217 217 214 215 202 208 118  47  89 115 111  95  81  59  36  19  10  25  81 154 195 216 230 215 209 217 214 192 149 145  55   6  12  50 158 210 213 216 210 149  53  43 141 213 221 209 213 218 217 215 210 212 209  93  20  35  74 100 104  98  96  88  67  44  24  34  72 102 105 105 106 104 104 104 101 103  76  16  32  98  84  66  72  86 131 187 223 230 220 218 228 219 218 
192 185 181 181 183 184 185 186 182 178 192 182 197 122  29  48  95 105  61  39  33  36  66 108 161 208 221 215 210 190 177 176 153 113  70 107 144  44  20 103 190 225 214 216 188 102  27  53 154 222 217 211 216 216 217 217 218 216 217 205 108  21  16  45  56  64  55  43  30  31  53  77  39  54  96  99 105 100 108 110 103 100  93  49  17 104 216 211 196 206 217 229 230 219 219 230 227 222 219 222 
184 181 185 185 186 182 180 184 188 182 189 179 186 144  38  29 117 199 192 178 178 175 193 219 228 222 220 222 179  91  52  42  32  39 112 195 137  17  73 204 206 171 156 103  35  21  89 169 219 218 215 213 214 218 218 218 219 219 222 215 157  59  11  10  10  10  15  36  70 130 201 179  69  23  63  93  99 104 103  94  99 102  62  15  65 185 233 228 228 223 225 223 223 224 224 223 223 225 225 224 
180 182 184 187 182 184 191 188 178 179 183 183 187 162  54  14  62 161 227 220 218 227 223 220 213 212 216 217 172  99  70  71 103 155 207 202  70  27 141 183  79  38  23  18  46 132 204 221 219 212 217 218 216 218 218 218 219 220 217 216 212 162 108  89  92 101 130 174 205 219 227 221 133  39  24  62  74  87  95  91  72  43  19  62 173 233 218 220 228 226 225 225 225 224 224 225 225 224 225 224 
184 186 177 134 110 112 145 175 191 188 186 187 183 176  80  21  19  84 194 225 219 220 215 216 219 223 224 224 217 201 195 197 208 224 228 162  73 122 200 133  58  64  77 123 189 218 214 215 213 213 222 221 217 218 219 220 220 220 222 221 221 225 221 217 221 227 224 224 224 224 225 226 198 118  38  16  18  21  21  22  27  56 130 200 232 224 221 225 220 229 225 225 225 225 225 225 225 225 225 226 
188 133  66  20  11  15  37  87 150 178 186 189 183 186 131  36  17  28 105 209 224 210 223 220 221 222 219 217 219 217 226 226 182 125  93  83 107 185 218 197 186 193 208 221 223 217 218 222 222 220 219 218 218 218 219 220 220 221 221 219 221 225 220 218 223 216 223 224 221 220 216 225 225 204 145  91  81  92  90 113 161 198 228 230 229 225 227 232 223 225 226 226 225 226 226 226 226 226 226 226 
121  38  11  18  10  10  10  16  43 108 150 169 178 184 175  64  23  10  29 124 211 227 222 221 221 220 220 222 216 215 217 157  58  14   4   4  11  45  90 166 225 222 220 215 210 218 220 218 219 219 219 222 222 219 220 220 221 222 218 217 226 223 218 220 222 222 224 218 221 227 225 223 222 230 231 221 219 216 217 226 233 231 228 224 225 228 216 222 232 227 226 226 227 227 226 227 227 227 227 227 
 29  54 125 125  71  31  11  11   8   6  41  63  80  87  93  41  11   6  13  25 109 197 219 227 221 221 222 215 213 219 209  91  10  26  41  37  14   8   9  25  89 163 216 222 225 217 214 218 220 220 220 222 222 220 220 220 221 220 221 225 222 217 224 225 217 226 227 224 224 224 216 225 228 224 219 223 225 225 228 227 224 226 226 229 222 227 228 223 225 223 228 226 227 228 227 226 227 227 227 227 
 54 176 199 200 180 125  45  14   9  14  12   4   6   5   6   5  30  14  10  12  27  96 166 215 221 218 223 216 215 213 220  94  11  15  55  86  68  38  27  12  10  28  87 165 207 222 219 219 216 215 223 219 216 220 219 222 224 222 223 223 224 224 225 224 227 229 228 227 226 225 225 225 226 228 228 227 227 227 227 228 228 227 227 227 228 228 228 228 226 228 229 225 227 230 229 227 228 227 226 225 
165 201 190 196 201 195 165  58  10  21  32  43  31  40  30  14  46  51  22   7   8  16  38 112 192 218 220 224 219 219 222  98  12  18  35  83  97  86  68  45  20  12  10  26  83 158 214 230 226 215 214 221 220 220 221 222 221 221 222 224 224 224 225 225 226 229 227 227 227 226 226 226 226 226 227 227 227 227 227 227 227 226 225 225 225 229 231 231 228 226 224 225 227 230 228 227 230 225 230 230 
201 204 194 188 198 187 203 146  29  14 111 197 194 192 113  14  22  62  41  12  19  19  17  24  66 139 192 205 218 198 129  32  12  17  29  66  88  93  94  88  76  54  27  14  15  27  76 143 209 232 223 217 221 224 224 224 222 224 225 224 224 225 226 226 226 227 226 227 227 226 226 227 226 226 226 226 226 227 227 227 227 226 227 227 228 228 229 227 226 226 227 227 227 229 229 227 223 222 231 231 
193 199 204 202 199 189 188 190  89  15  74 199 254 253 212  87   5  13  16   0   4  11  19  16  13  20  42  67  80  50  20   5  18  14  16  42  72  90  94  95  93  89  73  49  28  18  10  20  68 135 191 225 226 221 225 224 221 222 224 225 225 226 227 227 227 226 227 227 227 227 228 227 227 226 226 226 226 226 228 228 228 229 228 231 232 229 226 225 225 228 233 230 228 225 227 230 229 226 225 226 
206 198 199 198 195 203 193 190 164  50  12 109 236 254 251 208  95  32  36  49  64  88  78  34  22  13   5  13  15  13  22   8  15  36  16  15  26  42  66  93  95  99  98  92  77  49  25  14   9  13  47 101 165 206 222 231 226 220 220 225 225 226 228 228 227 225 225 226 228 228 228 227 227 227 227 226 226 228 229 230 229 229 229 226 226 228 231 232 231 228 224 228 228 226 227 228 228 226 220 232 
206 199 197 200 203 190 203 197 192 109  25  34 165 247 248 252 217 187 196 203 212 223 219 168 112 113 118  85  37  25  13  22  64  83  55  28  17  18  29  54  79  89  89  90  96  92  78  59  39  21   9   8  23  60 118 173 204 222 229 230 228 226 225 227 227 224 224 226 228 229 229 228 228 228 228 227 226 228 228 227 228 232 231 227 229 230 218 201 182 185 211 224 233 228 226 225 229 226 216 220 
196 208 196 203 203 200 199 197 197 179  78   5  67 194 248 250 249 249 248 250 253 255 255 246 218 172  92  25  20  28  19  25  72  92  86  78  48  24  17  17  29  60  88  92  91  98 101  96  85  67  44  27  14  12  16  23  52 104 146 178 208 227 227 229 231 229 227 222 224 230 228 229 226 229 232 226 224 225 221 231 226 217 220 217 231 199 102  44  37  41  83 159 219 231 233 218 167 100  94  88 
208 202 204 204 203 201 199 198 197 201 144  45  13  96 208 254 254 254 255 250 236 217 181 124  66  21  16  45 112 110  18  20  60  88  95  97  86  68  44  24  31  58  89  96  94  95  95  96  99  97  92  90  72  49  33  22  14  12  17  35  69 109 146 184 208 217 238 241 234 228 223 225 227 225 223 227 229 228 219 203 137  87  93 123 120  66  16   8  19  20  23  58 136 232 199 106  33  34  34  18 
206 197 204 206 203 202 201 199 198 200 195 122  24  15 101 178 185 168 152 123  92  62  32  16  24  57 118 165 185 140  30  20  47  87  88  91  93  96  92  75  81  92  97  93  90  96  98  99  99  99  99  96 101 100  87  78  66  48  32  16  11   7  10  33  53  81 117 147 172 203 227 213 232 232 227 236 231 237 175  76  23  38  35  29  26  16  42  63  43  24  19  21  60 161  92  33  68  82  80  60 
205 205 204 205 204 203 202 201 200 192 198 190 110  23  14  32  31  22  11   9  15  26  52  95 140 179 188 183 189 149  61   8  31  66  93  96  88  85  94 100  97  96  93  89  92 100  96  94  94  95  97  98 103 105 103 103 100  94  89  84  70  53  37  20  12   8   8   9  21  43  58 108 142 156 172 206 221 198  82  41  88  94  81  56  27  23  56  91  91  65  26  18  27  75  34  53 103 105  99 104 
201 213 203 204 205 203 202 201 201 201 198 207 177  97  48  33  35  45  57  79 112 137 167 189 184 186 187 175 178 187 114  21  16  33  70  90  93  86  88  94  92  94  97  98  96  92  94  95  96  98 100 101 102 103 101 100 100 104 105 102 102  99  93  83  73  57  46  31  24  19  14  11  13  14  23  46  63  53  21  60 109 104 105  98  76  46  31  60  98 105  60  19  18  38  24  55 102 111 100  99 
171 211 206 206 204 204 203 202 202 199 203 200 193 185 161 157 167 172 180 186 193 195 189 185 186 181 184 186 182 187 175  98  14  26  32  66  89  92  92  91  96  94  93  95  97  93  93  96  97  99  98  98  99  99  98 100 102  99  99 107 106 103 101 104 108 104 103  93  86  81  68  55  46  40  30  16  12  12  19  66 103 102 104 100 105  78  33  50  93 112  82  25  23  35  37  32  66 100 104  99 
114 210 201 201 210 204 205 205 201 199 201 199 197 201 200 197 197 196 194 192 189 188 187 186 189 188 183 183 180 172 191 103  12  19  18  28  60  85  96  95  93  91  87  96  94  97  95  94  98 100 100  99 101 102 100 101 103 100  97  99 104 108 107 105 103 105 105 104 105 107 107 104  95  92  93  84  72  46  17  47 102  97 100 108 104  97  44  45  96  99  81  33  17  54  67  30  37  59  80 105 
 50 166 216 208 213 202 204 202 205 203 201 200 200 198 197 196 194 194 192 191 190 193 188 181 188 187 183 183 192 189 116  26  45  33  15  15  25  44  66  91  93 102  91  94  95  95  99  99  99  98  98  94  97 100 101 102 101  96  84  69  74  78  83  88  90  93  93  93  95  97  98  98 100 107 112 105  94  41  17  35  81 103 102 103 102 101  68  68 101 104  85  31  18  58  74  50  41  40  42  69 
 12 109 215 211 208 204 209 202 206 204 203 201 200 200 200 198 196 196 194 193 191 194 193 191 194 186 186 192 189 111  24  22  49  52  58  46  13  17  31  52  72  95  96 101 100  92  95  96  97  99 100 100 100 100 101 104 101  94  78  53  47  39  35  37  39  44  44  45  47  49  51  55  59  61  59  54  51  32  24  23  54 101 104  97 105 101  94  94  96 109  78  18  27  53  56  58  61  49  29  32 
 10  55 172 214 207 207 215 207 203 205 204 204 203 201 201 199 198 197 196 194 193 194 198 192 184 198 198 174  99  13  79 112  40  39  73  86  29  17  14  17  38  49  70 100  99 100  98  94  96  97  99 101 102 101  99 101 103 100  98  94  82  67  51  41  35  26  25  24  23  24  24  26  27  29  31  39  59  66  43  20  32  74 100 102 105 101 101 100  98 109  62  19  49  69  48  48  67  77  61  36 
 42   9 110 213 217 206 212 210 207 208 206 205 205 204 203 201 200 199 198 196 197 192 195 198 199 196 135  57  10 103 210  79  30  53  80 120  64  29  23  18  15  15  19  46  61  82 101 103 104 104 101  98 101 102  98  99 103 106 107 106 105 101  95  88  83  78  74  69  65  62  61  57  61  68  74  87 102 106  70  33  25  40  85 105 102 103 100 103 108  89  35  22  64  84  56  41  48  81  90  63 
126   8  44 165 210 213 208 210 208 209 208 207 206 204 204 202 200 199 198 198 196 194 198 201 170 100  39  34 130 231 161  16  29  75  92  76  25  49 105  59  19  41  18   9  21  34  51  64  78  92 101 100 103 103  98 100 103 102  99  98 100 102 105 105 105 105 104 101 101 100 100  96  97 100 102 103 102 108  95  58  23  24  66 100  96 105  99 105 100  44  25  34  68  80  63  51  42  65  87  81 
207  48  10 104 202 211 212 209 210 206 205 205 206 207 206 201 200 201 199 196 202 207 184 136  65  13  61 161 246 168  31  14  39  62 116  75  20  66 112  94  71  72  31   6  22  18  16  19  30  45  56  76  85  92 102 106  99  99  98 104 103 107  96 102 105 104  95 101  99  98 103  98 103 101  97  99 103 108 107  80  36  22  51  97 104 102 103  96  58  28  46  50  63  80  72  58  52  49  77  86 
237 125  14  42 164 220 216 207 203 207 203 202 202 203 207 203 202 202 205 206 192 154  87  26  20 102 206 250 158  33  23  18  57  68 114  99  17  72 138 129 140  89  27  34 121 113  39  31  23  16  16  18  27  35  43  56  76  95  88  94  98  96 100 103 102 101 101 114 109 106 101 109 102  97 120 105 107  91  97  88  49  16  36  69  91  91  81  50  24  53  72  53  50  82  75  56  59  40  67  85 
248 215  57  11  89 205 212 208 211 205 208 212 209 204 206 199 204 211 199 163  98  33  18  63 158 246 232 134  22  43  37  23  96 116  89  61  17  53 107 120  49  30  18  37  87 121  93  79 130  48  32  61  25  28  13  14  26  26  22  42  48  47  65  44  61  65  71  70  62  73  68  55  69  47  56  45  37  48  29  30  13  21  18  37  34  32  24  18  37  78  86  57  46  79  78  59  66  41  55  83 
244 254 135  24  27 139 215 206 209 207 209 207 209 210 209 211 192 147  90  34  15  49 137 222 254 201  94  18  49  95  25  32  82  82  74  32  28  70  91 115 101  16  35  32  95 111  69  88 117  60 102 124  97  87  57  56  44  38  67  31  23  23  21  18  32  21  14  19  15  18  20  23  17  26  36  44  30  30  32  52  75  26  18  17  12  19  30  22  29  68  91  57  43  79  80  58  67  45  45  79 
211 254 215  70   3  59 187 218 211 211 208 212 217 205 183 139  74  21  12  45 126 208 248 237 164  53  15  57 119  92  34  14  75  76  64  30  30 142 146  77 145  45  16  57 153 122  73 131  87  72 124  88  59  69 149 146  83  70 126  81  42  33  58 117  81  86  38  47  45  42  55  68  62  72  85 120  70  78  70  82 103  38  21  42  33  34  43  18  16  50  86  59  43  78  82  56  63  54  41  72 
133 232 250 164  34  14  88 191 213 215 203 180 148  99  51  18  17  56 126 202 250 253 190  89  24  22  80 140 136  56  11  43 119  96  46  27  49 201 155  90  67  49  22  78  85  66  56 105 133  65  50 111  42  44 151 102  69  88 126 139  88  81  97 109  45  58  48 112 143 127 102  91 153 107 108 133  85  65  73 126  65  32  39  85  28  21  38  19  25  52  86  63  41  73  84  60  59  62  38  63 
 46 154 235 234 104  20  19  96 118 103  80  44  20  14  31  71 142 211 247 246 193 111  43  15  49 110 132 131 121  50  11  74  56 105  68  15  47 137  38 110  82  24  29  50 113 101  54 141 141  83  60  92 135 119 111 114  83  72  90 117 104 130  84  57  49  73  45  84 124 138  94  62  89  61 121  90  84  78  81  46  39  29  77  34  14  67  74  21  19  52  89  67  38  69  87  61  55  66  37  56 
  7  81 220 250 203  69  14   7  15  14   7  29  68 115 179 228 251 243 196 125  44   9  32  75 124 139 128 139  96  22  23  78  70  55 100  32  61  82  79 147 123  74  18  29  74 119  75 124  96  77  56  68 140 130  94  99  86  35  37  59  75 133  27  49 138  88  56  99 150 101 101 105  79  75 123 106  67 121 121  68  34  44  73  47  19  79  57  19  20  54  89  67  35  68  91  55  51  64  41  52 
  3  67 214 239 249 180  83  48  64  84 131 176 214 251 255 236 180 109  45  12  22  71 109 130 141 131 131 133  71  16  54  56 126 101 106  31  26  47  72 124 129 102  46  24  66 134  92  74 132  76  79  90 109  39  75  92 107  73  91 107  57  72 131 138 113  93  94 146  84  60 117 125 103 105 107 123  42  91  78  22  40  53 115  58  22  63  27  11  15  54  90  68  36  65  89  57  51  68  44  52 
 21  20 141 253 244 248 227 212 227 234 252 254 244 212 139  82  32   6  22  58 106 138 132 133 135 137 140 113  42   6  49 114 137 128  80  34  26  47  38 137 187  63  32  35  40 149 162 122  61  63  92 119  99  98  56 105 152  76  64  88  83  69 144 192 108 121 102  93  89  46  66 145 119  58  91  86  93  39  22  20  81 125  94  43  40  79  35  28  16  60  91  68  37  65  86  56  50  72  45  48 
 55   5  63 214 242 250 252 255 251 231 207 158  96  43  18  14  30  66 108 134 131 129 128 130 129 133 142 100  18  15  52  58 153  86   9  18  81 127 110 106 133  81  84  68  41 128 105  73  57 111  77  82 116 106  53  70 159  96  75  98 128 136  86 108  71  48  85  65  95  76  52  97 111  82 142  86  93  66  17  28 112 118  29  20  29  75  25  21  17  67  90  66  41  70  85  51  51  75  43  42 
 92  28  17 129 242 238 203 180 139  95  55  21  11  16  44  81 115 132 128 130 131 130 130 145 136 128 133  73  12  58 107  29 108 110  54  32  78 164  77  45  70  62  51  78  79  58  44  77 114 140 134 126 126  84  86 123  74 101  66  38 138 166  67  78  85 100 124  83  78 105 153 144  50  69  78  66  57  40  65 100 106  94  20  38  41  88  21   9  22  79  90  61  45  77  83  45  58  79  45  38 
118  53   9  48 105  88  65  29  18  14  21  41  72 102 120 130 131 129 129 128 127 137 134 136 138 140 121  42   3  69 100 106 136  87  68  50  35  55  67  97  82  61  71 133  79  56 119 122 128  93  71 165 130 126 180 116  66  59  60  94  99 132 108 154  87 126 173 145  42 110 165 162 173  70 102  62  22  64  96 119 119 113  13  77  81 130  50  15  29  85  89  58  47  82  82  41  64  85  47  39 
123  95  27  14  11  10  15  25  41  69  92 114 127 131 133 130 128 131 134 136 137 139 140 147 139 139 103  27  15  26  72 180 147  79 103  60  18 100  94  71  58  78  91 182 140  49  89  62  91 118 144 152 150 100 156 108  83  78  96 104 122  76 135 164  92  85 115 107  36  82 135 184 152 102  77  31  85 194 118 102  62  28  31  79  98  75  28  17  50  85  84  49  48  90  72  37  73  82  45  45 
121 110  72  40  49  64  81 101 116 119 128 134 129 126 129 132 134 136 138 140 143 141 140 143 144 131  66  13  24 106 160 224 144  99  83  73  25  49  66  96  94 106 125  97 124 104 127  96  75  88 160  95 135  68 106  93 115  99 113  62 128 154 137  82  89  71  44 153 110 116  69 109 117  68  31 137 155 136 125 129  58  13  92  73  91  68  20  21  62  98  73  41  62  92  59  38  81  84  45  47 
124 120 119 108 116 124 128 127 129 127 129 130 127 126 131 137 139 140 142 145 146 146 144 135 141 116  40  11  70 136 141 165 108  33  70 127  63  19  99 180 165 161 156 115 108  96 119 149 130 100 134  65  61 163 103 132 155 146  84 110 150  79 132 113  53 102  73 182 184 103  64  59  55  17  52 121 100  79 140  82  37  70 108  48  96  75  13  39  77  92  62  37  81  88  42  46  89  85  42  49 
135 121 124 123 127 128 125 122 121 126 130 135 139 142 146 144 142 143 143 145 145 145 145 138 138  92  22  10 123 174 115  99 129  98 167 138 115  42  92 150  93  65  80  55 108 187 129  86 117 182 128  80 122 121 115 156 182 187 118  90  91 104 118  94  90  78  75 115 181 148  49  25  92 110  49  38  91 121  85  21  57 167 114 109 112  42  13  61  87  82  55  47  92  77  32  59  93  82  38  51 
143 128 123 124 128 132 135 138 143 144 145 147 148 147 146 144 145 143 144 145 146 142 140 146 127  58   9  30 165 241 143 156 200 159 161 147  80  92  40  51  57  64  89 113 136 181 155  79 102 112 184 119 133 143 119 133 153 118 163 162 140 152 133  96  99  93  84 101 178 116  73  65 125 103  79  45  89 167  35  40  51 110 147 186  93   8  34  77  91  79  56  69  91  61  35  74  94  80  38  56 
144 142 142 143 146 148 146 145 147 152 150 146 146 147 147 147 147 147 147 147 147 147 141 144 101  23  20  58 170 204 163 167 166 147 159 154 106  85  67 101  61  77 123 161 140 142 139  44  54 146 163 169 198 190  65  37  79 143 192 196  98 140  97  90 111  84 112  72 109 135 168 135  88  54  76 137  87  43  32  42  68 128 155  93  32  23  64  85  99  62  60  92  86  46  40  89  94  80  41  61 
148 148 148 150 151 151 150 150 149 150 150 147 147 148 148 148 148 148 147 146 146 143 139 136  72  14  21 121 148 144 171 199 173 160  99 170 171 136 127 130 126 134  95 156 118 103  86  45  84 165 168 146 200 198 126  65  66 109 124  86 121 133  51  49  67 125 114  45  73 121 189 187 130 119 125  63  33  41 173 105  76 134 192  41  16  45  81  89  78  63  73  94  76  36  61  90  96  81  38  77 
152 152 151 151 151 151 151 151 152 150 150 149 148 148 147 148 148 148 147 147 146 149 148 115  34   0  47 119 103 129 191 192 124 153 109 162 142  99 116 139 106 114 194  99 118 146 102 104 119 149 131  80 133 145 149 147 153  79  49  91 173 214 164 105 109  87 136 101  69 107  91  45 112 133  84  59  31 129 205 198 150  81  52  16  29  69  99  91  64  67  86  92  60  37  76  90  93  74  38  90 
153 155 155 153 152 153 153 153 153 152 151 151 149 149 149 149 149 149 148 148 147 149 141  82  12  14 114 165 106  94 146 189 156 223 163 115 139 143 149 139 114 188 115  29 105 122  93  67  80 122 138 146 101 144 111 126 108 106  99 146 168 206 128  55 119 104  78  99 119 104  79  54  52  55  73 112  82 175 127 129 158  79  12  25  56  96 101  77  67  79  97  85  40  44  89  92  92  62  42 103 
154 155 154 155 155 155 155 155 155 153 153 152 152 151 150 150 150 149 150 149 148 146 125  42   7  51 162 141 106 150 226 200 149 153 132 115 182 207 180 175 155 185  92  79  72 138  63 154 143 112 145 129 137 128 139 119 152 198 197 134  79 142  76  90 146 186  85  97  92  75  51 101  77 109 189 118 103 145 115 114  76  16  22  57  93 105  82  60  76  97  97  67  30  58  96  93  93  53  51 121 
156 154 152 155 156 155 156 156 156 155 155 154 153 153 153 153 152 151 151 150 150 145  98  16   9  93 188 160 152 112 172 220  90 149 187 208 192 117 131 184 211 156 199 139  69 165 126 177 148 152 153 109 184 149 136 127 176 177 121  51  58 104  98 174 124 137 140 151 142 145 162 165 155  89 144 122 110 149  80  78  30  38  61  95 103 100  76  67  83  96  85  44  39  81  95  95  92  50  65 136 
159 157 154 157 157 157 157 157 157 156 156 155 155 154 154 153 152 151 151 150 152 136  51  10  27 149 222 194 145 209 161 133 145 160 174 182 225 110 125 116 182 167 100 120  91 153 187 156 114 132 160 163 114 104 104 126  99 160 105  87  92  60  80 159 144 132 156 207 207 117 123 142  63  98 169 113  83 187  52  17  32  81  98 102  99  81  71  84  92  95  73  28  57 106  90  96  86  47  77 147 
159 159 157 158 158 158 158 157 157 158 156 156 156 155 155 158 150 155 155 151 151 113  30  12  55 145 222 184 159 202 227 180 174 178 210 144 187 126 170 159 183 171  86 109 127 160 154 177 142 132 166 138 110 163 172 131  90 176 191 159 114  80 108 189 127 132 183 175 167 190 141 149  89 111 148 146  41  43  31  62  90  93 105 102  91  79  78  91 100  86  50  33  86 111  93  95  80  45  91 153 
159 160 159 159 159 158 157 157 156 158 158 157 157 156 155 158 149 155 152 155 139  67  11  23 112 145 204 234 202 170 237 194 192  99 122 185 191 139 172 163 183 132 151 193  82 135 192 194 133  80 161 160 135 117 152 211 210 209 116 103 129 168 192 164 130 133 236 130 149 203 215 151 187 235 138  58  22  37  66  92 100  99 101 103  86  92  93  92  99  67  27  55 112 105  96  95  74  48 111 156 
160 160 160 160 160 159 158 158 157 158 158 158 157 157 156 153 156 151 147 159 108  23  19  44 107 141 168 213 114 119 219 154 145  64  96 165 211 141 123 146 181 189 177 166  19 146 121  99 113  97 149 151 142 188 197 225 192 189 168 141 177 207 186 129 125 200 234 147 202 156 177 191 144 120  43  24  61  88  93  99 100  97  96  95  92  96  94  95  88  47  30  87 119 102  94  95  63  60 134 155 
