233 233 233 234 234 234 234 234 234 234 234 234 234 234 234 234 234 233 234 233 234 234 234 234 234 234 234 234 234 234 234 234 234 234 233 234 234 234 233 234 234 234 234 234 234 234 234 234 234 234 234 233 234 233 233 233 233 233 234 233 234 234 233 234 234 234 234 234 234 234 234 233 234 233 234 233 234 234 234 234 234 234 234 234 234 234 234 234 234 234 234 234 234 234 234 233 234 234 234 234 
234 234 234 234 234 234 234 234 234 234 234 234 234 234 234 234 234 233 234 233 234 235 235 235 235 235 235 235 235 235 235 235 235 234 233 234 234 234 234 234 234 234 234 234 234 234 234 234 234 234 233 234 234 234 234 234 234 234 233 234 233 234 234 234 234 234 234 234 234 234 234 234 234 233 234 233 234 235 235 235 235 235 235 235 235 235 235 235 235 235 235 235 235 235 234 233 234 234 234 234 
233 233 233 233 233 233 233 233 233 233 233 233 233 233 233 233 233 233 234 233 234 235 234 234 234 234 234 234 234 234 234 234 234 234 233 233 233 233 233 233 233 233 233 233 233 233 233 233 233 233 233 233 233 233 233 233 233 233 234 233 233 233 233 233 233 233 233 233 233 233 233 233 233 233 234 233 234 235 234 234 234 234 234 234 234 234 234 234 234 234 234 234 234 235 234 233 233 233 233 233 
234 234 234 234 234 234 234 234 234 234 234 234 234 234 234 234 234 234 234 233 234 235 235 235 235 235 235 235 235 235 235 235 235 234 234 234 234 234 234 234 234 234 234 234 234 234 234 234 234 234 234 234 234 234 234 234 234 234 234 234 234 234 234 234 234 234 234 234 234 234 234 234 234 234 234 233 234 235 235 235 235 235 235 235 235 235 235 235 235 235 235 235 235 235 235 233 234 234 234 234 
233 233 233 233 233 233 233 233 233 233 233 233 233 233 233 233 233 233 233 233 234 236 236 236 236 236 236 236 236 236 236 236 235 233 233 233 233 233 233 235 236 236 236 236 236 236 236 236 236 236 236 236 236 236 236 236 236 235 233 233 233 233 233 233 233 233 233 233 233 233 233 233 233 233 233 233 235 236 236 236 236 236 236 236 236 236 236 236 236 236 236 236 236 236 235 233 233 233 233 233 
234 234 234 234 234 234 234 234 234 234 234 234 234 234 234 234 234 234 234 234 235 236 235 235 235 235 235 235 235 235 235 236 235 234 234 234 234 234 234 235 236 235 235 235 235 235 235 235 235 235 235 235 235 235 235 235 236 235 234 234 234 234 234 234 234 234 234 234 234 234 234 234 234 234 234 234 235 236 235 235 235 235 235 235 235 235 235 235 235 235 235 235 235 236 235 234 234 234 234 234 
235 235 235 235 235 235 235 235 235 235 235 235 235 235 235 235 235 235 235 235 235 236 235 236 236 236 236 236 236 236 236 236 235 235 235 235 235 235 235 235 235 235 235 235 235 235 235 235 235 235 235 236 236 236 236 236 236 235 235 235 235 235 235 235 235 235 235 235 235 235 235 235 235 235 235 235 235 236 235 236 236 236 236 236 236 236 236 236 236 236 236 236 235 236 235 235 235 235 235 235 
235 235 235 235 235 235 235 235 235 235 235 235 235 235 235 235 235 235 235 235 235 236 235 236 236 236 236 236 236 236 236 236 235 235 235 235 235 235 235 236 235 235 235 235 235 235 235 235 235 235 236 236 235 235 235 235 235 235 235 235 235 235 235 235 235 235 235 235 235 235 235 235 235 235 235 235 235 236 235 236 236 236 236 236 236 236 236 236 236 236 236 236 236 236 235 235 235 235 235 235 
237 237 237 237 237 237 237 237 237 237 237 237 237 237 237 237 237 237 237 237 236 235 236 235 235 235 235 235 235 235 235 235 236 237 237 237 237 237 237 236 235 235 235 235 235 235 235 235 235 235 236 236 236 236 236 236 236 236 237 236 237 237 237 237 237 237 237 237 237 237 237 237 237 237 237 237 236 235 235 235 235 235 235 235 235 235 235 235 235 235 235 235 235 235 236 237 237 237 237 237 
237 237 237 237 237 237 237 237 237 237 237 237 237 237 237 237 237 237 237 237 236 236 236 236 236 236 236 236 236 236 236 236 236 237 237 237 237 237 237 236 235 235 235 235 235 235 235 235 235 235 235 236 235 236 236 236 236 236 237 237 237 237 237 237 237 237 237 237 237 237 237 237 237 237 237 237 236 236 236 236 236 236 236 236 236 236 236 236 236 236 236 236 236 236 236 237 237 237 237 237 
237 237 237 237 237 237 237 237 237 237 237 237 237 237 237 237 237 237 237 237 237 236 237 237 237 237 237 237 237 237 237 237 237 237 237 237 237 237 236 237 237 237 237 237 237 237 237 237 237 237 237 236 237 237 237 237 237 237 237 237 237 237 237 237 237 237 237 237 237 237 237 237 237 237 237 237 237 237 237 237 237 237 237 237 237 237 237 237 237 237 237 237 237 237 237 237 237 237 237 236 
237 237 237 237 237 237 237 237 237 237 237 237 237 237 237 237 237 237 237 237 237 237 237 237 237 237 237 237 237 237 237 237 237 237 237 237 237 237 237 237 237 237 237 237 237 237 237 237 237 237 237 237 237 237 237 237 237 237 237 237 237 237 237 237 237 237 237 237 237 237 237 237 237 237 237 237 237 237 237 237 237 237 237 237 237 237 237 237 237 237 237 237 237 237 237 237 237 237 237 237 
237 237 237 237 237 237 237 237 237 237 237 237 237 237 237 237 237 237 237 237 237 237 237 237 237 237 237 237 237 237 237 237 237 237 237 237 237 237 236 237 237 237 237 237 237 237 237 237 237 237 237 237 237 237 237 237 237 237 237 237 237 237 237 237 237 237 237 237 237 237 237 237 237 237 237 237 237 237 237 237 237 237 237 237 237 237 237 237 237 237 237 237 237 237 237 237 237 237 237 237 
237 237 237 237 237 237 237 237 237 237 237 237 237 237 237 237 237 237 237 237 237 237 237 237 237 237 237 237 237 237 237 237 237 237 237 237 237 237 237 237 237 237 237 237 237 237 237 237 237 237 237 237 237 237 237 237 237 237 237 237 237 237 237 237 237 237 237 237 237 237 237 237 237 237 237 237 237 237 237 237 237 237 237 237 237 237 237 237 237 237 237 237 237 237 237 237 237 237 237 237 
237 237 237 237 237 237 237 237 237 237 237 237 237 237 237 237 237 237 237 237 237 237 237 237 237 237 237 237 237 237 237 237 237 237 237 237 237 237 237 237 237 237 237 237 237 237 237 237 237 237 237 237 237 237 237 237 237 237 237 237 237 237 237 237 237 237 237 237 237 237 237 237 237 237 237 237 237 237 237 237 237 237 237 237 237 237 237 237 237 237 237 237 237 237 237 237 237 237 237 237 
237 237 237 237 237 237 237 237 237 237 237 237 237 237 237 237 237 237 237 237 237 237 237 237 237 237 237 237 237 237 237 237 237 237 237 237 237 237 237 237 237 237 237 237 237 237 237 237 237 237 237 237 237 237 237 237 237 237 237 237 237 237 237 237 237 237 237 237 237 237 237 237 237 237 237 237 237 237 237 237 237 237 237 237 237 237 237 237 237 237 237 237 237 237 237 237 237 237 237 237 
237 237 237 237 237 237 237 237 237 237 237 237 237 237 237 237 237 237 237 237 237 237 237 237 237 237 237 237 237 237 237 237 237 237 237 237 237 237 237 237 237 237 237 237 237 237 237 237 237 237 237 237 237 237 237 237 237 237 237 237 237 237 237 237 237 237 237 237 237 237 237 237 237 237 237 237 237 237 237 237 237 237 237 237 237 237 237 237 237 237 237 237 237 237 237 237 237 237 237 237 
237 237 237 237 237 237 237 237 237 237 237 237 237 237 237 237 237 237 237 237 237 237 237 237 237 237 237 237 237 237 237 237 237 237 237 237 237 237 237 237 237 237 237 237 237 237 237 237 237 237 237 237 237 237 237 237 237 237 237 237 237 237 237 237 237 237 237 237 237 237 237 237 237 237 237 237 237 237 237 237 237 237 237 237 237 237 237 237 237 237 237 237 237 237 237 237 237 237 237 237 
237 237 237 237 237 237 237 237 237 237 237 237 237 237 237 237 237 237 237 237 237 237 237 237 237 237 237 237 237 237 237 237 237 237 237 237 237 237 237 237 237 237 237 237 237 237 237 237 237 237 237 237 237 237 237 237 237 237 237 237 237 237 237 237 237 237 237 237 237 237 237 237 237 237 237 237 237 237 237 237 237 237 237 237 237 237 237 237 237 237 237 237 237 237 237 237 237 237 237 237 
237 237 237 236 237 237 237 236 237 237 237 237 237 237 237 237 237 237 237 237 237 237 237 237 237 237 237 237 237 237 237 237 237 237 237 237 237 237 237 237 237 237 237 237 237 237 237 237 237 237 237 237 237 237 237 237 237 237 237 237 237 237 237 237 237 237 237 237 237 237 237 237 237 237 237 237 237 237 237 237 237 237 237 237 237 237 237 237 237 237 237 237 237 237 237 237 237 237 237 237 
236 236 236 237 237 237 236 237 236 236 236 236 236 236 236 236 236 236 236 236 236 236 236 236 236 236 236 236 236 236 236 236 236 236 236 236 236 236 236 236 236 236 236 236 236 236 236 236 236 236 236 236 236 236 236 236 236 236 236 236 236 236 236 236 236 236 236 236 236 236 236 236 236 236 236 236 236 236 236 236 236 236 236 236 236 236 236 236 236 236 236 236 236 236 236 236 236 236 236 236 
237 237 237 236 237 237 237 236 237 237 237 237 237 237 237 237 237 237 237 237 237 237 237 237 237 237 237 237 237 237 237 237 237 237 237 237 237 237 237 237 237 237 237 237 237 237 237 237 237 237 237 237 237 237 237 237 237 237 237 237 237 237 237 237 237 237 237 237 237 237 237 237 237 237 237 237 237 237 237 237 237 237 237 237 237 237 237 237 237 237 237 237 237 237 237 237 237 237 237 237 
236 236 236 237 237 237 236 237 236 236 236 236 236 236 236 236 236 236 236 236 236 236 236 236 236 236 236 236 236 236 236 236 236 236 236 236 236 236 236 236 236 236 236 236 236 236 236 236 236 236 236 236 236 236 236 236 236 236 236 236 236 236 236 236 236 236 236 236 236 236 236 236 236 236 236 236 236 236 236 236 236 236 236 236 236 236 236 236 236 236 236 236 236 236 236 236 236 236 236 236 
235 235 236 237 237 237 236 237 236 235 235 235 235 235 235 235 235 235 235 235 235 235 235 235 235 235 235 235 235 235 235 235 235 235 235 235 235 235 235 235 235 235 235 235 235 235 235 235 235 235 235 235 235 235 235 235 235 235 235 235 235 235 235 235 235 235 235 235 235 235 235 235 235 235 235 235 235 235 235 235 235 235 235 235 235 235 235 235 235 235 235 235 235 235 235 235 235 235 235 235 
236 236 236 237 237 237 236 237 236 235 236 236 236 236 236 236 236 236 236 236 236 236 236 236 236 236 236 236 236 236 236 236 236 236 236 236 236 236 236 236 236 236 236 236 236 236 236 236 236 236 236 236 236 236 236 236 236 236 236 236 236 236 236 236 236 236 236 236 236 236 236 236 236 236 236 236 236 236 236 236 236 236 236 236 236 236 236 236 236 236 236 236 236 236 236 236 236 236 236 236 
235 236 236 237 237 237 236 237 236 235 235 235 236 235 236 237 237 237 237 237 237 237 237 237 237 237 236 235 236 235 235 235 235 235 235 235 235 235 235 235 235 235 235 235 235 235 235 235 235 235 235 235 235 235 235 235 235 235 235 235 235 235 235 235 235 235 235 235 235 235 235 235 235 235 235 235 235 235 235 235 235 235 235 235 235 235 235 235 235 235 235 235 235 235 235 235 235 235 235 235 
236 236 236 237 237 237 236 237 236 235 236 236 236 235 236 236 236 236 236 236 236 236 236 236 236 236 236 235 236 236 236 236 236 236 236 236 236 236 236 236 236 236 236 236 236 236 236 236 236 236 236 236 236 236 236 236 236 236 236 236 236 236 236 236 236 236 236 236 236 236 236 236 236 236 236 236 236 236 236 236 236 236 236 236 236 236 236 236 236 236 236 236 236 236 236 236 236 236 236 236 
235 235 236 237 237 237 236 237 236 235 235 235 235 235 237 237 237 237 237 237 237 237 237 237 237 237 237 235 235 235 235 235 235 235 235 235 235 235 235 235 235 235 235 235 235 235 235 235 235 235 235 235 235 235 235 235 235 235 235 235 235 235 235 235 235 235 235 235 235 235 235 235 235 235 235 235 235 235 235 235 235 235 235 235 235 235 235 235 235 235 235 235 235 235 235 235 235 235 235 235 
236 236 236 237 237 237 236 237 236 236 236 236 236 236 237 237 237 237 237 237 237 237 237 237 237 237 237 236 236 236 236 236 236 236 236 236 236 236 236 236 236 236 236 236 236 236 236 236 236 236 236 236 236 236 236 236 236 236 236 236 236 236 236 236 236 236 236 236 236 236 236 236 236 236 236 236 236 236 236 236 236 236 236 236 236 236 236 236 236 236 236 236 236 236 236 236 236 236 236 236 
237 237 237 236 237 237 237 236 237 237 237 237 237 237 236 236 236 236 236 236 236 236 236 236 236 236 236 237 237 237 237 237 237 237 237 237 237 237 237 237 237 237 237 237 237 237 237 237 237 237 237 237 237 237 237 237 237 237 237 237 237 237 237 237 237 237 237 237 237 237 237 237 237 237 237 237 237 237 237 237 237 237 237 237 237 237 237 237 237 237 237 237 237 237 237 237 237 237 237 237 
236 236 236 237 237 237 236 237 236 236 236 236 236 236 237 237 237 237 237 237 237 237 237 237 237 237 237 236 236 236 236 236 236 236 236 236 236 236 236 236 236 236 236 236 236 236 236 236 236 236 236 236 236 236 236 236 236 236 236 236 236 236 236 236 236 236 236 236 236 236 236 236 236 236 236 236 236 236 236 236 236 236 236 236 236 236 236 236 236 236 236 236 236 236 236 236 236 236 236 236 
237 237 237 236 237 237 237 236 237 237 237 237 237 237 236 236 236 236 236 236 236 236 236 236 236 236 236 237 237 237 237 237 237 237 237 237 237 237 237 237 237 237 237 237 237 237 237 237 237 237 237 237 237 237 237 237 237 237 237 237 237 237 237 237 237 237 237 237 237 237 237 237 237 237 237 237 237 237 237 237 237 237 237 237 237 237 237 237 237 237 237 237 237 237 237 237 237 237 237 237 
237 237 237 237 237 237 237 237 237 237 237 237 237 237 237 237 237 237 237 237 237 237 237 237 237 237 237 237 237 237 237 237 237 237 237 237 237 237 237 237 237 237 237 237 237 237 237 237 237 237 237 237 237 237 237 237 237 237 237 237 237 237 237 237 237 237 237 237 237 237 237 237 237 237 237 237 237 237 237 237 237 237 237 237 237 237 237 237 237 237 237 237 237 237 237 237 237 237 237 237 
237 237 237 237 237 237 237 237 237 237 237 237 237 237 237 237 237 237 237 237 237 237 237 237 237 237 237 237 237 237 237 237 237 237 237 237 237 237 237 237 237 237 237 237 237 237 237 237 237 237 237 237 237 237 237 237 237 237 237 237 237 237 237 237 237 237 237 237 237 237 237 237 237 237 237 237 237 237 237 237 237 237 237 237 237 237 237 237 237 237 237 237 237 237 237 237 237 237 237 237 
237 237 237 237 237 237 237 237 237 237 237 237 237 237 237 237 237 237 237 237 237 237 237 237 237 237 237 237 237 237 237 237 237 237 237 237 237 237 237 237 237 237 237 237 237 237 237 237 237 237 237 237 237 237 237 237 237 237 237 237 237 237 237 237 237 237 237 237 237 237 237 237 237 237 237 237 237 237 237 237 237 237 237 237 237 237 237 237 237 237 237 237 237 237 237 237 237 237 237 237 
237 237 237 237 237 237 237 237 237 237 237 237 237 237 237 237 237 237 237 237 237 237 237 237 237 237 237 237 237 237 237 237 237 237 237 237 237 237 237 237 237 237 237 237 237 237 237 237 237 237 237 237 237 237 237 237 237 237 237 237 237 237 237 237 237 237 237 237 237 237 237 237 237 237 237 237 237 237 237 237 237 237 237 237 237 237 237 237 237 237 237 237 237 237 237 237 237 237 237 237 
236 236 236 236 236 236 236 236 236 236 236 236 236 236 236 236 236 236 236 236 236 236 236 236 236 236 236 236 236 236 236 236 236 236 236 236 236 236 236 236 236 236 236 236 236 236 236 236 236 236 236 236 236 236 236 236 236 236 236 236 236 236 236 236 236 236 236 236 236 236 236 236 236 236 236 236 236 236 236 236 236 236 236 236 236 236 236 236 236 236 236 236 236 236 236 236 236 236 236 236 
237 237 237 237 237 237 237 237 237 237 237 237 237 237 237 237 237 237 237 237 237 237 237 237 237 237 237 237 237 237 237 237 237 237 237 237 237 237 237 237 237 237 237 237 237 237 237 237 237 237 237 237 237 237 237 237 237 237 237 237 237 237 237 237 237 237 237 237 237 237 237 237 237 237 237 237 237 237 237 237 237 237 237 237 237 237 237 237 237 237 237 237 237 237 237 237 237 237 237 236 
236 236 236 236 236 236 236 236 236 236 236 236 236 236 236 236 236 236 236 236 236 236 236 236 236 236 236 236 236 236 236 236 236 236 236 236 236 236 236 236 236 236 236 236 236 236 236 236 236 236 236 236 236 236 236 236 236 236 236 236 236 236 236 236 236 236 236 236 236 236 236 236 236 236 236 236 236 236 236 236 236 236 236 236 236 236 236 236 236 236 236 236 236 236 236 236 236 236 237 236 
237 237 237 237 237 237 237 237 237 237 237 237 237 237 237 237 237 237 237 237 237 237 237 237 237 237 237 237 237 237 237 237 237 237 237 237 237 237 237 237 237 237 237 237 237 237 237 237 237 237 237 237 237 237 237 237 237 237 237 237 237 237 236 237 237 237 237 237 237 237 237 236 237 237 237 237 237 237 237 237 237 237 237 237 237 236 237 236 237 237 237 237 237 237 237 237 237 237 237 236 
237 237 237 237 237 237 237 237 237 237 237 237 237 237 237 237 237 237 237 237 237 237 237 237 237 237 237 237 237 237 237 237 237 237 237 237 237 237 237 237 237 237 237 237 237 237 237 237 237 237 237 237 237 237 237 237 237 237 237 237 237 236 237 236 236 236 236 236 236 236 236 237 237 237 237 237 237 237 237 237 237 237 237 237 237 237 236 237 236 236 236 236 236 236 236 236 236 236 236 236 
237 237 237 237 237 237 237 237 237 237 237 237 237 237 237 237 237 237 237 237 237 237 237 237 237 237 237 237 237 237 237 237 237 237 237 237 237 237 237 237 237 237 237 237 237 237 237 237 237 237 237 237 237 237 237 237 237 237 237 237 237 237 236 237 237 237 237 237 237 237 237 236 237 237 237 237 237 237 237 237 237 237 237 237 237 236 237 236 237 237 237 237 237 237 237 237 237 237 237 237 
237 237 237 237 237 237 237 237 237 237 237 237 237 237 237 237 237 237 237 237 237 237 237 237 237 237 237 237 237 237 237 237 237 237 237 237 237 237 237 237 237 237 237 237 237 237 237 237 237 237 237 237 237 237 237 237 237 237 237 237 237 237 236 237 238 238 238 238 238 238 237 236 237 237 237 237 237 237 237 237 237 237 237 237 237 236 237 236 237 238 238 238 238 238 238 238 238 238 238 238 
237 237 237 237 237 237 237 237 237 237 237 237 237 237 237 237 237 237 237 237 237 237 237 237 237 237 237 237 237 237 237 237 237 237 237 237 237 237 237 237 237 237 237 237 237 237 237 237 237 237 237 237 237 237 237 237 237 237 237 237 237 237 236 237 238 237 237 237 237 237 237 236 237 237 237 237 237 237 237 237 237 237 237 237 237 236 237 236 237 238 237 237 237 237 237 237 237 237 237 237 
237 237 237 237 237 237 237 237 237 237 237 237 237 237 237 237 237 237 237 237 237 237 237 237 237 237 237 237 237 237 237 237 237 237 237 237 237 237 237 237 237 237 237 237 237 237 237 237 237 237 237 237 237 237 237 237 237 237 237 237 237 237 236 237 238 238 238 238 238 238 237 236 237 237 237 237 237 237 237 237 237 237 237 237 237 236 237 236 237 238 237 238 238 238 238 238 238 238 238 238 
237 237 237 237 237 237 237 237 237 237 237 237 237 237 237 237 237 237 237 237 237 237 237 237 237 237 237 237 237 237 237 237 237 237 237 237 237 237 237 237 237 237 237 237 237 237 237 237 237 237 237 237 237 237 237 237 237 237 237 237 237 237 236 237 238 237 237 237 237 237 237 236 237 237 237 237 237 237 237 237 237 237 237 237 237 236 237 236 237 238 237 238 238 238 238 237 238 238 238 238 
237 237 237 237 237 237 237 237 237 237 237 237 237 237 237 237 237 237 237 237 237 237 237 237 237 237 237 237 237 237 237 237 237 237 237 237 237 237 237 237 237 237 237 237 237 237 237 237 237 237 237 237 237 237 237 237 237 237 237 237 237 237 236 237 238 238 238 238 238 238 237 236 237 237 237 237 237 237 237 237 237 237 237 237 237 236 237 236 237 238 237 237 237 237 237 238 237 238 237 237 
237 237 237 237 237 237 237 237 237 237 237 237 237 237 237 237 237 237 237 237 237 237 237 237 237 237 237 237 237 237 237 237 237 237 237 237 237 237 237 237 237 237 237 237 237 237 237 237 237 237 237 237 237 237 237 237 237 237 237 237 237 237 236 237 237 237 237 237 237 237 237 236 237 237 237 237 237 237 237 237 237 237 237 237 237 236 237 236 237 238 238 238 238 238 238 237 238 238 237 238 
236 236 236 236 236 236 236 236 236 236 236 236 236 236 236 236 236 236 236 236 236 236 236 236 236 236 236 236 236 236 236 236 236 236 236 236 236 236 236 236 236 236 236 236 236 236 236 236 236 236 236 236 236 236 236 236 236 236 236 236 236 236 236 236 236 236 236 236 236 236 236 236 236 236 236 236 236 236 236 236 236 236 236 236 236 236 236 237 237 238 238 238 238 238 238 238 238 238 238 238 
237 237 237 237 237 237 237 237 237 237 237 237 237 237 237 237 237 237 237 237 237 237 237 237 237 237 237 237 237 237 237 237 237 237 237 237 237 237 237 237 237 237 237 237 237 237 237 237 237 237 237 237 237 237 237 237 237 237 237 237 237 237 237 237 237 237 237 237 237 237 237 237 237 237 237 237 237 237 237 237 237 237 237 237 237 237 237 237 237 238 237 238 238 238 237 238 237 238 237 237 
237 237 237 237 237 237 237 237 237 237 237 237 237 237 237 237 237 237 237 237 237 237 237 237 237 237 237 237 237 237 237 237 237 237 237 237 237 237 237 237 237 237 237 237 237 237 237 237 237 237 237 237 237 237 237 237 237 237 237 237 237 237 237 237 237 237 237 237 237 237 237 237 237 237 237 237 237 237 237 237 237 237 237 237 237 237 237 237 238 238 238 238 237 238 238 238 238 238 238 238 
238 238 238 238 238 238 238 238 238 238 238 238 238 238 238 238 238 238 238 238 238 238 238 238 238 238 238 238 238 238 238 238 238 238 238 238 238 238 238 238 238 238 238 238 238 238 238 238 238 238 238 238 238 238 238 238 238 238 238 238 238 238 238 238 238 238 238 238 238 238 238 238 238 238 238 238 238 238 238 238 238 238 238 238 238 238 238 238 238 237 237 237 238 237 237 238 238 237 238 238 
239 239 239 239 239 239 239 239 239 239 239 239 239 239 239 239 239 239 239 239 239 239 239 239 239 239 239 239 239 239 239 239 239 239 239 239 239 239 239 239 239 239 239 239 239 239 239 239 239 239 239 239 239 239 239 239 239 239 239 239 239 239 239 239 239 239 239 239 239 239 239 239 239 239 239 239 239 239 239 239 239 239 239 239 239 239 238 239 238 237 237 237 237 237 237 237 237 238 237 237 
238 238 238 238 238 238 238 238 238 238 238 238 238 238 238 238 238 238 238 238 238 238 238 238 238 238 238 238 238 238 238 238 238 238 238 238 238 238 238 238 238 238 238 238 238 238 238 238 238 238 238 238 238 238 238 238 238 238 238 238 238 238 238 238 238 238 238 238 238 238 238 238 238 238 238 238 238 238 238 238 238 238 238 238 238 238 238 238 238 238 238 237 237 237 237 238 238 238 238 239 
237 237 237 237 237 237 237 237 237 237 237 237 237 237 237 237 237 237 237 237 237 237 237 237 237 237 237 237 237 237 237 237 237 237 237 237 237 237 237 237 237 237 237 237 237 237 237 237 237 237 237 237 237 237 237 237 237 237 237 237 237 237 237 237 237 237 237 237 237 237 237 237 237 237 237 237 237 237 237 237 237 237 237 237 237 237 237 237 238 238 237 236 236 236 236 239 241 242 242 244 
238 238 238 238 238 238 238 238 238 238 238 238 238 238 238 238 238 238 238 238 238 238 238 238 238 238 238 238 238 238 238 238 238 238 238 238 238 238 238 238 238 238 238 238 238 238 238 238 238 238 238 238 238 238 238 238 238 238 238 238 238 238 238 238 238 238 238 238 238 238 238 238 238 238 238 238 238 238 238 238 238 238 238 238 238 238 238 238 238 237 237 237 237 237 238 241 242 245 246 248 
237 237 237 237 237 237 237 237 237 237 237 237 237 237 237 237 237 237 237 237 237 237 237 237 237 237 237 237 237 237 237 237 237 237 237 237 237 237 237 237 237 237 237 237 237 237 237 237 237 237 237 237 237 237 237 237 237 237 237 237 237 237 237 237 237 237 237 237 237 237 237 237 237 237 237 237 238 238 238 237 237 237 237 237 237 238 237 238 237 237 238 239 239 240 241 246 246 248 250 252 
238 238 238 238 238 238 238 238 238 238 238 238 238 238 238 238 238 238 238 238 238 238 238 238 238 238 238 238 238 238 238 238 238 238 238 238 238 238 238 238 238 238 238 238 238 238 238 238 238 238 238 238 238 238 238 238 238 238 238 238 238 238 238 238 238 238 238 238 238 238 238 238 237 238 237 238 237 237 237 237 238 237 238 238 238 238 238 238 237 239 240 241 243 244 246 248 250 251 253 254 
237 237 237 237 237 237 237 237 237 237 237 237 237 237 237 237 237 237 237 237 237 237 237 237 237 237 237 237 237 237 237 237 237 237 237 237 237 237 237 237 237 237 237 237 237 237 237 237 237 237 237 237 237 237 237 237 237 237 237 237 237 237 237 237 237 237 237 237 237 237 237 237 237 237 238 237 238 237 237 238 237 238 237 237 237 237 238 237 239 242 243 246 247 250 251 252 253 253 254 253 
238 238 238 238 238 238 238 238 238 238 238 238 238 238 238 238 238 238 238 238 238 238 238 238 238 238 238 238 238 238 238 238 238 238 238 238 238 238 238 238 238 238 238 238 238 238 238 238 238 238 238 238 238 238 238 238 238 238 238 238 238 238 238 238 238 238 238 238 238 238 238 238 238 238 238 238 238 238 238 237 238 237 238 238 238 237 238 237 240 245 245 248 251 253 253 254 254 253 253 252 
237 237 238 238 238 238 238 238 238 238 238 238 238 238 238 238 238 238 238 238 238 238 238 238 238 238 238 238 238 238 238 238 238 237 237 237 237 237 237 237 237 237 237 237 237 237 237 237 237 237 237 238 238 238 238 238 238 238 238 238 238 238 238 238 238 238 238 238 238 238 238 238 238 238 238 239 238 237 236 236 236 236 238 239 238 238 240 242 245 249 249 250 252 252 254 253 254 253 254 253 
237 238 238 239 239 239 239 239 239 239 239 239 239 239 239 239 239 239 239 239 239 239 239 239 239 239 239 239 239 239 239 239 238 238 237 238 238 238 238 238 238 238 238 238 238 238 238 238 237 238 237 238 239 238 239 239 239 239 239 239 239 239 239 239 239 239 239 239 239 239 239 239 239 239 239 238 238 237 236 236 237 237 238 238 238 240 242 246 248 249 249 251 252 254 253 254 254 253 254 254 
237 238 238 239 239 239 239 239 239 239 239 239 239 239 239 239 239 239 239 239 239 239 239 239 239 239 239 239 239 239 239 239 238 238 237 238 238 238 238 238 238 238 238 238 238 238 238 238 237 238 237 238 239 238 239 239 239 239 239 239 239 239 239 239 239 239 239 239 239 239 239 239 238 239 238 239 239 237 237 236 237 238 237 237 240 243 247 251 252 250 251 252 253 254 253 254 253 253 254 253 
237 238 238 239 239 239 239 239 239 239 239 239 239 239 239 239 239 239 239 239 239 239 239 239 239 239 239 239 239 239 239 239 238 238 237 237 237 237 237 237 237 237 237 237 237 237 237 237 237 238 237 238 239 238 239 239 239 239 239 239 239 239 239 239 239 239 239 239 239 238 239 239 239 239 238 239 239 238 237 237 237 238 238 240 243 248 251 254 252 252 253 252 253 254 254 254 253 254 253 253 
238 238 238 239 239 239 239 239 239 239 239 239 239 239 239 239 239 239 239 239 239 239 239 239 239 239 239 239 239 239 239 239 238 238 238 238 238 238 238 238 238 238 238 238 238 238 238 238 238 238 237 238 239 238 239 239 239 239 239 239 239 239 239 239 239 239 239 239 239 239 238 238 238 238 238 238 239 238 238 238 238 239 242 245 248 252 253 253 253 253 253 254 254 253 253 254 254 253 253 253 
237 237 238 239 239 239 239 239 239 239 239 239 239 239 239 239 239 239 239 239 239 239 239 239 239 239 239 239 239 239 239 239 238 237 237 237 237 237 237 237 237 237 237 237 237 237 237 237 237 237 237 238 239 238 239 239 239 239 239 239 239 239 239 239 239 239 239 239 239 238 239 239 239 239 239 239 239 239 238 237 238 238 243 249 252 253 254 253 253 254 253 253 253 254 254 253 253 254 254 253 
238 238 238 239 239 239 239 239 239 239 239 239 239 239 239 239 239 239 239 239 239 239 239 239 239 239 239 239 239 239 239 239 238 238 238 238 238 238 238 238 238 238 238 238 238 238 238 238 238 238 238 238 239 238 239 239 239 239 239 239 239 239 239 239 239 239 239 239 239 239 238 238 238 238 238 238 238 238 239 240 243 246 249 252 253 254 254 253 253 254 254 254 254 254 254 254 254 253 254 253 
239 239 239 238 239 239 239 239 239 239 239 239 239 239 239 239 239 239 239 239 239 239 239 239 239 239 239 239 239 239 239 238 239 239 239 239 239 239 239 239 239 239 239 239 239 239 239 239 239 239 239 239 238 239 238 239 239 239 239 239 239 239 239 239 239 239 239 239 239 239 238 237 237 237 237 237 238 238 240 243 247 250 252 253 253 254 254 254 254 255 254 254 254 254 253 253 253 253 252 252 
238 238 238 239 239 239 239 239 239 239 239 239 239 239 239 239 239 239 239 239 239 239 239 239 239 239 239 239 239 239 239 239 238 238 238 238 238 238 238 238 238 238 238 238 238 238 238 238 238 238 238 238 239 238 239 239 239 239 239 239 239 239 239 239 239 239 239 239 239 239 238 237 238 237 238 238 237 239 242 245 249 252 253 254 254 253 253 253 254 255 255 255 254 255 254 252 252 251 250 250 
239 239 239 238 239 239 239 239 239 239 239 239 239 239 239 239 239 238 239 238 239 239 239 239 239 239 239 238 239 238 239 238 239 239 239 239 239 239 239 239 239 239 239 239 239 239 239 239 239 239 239 239 238 239 238 239 239 239 239 239 239 239 239 238 239 238 238 238 238 239 238 237 238 237 238 238 238 241 245 249 253 254 254 254 254 253 253 252 253 254 254 254 254 254 254 252 251 250 248 248 
239 239 239 239 239 239 239 239 239 239 239 239 239 239 239 239 239 239 238 239 238 238 238 238 238 238 238 239 238 239 239 239 239 239 239 239 239 239 239 239 239 239 239 239 239 239 239 239 239 239 239 239 239 239 239 239 239 239 239 239 239 238 239 238 238 239 239 239 239 239 238 237 237 238 238 237 241 245 249 253 253 253 253 253 253 253 253 252 253 253 253 253 253 253 253 253 252 251 249 247 
239 239 239 239 239 239 239 239 239 239 239 239 239 239 239 239 239 238 239 238 239 239 239 239 239 239 239 238 239 238 239 239 239 239 239 239 239 239 239 239 239 239 239 239 239 239 239 239 239 239 239 239 239 239 239 239 239 239 239 239 239 239 239 239 239 238 238 238 238 239 237 237 238 238 237 237 243 248 251 253 254 253 253 254 253 253 252 252 253 252 252 252 252 253 253 254 254 252 250 248 
239 239 239 239 239 239 238 239 238 238 238 238 238 238 238 239 238 239 238 239 238 238 238 238 238 238 238 239 238 238 238 238 238 238 238 238 238 238 238 238 238 238 238 238 238 238 238 238 238 238 238 238 238 238 238 238 238 238 238 238 238 238 238 238 238 239 239 238 239 238 239 238 237 237 238 240 246 251 252 253 253 252 252 254 253 253 253 253 253 253 253 253 253 253 253 254 254 253 251 249 
239 239 239 239 239 239 239 239 239 239 239 239 239 239 239 239 239 239 238 239 238 237 237 237 237 237 238 239 238 239 239 239 239 239 239 239 239 239 239 239 239 239 239 239 239 239 239 239 239 239 239 239 239 239 239 239 239 239 239 239 239 239 238 239 239 238 239 239 238 238 240 238 236 236 240 244 250 253 252 252 252 252 253 254 253 254 254 254 253 254 254 254 254 254 254 254 254 254 251 249 
239 239 239 239 239 239 239 238 239 239 239 239 239 239 239 238 239 238 238 239 238 238 238 238 238 238 239 239 239 239 239 239 239 239 239 239 239 239 239 239 239 239 239 239 239 239 239 239 239 239 239 239 239 239 239 239 239 239 239 239 239 239 239 239 240 239 239 239 239 238 239 238 237 238 241 245 251 254 253 253 253 253 253 254 253 253 253 254 253 254 254 254 254 254 253 254 254 253 252 250 
238 238 238 238 238 238 239 238 240 240 240 240 240 240 239 238 239 238 239 238 239 239 239 239 239 239 239 240 240 240 240 240 240 240 240 240 240 240 240 240 240 240 240 240 240 240 240 240 240 240 240 240 240 240 240 240 240 240 240 240 240 240 240 240 240 240 240 239 239 239 239 238 237 238 244 247 252 254 254 254 254 254 254 253 254 253 253 253 253 254 254 254 254 254 254 254 254 253 253 251 
239 239 239 239 239 239 239 238 240 241 241 241 241 241 239 238 239 239 239 238 239 240 240 240 240 240 240 241 241 241 241 241 241 241 241 241 241 241 241 241 241 241 241 241 241 241 241 241 241 241 241 241 241 241 241 241 241 241 241 241 241 241 241 241 241 241 240 240 240 240 239 238 238 240 245 250 253 255 255 255 255 255 254 253 254 253 253 253 253 254 254 254 254 254 253 253 253 254 253 252 
238 238 238 238 238 238 238 238 240 241 240 240 240 241 239 238 238 238 238 238 239 240 239 239 239 239 240 241 240 240 240 240 240 240 240 240 240 240 240 240 240 240 240 240 240 240 240 240 240 240 240 240 240 240 240 240 240 240 240 240 240 240 240 241 242 241 241 240 240 240 239 237 238 241 247 252 253 255 255 255 255 255 254 253 254 253 253 253 253 254 254 254 254 253 254 254 254 254 254 253 
239 239 239 239 239 239 239 239 240 241 240 241 240 241 240 239 239 239 239 239 239 240 240 240 240 240 240 241 240 241 241 241 241 241 241 241 241 241 241 241 241 241 241 241 241 241 241 241 241 241 241 241 241 241 241 241 241 241 241 241 241 241 240 241 242 241 241 240 241 241 239 238 239 243 249 252 254 254 254 254 254 254 254 253 254 253 253 253 253 254 254 254 254 254 253 253 254 254 254 253 
241 241 241 241 241 241 241 241 241 240 241 240 241 240 241 241 241 241 241 241 241 241 241 241 241 241 241 240 241 240 241 241 241 241 241 241 241 241 241 241 241 241 241 241 241 241 241 241 241 241 241 241 241 241 241 241 241 241 241 241 241 240 241 240 241 240 240 240 239 240 241 242 243 246 250 253 254 253 253 253 253 253 253 254 253 253 253 253 253 254 254 254 253 254 253 253 254 254 253 252 
240 240 240 240 240 240 240 240 240 241 240 241 240 241 240 240 240 240 240 240 240 240 240 240 240 240 240 241 240 241 241 241 241 241 241 241 241 241 241 241 241 241 241 241 241 241 241 241 241 241 241 241 241 241 241 241 241 241 241 241 241 241 241 240 241 240 240 241 240 240 241 242 244 247 251 253 254 254 253 254 254 254 254 253 254 253 253 253 253 254 254 254 253 254 253 253 254 254 253 252 
241 241 241 241 241 241 241 241 241 240 241 240 241 240 241 241 241 241 241 241 241 241 241 241 241 241 241 240 241 240 241 241 241 241 241 241 241 241 241 241 241 241 241 241 241 241 241 241 241 241 241 241 241 241 241 241 241 241 241 241 241 241 241 240 241 240 240 241 241 240 241 242 245 249 252 253 254 253 253 253 253 253 253 253 253 253 253 253 253 254 254 254 253 254 253 253 254 254 253 253 
240 240 241 240 241 241 241 241 241 241 241 241 241 241 241 241 241 241 241 241 241 241 241 241 241 241 241 241 241 241 241 241 241 241 241 241 241 241 241 241 241 241 241 241 241 241 241 241 241 241 241 241 241 241 241 241 241 241 241 241 241 240 241 240 241 240 240 241 241 241 240 242 246 249 252 253 254 253 254 253 254 254 254 254 254 253 253 253 253 254 254 254 253 254 253 253 254 254 253 252 
241 241 241 241 240 241 241 241 241 241 241 241 241 241 241 241 241 241 241 241 241 241 241 241 241 241 241 241 241 241 241 241 241 241 241 241 241 241 241 241 241 241 241 241 241 241 241 241 241 241 241 241 241 241 241 241 241 241 241 241 241 240 240 240 241 241 240 240 240 241 240 242 247 251 252 253 253 254 253 253 253 253 253 253 253 253 253 253 253 254 254 254 254 254 253 253 254 254 253 252 
240 240 240 241 241 241 241 241 241 241 241 241 241 241 241 241 241 241 241 241 241 241 241 241 241 241 241 241 241 241 241 241 241 241 241 241 241 241 241 241 241 241 241 241 241 241 241 241 241 241 241 241 241 241 241 241 241 241 241 241 241 240 241 240 241 240 240 240 240 241 240 243 248 252 253 254 254 253 254 254 254 254 254 254 254 254 254 253 253 254 254 254 253 254 253 253 254 254 254 252 
239 240 241 240 241 241 241 241 241 241 241 241 241 241 241 241 241 241 241 241 241 241 241 241 241 241 241 241 241 241 241 241 241 241 241 241 241 241 241 241 241 241 241 241 241 241 241 241 241 241 241 241 241 241 241 241 241 241 241 241 241 241 240 241 241 240 240 240 241 240 239 242 246 251 252 253 254 253 253 253 253 253 253 253 253 253 253 253 253 254 253 254 253 254 253 253 254 254 254 252 
239 240 241 240 241 241 241 241 241 241 241 241 241 241 241 241 241 241 241 241 241 241 241 241 241 241 241 241 241 241 241 241 241 241 241 241 241 241 241 241 241 241 241 241 241 241 241 241 241 241 241 241 241 241 241 241 241 241 241 241 241 240 241 240 240 240 240 241 241 241 240 242 247 250 251 253 254 253 253 253 253 253 253 253 253 253 253 253 253 253 253 253 253 254 253 253 254 254 254 252 
240 240 241 240 241 241 241 241 241 241 241 241 241 241 241 241 241 241 241 241 241 241 241 241 241 241 241 241 241 241 241 241 241 241 241 241 241 241 241 241 241 241 241 241 241 241 241 241 241 241 241 241 241 241 241 241 241 241 241 241 241 240 241 240 239 240 241 241 241 241 241 243 247 250 252 253 253 254 253 254 254 254 254 254 254 254 254 254 253 254 254 254 253 254 253 253 254 254 254 252 
240 240 240 241 241 241 241 241 241 241 241 241 241 241 241 241 241 241 241 241 241 241 241 241 241 241 241 241 241 241 241 241 241 241 241 241 241 241 241 241 241 241 241 241 241 241 241 241 241 241 241 241 241 241 241 241 241 241 241 241 241 240 241 240 239 240 240 240 241 241 242 244 248 250 252 252 253 254 253 254 254 254 254 254 254 254 254 254 254 254 254 254 253 254 253 253 254 254 254 252 
240 240 241 240 241 241 241 241 241 241 241 241 241 241 241 241 241 241 241 241 241 241 241 241 241 241 241 241 241 241 241 241 241 241 241 241 241 241 241 241 241 241 241 241 241 241 241 241 241 241 241 241 241 241 241 241 241 241 241 241 241 240 241 240 240 240 240 241 241 241 244 246 248 251 252 253 253 254 253 254 254 254 254 254 254 254 254 254 254 254 254 254 253 254 253 253 254 254 254 252 
241 240 240 240 240 241 241 241 241 241 241 241 241 241 241 241 241 241 241 241 241 241 241 241 241 241 241 241 241 241 241 241 241 241 241 241 241 241 241 241 241 241 241 241 241 241 241 241 241 241 241 241 241 241 241 241 241 241 241 241 241 241 240 241 241 241 240 241 241 240 245 246 249 251 252 253 253 253 254 253 254 254 254 254 254 254 254 254 254 254 254 254 253 254 253 253 254 254 254 252 
241 241 241 240 241 241 241 241 241 241 241 241 241 241 241 241 241 241 241 241 241 241 241 241 241 241 241 241 241 241 241 241 241 241 241 241 241 241 241 241 241 241 241 241 241 241 241 241 241 241 241 241 241 241 241 241 241 241 241 241 241 240 240 240 241 240 240 241 242 243 246 247 249 250 252 253 253 253 253 254 254 254 254 254 254 254 254 254 254 254 254 254 253 254 253 253 254 253 253 252 
242 242 241 240 240 241 241 241 241 241 241 241 241 241 241 241 241 241 241 241 241 241 241 241 241 241 241 241 241 241 241 241 241 241 241 241 241 241 241 241 241 241 241 241 241 241 241 241 241 241 241 241 241 241 241 241 241 241 241 241 241 240 241 240 240 241 240 241 242 244 246 247 248 249 251 253 253 253 254 253 254 254 254 254 254 254 254 254 254 254 254 254 254 253 254 254 254 253 253 251 
242 242 241 240 241 241 241 241 240 240 240 240 240 240 240 240 241 241 240 240 240 240 240 240 240 241 240 241 241 240 241 240 241 241 241 241 241 240 240 240 240 240 240 240 240 240 240 240 240 240 240 240 240 240 240 240 240 240 240 240 240 240 240 241 241 241 241 242 243 245 246 248 249 249 251 253 253 253 253 253 254 254 254 254 254 254 254 254 254 254 254 254 253 254 253 253 254 253 253 252 
242 242 241 240 241 241 240 240 240 240 240 240 241 241 241 240 240 240 240 240 240 241 240 240 240 240 240 240 241 241 240 240 241 240 240 240 240 240 240 240 240 240 240 240 240 240 240 240 240 240 240 240 240 240 240 240 240 240 240 241 241 241 240 241 241 240 241 242 244 244 247 248 249 249 250 253 253 253 254 253 253 254 254 253 254 253 253 253 253 253 253 254 254 253 253 254 254 253 252 252 
242 242 241 241 240 240 241 241 241 241 241 240 240 240 240 240 241 240 240 241 240 240 241 241 241 241 241 241 241 240 240 240 240 241 241 241 241 241 241 241 241 241 241 241 241 241 240 241 240 240 240 241 241 240 241 240 240 240 240 240 240 240 240 240 242 241 241 243 244 245 247 248 249 249 250 252 253 254 253 254 253 253 253 254 253 253 253 253 253 253 253 253 253 253 253 253 254 253 252 252 
240 240 240 240 241 241 240 240 241 241 240 241 241 241 241 240 240 241 241 241 241 241 241 240 240 241 241 240 240 241 241 241 241 240 240 240 240 240 240 240 240 240 240 241 241 241 241 241 241 241 241 241 241 241 240 241 240 241 241 241 241 241 241 241 242 242 242 243 244 244 248 250 249 249 250 252 253 253 253 253 253 254 254 253 254 253 253 253 253 253 253 254 254 253 253 253 253 253 252 251 
247 248 243 240 237 236 238 242 239 241 242 241 239 238 239 241 242 240 239 241 240 238 241 244 244 241 241 244 241 241 241 241 240 241 241 242 242 241 241 241 242 241 242 242 242 242 242 241 241 242 242 242 242 241 241 242 241 242 242 242 242 242 242 242 244 243 243 244 246 247 249 249 249 249 250 250 253 254 253 254 253 253 253 254 253 253 253 253 253 253 254 253 253 254 253 254 254 253 253 252 
150 186 212 227 243 246 245 242 236 237 240 242 243 243 240 239 241 242 241 237 240 243 238 236 239 242 243 238 236 238 242 243 240 242 243 243 242 242 242 243 243 243 243 243 243 242 241 241 242 242 242 242 243 243 243 243 243 243 242 242 242 242 241 242 244 244 244 245 246 248 248 248 248 249 248 248 252 253 255 255 254 252 253 254 253 254 253 253 253 253 253 253 253 253 253 253 253 253 254 253 
  8  15  35  66 107 144 179 204 230 237 240 244 244 243 244 240 233 235 241 242 241 240 239 237 236 235 236 241 241 243 245 242 238 242 243 243 243 242 243 243 243 242 243 243 243 242 242 242 242 242 242 242 243 242 243 243 243 242 242 242 242 242 242 242 243 243 243 245 247 248 249 249 248 248 249 248 251 252 254 254 254 253 253 254 253 253 254 254 253 253 253 254 254 253 253 253 253 253 254 253 
