182 182 182 182 182 181 182 183 183 183 183 183 182 181 182 182 182 182 182 182 182 182 182 181 182 184 183 183 183 183 183 183 183 183 183 183 183 183 184 183 183 183 183 183 183 183 183 183 184 183 184 184 185 186 186 185 182 183 183 183 183 183 184 184 185 185 185 185 185 185 185 185 185 185 185 185 185 185 185 185 185 185 185 185 185 185 185 185 185 185 185 185 184 184 184 184 184 183 184 185 
182 182 182 182 182 182 182 182 182 182 182 182 182 181 182 181 181 181 181 181 181 181 182 181 182 184 184 184 184 184 184 183 182 182 182 182 182 183 184 184 184 184 184 184 184 184 184 184 184 184 184 184 184 185 186 185 184 184 184 184 184 184 185 185 184 184 185 184 184 184 184 184 184 184 184 184 184 184 184 184 184 184 184 184 184 184 184 184 184 184 184 185 184 183 183 183 184 183 183 185 
182 182 182 182 182 182 182 182 182 182 182 182 182 181 182 181 182 181 181 181 181 181 182 181 182 183 183 183 183 183 183 183 182 183 183 183 182 183 183 183 183 183 183 183 183 183 183 183 183 183 183 183 184 184 185 185 185 185 185 185 185 185 185 185 185 185 185 185 185 185 185 185 185 185 185 185 185 185 185 185 185 185 185 185 185 185 185 185 185 185 185 185 184 183 184 184 183 184 183 184 
182 182 181 181 181 181 181 181 181 181 181 181 182 181 182 181 182 182 182 182 182 181 182 181 182 182 182 182 182 182 182 183 183 183 183 183 183 182 182 182 182 182 182 182 182 182 182 182 182 182 182 183 183 184 184 185 186 185 185 185 186 185 184 184 184 184 184 184 184 184 184 184 184 184 184 184 184 184 184 184 184 184 184 184 184 184 184 184 184 184 184 184 184 183 184 184 184 183 183 184 
181 181 181 181 181 182 181 180 180 180 180 181 181 181 182 181 182 182 182 182 182 181 182 181 182 182 181 182 182 181 182 182 182 182 182 182 183 182 181 182 182 182 182 182 182 182 182 182 182 181 182 183 183 183 184 184 184 184 184 184 184 184 183 183 183 183 183 183 183 183 183 183 183 183 183 183 183 183 183 183 183 183 183 183 183 183 183 183 183 183 183 183 183 183 183 183 183 183 183 183 
182 182 182 182 182 182 181 181 181 181 181 180 181 182 181 182 182 182 182 182 182 181 182 181 182 182 181 182 182 181 182 183 183 183 183 183 183 182 181 182 182 182 182 182 182 182 182 182 181 182 181 182 182 183 184 184 183 183 183 183 183 183 182 182 182 182 182 182 182 182 182 182 182 182 182 182 182 182 182 182 182 182 182 182 182 182 182 182 182 182 182 182 183 184 184 184 184 184 183 182 
178 178 179 181 181 182 181 180 179 180 182 183 182 181 182 181 182 182 182 182 182 181 182 181 182 182 181 182 182 181 182 182 182 182 182 182 182 182 181 182 182 182 182 182 182 182 182 181 182 182 182 181 182 182 182 182 182 182 182 182 182 183 183 183 183 183 183 183 183 183 183 183 183 183 183 182 183 183 183 183 183 183 183 183 183 183 183 183 183 183 183 183 183 183 183 183 183 183 182 180 
182 183 184 185 187 187 186 186 185 183 182 180 181 182 181 182 182 182 182 182 182 181 182 181 182 182 181 182 182 182 181 181 181 181 181 181 181 181 182 181 182 182 182 182 182 182 182 182 181 182 181 182 181 181 181 182 183 182 183 183 182 183 184 184 184 184 184 184 184 184 184 184 184 184 183 182 183 182 182 182 182 182 182 182 182 182 182 182 182 182 182 182 182 182 182 182 182 182 183 185 
190 190 190 191 192 193 193 193 192 189 184 178 179 182 181 182 182 182 182 182 182 181 182 181 182 182 181 182 182 181 182 182 182 182 182 182 182 182 181 182 182 182 182 182 182 182 182 182 182 182 181 181 182 182 181 182 183 182 182 182 182 183 183 183 183 183 183 183 183 183 183 183 183 183 183 182 183 182 183 183 183 183 183 183 183 183 183 183 183 183 183 182 183 183 183 183 183 182 183 182 
192 192 192 193 193 194 193 194 195 193 188 183 181 181 182 182 182 182 182 182 182 182 182 181 182 182 182 182 182 182 182 182 182 182 182 182 182 182 182 182 182 182 181 182 182 182 182 182 182 182 182 182 181 182 181 182 183 182 183 183 183 183 182 182 182 182 182 182 182 182 182 182 182 182 182 183 183 183 183 183 183 183 183 183 183 183 183 183 183 183 183 183 183 182 182 183 183 182 183 183 
193 193 193 194 193 193 192 192 194 195 193 191 185 181 182 181 181 181 181 181 181 181 181 181 182 182 181 181 181 181 181 181 181 181 181 181 181 181 181 181 181 181 182 181 181 181 181 181 181 181 181 181 181 181 181 182 183 182 182 182 182 182 182 182 182 182 182 182 182 182 182 182 182 182 182 183 182 182 182 182 182 182 182 182 182 182 182 182 182 182 182 182 182 183 183 182 182 182 182 184 
194 194 194 194 193 193 192 192 192 193 193 196 186 181 182 182 182 182 182 182 182 182 182 182 182 182 182 182 182 182 182 182 182 182 182 182 182 182 182 182 182 182 181 182 182 182 182 182 182 182 182 182 182 182 182 182 183 183 183 183 183 183 182 182 182 182 182 182 182 182 182 182 182 181 182 183 183 183 183 183 183 183 183 183 183 183 183 183 183 183 183 183 183 182 182 182 183 182 182 182 
194 194 193 193 194 193 193 193 192 192 193 195 188 182 180 180 181 180 180 180 180 180 180 180 180 180 181 181 181 181 181 181 181 181 181 181 180 181 181 181 181 182 182 182 181 181 181 181 181 181 181 181 181 182 181 182 182 182 182 182 182 182 181 181 181 181 181 181 181 182 181 181 181 182 182 182 182 182 182 182 182 182 182 182 182 182 182 182 182 182 182 182 182 182 184 182 177 183 182 181 
192 192 192 192 192 192 192 193 193 193 192 193 189 184 179 179 180 179 178 178 178 178 178 178 179 180 179 179 179 179 179 179 179 179 179 179 179 180 181 181 181 182 183 182 182 182 182 182 182 182 182 182 182 182 182 182 182 182 182 182 182 181 181 181 181 181 181 181 182 182 182 182 182 182 181 181 181 181 181 181 181 181 181 181 181 181 181 181 181 181 181 181 182 180 183 185 176 184 180 182 
191 191 191 191 191 191 191 191 192 191 191 192 188 182 179 178 180 179 178 178 178 178 178 178 179 180 180 180 180 180 180 180 180 180 180 180 180 180 180 180 181 181 182 181 181 181 181 181 181 181 181 181 181 181 181 181 181 181 181 181 181 181 181 181 181 181 181 181 181 182 182 182 182 182 181 182 182 182 182 182 182 182 182 182 182 182 182 182 182 181 182 181 182 180 179 187 179 179 175 176 
190 190 190 190 190 190 190 190 190 190 190 190 186 181 177 177 179 179 178 177 178 178 178 177 178 179 179 179 179 179 179 179 179 179 179 179 179 179 179 180 180 181 181 180 180 180 180 180 180 180 180 180 180 180 180 180 180 180 180 180 180 180 181 181 181 181 181 181 181 182 182 182 182 182 181 182 181 182 182 182 182 182 182 182 182 182 182 181 181 182 182 181 182 182 180 184 174 180 183 180 
189 189 189 189 189 189 189 189 189 189 188 189 184 179 175 176 178 178 177 177 177 177 177 177 177 179 178 178 178 178 178 178 178 178 178 178 178 178 179 179 179 180 181 180 179 179 179 179 179 179 179 179 179 179 179 179 179 179 179 179 179 180 181 180 180 180 180 180 181 182 181 181 181 182 181 182 181 181 181 181 181 181 181 181 181 181 181 181 181 182 182 182 181 181 183 181 177 188 179 104 
187 187 187 187 187 187 187 187 187 187 188 189 183 176 174 174 177 178 177 176 176 176 176 176 177 178 178 178 178 178 178 178 178 178 178 178 178 178 178 179 179 180 180 179 179 179 179 179 179 179 179 179 179 179 179 179 179 179 179 179 179 179 181 181 181 181 181 181 181 182 182 182 182 182 181 182 182 182 182 182 182 182 182 182 182 182 182 181 182 182 182 181 181 181 184 178 183 183 118  17 
187 187 187 188 188 188 188 188 188 188 186 185 181 177 174 175 177 178 177 176 177 177 177 176 177 177 177 177 177 177 177 177 177 177 177 177 177 177 177 178 179 179 179 179 178 178 178 178 178 178 178 178 178 178 178 178 178 178 178 178 178 179 180 180 180 180 180 180 181 181 181 181 181 181 181 181 181 181 181 181 181 181 181 181 181 181 181 181 181 181 181 181 181 181 183 176 185 146  46   9 
187 188 188 189 189 190 190 191 191 187 183 176 176 178 178 178 178 178 177 176 177 176 176 176 176 176 176 176 176 176 176 176 176 176 176 176 176 176 176 176 176 176 176 178 179 178 179 179 179 179 179 179 179 179 179 179 179 179 179 179 179 178 178 178 178 178 178 178 179 179 179 179 179 180 179 179 179 179 179 179 179 179 179 179 179 179 180 180 180 180 180 180 181 181 179 179 180  78  17  12 
188 187 187 187 186 187 185 185 186 184 181 177 176 177 177 177 177 177 177 176 177 176 177 176 177 177 177 177 177 177 177 177 177 177 177 177 177 177 177 177 177 177 176 178 179 178 179 179 179 179 179 179 179 179 179 179 179 179 179 179 178 179 179 179 179 179 179 179 179 180 180 180 180 180 179 180 180 180 180 180 180 180 180 180 180 180 180 180 181 180 181 180 181 181 175 178 152  55  17  12 
184 183 183 182 181 180 179 179 180 180 178 176 176 177 177 177 177 177 177 176 177 176 176 177 176 176 176 176 176 176 176 176 176 176 176 176 176 176 176 176 176 177 176 177 178 178 178 178 178 178 178 178 178 178 178 178 178 178 178 178 178 178 178 178 178 178 178 178 179 179 179 179 179 180 179 179 179 179 179 179 179 179 179 179 179 179 180 180 180 180 180 181 180 175 179 184 155  60  12  15 
178 177 177 176 175 175 175 175 176 176 176 175 176 176 176 176 176 176 176 177 176 177 177 177 177 177 177 177 177 177 177 177 177 177 177 177 177 177 177 177 176 177 176 177 177 177 177 177 177 177 177 177 177 177 177 177 177 177 177 177 177 177 177 177 177 177 177 177 178 179 179 179 179 179 178 179 179 179 179 179 179 179 179 179 179 178 178 179 179 179 179 179 178 179 181 180 177 129  56  12 
175 175 175 175 175 175 175 174 174 174 174 175 175 175 175 175 175 175 176 177 176 177 177 177 177 177 177 177 177 177 177 177 177 177 177 177 177 177 177 177 177 177 177 176 176 176 176 176 176 176 176 176 176 176 176 176 176 176 176 176 176 176 176 176 176 176 176 176 178 178 178 178 178 178 178 178 178 178 178 178 178 178 178 178 178 178 177 177 177 177 177 176 176 185 177 175 184 182 139  56 
175 175 176 177 177 178 177 175 174 173 173 174 175 176 175 175 175 175 176 177 176 176 176 176 176 176 176 176 176 176 176 176 176 176 176 176 176 176 176 176 176 176 176 177 177 177 177 177 177 177 177 177 177 177 177 177 177 177 177 177 177 177 177 177 177 177 177 177 177 177 177 177 177 178 177 177 177 177 177 177 177 177 177 177 177 177 177 175 175 175 174 175 175 181 173 182 177 182 178 152 
173 174 174 174 174 174 175 175 175 174 172 173 174 175 175 175 175 175 175 175 175 175 175 174 175 177 177 177 177 177 177 177 177 177 177 177 177 177 177 177 177 177 176 177 178 178 178 178 178 177 176 177 176 176 176 176 176 176 176 176 176 176 176 176 176 176 176 176 177 177 177 177 177 177 177 177 177 177 177 177 177 177 177 177 177 177 176 176 176 176 176 176 176 176 176 177 176 176 177 180 
174 174 174 174 174 173 175 175 174 174 173 172 174 175 175 175 174 175 174 174 174 174 175 174 175 176 176 176 176 176 176 176 176 176 176 176 176 176 176 176 176 176 176 177 177 177 177 177 177 177 176 177 176 177 177 177 177 177 177 177 177 177 177 177 177 177 177 177 176 176 176 176 176 176 176 177 176 177 177 177 177 177 177 176 176 176 177 177 177 177 176 176 176 176 177 176 176 177 177 175 
173 173 173 173 173 173 174 174 174 173 174 173 174 175 175 175 175 175 175 175 175 175 175 175 175 176 175 175 175 175 175 175 175 175 175 175 175 175 175 175 175 175 175 176 177 176 176 176 176 176 177 176 177 177 177 177 177 177 177 177 177 177 177 177 177 177 177 177 177 177 177 177 177 177 177 177 177 177 177 177 177 177 177 177 176 177 176 176 176 176 177 176 177 177 177 177 176 176 177 183 
172 172 172 172 172 172 173 174 174 173 174 175 174 174 174 174 174 174 174 174 174 174 174 174 174 175 175 175 175 175 175 175 175 175 175 175 175 175 175 175 175 175 175 176 177 176 176 176 176 176 177 176 177 177 177 177 177 177 177 177 176 177 177 177 177 177 177 177 177 176 177 176 177 176 177 177 177 177 176 176 176 176 176 176 176 176 176 176 176 176 176 176 176 176 176 177 176 177 176 171 
172 172 172 172 172 171 172 173 173 174 174 175 174 173 173 173 173 173 173 173 173 173 173 173 173 174 174 174 174 174 174 174 174 174 174 174 174 174 174 174 174 174 174 175 176 175 175 175 175 176 177 176 177 177 177 177 177 177 177 176 177 176 176 176 176 176 176 176 176 177 177 177 176 177 176 176 176 176 177 177 177 177 177 177 177 177 177 177 177 177 177 177 177 177 177 177 177 176 177 178 
172 172 172 172 172 171 173 173 173 175 175 176 174 172 172 172 172 172 172 172 172 172 172 172 173 174 173 173 173 173 173 173 173 173 173 173 173 173 173 173 173 173 173 175 176 176 176 176 175 176 177 176 177 176 176 176 176 176 176 176 176 177 177 177 177 177 177 177 177 176 176 176 176 176 177 177 177 177 176 176 176 176 176 176 176 176 176 176 176 176 176 176 176 176 176 176 176 176 177 181 
172 172 172 172 172 171 172 172 172 172 172 172 173 173 173 173 173 173 173 173 173 173 173 173 173 174 174 174 174 174 174 174 174 174 174 174 173 174 174 174 174 174 174 175 175 175 175 175 175 176 177 177 177 177 177 177 177 177 177 177 177 176 175 175 175 175 175 175 176 177 177 177 177 177 176 176 176 176 177 177 177 177 177 177 177 177 177 177 177 177 177 177 177 177 177 177 177 177 178 179 
172 172 172 172 171 172 171 171 171 171 171 171 173 174 174 174 174 174 174 174 174 174 174 174 174 174 174 174 174 174 174 174 174 174 174 174 174 174 175 175 175 175 175 174 174 174 174 174 174 175 176 176 176 176 176 176 176 176 176 176 176 176 174 174 174 174 174 174 176 176 176 176 176 176 175 175 175 176 177 177 177 177 177 177 177 177 177 177 177 177 177 177 177 177 177 177 177 177 178 177 
172 172 172 172 172 171 172 172 172 172 172 171 173 173 173 173 173 173 173 173 173 173 173 173 173 173 173 173 173 173 173 173 173 173 173 173 173 174 175 175 175 175 175 175 175 175 175 175 175 175 176 176 176 176 176 176 176 176 176 176 176 175 175 175 175 175 175 175 175 176 176 176 176 176 175 174 175 176 176 177 176 176 176 176 176 176 176 176 176 176 176 176 176 176 176 176 176 176 177 174 
171 171 171 171 171 171 171 171 171 171 172 171 172 173 172 172 172 172 172 172 172 172 172 172 172 172 172 172 172 172 172 172 172 172 172 172 172 174 174 174 174 174 174 174 174 174 174 174 174 174 175 175 175 175 175 175 175 175 175 175 175 175 174 174 174 174 174 174 175 175 175 175 175 175 174 174 175 175 175 176 176 177 177 177 177 177 177 177 177 177 177 177 177 177 177 177 177 177 177 177 
171 171 171 171 171 171 171 171 171 171 171 171 172 172 172 172 172 172 172 172 172 172 172 172 172 172 172 172 172 172 172 172 172 172 172 172 172 173 173 173 173 173 173 173 173 173 173 173 173 174 174 174 174 174 174 174 174 174 174 174 174 174 173 173 173 173 173 173 174 174 174 174 174 174 174 173 174 174 175 175 176 176 176 176 176 176 176 176 176 176 176 176 176 176 176 176 176 176 176 178 
171 171 171 171 171 171 171 171 171 171 171 172 172 171 171 171 171 171 171 171 171 171 171 171 171 171 171 171 171 171 171 171 171 171 171 171 171 172 173 173 173 173 173 173 173 173 173 173 172 173 174 174 174 174 174 174 174 174 174 174 174 173 172 172 172 172 172 172 173 173 173 173 173 174 173 173 173 174 175 175 175 176 176 176 176 176 176 176 176 176 176 176 176 176 176 176 176 175 175 176 
171 171 171 171 171 171 171 171 171 171 171 171 172 171 172 172 171 172 171 171 172 171 171 172 171 172 172 171 172 172 171 172 172 171 172 171 171 172 172 172 172 172 172 172 172 172 172 172 172 172 173 172 173 173 172 173 173 173 173 173 173 173 173 173 173 173 173 173 173 174 174 173 174 174 173 173 173 174 174 174 174 175 174 175 175 174 175 175 175 175 175 175 175 175 175 175 175 175 175 171 
171 171 171 171 171 171 171 171 171 171 171 171 171 171 171 171 171 171 171 171 171 171 171 171 171 171 171 171 171 171 171 171 171 171 171 171 171 171 171 171 171 171 171 171 171 171 171 171 171 171 171 171 171 171 171 172 172 172 172 172 172 172 174 174 174 174 174 174 174 173 173 174 173 173 174 174 174 173 173 173 173 173 173 173 173 173 173 174 174 174 174 174 174 174 174 174 174 174 175 171 
171 171 171 171 171 171 171 171 171 171 171 171 171 171 171 171 171 171 171 172 171 171 171 171 171 171 171 171 171 171 171 171 171 171 171 171 171 171 171 171 171 171 171 171 171 171 171 171 171 172 172 172 172 172 172 172 172 172 172 172 172 172 173 173 173 173 173 173 173 173 173 173 173 173 173 173 173 173 173 173 173 173 173 173 173 173 173 175 175 175 175 175 175 175 175 175 175 174 175 176 
170 170 170 170 170 170 170 170 170 170 170 170 170 170 170 170 170 170 171 172 171 172 172 172 172 171 171 171 171 171 171 171 171 171 171 171 171 171 171 171 171 171 171 171 171 171 171 171 171 171 171 171 171 171 171 172 172 172 172 172 172 172 173 173 173 173 173 173 173 173 173 173 173 173 173 173 173 173 173 173 173 173 173 173 173 172 173 174 174 174 174 174 174 174 174 174 174 174 175 179 
169 169 169 169 169 169 169 169 169 169 169 169 169 169 169 169 169 169 170 172 171 171 171 171 171 171 171 171 171 171 171 171 171 171 171 171 171 171 171 171 171 171 172 171 171 171 171 171 171 172 171 171 172 171 172 171 171 171 171 171 171 171 172 172 172 172 172 172 172 172 172 172 172 172 172 172 172 172 172 172 172 172 172 172 172 172 172 174 173 173 173 173 173 173 173 173 173 173 174 179 
169 169 169 169 169 169 169 169 169 169 169 169 169 169 169 169 169 169 170 172 172 172 172 172 172 171 172 172 172 172 172 172 172 172 172 172 172 172 172 172 172 171 171 171 172 171 172 172 172 172 172 172 172 171 172 171 170 170 170 170 170 171 171 171 171 171 171 171 171 171 171 171 171 171 171 171 171 171 171 171 171 171 171 171 171 171 172 173 173 173 173 173 173 173 173 173 173 172 172 172 
168 168 168 168 168 168 168 168 168 168 168 168 168 168 168 168 168 168 170 171 171 171 171 171 171 172 171 171 171 171 171 171 171 171 171 171 171 171 171 171 171 172 172 172 171 172 171 172 172 172 172 172 172 171 172 171 171 171 171 171 171 171 172 172 172 172 172 172 172 172 172 172 172 172 172 172 172 172 172 172 172 172 172 172 172 171 171 172 172 172 172 172 172 172 172 172 172 172 171 168 
167 167 167 167 167 167 167 167 167 167 167 167 168 168 168 168 169 168 169 169 169 169 169 169 170 172 172 172 172 172 172 172 172 172 172 172 172 170 170 170 171 172 173 172 171 172 171 172 172 172 172 172 171 172 171 172 172 172 172 172 172 172 171 171 171 171 171 171 171 171 171 171 171 171 171 171 171 171 171 171 171 171 171 171 171 171 171 171 171 171 171 171 171 171 171 171 171 171 171 172 
168 168 168 168 168 168 168 168 168 168 168 167 168 168 168 168 169 168 169 170 170 170 170 169 170 171 171 171 171 171 171 171 171 171 171 171 171 170 170 170 171 172 172 172 171 172 171 172 172 172 172 172 172 171 172 171 171 171 171 171 171 171 172 171 172 172 172 172 172 172 172 172 172 172 172 172 172 172 172 172 172 172 172 171 171 171 171 172 172 172 172 171 171 171 171 172 171 171 172 172 
167 167 167 167 167 167 167 167 167 167 168 167 168 168 168 168 169 168 169 169 169 169 169 169 170 170 170 170 170 170 170 170 170 170 170 170 170 170 169 170 170 171 171 171 172 171 172 172 172 172 172 172 171 172 171 172 172 172 172 172 172 172 171 172 172 172 172 172 172 172 172 172 172 172 172 172 172 172 172 172 172 172 172 171 171 171 171 171 171 171 171 172 171 171 171 171 171 171 171 171 
168 168 168 168 168 168 168 168 168 167 168 167 168 168 168 168 169 168 169 169 169 169 169 169 169 170 170 170 170 170 170 170 170 170 170 170 170 169 169 169 170 171 170 171 172 171 172 172 172 172 172 172 172 172 172 172 172 172 172 172 172 172 172 172 172 172 172 172 172 172 172 172 172 172 172 172 172 172 171 171 171 171 171 171 171 171 171 171 171 171 171 172 171 171 171 171 172 171 171 171 
168 168 168 168 168 168 168 168 168 168 168 167 168 168 168 168 168 169 168 168 168 168 168 168 168 169 169 169 169 169 169 169 169 169 169 169 169 168 168 169 169 170 170 171 172 171 172 172 171 172 172 172 172 172 172 172 172 172 172 172 172 172 172 172 172 172 172 172 172 172 172 172 172 172 171 171 171 172 172 172 172 171 171 171 172 171 171 171 171 171 171 171 171 171 171 172 171 171 171 172 
167 167 167 167 167 167 167 167 167 167 167 167 168 169 168 169 168 169 168 167 167 167 167 167 168 169 168 168 168 168 168 168 168 168 168 168 168 168 168 169 169 169 169 171 172 171 171 171 171 171 171 171 171 171 171 171 171 171 171 171 171 171 171 171 171 171 171 171 171 171 171 171 171 171 171 171 171 171 171 171 171 171 171 171 171 171 171 172 172 171 171 172 171 171 172 171 171 172 172 171 
168 168 168 168 168 168 167 167 167 167 167 166 168 169 168 168 168 169 168 167 168 168 168 167 168 169 168 168 168 168 168 168 168 168 168 168 168 169 169 169 169 170 169 170 170 170 170 170 170 169 169 169 169 169 169 169 169 169 169 169 169 169 169 169 169 169 169 169 169 169 169 169 169 168 171 172 172 171 171 172 172 172 172 172 172 171 172 171 171 172 171 172 171 172 174 167 170 174 167 167 
167 167 167 167 167 167 167 166 166 166 167 166 168 169 169 169 169 169 168 167 168 167 168 167 168 169 169 169 169 169 169 169 169 169 169 169 169 169 170 170 170 169 170 170 169 169 169 169 170 169 168 169 168 168 168 168 168 168 168 168 168 168 168 168 168 168 168 168 168 168 168 168 169 168 170 171 171 171 171 171 171 170 171 171 171 171 171 171 171 171 171 171 172 173 166 169 173 169 167 174 
166 166 166 166 166 166 166 167 166 166 167 166 167 168 168 168 168 168 168 167 168 167 168 167 168 168 168 168 168 168 168 168 168 168 168 168 168 169 170 170 170 170 170 170 170 170 170 170 170 169 168 169 168 169 169 169 169 169 169 169 169 169 169 169 169 169 169 169 169 169 169 168 169 168 170 171 170 170 170 170 170 170 170 170 170 171 170 170 170 170 170 171 170 169 173 173 171 172 175 161 
166 166 166 166 166 166 166 167 167 167 167 166 167 167 167 167 167 167 167 168 168 168 168 168 167 167 167 167 167 167 167 167 167 167 167 167 167 168 169 169 169 169 169 169 169 169 169 169 169 169 168 169 169 169 169 169 169 169 169 169 169 169 168 169 169 169 169 169 169 169 169 168 169 168 169 170 170 169 170 170 169 169 170 170 170 169 170 170 170 170 170 170 169 169 171 165 176 177 143  85 
165 165 165 165 165 165 166 166 166 166 166 166 166 166 166 166 166 166 167 168 167 167 167 168 167 166 167 167 167 167 167 167 167 167 167 167 166 168 168 168 168 168 168 168 168 168 168 168 168 168 168 168 168 168 168 168 168 168 168 168 168 168 169 168 169 169 169 169 169 169 169 168 169 168 169 169 169 169 169 169 169 169 169 169 169 169 169 169 169 169 168 169 169 172 171 169 161 110  33   8 
166 166 166 166 166 165 166 167 167 167 167 167 167 167 167 167 167 167 167 168 168 168 168 168 167 166 167 166 166 166 166 166 166 166 166 166 166 167 168 167 167 167 167 167 167 167 167 167 167 168 169 169 169 169 169 169 169 169 169 169 169 169 169 169 169 169 169 169 169 169 169 168 169 168 168 168 168 168 168 168 168 169 168 168 168 169 168 168 168 168 168 168 172 178 155 118  49  13  48 142 
164 165 165 165 165 166 165 165 165 165 165 165 165 165 165 165 165 165 166 167 167 167 167 167 167 167 167 167 167 167 167 167 167 167 167 167 167 167 167 167 168 168 168 168 168 168 168 168 168 167 167 167 167 167 167 167 167 167 167 167 167 167 169 168 168 168 168 168 168 168 168 168 168 168 168 169 168 168 168 167 176 164 164 166 173 164 175 175 170 173 171 164 146  94  41  14  39 121 213 245 
163 164 164 165 166 166 165 164 164 164 164 164 164 164 164 164 164 164 165 166 166 166 166 166 166 166 166 166 166 166 166 167 167 167 167 167 167 166 166 167 168 168 169 168 167 167 167 167 167 167 166 166 166 166 166 166 166 166 166 166 166 167 169 169 169 169 169 169 169 169 169 169 169 169 169 168 168 168 168 169 167 170 174 164 164 169 173 173 165 147 114  62  15  17  47 123 207 244 241 246 
163 163 164 164 165 166 165 165 165 165 165 165 164 165 165 165 165 165 165 166 166 166 166 166 166 166 166 166 166 166 166 166 166 166 166 166 166 166 166 166 167 167 168 167 166 166 166 166 166 166 167 167 167 167 167 167 167 167 167 167 166 167 168 168 168 168 168 168 168 168 168 168 168 168 168 168 168 168 168 168 166 169 166 169 183 167 132 101  60  14   3  38  97 160 213 244 239 235 240 235 
162 163 163 164 164 165 164 164 164 164 164 164 164 164 164 164 164 164 164 165 165 165 165 165 165 165 165 165 165 165 165 167 167 167 167 167 167 165 165 166 166 167 168 167 166 167 167 167 167 167 166 166 166 166 166 166 166 166 166 166 166 167 167 167 167 167 167 167 167 167 167 167 167 167 167 168 168 167 167 167 171 160 174 154 126  48  19  10  41  91 159 196 215 239 234 228 237 242 230 239 
162 163 163 163 164 164 164 163 163 163 163 163 163 163 163 163 163 163 164 165 164 164 164 164 164 164 164 164 164 164 165 166 166 166 166 166 166 165 165 166 166 167 167 166 166 166 166 166 166 166 167 167 167 167 167 167 167 167 167 167 167 167 167 167 167 167 167 167 167 167 167 167 167 167 166 167 167 166 167 166 170 164 163  79  16  18 101 166 213 214 233 205 154 169 225 235 231 239 244 237 
161 162 163 163 164 164 163 163 163 163 163 162 162 163 162 163 163 162 163 164 164 164 164 164 164 164 164 164 164 164 164 166 166 166 166 166 166 164 164 165 166 166 167 166 166 166 166 166 166 166 167 167 167 167 167 167 167 167 167 167 167 167 167 167 167 167 167 167 167 167 167 167 167 166 166 166 167 166 166 167 166 165  77  19  13 141 219 171 165 211 211 109  80 191 217 218 222 209 149 115 
162 162 163 163 163 163 163 163 163 163 163 163 163 163 163 163 163 163 163 163 163 163 163 163 163 163 163 163 163 163 163 165 165 165 165 165 165 164 164 164 164 165 165 165 164 165 165 164 165 165 165 165 165 165 165 165 165 165 165 165 165 165 165 165 165 165 165 165 165 165 165 165 165 165 165 166 165 165 166 165 167 128  27  10  48 197 149  53 133 220 152  27 116 222 221 225 187  88  15   7 
161 162 161 161 161 161 161 161 161 161 161 161 162 162 162 162 162 162 162 162 162 162 162 162 162 162 162 162 162 162 162 164 164 163 164 164 163 164 164 163 164 164 163 165 166 165 165 165 165 165 165 165 165 165 165 165 165 165 165 165 165 165 165 165 165 165 165 165 165 165 165 165 165 165 164 164 164 164 164 164 164  88  20  16  59 148  49  78 207 203  76  12 147 215 220 203  95  16  63  95 
219 219 219 219 219 219 219 219 219 219 219 219 219 219 219 219 219 219 219 219 219 219 219 219 219 219 219 219 219 219 219 219 219 219 219 219 219 219 219 219 219 219 219 221 221 221 221 221 221 221 221 221 221 221 221 221 221 221 221 221 221 221 221 221 221 221 221 221 221 221 221 221 221 222 220 220 220 220 220 221 214 126  23  18  28  60  16 129 231 172  26  23 144 225 228 153  23  57 189 212 
251 251 251 251 251 251 251 251 251 251 251 251 251 251 251 251 251 251 251 251 251 251 251 251 251 251 251 251 251 251 251 250 250 250 250 250 250 250 250 250 250 250 250 250 250 250 250 250 250 250 250 250 250 250 250 250 250 250 250 250 250 250 250 250 250 250 250 250 250 250 250 250 250 250 249 249 249 250 250 249 255 186  44  14  17  24  24 123 198 137  10  18 151 223 211  97   5  76 210 222 
253 253 253 253 253 253 253 253 253 253 253 253 253 253 253 253 253 253 253 253 253 253 253 253 253 253 253 253 253 253 253 252 252 253 252 252 253 252 252 253 252 252 253 252 252 252 252 252 252 252 252 252 252 252 252 252 252 252 252 252 252 252 252 252 252 252 252 252 252 252 252 252 252 252 251 250 251 251 251 252 250 234 121  16  14  23  19  80 170  99  10   9 115 206 203  65   6  75 202 212 
252 252 252 252 252 252 252 252 252 252 252 252 252 252 252 252 252 252 252 252 252 252 252 252 252 252 252 252 252 252 252 252 252 252 252 252 252 252 252 252 252 252 252 252 251 252 252 252 252 252 252 252 252 252 252 252 252 252 252 252 252 251 252 252 252 252 252 252 252 252 252 252 251 251 253 254 254 254 254 255 247 252 224 105  26  17  18  28  98  67  21   9  45 156 174  39   4  62 196 213 
252 252 252 252 252 252 252 252 252 252 252 252 252 252 252 252 252 252 252 252 252 252 252 252 252 252 252 252 252 252 252 250 250 250 251 251 251 251 251 250 251 251 250 250 250 250 251 251 250 250 250 250 251 251 250 250 250 250 251 251 250 250 250 250 250 251 250 250 250 250 250 251 250 251 253 254 253 253 253 253 254 242 251 237 140  43  17  13  12  25  16  18  38 150 168  34   4  48 165 200 
253 253 253 253 253 253 253 253 253 253 253 253 253 253 253 253 253 253 253 253 253 253 253 253 253 253 253 253 253 253 253 253 253 253 253 253 253 253 253 253 253 253 253 253 253 253 253 253 253 253 253 253 253 253 253 253 253 253 253 253 253 253 253 253 253 253 253 253 253 253 253 253 253 253 253 254 254 253 253 253 252 252 250 252 246 193 113  47  13  11  25  22  22  93 116  35  10  38 142 188 
254 254 254 254 254 254 254 254 254 254 254 254 254 254 254 254 254 254 254 254 254 254 254 254 254 254 254 254 254 254 254 254 254 253 254 254 254 254 254 254 254 254 254 254 254 254 254 254 254 254 254 254 254 254 254 254 254 254 254 254 254 254 254 254 254 254 254 254 254 254 254 254 254 254 253 253 253 253 252 252 252 253 249 244 249 253 240 204 135  73  33  14  11  16  14  12  24  27 119 159 
253 254 254 254 254 254 254 254 254 254 254 254 254 254 254 254 253 254 254 253 254 254 253 254 254 253 254 254 253 254 254 253 253 253 254 254 254 254 254 254 254 254 254 254 254 254 254 254 254 254 253 254 254 253 254 254 253 254 254 253 254 254 253 254 254 253 254 254 254 254 254 254 254 254 253 253 253 252 252 253 247 249 253 250 251 251 252 255 253 237 190 135  89  46  33  14  23   3   7  14 
253 252 252 252 252 252 252 252 252 252 252 252 252 252 252 252 252 252 252 252 252 252 252 252 252 252 252 252 252 252 252 252 253 253 252 252 252 252 252 252 252 252 252 252 252 252 252 252 252 252 252 252 252 252 252 252 252 252 252 252 252 252 252 252 252 252 252 252 252 252 252 252 253 253 253 254 253 253 253 252 253 253 252 249 249 250 247 246 243 250 255 254 241 233 192 138 121  84  46  50 
254 253 253 254 253 253 254 253 253 254 253 254 253 253 254 253 253 254 254 254 254 253 253 254 253 253 254 253 254 253 253 254 253 253 254 254 254 254 253 253 254 253 253 254 253 254 253 253 254 253 253 254 253 253 254 253 253 254 253 253 254 253 254 253 253 254 253 253 254 253 253 253 253 253 253 254 254 253 253 253 247 245 252 251 250 249 245 247 250 242 244 250 255 255 249 253 255 238 225 217 
254 254 254 254 254 254 254 254 254 254 254 254 254 254 254 254 254 254 254 254 254 254 254 254 254 254 254 254 254 254 254 254 254 254 254 254 254 254 254 254 254 254 254 254 254 254 254 254 254 254 254 254 254 254 254 254 254 254 254 254 254 254 254 254 254 254 254 254 254 254 253 254 253 254 254 253 253 254 253 254 251 250 251 249 246 249 250 250 252 248 251 254 247 247 252 245 246 253 254 255 
254 254 254 254 254 254 254 254 254 254 254 254 254 254 254 254 254 254 254 254 254 254 254 254 254 254 254 254 254 254 254 254 254 254 254 254 254 254 254 254 254 254 254 254 254 254 254 254 254 254 254 254 254 254 254 254 254 254 254 254 254 254 254 254 254 254 254 254 254 254 254 254 254 254 254 254 254 254 253 254 254 254 253 253 254 254 254 254 255 255 255 254 254 253 254 254 254 254 253 252 
255 255 255 255 255 255 255 255 255 255 255 255 255 255 255 255 255 255 255 255 255 255 255 255 255 255 255 255 255 255 255 255 255 255 255 255 255 255 255 255 255 255 255 255 255 255 255 255 255 255 255 255 255 255 255 255 255 255 255 255 255 255 255 255 255 255 255 255 255 255 254 255 254 255 255 255 255 254 255 255 254 254 255 255 255 255 255 255 254 254 254 255 254 254 253 254 254 254 254 254 
255 255 255 255 255 255 255 255 255 255 255 255 255 255 255 255 255 255 255 255 255 255 255 255 255 255 255 255 255 255 255 255 255 255 255 255 255 255 255 255 255 255 255 255 255 255 255 255 255 255 255 255 255 255 255 255 255 255 255 255 255 255 255 255 255 255 255 255 255 255 255 255 255 254 255 254 254 254 254 254 255 255 254 254 254 254 254 254 255 255 255 255 254 253 254 253 253 254 254 253 
255 255 255 255 255 255 255 255 255 255 255 255 255 255 255 255 255 255 255 255 255 255 255 255 255 255 255 255 255 255 255 255 255 255 255 255 255 255 255 255 255 255 255 255 255 255 255 255 255 255 255 255 255 255 255 255 255 255 255 255 255 255 255 255 255 255 255 255 255 255 255 255 255 255 255 255 255 254 255 254 255 255 255 255 254 255 254 255 255 255 254 255 254 253 253 253 253 253 253 253 
255 255 255 255 255 255 255 255 255 255 255 255 255 255 255 255 255 255 255 255 255 255 255 255 255 255 255 255 255 255 255 255 255 255 255 255 255 255 255 255 255 255 255 255 255 255 255 255 255 255 255 255 255 255 255 255 255 255 255 255 255 255 255 255 255 255 255 255 255 255 255 255 255 255 255 255 255 255 255 255 255 255 255 255 255 255 255 255 255 255 254 255 254 253 254 254 254 254 254 254 
255 255 255 255 255 255 255 255 255 255 255 255 255 255 255 255 255 255 255 255 255 255 255 255 255 255 255 255 255 255 255 255 255 255 255 255 255 255 255 255 255 255 255 255 255 255 255 255 255 255 255 255 255 255 255 255 255 255 255 255 255 255 255 255 255 255 255 255 255 255 255 255 255 255 255 255 255 255 255 255 255 255 255 255 255 255 255 255 255 255 254 255 254 253 253 253 253 253 253 253 
255 255 255 255 255 255 255 255 255 255 255 255 255 255 255 255 255 255 255 255 255 255 255 255 255 255 255 255 255 255 255 255 255 255 255 255 255 255 255 255 255 255 255 255 255 255 255 255 255 255 255 255 255 255 255 255 255 255 255 255 255 255 255 255 255 255 255 255 255 255 255 255 255 255 255 255 255 255 255 255 255 255 255 255 255 255 255 255 255 255 254 255 254 254 254 254 254 254 254 254 
255 255 255 255 255 255 255 255 255 255 255 255 255 255 255 255 255 255 255 255 255 255 255 255 255 255 255 255 255 255 255 255 255 255 255 255 255 255 255 255 255 255 255 255 255 255 255 255 255 255 255 255 255 255 255 255 255 255 255 255 255 255 255 255 255 255 255 255 255 255 255 255 255 255 255 255 255 255 255 255 255 255 255 255 255 255 255 255 255 255 255 254 255 255 255 255 255 255 255 255 
255 255 255 255 255 255 255 255 255 255 255 255 255 255 255 255 255 255 255 255 255 255 255 255 255 255 255 255 255 255 255 255 255 255 255 255 255 255 255 255 255 255 255 255 255 255 255 255 255 255 255 255 255 255 255 255 255 255 255 255 255 255 255 255 255 255 255 255 255 255 255 255 255 255 255 255 255 255 255 255 255 255 255 255 255 255 255 255 255 255 254 255 254 254 254 254 254 254 254 254 
255 255 255 255 255 255 255 255 255 255 255 255 255 255 255 255 255 255 255 255 255 255 255 255 255 255 255 255 255 255 255 255 255 255 255 255 255 255 255 255 255 255 255 255 255 255 255 255 255 255 255 255 255 255 255 255 255 255 255 255 255 255 255 255 255 255 255 255 255 255 255 255 255 255 255 255 255 255 255 255 255 255 255 255 255 255 255 255 255 255 255 254 255 255 255 255 255 255 255 255 
255 255 255 255 255 255 255 255 255 255 255 255 255 255 255 255 255 255 255 255 255 255 255 255 255 255 255 255 255 255 255 255 255 255 255 255 255 255 255 255 255 255 255 255 255 255 255 255 255 255 255 255 255 255 255 255 255 255 255 255 255 255 255 255 255 255 255 255 255 255 255 255 255 255 255 255 255 255 255 255 255 255 255 255 255 255 255 255 255 255 255 255 255 255 255 255 255 255 255 255 
255 255 255 255 255 255 255 255 255 255 255 255 255 255 255 255 255 255 255 255 255 255 255 255 255 255 255 255 255 255 255 255 255 255 255 255 255 255 255 255 255 255 255 255 255 255 255 255 255 255 255 255 255 255 255 255 255 255 255 255 255 255 255 255 255 255 255 255 255 255 255 255 255 255 255 255 255 255 255 255 255 255 255 255 255 255 255 255 255 255 255 255 255 255 255 255 255 255 255 255 
255 255 255 255 255 255 255 255 255 255 255 255 255 255 255 255 255 255 255 255 255 255 255 255 255 255 255 255 255 255 255 255 255 255 255 255 255 255 255 255 255 255 255 255 255 255 255 255 255 255 255 255 255 255 255 255 255 255 255 255 255 255 255 255 255 255 255 255 255 255 255 255 255 255 255 255 255 255 255 255 255 255 255 255 255 255 255 255 255 255 255 255 255 255 255 255 255 255 255 255 
255 255 255 255 255 255 255 255 255 255 255 255 255 255 255 255 255 255 255 255 255 255 255 255 255 255 255 255 255 255 255 255 255 255 255 255 255 255 255 255 255 255 255 255 255 255 255 255 255 255 255 255 255 255 255 255 255 255 255 255 255 255 255 255 255 255 255 255 255 255 255 255 255 255 255 255 255 255 255 255 255 255 255 255 255 255 255 255 255 255 255 255 255 255 255 255 255 255 255 255 
255 255 255 255 255 255 255 255 255 255 255 255 255 255 255 255 255 255 255 255 255 255 255 255 255 255 255 255 255 255 255 255 255 255 255 255 255 255 255 255 255 255 255 255 255 255 255 255 255 255 255 255 255 255 255 255 255 255 255 255 255 255 255 255 255 255 255 255 255 255 255 255 255 255 255 255 255 255 255 255 255 255 255 255 255 255 255 255 255 255 255 255 255 255 255 255 255 255 255 255 
255 255 255 255 255 255 255 255 255 255 255 255 255 255 255 255 255 255 255 255 255 255 255 255 255 255 255 255 255 255 255 255 255 255 255 255 255 255 255 255 255 255 255 255 255 255 255 255 255 255 255 255 255 255 255 255 255 255 255 255 255 255 255 255 255 255 255 255 255 255 255 255 255 255 255 255 255 255 255 255 255 255 255 255 255 255 255 255 255 255 255 255 255 255 255 255 255 255 255 255 
255 255 255 255 255 255 255 255 255 255 255 255 255 255 255 255 255 255 255 255 255 255 255 255 255 255 255 255 255 255 255 255 255 255 255 255 255 255 255 255 255 255 255 255 255 255 255 255 255 255 255 255 255 255 255 255 255 255 255 255 255 255 255 255 255 255 255 255 255 255 255 255 255 255 255 255 255 255 255 255 255 255 255 255 255 255 255 255 255 255 255 255 255 255 255 255 255 255 255 255 
255 255 255 255 255 255 255 255 255 255 255 255 255 255 255 255 255 255 255 255 255 255 255 255 255 255 255 255 255 255 255 255 255 255 255 255 255 255 255 255 255 255 255 255 255 255 255 255 255 255 255 255 255 255 255 255 255 255 255 255 255 255 255 255 255 255 255 255 255 255 255 255 255 255 255 255 255 255 255 255 255 255 255 255 255 255 255 255 255 255 255 255 255 255 255 255 255 255 255 255 
255 255 255 255 255 255 255 255 255 255 255 255 255 255 255 255 255 255 255 255 255 255 255 255 255 255 255 255 255 255 255 255 255 255 255 255 255 255 255 255 255 255 255 255 255 255 255 255 255 255 255 255 255 255 255 255 255 255 255 255 255 255 255 255 255 255 255 255 255 255 255 255 255 255 255 255 255 255 255 255 255 255 255 255 255 255 255 255 255 255 255 255 255 255 255 255 255 255 255 255 
255 255 255 255 255 255 255 255 255 255 255 255 255 255 255 255 255 255 255 255 255 255 255 255 255 255 255 255 255 255 255 255 255 255 255 255 255 255 255 255 255 255 255 255 255 255 255 255 255 255 255 255 255 255 255 255 255 255 255 255 255 255 255 255 255 255 255 255 255 255 255 255 255 255 255 255 255 255 255 255 255 255 255 255 255 255 255 255 255 255 255 255 255 255 255 255 255 255 255 255 
255 255 255 255 255 255 255 255 255 255 255 255 255 255 255 255 255 255 255 255 255 255 255 255 255 255 255 255 255 255 255 255 255 255 255 255 255 255 255 255 255 255 255 255 255 255 255 255 255 255 255 255 255 255 255 255 255 255 255 255 255 255 255 255 255 255 255 255 255 255 255 255 255 255 255 255 255 255 255 255 255 255 255 255 255 255 255 255 255 255 255 255 255 255 255 255 255 255 255 255 
255 255 255 255 255 255 255 255 255 255 255 255 255 255 255 255 255 255 255 255 255 255 255 255 255 255 255 255 255 255 255 255 255 255 255 255 255 255 255 255 255 255 255 255 255 255 255 255 255 255 255 255 255 255 255 255 255 255 255 255 255 255 255 255 255 255 255 255 255 255 255 255 255 255 255 255 255 255 255 255 255 255 255 255 255 255 255 255 255 255 255 255 255 255 255 255 255 255 255 255 
255 255 255 255 255 255 255 255 255 255 255 255 255 255 255 255 255 255 255 255 255 255 255 255 255 255 255 255 255 255 255 255 255 255 255 255 255 255 255 255 255 255 255 255 255 255 255 255 255 255 255 255 255 255 255 255 255 255 255 255 255 255 255 255 255 255 255 255 255 255 255 255 255 255 255 255 255 255 255 255 255 255 255 255 255 255 255 255 255 255 255 255 255 255 255 255 255 255 255 255 
255 255 255 255 255 255 255 255 255 255 255 255 255 255 255 255 255 255 255 255 255 255 255 255 255 255 255 255 255 255 255 255 255 255 255 255 255 255 255 255 255 255 255 255 255 255 255 255 255 255 255 255 255 255 255 255 255 255 255 255 255 255 255 255 255 255 255 255 255 255 255 255 255 255 255 255 255 255 255 255 255 255 255 255 255 255 255 255 255 255 255 255 255 255 255 255 255 255 255 255 
255 255 255 255 255 255 255 255 255 255 255 255 255 255 255 255 255 255 255 255 255 255 255 255 255 255 255 255 255 255 255 255 255 255 255 255 255 255 255 255 255 255 255 255 255 255 255 255 255 255 255 255 255 255 255 255 255 255 255 255 255 255 255 255 255 255 255 255 255 255 255 255 255 255 255 255 255 255 255 255 255 255 255 255 255 255 255 255 255 255 255 255 255 255 255 255 255 255 255 255 
