234 234 234 234 234 234 234 234 234 234 234 234 234 234 234 234 234 234 234 234 234 234 234 234 234 234 234 234 234 234 234 234 234 234 234 234 234 234 234 234 234 234 234 234 234 234 234 234 234 233 234 233 232 233 233 233 232 233 233 234 234 234 234 234 234 234 234 234 234 234 234 234 234 234 234 234 234 234 234 234 234 234 234 234 234 234 234 234 233 233 232 233 233 233 233 233 233 233 232 233 
234 234 234 234 234 234 234 234 234 234 234 234 234 234 234 234 234 234 234 234 234 234 234 234 234 234 234 234 234 234 234 234 234 234 234 234 234 234 234 234 234 234 234 234 234 234 234 234 234 233 234 233 232 233 233 233 232 233 233 234 234 234 234 234 234 234 234 234 234 234 234 234 234 234 234 234 234 234 234 234 234 234 234 234 234 234 234 234 233 233 232 233 233 233 233 233 233 233 232 233 
234 234 234 234 234 234 234 234 234 234 234 234 234 234 234 234 234 234 234 234 234 234 234 234 234 234 234 234 234 234 234 234 234 234 234 234 234 234 234 234 234 234 234 234 234 234 234 234 234 233 234 233 232 233 233 233 232 233 233 234 234 234 234 234 234 234 234 234 234 234 234 234 234 234 234 234 234 234 234 234 234 234 234 234 234 234 234 234 233 233 232 233 233 233 233 233 233 233 232 233 
234 234 234 234 234 234 234 234 234 233 234 233 234 234 234 234 234 234 234 233 234 234 234 234 234 234 234 234 233 234 233 234 233 234 234 234 234 234 234 234 234 234 234 234 234 234 234 234 234 233 234 233 232 233 233 233 232 233 233 234 234 234 234 234 234 233 234 233 234 234 234 234 234 234 234 234 234 234 234 234 234 234 234 234 234 234 234 234 233 233 232 233 233 233 233 233 233 233 232 233 
233 233 233 233 233 233 233 233 233 234 233 234 234 234 234 234 234 234 233 234 233 233 233 233 233 233 233 233 234 234 234 233 234 233 233 233 233 233 233 233 233 233 233 233 233 233 233 233 233 233 234 233 232 233 233 233 232 233 233 233 233 233 233 233 233 234 233 234 234 234 234 234 234 234 234 234 234 234 234 234 234 234 234 234 234 234 234 234 233 233 232 233 233 233 233 233 233 233 232 233 
234 234 234 234 234 234 234 234 234 233 234 233 234 234 234 234 234 234 234 233 234 234 234 234 234 234 234 234 233 234 233 234 233 234 234 234 234 234 234 234 234 234 234 234 234 234 234 234 234 234 234 233 232 233 233 233 232 233 234 234 234 234 234 234 234 233 234 233 234 234 234 234 234 234 234 234 234 234 234 234 234 234 234 234 234 234 234 234 233 233 232 233 233 233 233 233 233 233 232 233 
232 232 232 233 233 233 233 233 233 234 233 234 234 234 234 234 234 234 233 234 233 233 233 233 233 233 233 233 234 234 234 233 234 233 233 233 233 233 233 233 233 233 233 233 233 233 233 233 233 233 233 233 232 233 233 233 232 233 233 233 233 233 233 233 233 234 233 234 234 234 234 234 234 234 234 234 234 234 234 234 234 234 234 234 234 234 234 234 233 233 232 233 233 233 233 233 233 233 232 233 
231 231 232 233 233 233 233 233 233 234 233 234 234 234 234 234 234 234 233 234 233 232 232 232 232 232 232 233 234 234 234 233 234 233 232 232 232 232 232 232 232 232 232 232 232 232 232 232 232 232 232 232 233 232 233 233 233 232 232 232 232 232 232 232 233 234 233 234 234 234 234 234 234 234 234 234 234 234 234 234 234 234 234 234 234 234 234 234 233 233 232 233 233 233 233 233 233 233 233 232 
232 232 233 234 234 234 234 234 234 234 234 234 234 234 234 234 234 234 233 234 233 232 233 233 233 233 233 233 234 234 234 233 234 233 232 233 233 233 233 233 233 233 233 233 233 233 233 233 233 233 233 233 232 233 233 233 232 233 233 233 233 233 233 232 233 234 233 234 234 234 234 234 234 234 234 234 234 234 234 234 234 234 234 234 234 234 234 234 233 233 232 233 233 233 233 233 233 233 232 233 
233 232 234 234 234 234 234 234 234 234 234 234 234 234 234 234 234 234 233 234 233 232 233 232 232 232 232 233 234 234 234 233 234 233 232 233 232 233 233 233 233 233 233 233 233 233 233 233 233 233 233 233 233 233 233 233 233 232 232 232 232 232 233 232 233 234 233 234 234 234 234 234 234 234 234 234 234 234 234 234 234 234 234 234 234 234 234 234 233 233 232 233 233 233 233 233 232 233 233 232 
233 233 234 235 235 235 235 235 234 233 234 234 234 234 234 234 234 234 234 234 233 233 233 233 233 233 233 233 234 234 234 234 234 233 232 233 233 233 233 233 233 233 233 233 233 233 233 233 233 233 233 233 233 233 233 233 233 233 233 233 233 233 233 232 233 234 234 234 234 234 234 234 234 234 234 234 234 234 234 234 234 234 234 234 234 234 234 234 233 233 233 233 233 233 233 233 233 233 233 233 
234 234 234 235 235 235 235 235 234 234 234 234 234 234 234 234 234 234 234 234 233 232 233 233 233 233 232 233 234 234 234 234 234 233 233 233 233 233 233 233 233 233 233 233 233 233 233 233 233 233 233 233 232 233 233 233 233 233 233 233 233 233 233 232 233 234 234 234 234 234 234 234 234 234 234 234 234 234 234 234 234 234 234 234 234 234 234 234 234 233 233 233 233 233 233 233 232 233 233 233 
234 234 234 235 235 235 235 234 234 234 234 234 234 234 234 234 234 234 234 234 234 233 234 234 234 234 233 234 234 234 234 234 234 233 233 233 233 233 233 233 233 233 233 233 233 233 233 233 233 233 233 233 234 233 234 234 234 234 234 234 234 234 234 233 234 234 234 234 234 234 234 234 234 234 234 234 234 234 234 234 234 234 234 234 234 234 234 234 234 233 233 233 233 233 233 233 234 233 234 234 
234 234 234 233 233 233 233 233 234 233 234 233 234 234 234 234 234 234 234 233 234 234 234 234 234 234 234 234 233 234 234 233 234 233 232 233 233 233 233 233 233 233 233 233 233 233 233 233 233 233 232 233 234 234 234 234 234 234 234 234 234 234 234 234 234 233 234 233 234 234 234 234 234 234 234 234 234 234 234 234 234 234 234 234 234 234 234 234 233 233 233 233 233 233 232 233 234 234 234 234 
234 234 234 234 234 234 234 234 234 234 234 234 234 234 234 234 234 234 234 234 234 233 234 234 234 234 233 234 234 234 234 234 234 233 233 233 233 233 233 233 233 233 233 233 233 233 233 233 233 233 233 233 234 233 234 234 234 234 234 234 234 234 234 233 234 234 234 234 234 234 234 234 234 234 234 234 234 234 234 234 234 234 234 234 234 234 234 234 234 233 233 233 233 233 233 233 234 233 234 234 
234 234 234 234 234 234 234 234 233 234 233 233 233 233 233 234 233 234 234 233 234 234 234 234 234 234 234 234 233 234 233 234 233 234 234 234 234 234 234 234 234 234 234 234 234 234 234 234 234 234 234 234 233 234 234 234 234 234 234 234 234 234 234 234 234 233 234 233 234 234 234 234 234 234 234 234 234 234 234 234 234 234 234 234 234 234 234 233 234 234 234 234 234 234 234 234 233 234 234 234 
234 234 234 234 234 234 234 233 234 234 234 234 234 234 234 233 234 233 234 234 234 234 234 234 234 234 234 234 234 234 233 234 233 234 235 235 235 235 235 235 235 235 235 235 235 235 235 235 235 235 235 234 233 234 234 234 234 234 234 234 234 234 234 234 234 234 234 234 234 234 234 234 234 234 234 234 234 234 234 234 234 234 234 234 234 234 234 233 234 235 235 235 235 235 235 234 233 234 234 234 
233 233 233 233 233 233 233 233 233 233 233 233 233 233 233 234 233 233 233 233 233 233 233 233 233 233 233 233 233 233 233 234 233 234 235 234 234 234 234 234 234 234 234 234 234 234 234 234 234 234 235 234 233 233 233 233 233 233 233 233 233 233 233 233 233 233 233 233 233 233 233 233 233 233 233 233 233 233 233 233 233 233 233 233 233 233 233 233 234 234 234 234 234 234 235 234 233 233 233 233 
234 234 234 234 234 234 234 234 234 234 234 234 234 234 234 234 234 234 234 234 234 234 234 234 234 234 234 234 234 234 234 234 233 234 235 235 235 235 235 235 235 235 235 235 235 235 235 235 235 235 235 235 233 234 234 234 234 234 234 234 234 234 234 234 234 234 234 234 234 234 234 234 234 234 234 234 234 234 234 234 234 234 234 234 234 234 234 234 234 235 235 235 235 235 235 234 233 234 234 234 
236 236 236 236 236 236 236 236 236 236 236 236 236 236 235 233 233 233 233 233 233 233 233 233 233 233 233 233 233 233 233 233 233 235 236 236 236 236 236 236 236 236 236 236 236 236 236 236 236 236 236 235 233 233 233 233 233 233 233 233 233 233 233 233 233 233 233 233 233 233 233 233 233 233 233 233 233 233 233 233 233 233 233 233 233 233 233 233 234 236 236 236 236 236 236 234 233 233 233 233 
235 235 235 235 235 235 235 235 235 235 235 235 235 236 235 234 234 234 234 234 234 234 234 234 234 234 234 234 234 234 234 234 234 235 236 235 235 235 235 235 235 235 235 235 235 235 235 235 235 235 236 235 234 234 234 234 234 234 234 234 234 234 234 234 234 234 234 234 234 234 234 234 234 234 234 234 234 234 234 234 234 234 234 234 234 234 234 234 234 235 235 235 235 235 236 234 234 234 234 234 
235 235 235 235 235 235 235 235 236 236 236 236 236 236 235 235 235 235 235 235 235 235 235 235 235 235 235 235 235 235 235 235 235 235 236 235 236 236 236 236 236 236 236 236 236 236 236 236 236 235 236 235 235 235 235 235 235 235 235 235 235 235 235 235 235 235 235 235 235 235 235 235 235 235 235 235 235 235 235 235 235 235 235 235 235 235 235 235 235 235 236 236 236 235 236 235 235 235 235 235 
235 235 235 235 235 235 235 236 236 235 235 235 235 235 235 235 235 235 235 235 235 235 235 235 235 235 235 235 235 235 235 235 235 235 236 235 236 236 236 236 236 236 236 236 236 236 236 236 236 236 236 235 235 235 235 235 235 235 235 235 235 235 235 235 235 235 235 235 235 235 235 235 235 235 235 235 235 235 235 235 235 235 235 235 235 235 235 235 235 236 236 236 236 236 236 235 235 235 235 235 
235 235 235 235 235 235 235 236 236 236 236 236 236 236 236 237 236 237 237 237 237 237 237 237 237 237 237 237 237 237 237 237 237 236 235 235 235 235 235 235 235 235 235 235 235 235 235 235 235 235 235 236 237 237 237 237 237 237 237 237 237 237 237 237 237 237 237 237 237 237 237 237 237 237 237 237 237 237 237 237 237 237 237 237 237 237 237 237 237 235 235 235 235 235 235 236 237 237 237 237 
235 235 235 235 235 235 235 235 236 235 236 236 236 236 236 237 237 237 237 237 237 237 237 237 237 237 237 237 237 237 237 237 237 236 236 236 236 236 236 236 236 236 236 236 236 236 236 236 236 236 236 236 237 237 237 237 237 237 237 237 237 237 237 237 237 237 237 237 237 237 237 237 237 237 237 237 237 237 237 237 237 237 237 237 237 237 237 237 237 236 236 236 236 236 236 236 237 237 237 237 
237 237 237 237 237 237 237 237 236 237 237 237 237 237 237 237 237 237 237 237 237 237 237 237 237 237 237 237 237 237 237 237 237 237 237 237 237 237 237 237 237 237 237 237 237 237 237 237 237 237 237 237 237 237 237 237 236 236 237 237 237 237 237 237 237 237 237 237 237 237 237 237 237 237 237 237 237 237 237 237 237 237 237 237 237 237 237 237 237 237 237 237 237 237 237 237 237 237 237 237 
237 237 237 237 237 237 237 237 237 237 237 237 237 237 237 237 237 237 237 237 237 237 237 237 237 237 237 237 237 237 237 237 237 237 237 237 237 237 237 237 237 237 237 237 237 237 237 237 237 237 237 237 237 237 237 237 237 237 237 237 237 237 237 237 237 237 237 237 237 237 237 237 237 237 237 237 237 237 237 237 237 237 237 237 237 237 237 237 237 237 237 237 237 237 237 237 237 237 237 237 
237 237 237 237 237 237 237 237 237 237 237 237 237 237 237 237 237 237 237 237 237 237 237 237 237 237 237 237 237 237 237 237 237 237 237 237 237 237 237 237 237 237 237 237 237 237 237 237 237 237 237 237 237 237 237 237 237 237 237 237 237 237 237 237 237 237 237 237 237 237 237 237 237 237 237 237 237 237 237 237 237 237 237 237 237 237 237 237 237 237 237 237 237 237 237 237 237 237 237 237 
237 237 237 237 237 237 237 237 237 237 237 237 237 237 237 237 237 237 237 237 237 237 237 237 237 237 237 237 237 237 237 237 237 237 237 237 237 237 237 237 237 237 237 237 237 237 237 237 237 237 237 237 237 237 237 237 237 237 237 237 237 237 237 237 237 237 237 237 237 237 237 237 237 237 237 237 237 237 237 237 237 237 237 237 237 237 237 237 237 237 237 237 237 237 237 237 237 237 237 237 
237 237 237 237 237 237 237 237 237 237 237 237 237 237 237 237 237 237 237 237 237 237 237 237 237 237 237 237 237 237 237 237 237 237 237 237 237 237 237 237 237 237 237 237 237 237 237 237 237 237 237 237 237 237 237 237 237 237 237 237 237 237 237 237 237 237 237 237 237 237 237 237 237 237 237 237 237 237 237 237 237 237 237 237 237 237 237 237 237 237 237 237 237 237 237 237 237 237 237 237 
237 237 237 237 237 237 237 237 237 237 237 237 237 237 237 237 237 237 237 237 237 237 237 237 237 237 237 237 237 237 237 237 237 237 237 237 237 237 237 237 237 237 237 237 237 237 237 237 237 237 237 237 237 237 237 237 237 237 237 237 237 237 237 237 237 237 237 237 237 237 237 237 237 237 237 237 237 237 237 237 237 237 237 237 237 237 237 237 237 237 237 237 237 237 237 237 237 237 237 237 
237 237 237 237 237 237 237 237 237 237 237 237 237 237 237 237 237 237 237 237 237 237 237 237 237 237 237 237 237 237 237 237 237 237 237 237 237 237 237 237 237 237 237 237 237 237 237 237 237 237 237 237 237 237 237 237 237 237 237 237 237 237 237 237 237 237 237 237 237 237 237 237 237 237 237 237 237 237 237 237 237 237 237 237 237 237 237 237 237 237 237 237 237 237 237 237 237 237 237 237 
237 237 237 237 237 237 237 237 237 237 237 237 237 237 237 237 237 237 237 237 237 237 237 237 237 237 237 237 237 237 237 237 237 237 237 237 237 237 237 237 237 237 237 237 237 237 237 237 237 237 237 237 237 237 237 237 237 237 237 237 237 237 237 237 237 237 237 237 237 237 237 237 237 237 237 237 237 237 237 237 237 237 237 237 237 237 237 237 237 237 237 237 237 237 237 237 237 237 237 237 
237 237 237 237 237 237 237 237 237 237 237 237 237 237 237 237 237 237 237 237 237 237 237 237 237 237 237 237 237 237 237 237 237 237 237 237 237 237 237 237 237 237 237 237 237 237 237 237 237 237 237 237 237 237 237 237 237 237 237 237 237 237 237 237 237 237 237 237 237 237 237 237 237 237 237 237 237 237 237 237 237 237 237 237 237 237 237 237 237 237 237 237 237 237 237 237 237 237 237 237 
237 237 237 237 237 237 237 237 237 237 237 237 237 237 237 237 237 237 237 237 237 237 237 237 237 237 237 237 237 237 237 237 237 237 237 237 237 237 237 237 237 237 237 237 237 237 237 237 237 237 237 237 237 237 237 237 237 237 237 237 237 237 237 237 237 237 237 237 237 237 237 237 237 237 237 237 237 237 237 237 237 237 237 237 237 237 237 237 237 237 237 237 237 237 237 237 237 237 237 237 
236 236 236 236 236 236 236 236 236 236 236 236 236 236 236 236 236 236 236 236 236 236 236 236 236 236 236 236 236 236 236 236 236 236 236 236 236 236 236 236 236 236 236 236 236 236 236 236 236 236 236 236 236 236 236 236 236 236 236 236 236 236 236 236 236 236 236 236 236 236 236 236 236 236 236 236 236 236 236 236 236 236 236 236 236 236 236 236 236 236 236 236 236 236 236 236 236 236 236 236 
237 237 237 237 237 237 237 237 237 237 237 237 237 237 237 237 237 237 237 237 237 237 237 237 237 237 237 237 237 237 237 237 237 237 237 237 237 237 237 237 237 237 237 237 237 237 237 237 237 237 237 237 237 237 237 237 237 237 237 237 237 237 237 237 237 237 237 237 237 237 237 237 237 237 237 237 237 237 237 237 237 237 237 237 237 237 237 237 237 237 237 237 237 237 237 237 237 237 237 237 
236 236 236 236 236 236 236 236 236 236 236 236 236 236 236 236 236 236 236 236 236 236 236 236 236 236 236 236 236 236 236 236 236 236 236 236 236 236 236 236 236 236 236 236 236 236 236 236 236 236 236 236 236 236 236 236 236 236 236 236 236 236 236 236 236 236 236 236 236 236 236 236 236 236 236 236 236 236 236 236 236 236 236 236 236 236 236 236 236 236 236 236 236 236 236 236 236 236 236 236 
235 235 235 235 235 235 235 235 235 235 235 235 235 235 235 235 235 235 235 235 235 235 235 235 235 235 235 235 235 235 235 235 235 235 235 235 235 235 235 235 235 235 235 235 235 235 235 235 235 235 235 235 235 235 235 235 235 235 235 235 235 235 235 235 235 235 235 235 235 235 235 235 235 235 235 235 235 235 235 235 235 235 235 235 235 235 235 235 235 235 235 235 235 235 235 235 235 235 235 235 
236 236 236 236 236 236 236 236 236 236 236 236 236 236 236 236 236 236 236 236 236 236 236 236 236 236 236 236 236 236 236 236 236 236 236 236 236 236 236 236 236 236 236 236 236 236 236 236 236 236 236 236 236 236 236 236 236 236 236 236 236 236 236 236 236 236 236 236 236 236 236 236 236 236 236 236 236 236 236 236 236 236 236 236 236 236 236 236 236 236 236 236 236 236 236 236 236 236 236 236 
235 235 235 235 235 235 235 235 235 235 235 235 235 235 235 235 235 235 235 235 235 235 235 235 235 235 235 235 235 235 235 235 235 235 235 235 235 235 235 235 235 235 235 235 235 235 235 235 235 235 235 235 235 235 235 235 235 235 235 235 235 235 235 235 235 235 235 235 235 235 235 235 235 235 235 235 235 235 235 235 235 235 235 235 235 235 235 235 235 235 235 235 235 235 235 235 235 235 235 235 
236 236 236 236 236 236 236 236 236 236 236 236 236 236 236 236 236 236 236 236 236 236 236 236 236 236 236 236 236 236 236 236 236 236 236 236 236 236 236 236 236 236 236 236 236 236 236 236 236 236 236 236 236 236 236 236 236 236 236 236 236 236 236 236 236 236 236 236 236 236 236 236 236 236 236 236 236 236 236 236 236 236 236 236 236 236 236 236 236 236 236 236 236 236 236 236 236 236 236 236 
235 235 235 235 235 235 235 235 235 235 235 235 235 235 235 235 235 235 235 235 235 235 235 235 235 235 235 235 235 235 235 235 235 235 235 235 235 235 235 235 235 235 235 235 235 235 235 235 235 235 235 235 235 235 235 235 235 235 235 235 235 235 235 235 235 235 235 235 235 235 235 235 235 235 235 235 235 235 235 235 235 235 235 235 235 235 235 235 235 235 235 235 235 235 235 235 235 235 235 235 
236 236 236 236 236 236 236 236 236 236 236 236 236 236 236 236 236 236 236 236 236 236 236 236 236 236 236 236 236 236 236 236 236 236 236 236 236 236 236 236 236 236 236 236 236 236 236 236 236 236 236 236 236 236 236 236 236 236 236 236 236 236 236 236 236 236 236 236 236 236 236 236 236 236 236 236 236 236 236 236 236 236 236 236 236 236 236 236 236 236 236 236 236 236 236 236 236 236 236 236 
237 237 237 237 237 237 237 237 237 237 237 237 237 237 237 237 237 237 237 237 237 237 237 237 237 237 237 237 237 237 237 237 237 237 237 237 237 237 237 237 237 237 237 237 237 237 237 237 237 237 237 237 237 237 237 237 237 237 237 237 237 237 237 237 237 237 237 237 237 237 237 237 237 237 237 237 237 237 237 237 237 237 237 237 237 237 237 237 237 237 237 237 237 237 237 237 237 237 237 237 
236 236 236 236 236 236 236 236 236 236 236 236 236 236 236 236 236 236 236 236 236 236 236 236 236 236 236 236 236 236 236 236 236 236 236 236 236 236 236 236 236 236 236 236 236 236 236 236 236 236 236 236 236 236 236 236 236 236 236 236 236 236 236 236 236 236 236 236 236 236 236 236 236 236 236 236 236 236 236 236 236 236 236 236 236 236 236 236 236 236 236 236 236 236 236 236 236 236 236 236 
237 237 237 237 237 237 237 237 237 237 237 237 237 237 237 237 237 237 237 237 237 237 237 237 237 237 237 237 237 237 237 237 237 237 237 237 237 237 237 237 237 237 237 237 237 237 237 237 237 237 237 237 237 237 237 237 237 237 237 237 237 237 237 237 237 237 237 237 237 237 237 237 237 237 237 237 237 237 237 237 237 237 237 237 237 237 237 237 237 237 237 237 237 237 237 237 237 237 237 237 
237 237 237 237 237 237 237 237 237 237 237 237 237 237 237 237 237 237 237 237 237 237 237 237 237 237 237 237 237 237 237 237 237 237 237 237 237 237 237 237 237 237 237 237 237 237 237 237 237 237 237 237 237 237 237 237 237 237 237 237 237 237 237 237 237 237 237 237 237 237 237 237 237 237 237 237 237 237 237 237 237 237 237 237 237 237 237 237 237 237 237 237 237 237 237 237 237 237 237 237 
237 237 237 237 237 237 237 237 237 237 237 237 237 237 237 237 237 237 237 237 237 237 237 237 237 237 237 237 237 237 237 237 237 237 237 237 237 237 237 237 237 237 237 237 237 237 237 237 237 237 237 237 237 237 237 237 237 237 237 237 237 237 237 237 237 237 237 237 237 237 237 237 237 237 237 237 237 237 237 237 237 237 237 237 237 237 237 237 237 237 237 237 237 237 237 237 237 237 237 237 
237 237 237 237 237 237 237 237 237 237 237 237 237 237 237 237 237 237 237 237 237 237 237 237 237 237 237 237 237 237 237 237 237 237 237 237 237 237 237 237 237 237 237 237 237 237 237 237 237 237 237 237 237 237 237 237 237 237 237 237 237 237 237 237 237 236 237 237 237 237 237 237 237 237 237 237 237 237 237 237 237 237 237 237 237 237 237 237 237 237 237 237 237 237 237 237 237 237 237 237 
237 237 237 237 237 237 237 237 237 237 237 237 237 237 237 237 237 237 237 237 237 237 237 237 237 237 237 237 237 237 237 237 237 237 237 237 237 237 237 237 237 237 237 237 237 237 237 237 237 237 237 237 237 237 237 237 237 237 237 237 237 237 237 237 237 237 237 237 237 237 237 237 237 237 237 237 237 237 237 237 237 237 237 237 237 237 237 237 237 237 237 237 237 237 237 237 237 237 237 237 
236 236 236 236 236 236 236 236 236 236 236 236 236 236 236 236 236 236 236 236 236 236 236 236 236 236 236 236 236 236 236 236 236 236 236 236 236 236 236 236 236 236 236 236 236 236 236 236 236 236 236 236 236 236 236 236 236 237 237 237 237 237 237 237 237 237 237 237 237 237 237 237 237 237 237 237 237 237 237 237 237 237 237 237 237 237 237 237 237 237 237 237 237 237 237 237 237 237 237 237 
237 237 237 237 237 237 237 237 237 237 237 237 237 237 237 237 237 237 237 237 237 237 237 237 237 237 237 237 237 237 237 237 237 237 237 237 237 237 237 237 237 237 237 237 237 237 237 237 237 237 237 237 237 237 237 237 236 237 237 236 236 236 236 236 236 236 236 236 236 236 237 237 237 237 237 237 237 237 237 237 237 237 237 237 237 237 237 237 237 237 237 237 237 237 237 237 237 237 237 237 
236 236 236 236 236 236 236 236 236 236 236 236 236 236 236 236 236 236 236 236 236 236 236 236 236 236 236 236 236 236 236 236 236 236 236 236 236 236 236 236 236 236 236 236 236 236 236 236 236 236 236 236 236 236 236 237 236 236 237 237 237 237 237 237 237 237 237 237 237 237 236 236 236 236 236 236 236 237 236 237 236 237 236 236 236 236 236 236 236 236 236 236 236 236 236 236 236 236 236 236 
237 237 237 237 237 237 237 237 237 237 237 237 237 237 237 237 237 237 237 236 237 237 237 237 237 237 237 237 236 237 237 237 237 237 237 237 237 237 237 237 237 237 236 237 236 237 237 237 237 237 237 237 237 237 237 237 236 237 237 236 237 237 237 237 237 237 237 237 237 237 237 237 237 237 237 237 237 236 237 236 237 236 237 237 237 237 237 237 237 237 237 237 237 237 237 237 237 237 237 237 
237 237 237 237 237 237 237 237 237 237 237 237 237 237 237 237 237 237 236 237 236 236 236 236 236 236 236 236 237 237 237 237 237 237 237 237 237 237 237 237 237 237 237 236 237 236 236 236 236 236 236 236 236 236 236 236 236 237 236 236 236 236 236 236 236 236 236 236 236 236 236 236 236 236 236 236 236 237 236 237 236 237 236 236 236 236 236 236 236 236 236 236 236 236 236 236 236 236 236 236 
237 237 237 237 237 237 237 237 237 237 237 237 237 237 237 237 237 237 237 236 237 237 237 237 237 237 237 237 236 237 237 237 237 237 237 237 237 237 237 237 237 237 236 237 236 237 237 237 237 237 237 237 237 237 237 237 237 237 237 237 237 237 237 237 237 237 237 237 237 237 237 237 237 237 237 237 237 236 237 236 237 236 237 237 237 237 237 237 237 237 237 237 237 237 237 237 237 237 237 237 
237 237 237 237 237 237 237 237 237 237 237 237 237 237 237 237 237 237 237 236 237 238 238 238 238 238 238 237 236 237 237 237 237 237 237 237 237 237 237 237 237 237 236 237 236 237 238 238 238 238 238 238 238 238 238 238 238 238 238 238 238 238 238 238 238 238 238 238 238 238 238 238 238 238 238 238 237 236 237 236 237 236 237 238 238 238 238 238 238 238 238 238 238 238 238 238 238 238 238 238 
237 237 237 237 237 237 237 237 237 237 237 237 237 237 237 237 237 237 237 236 237 238 237 237 237 237 237 237 236 237 237 237 237 237 237 237 237 237 237 237 237 237 236 237 236 237 238 237 237 237 237 237 237 237 237 237 237 238 238 238 238 238 238 238 238 238 238 238 238 238 237 237 237 237 237 238 237 236 237 236 237 236 237 238 237 237 237 237 238 237 237 238 237 237 238 237 237 237 237 237 
237 237 237 237 237 237 237 237 237 237 237 237 237 237 237 237 237 237 237 236 237 238 238 238 238 238 238 237 236 237 237 237 237 237 237 237 237 237 237 237 237 237 236 237 236 237 238 237 238 238 238 238 238 238 238 238 238 238 238 238 238 238 238 238 238 238 238 238 238 238 238 238 238 238 238 238 237 236 237 236 237 236 237 238 237 237 238 238 238 238 238 238 238 238 238 237 238 238 238 238 
237 237 237 237 237 237 237 237 237 237 237 237 237 237 237 237 237 237 237 236 237 238 237 237 237 237 237 237 236 237 237 237 237 237 237 237 237 237 237 237 237 237 236 237 236 237 238 237 238 238 238 238 237 238 238 238 238 237 237 237 237 237 237 237 237 237 237 237 237 237 238 238 238 238 237 238 237 236 237 237 237 237 237 238 238 238 238 238 238 238 238 238 238 238 238 238 238 238 238 238 
237 237 237 237 237 237 237 237 237 237 237 237 237 237 237 237 237 237 237 236 237 238 238 238 238 238 238 237 236 237 237 237 237 237 237 237 237 237 237 237 237 237 236 237 236 237 238 237 237 237 237 237 238 237 238 237 237 237 238 238 238 238 238 238 237 238 237 237 237 237 237 238 238 238 238 238 237 236 237 237 237 237 237 237 238 238 238 238 237 238 238 237 238 238 237 237 237 237 238 237 
237 237 237 237 237 237 237 237 237 237 237 237 237 237 237 237 237 237 237 236 237 237 237 237 237 237 237 237 236 237 237 237 237 237 237 237 237 237 237 237 237 237 236 237 236 237 238 238 238 238 238 238 237 238 238 237 238 238 236 236 236 236 237 237 238 238 238 238 238 238 238 238 237 237 236 236 236 237 237 237 237 237 237 237 237 237 237 237 237 237 237 237 238 238 237 238 239 239 238 239 
236 236 236 236 236 236 236 236 236 236 236 236 236 236 236 236 236 236 236 236 236 236 236 236 236 236 236 236 236 236 236 236 236 236 236 236 236 236 236 236 236 236 236 236 237 237 238 238 238 238 238 238 238 238 238 238 238 238 236 236 236 236 237 238 237 237 237 238 238 239 238 238 237 237 236 236 236 238 238 238 238 238 238 239 239 239 239 239 239 239 239 239 239 239 239 240 241 239 239 238 
237 237 237 237 237 237 237 237 237 237 237 237 237 237 237 237 237 237 237 237 237 237 237 237 237 237 237 237 237 237 237 237 237 237 237 237 237 237 237 237 237 237 237 237 237 237 238 237 238 238 238 237 238 237 238 237 237 237 238 238 238 238 237 237 236 236 237 237 238 239 238 237 238 238 239 239 239 240 240 240 240 240 241 244 244 244 244 244 244 244 244 244 244 244 244 244 243 241 241 238 
237 237 237 237 237 237 237 237 237 237 237 237 237 237 237 237 237 237 237 237 237 237 237 237 237 237 237 237 237 237 237 237 237 237 237 237 237 237 237 237 237 237 237 237 237 238 238 238 238 237 238 238 238 238 238 238 238 238 238 238 238 237 237 236 237 237 237 239 240 241 242 242 244 244 245 245 245 245 245 245 245 245 246 249 248 248 249 248 248 248 248 248 249 249 248 248 248 246 245 243 
238 238 238 238 238 238 238 238 238 238 238 238 238 238 238 238 238 238 238 238 238 238 238 238 238 238 238 238 238 238 238 238 238 238 238 238 238 238 238 238 238 238 238 238 238 238 237 237 237 238 237 237 238 238 237 238 238 238 236 238 237 237 238 238 241 241 242 244 246 247 248 249 250 250 250 250 251 251 251 251 251 251 251 251 251 252 252 251 252 251 251 251 252 252 251 252 253 251 250 248 
239 239 239 239 239 239 239 239 239 239 239 239 239 239 239 239 239 239 239 239 239 239 239 239 239 239 239 239 239 239 239 239 239 239 239 239 239 239 239 239 239 239 239 238 239 238 237 237 237 237 237 237 237 237 238 237 237 238 238 239 240 241 243 244 246 246 248 249 252 252 252 253 252 252 253 252 253 253 253 253 253 253 253 254 254 254 254 253 254 254 253 253 253 254 253 254 253 254 252 251 
238 238 238 238 238 238 238 238 238 238 238 238 238 238 238 238 238 238 238 238 238 238 238 238 238 238 238 238 238 238 238 238 238 238 238 238 238 238 238 238 238 238 238 238 238 238 238 238 237 237 237 237 238 238 238 238 239 239 240 241 244 246 248 249 250 251 251 253 253 254 253 253 254 253 253 252 253 254 253 254 254 254 254 253 253 253 254 254 253 254 254 253 254 254 254 254 254 253 254 253 
237 237 237 237 237 237 237 237 237 237 237 237 237 237 237 237 237 237 237 237 237 237 237 237 237 237 237 237 237 237 237 237 237 237 237 237 237 237 237 237 237 237 237 237 237 238 238 237 236 236 236 236 239 241 242 242 244 245 244 246 248 250 251 252 252 253 253 254 253 253 253 253 254 254 253 254 254 254 254 254 254 253 253 252 252 252 252 252 252 252 252 252 252 253 252 253 254 253 254 253 
238 238 238 238 238 238 238 238 238 238 238 238 238 238 238 238 238 238 238 238 238 238 238 238 238 238 238 238 238 238 238 238 238 238 238 238 238 238 238 238 238 238 238 238 238 238 237 237 237 237 237 238 241 242 245 246 248 249 250 251 252 252 253 253 253 253 254 253 253 254 254 253 254 253 253 253 253 254 254 254 253 254 254 252 252 252 252 252 252 252 252 252 252 252 252 253 253 254 254 253 
237 237 237 237 237 237 237 237 237 237 237 237 237 237 237 237 237 237 237 237 237 237 237 237 237 237 237 237 237 237 237 237 237 238 238 238 237 237 237 237 237 237 238 237 238 237 237 238 239 239 240 241 246 246 248 250 252 253 253 252 252 252 252 252 253 254 254 253 253 254 254 253 253 254 254 254 253 253 253 254 253 254 254 252 252 252 252 252 252 252 252 252 252 252 252 253 254 254 253 254 
238 238 238 238 238 238 238 238 238 238 238 238 238 238 238 238 238 238 238 238 238 238 238 238 238 238 238 238 238 237 238 237 238 237 237 237 237 238 237 238 238 238 238 238 238 237 239 240 241 243 244 246 248 250 251 253 254 254 253 251 251 250 250 251 253 254 253 253 254 254 253 254 254 254 254 254 254 254 254 254 254 254 253 253 253 253 253 253 253 253 253 253 253 253 253 253 254 254 254 254 
237 237 237 237 237 237 237 237 237 237 237 237 237 237 237 237 237 237 237 237 237 237 237 237 237 237 237 237 237 237 237 238 237 238 237 237 238 237 238 237 237 237 237 238 237 239 242 243 246 247 250 251 252 253 253 254 253 253 251 250 251 250 251 251 252 253 253 253 253 254 254 253 254 253 253 254 254 253 254 253 253 253 254 253 253 253 253 253 253 253 253 253 253 253 253 253 253 253 253 254 
238 238 238 238 238 238 238 238 238 238 238 238 238 238 238 238 238 238 238 238 238 238 238 238 238 238 238 238 238 238 238 238 238 238 238 238 237 238 237 238 238 238 237 238 237 240 245 245 248 251 253 253 254 254 253 253 252 252 250 250 251 251 252 253 252 253 254 253 253 254 253 253 253 253 253 253 253 253 254 253 253 254 253 253 253 253 253 253 253 253 253 253 253 253 252 253 254 253 253 253 
237 237 237 237 237 237 237 237 238 238 238 238 238 238 238 238 238 238 238 238 238 238 238 238 238 238 238 238 238 238 238 238 239 238 237 236 236 236 236 238 239 238 238 240 242 245 249 249 250 252 252 254 253 254 253 254 253 253 253 252 253 253 253 253 253 253 254 254 254 254 254 253 254 254 254 254 254 253 253 253 253 253 253 254 254 254 254 254 254 253 253 253 253 253 253 253 254 254 254 253 
238 238 238 238 238 237 238 237 238 239 238 239 239 239 239 239 239 239 239 239 239 239 239 239 239 239 239 239 239 239 239 239 238 238 237 236 236 237 237 238 238 238 240 242 246 248 249 249 251 252 254 253 254 254 253 254 254 253 254 253 253 254 253 253 253 254 253 253 254 254 254 253 254 254 254 254 254 254 253 253 254 254 254 254 254 255 255 255 255 254 253 254 254 253 254 253 253 254 254 254 
238 238 238 238 238 237 238 237 238 239 238 239 239 239 239 239 239 239 239 239 239 239 239 239 239 239 239 239 239 238 239 238 239 239 237 237 236 237 238 237 237 240 243 247 251 252 250 251 252 253 254 253 254 253 253 254 253 253 254 254 253 253 253 252 253 254 252 252 253 254 253 253 253 253 253 253 253 254 254 254 254 254 254 254 255 255 255 255 254 253 253 253 254 254 253 253 253 253 253 253 
237 237 237 237 237 237 238 237 238 239 238 239 239 239 239 239 239 239 239 239 239 239 239 239 239 239 238 239 239 239 239 238 239 239 238 237 237 237 238 238 240 243 248 251 254 252 252 253 252 253 254 254 254 253 254 253 253 254 253 253 253 251 251 250 253 253 251 251 251 253 252 252 252 252 252 252 253 253 253 253 253 253 253 253 253 253 253 254 254 253 253 253 253 253 253 253 253 253 253 253 
238 238 238 238 238 238 238 237 238 239 238 239 239 239 239 239 239 239 239 239 239 239 239 239 239 239 239 238 238 238 238 238 238 239 238 238 238 238 239 242 245 248 252 253 253 253 253 253 254 254 253 253 254 254 253 253 253 253 253 253 252 251 250 249 251 251 250 251 250 252 252 251 251 251 251 252 251 251 251 251 251 251 252 253 252 253 252 253 253 253 253 254 253 254 253 253 254 253 253 253 
237 237 237 237 237 237 237 237 238 239 238 239 239 239 239 239 239 239 239 239 239 239 239 239 239 239 238 239 239 239 239 239 239 239 239 238 237 238 238 243 249 252 253 254 253 253 254 253 253 253 254 254 253 253 254 254 253 253 254 254 252 251 249 248 251 251 249 249 250 251 252 252 252 252 251 252 251 248 249 249 249 248 250 252 252 253 252 253 253 254 254 254 254 253 253 254 254 254 254 253 
238 238 238 238 238 238 238 238 238 239 238 239 239 239 239 239 239 239 239 239 239 239 239 239 239 239 239 238 238 238 238 238 238 238 238 239 240 243 246 249 252 253 254 254 253 253 254 254 254 254 254 254 254 254 253 254 253 253 250 250 249 249 249 248 248 250 251 251 251 252 250 246 247 251 253 248 246 252 249 247 250 252 250 247 251 252 250 247 246 250 251 252 254 253 253 253 253 253 253 253 
239 239 239 239 239 239 239 239 239 238 239 238 239 239 239 239 239 239 239 239 239 239 239 239 239 239 239 238 237 237 237 237 237 238 238 240 243 247 250 252 253 253 254 254 254 254 255 254 254 254 254 253 253 253 253 252 252 252 248 248 248 248 249 249 248 248 248 246 245 247 249 248 245 243 245 247 245 244 248 250 248 243 242 248 249 244 238 246 250 248 249 250 251 251 252 252 252 252 252 252 
238 238 238 238 238 238 238 238 238 239 238 239 239 239 239 239 239 239 239 239 239 239 239 239 239 239 239 238 237 238 237 238 238 237 239 242 245 249 252 253 254 254 253 253 253 254 255 255 255 254 255 254 252 252 251 250 250 249 249 248 249 249 249 248 251 247 245 251 252 243 240 246 250 249 250 252 254 254 254 253 253 254 254 247 247 251 252 249 242 248 248 249 249 249 249 251 251 251 251 251 
239 239 239 239 239 239 239 239 239 238 239 238 239 239 239 239 239 239 239 239 238 239 238 238 238 238 239 238 237 238 237 238 238 238 241 245 249 253 254 254 254 254 253 253 252 253 254 254 254 254 254 254 252 251 250 248 248 247 249 249 249 249 249 249 241 249 252 245 236 242 252 252 246 233 206 171 142 126 127 135 160 189 209 232 252 254 247 244 251 251 251 251 250 250 250 250 250 249 250 250 
239 239 239 239 239 239 239 239 239 239 239 239 239 239 239 239 239 239 238 239 238 238 239 239 239 239 239 238 237 237 238 238 237 241 245 249 253 253 253 253 253 253 253 253 252 253 253 253 253 253 253 253 253 252 251 249 247 246 248 249 249 249 249 248 250 245 243 249 251 250 220 170 103  52  27  10   7   9   7  10  21  33  49  91 134 196 242 253 251 250 251 251 250 252 251 250 249 250 249 249 
239 239 239 239 239 239 239 239 239 239 239 239 239 239 239 239 239 239 239 239 239 239 238 238 238 238 239 237 237 238 238 237 237 243 248 251 253 254 253 253 254 253 253 252 252 253 252 252 252 252 253 253 254 254 252 250 248 246 248 248 248 249 249 248 247 242 243 251 210 133  54  18  14  24  43  51  49  40  31  18   9   6   5  11  16  43 105 183 234 252 247 248 250 250 251 251 250 251 251 251 
238 238 238 238 238 238 238 238 238 238 238 238 238 238 238 238 238 238 238 238 238 238 239 239 238 239 238 239 238 237 237 238 240 246 251 252 253 253 252 252 254 253 253 253 253 253 253 253 253 253 253 253 254 254 253 251 249 247 249 248 249 249 246 247 242 254 236 147  59   8  25  72 116 148 156 155 160 158 142 121  89  52  23   7  14  15   7  45 122 206 248 248 242 253 245 249 251 251 251 251 
239 239 239 239 239 239 239 239 239 239 239 239 239 239 239 239 239 239 239 238 239 239 238 239 239 238 238 240 238 236 236 240 244 250 253 252 252 252 252 253 254 253 254 254 254 253 254 254 254 254 254 254 254 254 254 251 249 247 242 242 251 244 244 249 254 202  96  20   7  55 127 158 175 176 169 171 178 179 176 181 174 149 119  70  21  10  11  14  14  76 169 241 249 245 247 249 249 251 250 250 
239 239 239 239 239 239 239 239 239 239 239 239 239 239 239 239 239 239 239 239 239 240 239 239 239 239 238 239 238 237 238 241 245 251 254 253 253 253 253 253 254 253 253 253 254 253 254 254 254 254 254 253 254 254 253 252 250 248 245 245 252 238 248 251 200  65   8   5  70 151 168 173 168 171 176 176 179 183 179 181 184 187 186 166 112  50  13   7   6   4  42 157 242 245 247 250 250 251 251 250 
240 240 240 240 240 240 240 240 240 240 240 240 240 240 240 240 240 240 240 240 240 240 240 240 239 239 239 239 238 237 238 244 247 252 254 254 254 254 254 254 253 254 253 253 253 253 254 254 254 254 254 254 254 254 253 253 251 249 250 251 245 242 251 195  66   9  20  63 146 180 165 168 173 181 187 185 181 183 186 185 182 181 183 183 180 154  72  14  18  21   9  36 146 244 246 247 250 251 251 250 
241 241 241 241 241 241 241 241 241 241 241 241 241 241 241 241 241 241 241 241 241 241 241 240 240 240 240 239 238 238 240 245 250 253 255 255 255 255 255 254 253 254 253 253 253 253 254 254 254 254 254 253 253 253 254 253 252 250 246 251 248 251 212  82   6  17  36 138 170 162 181 179 185 184 182 183 186 188 189 187 185 188 189 181 181 176 160  97  19  11  14   6  46 158 245 251 250 251 251 250 
240 240 240 240 240 240 240 240 240 240 240 240 240 240 240 240 240 240 240 240 241 242 241 241 240 240 240 239 237 238 241 247 252 253 255 255 255 255 255 254 253 254 253 253 253 253 254 254 254 254 253 254 254 254 254 254 253 251 248 250 253 243 121  20  17  17 110 169 169 175 172 178 181 182 183 187 191 193 191 189 187 187 185 184 190 176 184 162  92  18  12  21  11  57 193 252 250 251 251 250 
241 241 241 241 241 241 241 241 241 241 241 241 241 241 241 241 241 241 241 240 241 242 241 241 240 241 241 239 238 239 243 249 252 254 254 254 254 254 254 254 253 254 253 253 253 253 254 254 254 254 254 253 253 254 254 254 253 251 250 244 248 191  41  15  10  60 148 167 166 182 181 180 186 190 190 187 186 189 190 193 195 189 185 185 185 184 180 172 160  87  19  11  15  21 108 230 252 249 250 250 
241 241 241 241 241 241 241 241 241 241 241 241 241 241 241 241 241 241 240 241 240 241 240 240 240 239 240 241 242 243 246 250 253 254 253 253 253 253 253 253 254 253 253 253 253 253 254 254 254 253 254 253 253 254 254 253 252 251 249 247 239 102   9  11  17 102 157 162 163 166 178 183 185 188 189 190 190 190 189 190 190 191 190 189 184 181 180 176 172 138  54  12  22   5  38 168 251 245 249 246 
241 241 241 241 241 241 241 241 241 241 241 241 241 241 241 241 241 241 241 241 240 241 240 240 241 240 240 241 242 244 247 251 253 254 254 253 254 254 254 254 253 254 253 253 253 253 254 254 254 253 254 253 253 254 254 253 252 251 250 255 200  48   7  10  49 119 146 146 148 155 159 162 167 173 178 181 184 189 189 189 190 189 189 190 186 182 180 174 169 165 115  29   6  12   8  91 226 251 250 249 
241 241 241 241 241 241 241 241 241 241 241 241 241 241 241 241 241 241 241 241 240 241 240 240 241 241 240 241 242 245 249 252 253 254 253 253 253 253 253 253 253 253 253 253 253 253 254 254 254 253 254 253 253 254 254 253 253 251 247 255 134  16  16  17  84 136 143 144 151 156 157 154 157 160 162 162 166 174 176 180 184 188 190 190 187 184 181 175 168 168 153  59   7  19   6  32 190 251 249 252 
241 241 241 241 241 241 241 241 241 241 241 241 241 241 241 241 241 241 240 241 240 241 240 240 241 241 241 240 242 246 249 252 253 254 253 254 253 254 254 254 254 254 253 253 253 253 254 254 254 253 254 253 253 254 254 253 252 250 248 231  62  20  18  20 108 145 143 147 153 153 159 161 162 163 163 162 162 162 165 168 172 174 177 184 182 182 181 175 169 164 163 102  24  12  16  17 146 243 248 253 
241 241 241 241 241 241 241 241 241 241 241 241 241 241 241 241 241 241 240 240 240 241 241 240 240 240 241 240 242 247 251 252 253 253 254 253 253 253 253 253 253 253 253 253 253 253 254 254 254 254 254 253 253 254 254 253 252 251 255 175  31  28  19  40 121 146 141 146 148 147 152 155 158 161 163 163 164 163 163 163 163 161 163 169 170 173 177 173 168 166 163 136  50   6  11  15  96 233 248 251 
241 241 241 241 241 241 241 241 241 241 241 241 241 241 241 241 241 241 240 241 240 241 240 240 240 240 241 240 243 248 252 253 254 254 253 254 254 254 254 254 254 254 254 254 253 253 254 254 254 253 254 253 253 254 254 254 252 252 247 113  22  18  15  60 123 143 140 145 149 152 157 157 160 162 163 163 163 163 163 164 164 164 163 157 160 166 170 168 165 160 155 146  69  15  13  10  62 225 248 247 
