179 178 179 182 183 182 178 176 179 181 176 168 154 134 116  96  72  50  34  29  21  19  18  19  26  35  51  68  83  90  96 100 103 102  95  89  90  94  93  91  89  92  77  61  30  11  51 142 211 205 209 148  41  14  28 121 221 217 218 216 215 215 216 215 215 215 215 214 213 212 211 209 208 209 210 210 210 210 210 208 206 208 213 220 222 222 221 221 221 221 221 221 221 221 221 221 221 221 221 216 
184 184 183 178 172 164 155 143 128 108  85  71  56  36  24  22  21  19  20  21  25  36  52  67  82  90  99 103 102  99  99  98  97  98  99  98  92  92  94  86  55  26   8  23  67 126 185 214 217 206 209 185  58   8  20 107 218 218 222 222 221 222 221 222 222 222 222 222 221 221 219 218 217 218 217 217 218 218 218 217 216 217 222 228 230 229 227 227 227 227 227 227 226 226 226 225 226 226 226 221 
139 129 116  99  81  65  50  36  27  24  26  19  16  19  26  30  31  35  51  71  89  95  96  96  97  98  98  98  96  95 104 101 100 100  94  86  81  62  31  13  19  53 117 169 213 225 216 214 212 208 208 189  68  10  27 120 218 218 223 221 221 221 221 221 221 221 221 222 222 222 221 221 220 221 221 220 221 220 220 221 222 223 227 232 234 233 234 234 234 234 234 234 233 233 233 233 233 233 234 230 
 38  26  21  19  16  16  17  17  17  20  24  32  42  50  59  75  90  96  96  99  97  96  99 105 102  99  96  97  98  97  93  92  90  79  55  36  21  17  42  97 159 207 229 230 224 213 218 220 209 213 213 179  57  10  33 151 228 219 224 215 217 220 220 220 220 220 220 219 219 219 219 219 220 220 220 219 219 220 219 220 220 220 225 231 234 233 234 234 234 234 234 235 237 237 236 236 236 236 236 231 
 17  16  18  22  26  32  38  42  47  56  69  81  95 100  99 104 102  96  99 102 103  99  97  97  93  88  88  91  87  79  66  44  26  13  20  49 100 146 199 230 233 225 227 223 218 224 219 216 220 211 216 160  31   6  55 189 224 216 223 216 221 220 219 219 219 219 219 219 219 219 219 219 219 220 220 220 219 219 219 220 220 219 226 233 235 233 234 234 233 234 236 236 234 235 235 235 233 233 234 229 
 41  47  56  68  75  79  85  92  96  99 104 102 102 102  99 104 104 102 102  96  92  91  89  89  90  87  78  58  35  21   9  19  58 104 150 195 225 233 232 228 224 227 228 227 227 228 220 215 219 218 211  99  19  15 126 219 209 222 217 225 219 219 219 219 219 219 219 219 219 219 219 219 220 219 219 219 219 219 219 220 220 218 222 229 234 235 233 233 233 233 233 233 232 232 234 234 232 232 229 224 
 83  87  92  99 105 100 100 102 102 101 101 100 101 101  98  96  93  90  88  85  84  82  75  66  52  33  12   9  32  63 118 156 204 231 233 230 224 223 225 224 224 228 227 227 229 226 219 217 216 220 174  43   9  44 174 224 218 218 215 220 216 219 220 219 219 219 219 219 219 219 219 219 219 219 219 219 220 219 219 220 219 216 218 225 231 235 234 235 234 234 233 232 232 233 233 233 233 232 224 220 
 84  83  83  83  83  85  82  79  80  81  82  82  81  84  87  84  80  78  72  61  45  29  13   5  16  44  83 129 180 218 230 232 230 226 225 224 223 224 227 228 227 226 228 230 228 224 222 221 220 198  89  16  11  33  95 180 230 215 225 212 220 220 218 219 219 219 219 219 219 219 219 219 219 218 218 219 218 218 218 219 219 217 217 219 225 231 233 235 235 236 234 233 233 234 234 233 231 230 221 217 
 80  80  79  79  78  82  81  78  81  83  81  83  81  71  63  48  43  35  14  14  18  38  76 114 162 191 221 231 229 225 225 227 224 223 227 223 224 223 223 223 226 229 230 230 228 225 224 215 206 127  21  10  12  10  19  98 192 215 227 214 222 219 217 218 217 218 218 218 218 218 217 217 218 217 218 218 217 218 218 218 219 220 217 216 219 223 228 230 233 234 233 231 233 233 232 229 226 223 220 217 
 80  81  82  79  78  73  70  68  68  62  53  44  30  18  16  15  20  39  74 115 154 181 207 226 230 228 225 221 222 223 223 228 224 223 231 227 226 227 228 228 229 226 223 224 224 225 224 206 149  33  31  65  47  12  14  30 131 213 218 217 218 217 217 217 217 217 217 217 217 217 217 217 217 217 217 217 217 217 217 217 219 221 218 214 215 218 222 225 229 232 231 229 231 230 228 224 220 217 220 218 
 76  69  66  50  36  32  20  14  18  17  16  11  43  57  91 140 158 192 209 220 226 226 227 228 220 220 223 226 224 219 223 224 225 229 230 224 220 229 226 220 224 222 220 225 216 212 208 130  40  16  79 168 137  30  11  13  76 191 218 218 219 217 217 217 218 218 218 218 218 218 218 218 218 218 219 218 217 216 215 217 219 219 218 217 216 216 218 219 220 221 222 222 219 219 219 218 218 218 218 217 
 29  24  19  14  15  20  40  45  24  13  13  19 104 199 224 215 213 224 220 225 224 221 223 223 225 227 220 221 227 227 220 228 223 220 227 228 224 222 223 224 224 220 219 214 212 193 121  35  10  84 180 198 170  72   6   8  43 177 214 216 220 217 217 217 217 217 217 218 218 218 218 218 218 219 219 219 218 218 217 218 220 219 219 218 218 218 215 216 216 216 216 216 219 219 219 219 219 219 218 217 
  8  15  20  20  91 151 183 194 137  33  12  14  42 151 213 216 214 216 223 222 220 219 218 218 219 231 226 228 231 218 224 223 219 225 229 225 230 226 223 225 216 212 206 191 185 129  33  20 102 184 185 175 194 111  12  17  29 181 219 217 219 217 217 217 217 217 217 217 216 217 217 217 216 217 217 218 217 217 216 217 217 217 216 216 216 216 220 219 219 218 217 217 218 217 217 217 217 217 217 217 
110  47  15  11  73 189 225 226 215 119  21  21  22  76 183 218 214 215 220 219 220 222 223 224 226 227 223 231 235 223 194 134 138 201 228 225 224 222 217 210 199 196 199 174  88  17  44 134 187 196 183 180 193 108  19  15  46 193 221 216 214 216 216 217 216 216 216 217 217 217 217 217 217 218 219 219 219 219 220 218 216 217 217 217 218 217 218 218 217 216 215 215 218 217 217 218 217 217 218 217 
225 156  59  13  20 113 212 217 213 173  44  10  11  45 157 210 200 209 211 210 213 216 215 215 221 230 232 202 146 101  61  94 169 218 214 212 204 203 198 193 191 183 136  54  23  81 150 186 187 180 189 185 190 100  12  11  88 196 207 209 205 210 209 210 210 210 209 213 214 214 214 214 214 215 216 217 217 218 218 218 217 217 218 218 219 219 219 219 218 218 218 218 216 216 217 216 217 216 217 218 
219 221 171  69  23  93 212 226 222 190  59  13  17  26 121 210 208 210 208 206 209 211 208 204 189 146 107  60  34  53 118 185 213 197 193 193 190 196 189 192 200 161  89  75 122 179 195 185 183 183 182 191 171  66   4  24 147 206 195 203 199 201 200 200 200 200 201 202 202 202 202 202 202 204 204 205 206 206 207 209 212 212 212 213 214 215 215 216 217 217 218 219 217 217 217 217 217 217 218 218 
219 218 218 131  53  97 207 217 226 208  72  17  24  10  95 202 204 211 212 213 198 180 143  98  55  24  17  49 113 171 192 202 193 187 199 197 193 195 193 194 195 184 173 184 193 188 189 193 191 186 190 194 130  20  12  84 188 207 195 200 202 201 200 200 200 200 201 200 200 200 200 200 200 201 201 201 201 201 202 202 202 202 203 203 203 203 204 205 205 205 205 206 209 209 209 209 209 209 210 210 
213 216 231 177  96 129 215 215 221 210  81   8  23  13  79 200 213 192 172 131  87  51  23  13  21  63 123 171 199 208 192 200 199 191 192 191 193 193 193 193 192 194 197 197 194 192 187 187 183 186 201 151  58   2  60 165 208 201 196 200 203 201 201 201 202 201 201 202 202 201 202 202 202 201 201 202 201 201 201 201 200 200 200 200 200 200 200 200 200 200 200 200 203 203 203 203 203 203 202 202 
213 215 222 212 189 192 219 215 218 208  81  12  16  10  52 126 112  66  41  12   9  22  54 101 150 185 210 208 200 197 200 197 193 195 199 193 193 194 194 194 194 193 194 190 186 192 198 193 184 188 178  78   4  41 156 206 206 197 203 201 200 200 201 201 201 201 201 201 200 200 200 201 201 200 201 200 200 200 200 200 201 200 201 200 200 200 199 199 199 199 199 200 200 200 200 200 200 200 199 200 
218 225 215 217 226 224 216 217 221 203  70  12  20  21  19  14   6  10  34  73 112 149 180 196 206 208 205 199 202 212 209 210 206 195 190 196 197 196 195 195 193 194 187 190 197 187 180 190 204 155  59   7  55 146 203 200 196 195 207 199 198 200 200 199 200 200 200 200 200 200 200 200 199 200 200 200 200 200 200 200 200 200 200 200 200 200 200 200 200 200 200 200 200 200 200 200 200 200 201 201 
221 216 217 220 214 221 214 219 224 184  46   8  15  10  35 101 136 148 173 203 209 215 214 199 199 189 177 164 154 148 135 126 145 187 206 200 196 196 196 195 195 194 195 193 190 198 199 190 141  42   9  22 109 189 207 201 205 198 200 195 201 200 199 199 199 199 199 199 199 199 199 199 199 200 199 199 199 199 199 200 201 200 200 200 200 200 201 201 201 201 201 201 201 201 201 201 201 201 200 200 
223 211 220 217 218 221 215 221 218 163  21  17  20  13 104 195 171 169 169 150 128 107  94  85  65  50  31  20  19  24  43  56 107 176 207 199 197 196 196 196 194 194 195 189 186 198 176 104  42  16  52  35  22  90 161 198 206 195 200 198 196 198 199 198 198 199 198 198 198 198 198 199 198 198 198 198 198 198 198 199 201 201 201 201 201 200 199 199 199 199 199 199 200 200 200 200 200 200 199 199 
222 223 218 214 212 214 219 213 220 129  10  12  10  18  98  85  29  25  14  13  15  11  15  27  39  54  74  97 121 138 164 181 202 209 200 196 192 198 198 196 199 191 194 202 185 129  57  16  33  71 111 100  54  32  41 117 192 206 199 200 197 201 197 200 202 197 198 199 198 198 198 198 198 198 198 198 198 198 198 198 199 199 199 199 199 199 197 197 197 197 197 197 198 198 198 198 198 198 199 199 
188 224 208 217 213 212 216 220 202  65   9  20   8  56 152 133 121 121 127 135 134 134 148 164 175 186 198 206 209 210 208 201 196 199 203 201 195 203 197 187 197 204 182 127  59  16  16  47  83 109 117 120 113  83  47  28  77 153 199 202 195 200 196 199 198 193 201 200 198 199 199 199 199 198 198 198 198 199 198 198 198 198 198 198 198 198 199 199 199 199 199 199 198 198 198 198 198 198 198 198 
120 220 218 217 216 223 207 228 148  21  13  20  14 113 211 211 213 212 214 217 216 212 210 209 208 208 206 204 200 198 202 206 204 199 196 198 205 199 198 202 169 106  46  23  13  16  49  77  98 120 118 116 119 120 109  67  27  37 114 182 204 198 198 195 196 202 199 198 198 198 198 198 198 198 198 198 198 198 198 198 198 198 198 198 198 198 198 198 198 198 198 198 198 198 198 198 198 198 198 198 
 57 189 226 212 219 216 221 200  76   3  21  21  56 172 213 215 201 210 206 206 207 208 204 202 207 204 202 203 203 200 200 198 198 201 205 208 196 170 126  69  22  12  33  49  40  26  53  98 120 121 114 114 120 123 123 122 101  52  20  65 145 201 206 197 193 201 194 195 198 197 198 198 198 197 197 198 198 197 198 197 198 197 198 198 198 198 198 198 198 198 198 198 198 198 198 198 198 198 198 198 
 26 155 223 210 225 220 218 124  20   7   7  23 123 209 208 220 200 218 208 206 205 207 208 207 207 204 206 210 208 203 207 206 203 187 149 108  69  35  11  20  46  57  76  64  30  34  79 109 115 120 119 125 126 122 123 122 119 116  71  25  34 104 167 207 204 197 196 197 196 197 197 197 197 197 197 197 197 197 197 197 197 197 197 197 197 197 197 197 197 197 197 197 197 197 197 197 197 197 197 197 
 65 184 220 213 223 222 134  36   8  18  16  97 203 220 214 213 207 211 211 213 211 211 214 215 210 209 211 210 197 180 158 122  73  41  26  19  33  54  62  64  76  76  73  48  23  48  97 126 128 117 117 125 126 121 122 127 128 118 128 111  51  22  67 141 194 204 199 197 197 196 196 198 196 196 196 196 196 196 197 197 196 196 196 196 196 196 196 196 196 196 196 196 196 196 196 196 196 196 196 196 
141 229 222 220 209 135  36  12   5  15  98 195 214 205 213 208 218 209 212 216 215 212 204 196 178 159 132 102  68  43  18  17  21  36  63  86 103 114  96  71  70  75  69  34  27  81 121 125 123 124 120 126 125 123 126 126 129 129 126 124 125  86  31  29 100 174 204 198 195 197 196 191 197 199 198 198 198 199 196 194 197 197 197 197 197 197 197 197 197 197 197 197 197 197 197 196 196 196 196 197 
199 221 214 200 111  21  10   8  29 106 199 231 224 219 214 204 189 179 167 144 122 104  80  58  34  22   9   6  17  32  50  69  93 107 111 112 117 113  90  73  71  79  58  16  44 112 123 123 120 126 126 127 127 128 128 128 128 128 128 128 129 134 107  57  21  59 142 196 198 196 196 197 199 196 197 196 195 203 198 193 198 198 198 198 198 198 198 198 198 198 198 198 196 196 196 196 196 196 196 196 
218 202 137  64  18  12  12  35 104 156 145 115 104  96  84  66  46  36  31  17   7   6  11  16  26  37  52  68  86  99 110 113 115 112 111 112 112 116  94  69  71  75  44  19  70 128 123 124 129 127 127 128 128 129 129 129 129 129 129 129 130 126 128 128  83  31  35 103 168 202 197 199 197 195 196 195 195 194 198 200 196 197 197 197 197 197 197 197 197 197 197 197 196 196 196 196 196 196 196 196 
 79  56  31   5  10  21  18  13  24  32  15   6   7   5   7  14  24  22  18  38  52  58  63  68  79  90 100 105 106 108 105 108 109 110 112 118 113 114  88  67  77  67  22  36 102 132 127 128 130 129 130 130 131 131 132 131 132 131 131 131 131 127 130 129 132 112  57  21  54 142 194 191 196 202 195 198 204 196 192 195 197 196 197 196 196 197 196 197 197 197 197 197 197 197 196 196 197 197 197 196 
 13  16  16  20  23  19  28  33  26  30  39  45  48  49  52  58  66  70  74  79  79  79  87  95  97 103 107 106 106 106 109 113 115 113 112 114 118 106  75  69  81  52  13  70 128 125 133 133 127 132 131 132 133 133 134 134 134 134 134 134 134 132 138 134 130 132 125  86  31  28 105 173 198 201 195 193 197 199 196 196 196 196 196 196 196 196 196 196 196 196 196 196 197 196 197 196 196 197 196 196 
 19  17  29  53  55  53  62  67  66  69  70  64  67  78  82  83  85  86  90  95  99  99 100 102 100 105 107 106 108 111 110 113 117 115 115 117 121  95  68  72  75  35  32 105 137 125 136 134 131 134 134 135 136 136 136 136 136 136 136 136 136 136 125 130 132 126 134 132 112  59  19  56 142 189 204 204 192 195 198 194 196 195 195 196 195 195 195 195 195 195 195 196 197 197 196 196 197 196 197 196 
 20  16  23  47  66  67  73  74  70  74  78  81  89  91  90  90  95 101 100  98  97  97  98  99 103 107 107 105 106 108 112 113 112 111 113 118 119  90  69  73  67  24  59 124 133 133 135 131 139 135 136 136 137 137 137 137 137 137 137 137 137 133 143 133 131 140 128 128 129 125  84  31  32  99 173 204 192 195 199 192 195 196 195 196 196 196 196 195 195 196 195 195 197 196 196 197 196 196 196 196 
 21  21  16  17  45  68  80  87  87  94  94  92  93  93  94  95  96  98  98  98  98 100 102 104 104 105 107 109 110 111 113 113 117 119 118 121 113  84  62  74  46  34 104 133 131 134 136 137 138 137 138 139 139 140 140 138 139 139 140 139 138 139 140 137 135 135 134 131 127 128 132 110  52  24  62 149 204 193 192 198 195 201 195 195 199 195 195 196 195 195 196 195 197 196 195 195 194 194 196 196 
 20  20  15   8  24  45  74  97  92  86  91  92  91  93  94  95  96  97  98  98  99 101 103 104 104 105 107 109 111 112 113 113 116 120 121 122 109  63  82  67  22  71 127 132 132 135 137 138 139 139 139 140 140 141 141 139 140 141 140 140 139 139 138 138 136 135 134 137 135 127 125 126 116  79  29  36 118 185 195 198 199 191 197 200 194 191 196 195 195 196 195 195 196 196 195 194 194 194 196 196 
 28  22  19  11  13  17  47  84  92  88  89  91  92  93  94  96  96  98  99  99  99 101 103 104 105 107 108 110 112 113 114 114 115 121 124 118  89  68  71  36  47 118 137 133 135 136 138 139 140 140 140 141 142 142 142 141 142 142 142 141 140 140 140 138 136 136 136 131 132 129 126 128 133 123 102  45  17  79 163 192 198 200 200 196 196 198 195 195 196 195 195 195 195 195 195 194 194 195 196 196 
 38  20  24  24  16  10  20  49  82  96  93  91  93  94  95  96  97  99 100  99 101 102 103 105 107 108 109 112 113 114 115 116 116 122 123 107  75  74  31  39 108 135 137 136 137 138 139 139 141 142 142 143 143 144 144 142 143 144 144 143 142 141 141 139 138 137 137 135 134 135 135 131 124 128 126 115  70  18  45 134 196 199 188 193 200 192 196 195 195 195 195 195 195 195 195 195 195 195 197 196 
 49  27  24  25  22  19  12  22  58  85  93  93  93  94  96  97  98  99 100 100 101 102 103 106 108 109 111 113 114 115 116 119 118 124 119  90  67  52  32  92 135 133 141 138 139 139 140 141 142 144 143 145 145 145 145 144 144 145 145 144 144 142 142 141 140 138 138 139 130 128 130 128 126 125 118 120 123  90  35  28  99 179 201 191 192 196 195 195 196 196 196 195 194 194 195 195 195 196 196 196 
 66  46  25  21  27  27  13  10  25  48  82  96  94  95  95  97  98  99 100 101 101 102 105 106 108 109 110 112 114 115 116 121 119 124 118  77  45  29  82 133 135 137 139 140 140 141 142 141 142 145 145 146 146 147 147 144 145 147 147 146 145 143 142 141 140 140 139 137 130 132 132 125 129 130 129 123 118 121  99  49  23  80 169 199 189 195 196 196 195 196 195 195 194 194 195 195 196 196 197 197 
 75  62  35  21  26  37  25  11  10  23  52  81  93  96  98  96  98 102 105 102 102 102 105 107 109 110 111 113 114 116 120 119 120 121  99  60  28  75 131 133 137 140 139 141 139 142 142 144 145 144 146 146 146 146 146 148 148 146 146 145 143 141 141 138 135 130 126 129 124 138 132 129 133 124 128 129 121 118 117 115  66  21  61 157 204 191 195 192 197 189 198 193 193 194 194 194 194 194 193 193 
 70  68  54  36  26  28  37  38  19   6  26  53  70  84  90  91  98 101  97 100 102 104 105 106 109 109 111 113 115 115 114 124 126 107  79  60  78 121 138 129 136 140 135 139 148 150 148 142 138 142 143 145 146 146 140 123 120 108  90  69  56  53  47  38  32  30  30  32  34  44  44  58  83  88 101 118 122 124 117 112 110  74  22  49 151 204 192 195 199 188 191 197 193 193 193 193 193 193 193 192 
 68  72  71  58  39  22  27  45  46  32  25  35  51  65  77  85  93  98  99 104 108 109 108 107 109 110 112 114 117 117 117 127 113  80  71  90 126 135 136 138 137 138 141 148 142 133 145 152 148 143 134 120  98  68  43  25  18   8   6   9  13  19  24  33  41  46  50  45  53  45  37  23  13  19  33  55  76 100 124 123 120 116  71  19  50 145 197 197 188 194 189 194 193 193 193 193 193 193 192 192 
 68  74  73  66  64  48  25  24  49  63  55  41  32  38  53  72  78  83  94  94  97 101 105 107 110 111 113 115 116 117 125 114  90  75  91 123 130 128 137 145 139 140 138 147 152 142 138 126 103  76  47  21  10   6   8  31  46  70  94 110 118 131 143 157 168 170 167 167 178 166 163 112  29   9   9   8  19  41  67  98 118 110 117  69  15  53 152 197 188 196 194 189 194 193 193 193 193 193 192 192 
 61  72  68  67  80  82  59  35  30  41  63  75  65  57  63  73  71  67  72  72  78  87  97 103 110 112 114 116 117 118 121 106  96 107 122 130 133 133 135 137 136 142 145 142 136 112  75  36  11   3   9  27  62 100 128 156 164 176 183 183 182 184 183 181 181 181 181 181 179 174 185 150  60  16  10  11  22  27  27  37  82 117 117  95  46  16  59 167 200 193 191 196 193 193 194 194 193 193 192 192 
 45  71  70  68  74  88  85  71  50  35  45  62  69  73  78  78  75  77  84  87  94  99 104 107 111 111 114 116 117 118 122 118 119 127 134 132 135 138 134 134 141 142 132  98  57  29   7  10  36  70 114 152 170 177 181 181 178 174 174 177 181 181 179 177 177 179 181 180 173 179 180 177 138  54  13   7  20  35  44  30  24  73 109 101  72  32  15  82 178 195 190 195 193 194 194 194 194 194 192 193 
 29  54  71  73  69  80  88  90  84  66  44  38  50  64  78  94 104 103 102 106 109 111 111 110 111 111 114 115 118 118 125 124 124 127 131 132 137 135 134 144 138 103  64  29   4  12  51 100 143 172 177 180 176 176 178 178 180 180 179 176 174 173 176 179 182 181 180 177 175 182 179 181 174 126  51   3  10  22  39  53  18  14  74  97  86  66  22  23 119 201 193 189 193 193 192 193 193 193 192 192 
 18  33  61  71  70  70  79  86  91  94  83  66  54  37  35  66  95 102 103 103 105 106 109 109 111 112 114 115 117 118 119 122 125 127 129 133 128 138 144 118  74  35  10  16  56 103 152 177 179 179 178 177 177 178 177 175 176 177 178 177 176 179 178 176 175 176 177 175 177 181 184 182 182 176 124  33   8  18  23  47  39  15  28  70  84  72  45  15  55 163 199 192 193 192 192 193 192 192 192 192 
 11  21  44  61  72  74  77  77  80  91  94  90  84  72  68  84 104 107 102 104 106 107 109 110 111 112 114 116 118 118 118 125 129 127 127 132 136 130 103  52  16   8  39  94 148 179 184 181 178 178 178 178 178 178 177 174 176 178 178 176 175 179 178 177 178 182 185 197 203 209 214 217 219 216 217 115  20  15  12  30  51  37   6  36  78  79  72  23  16  93 198 190 192 192 192 192 191 191 192 192 
 15  10  23  42  65  73  75  71  67  74  75  72  75  80  83  89  94  99 103 104 106 107 109 109 112 112 114 115 118 118 122 122 124 129 132 128 130  93  35   2  20  69 130 171 186 179 171 172 176 178 177 177 178 178 178 180 178 176 175 176 177 177 181 188 200 211 219 226 229 230 232 234 234 239 246 206  90   9  10  23  40  44  10  16  60  82  78  37  11  49 171 188 192 192 191 192 192 192 191 191 
 36  18  11  17  33  58  71  74  74  76  74  73  73  72  69  72  86 101 103 104 106 107 109 109 112 112 114 116 118 118 125 118 120 135 132 117  69  28   6  28  85 159 179 177 182 177 177 176 176 178 177 178 178 178 177 177 174 175 179 187 193 200 204 211 220 227 232 231 232 234 235 236 237 244 235 253 177  33   8  16  25  44  34  15  35  71  81  55  17  23 127 198 190 191 191 191 191 191 191 191 
 60  45  26  12  14  34  56  69  73  76  74  70  71  76  77  71  81  99 103 104 106 107 109 109 111 112 114 116 117 118 124 121 125 129 102  63  26   6  39 118 168 179 182 182 175 171 180 183 179 177 178 178 178 178 177 176 181 189 199 207 213 218 222 226 230 232 232 235 238 239 240 242 245 245 238 248 232 116  16  12  25  44  50  35  38  59  81  60  17  14  97 197 191 191 190 190 190 190 190 190 
 72  67  52  32  24  15  21  37  53  69  76  74  72  73  73  72  91 107 103 105 105 107 109 110 112 111 113 116 117 119 121 126 131 101  55  14   7  49 123 173 180 174 175 177 177 176 179 176 174 178 178 177 178 177 180 192 201 211 217 218 219 217 222 228 232 234 234 236 236 236 237 238 240 239 249 234 247 192  49   5  17  34  45  45  48  49  72  63  19  16  79 184 191 191 190 190 190 190 190 191 
 71  73  71  62  50  38  26  19  31  53  68  71  69  71  77  88  98 102 103 104 105 107 109 110 114 113 114 116 116 119 122 120 102  41  17  17  46 123 182 182 176 179 177 175 177 179 178 175 175 178 177 177 180 189 199 212 217 220 219 217 217 224 227 228 231 233 234 236 236 238 240 241 243 239 248 242 245 229 114   6  13  29  47  47  52  46  59  66  17  17  54 179 193 191 190 190 190 190 191 190 
 71  70  72  74  73  66  58  48  40  42  49  64  70  71  86 100 103 100 102 103 104 107 108 109 110 114 116 117 117 117 127  99  38  23  13  38 133 173 183 180 182 179 177 178 176 179 182 180 176 177 181 187 196 210 217 212 217 218 217 217 219 224 225 228 231 233 233 235 236 237 239 241 242 242 243 242 246 247 166  30   4  22  41  46  52  48  56  59  15   9  59 176 192 191 190 191 190 190 191 190 
 73  69  71  74  74  76  74  69  61  56  57  66  75  82  96 105 103 100 102 103 104 106 108 108 109 114 115 117 121 121 102  56  26  21  25 115 178 178 172 170 179 179 176 178 178 176 176 178 178 183 199 212 217 219 219 216 218 216 215 217 221 225 227 229 231 232 232 235 235 237 239 241 242 245 242 245 240 248 207  60   3  18  40  46  53  49  55  53  18   9  74 177 191 190 190 190 191 190 190 190 
 73  72  75  74  70  72  72  72  76  76  69  72  86  97 101  98  99 101 101 102 104 106 106 108 111 114 111 116 122 114  70  23  15  24  99 176 180 178 177 175 178 179 175 177 181 174 170 179 194 208 215 220 219 216 215 219 218 217 215 218 221 226 228 229 231 231 232 235 235 237 239 241 242 243 243 248 238 242 230  96  10  19  41  47  51  50  49  39  19  10  97 181 190 190 190 190 191 190 190 190 
 71  74  77  78  75  73  71  72  74  77  75  82  94 102 101  96  97 101 100 102 104 106 106 107 111 112 110 116 111  82  43  17  15  70 172 181 173 181 182 178 174 172 175 177 179 180 187 197 210 221 219 214 212 216 219 219 220 219 217 217 220 227 229 230 231 232 231 235 236 238 239 241 242 241 243 242 241 240 236 123  14  18  40  47  51  51  42  22  17  18 123 188 189 191 190 190 190 190 190 190 
 72  70  72  73  72  72  76  75  69  72  88  96  96  96  97  99 100 101  99 101 104 105 107 107 107 111 111 117  97  49  18  17  55 151 183 175 178 176 178 179 178 180 182 177 175 189 208 215 216 214 217 217 216 218 219 218 220 220 217 216 220 227 229 230 231 232 231 235 236 238 239 240 241 244 243 234 240 235 225 126  13  14  38  48  51  53  41  16  19  27 145 196 190 191 190 190 190 190 190 190 
 73  73  73  73  73  74  71  69  76  86  94  95  95  96  96  97  99  99 101 101 104 105 105 107 113 104 112 109  60  32  13  25 119 178 177 178 177 176 178 180 179 174 173 181 196 209 215 216 216 218 217 218 218 217 217 217 218 218 217 217 217 224 228 230 231 232 235 230 232 236 238 238 236 235 235 227 222 205 193 107  13  13  45  53  50  46  24  19  13  60 182 188 188 189 189 189 188 189 189 189 
 73  73  73  73  73  73  71  73  81  90  94  95  95  96  97  97  98  99 100 101 103 104 105 105 108 110 103  85  40  20  17  91 160 178 179 176 177 177 176 176 177 177 189 202 210 216 219 218 217 218 218 217 217 217 217 217 217 218 218 218 217 216 222 229 232 232 231 233 233 231 229 224 221 216 209 195 186 180 183  92  11  26  48  50  50  35  22  18  17 114 188 193 189 188 188 189 189 188 189 190 
 73  73  73  73  73  72  75  80  87  93  95  95  95  96  96  97  98  99 100 100 102 104 105 103 105 113  92  61  27  13  41 151 183 177 180 177 179 179 177 175 182 191 206 215 216 218 218 216 217 218 218 218 218 218 218 218 218 217 217 218 218 219 217 219 223 225 224 224 219 210 200 190 183 184 179 177 174 175 169  65   9  37  49  49  47  26  20  13  51 169 188 190 189 188 188 188 188 188 189 189 
 73  73  73  74  73  72  77  86  92  94  94  95  95  96  97  97  98  98  99 100 101 102 103 104 109 107  78  45  16  17 101 172 179 179 178 179 179 177 177 182 195 209 215 218 217 216 217 217 218 217 218 217 217 217 218 217 218 218 218 218 218 219 218 217 215 210 205 189 183 179 176 176 177 178 172 180 179 183 158  44   8  37  49  50  41  19  11  18 112 187 189 189 189 189 188 188 188 189 189 189 
 73  73  74  73  73  73  78  88  92  93  94  95  95  96  96  97  98  99  98  99 100 102 102 104 109  93  60  26  12  51 161 176 178 180 177 177 179 176 179 192 208 216 218 219 219 218 219 220 220 217 218 217 218 218 218 218 218 218 218 218 217 213 218 218 208 191 181 179 178 177 177 178 180 184 175 179 173 181 151  32   9  37  47  40  28  13  15  63 163 189 193 191 188 188 189 189 188 188 188 188 
 73  73  73  73  73  72  79  87  90  91  94  96  95  96  97  97  99  98  98  99 100 101 102 103 100  76  47  14  21 110 176 173 183 174 181 177 179 177 179 197 213 214 215 217 216 216 217 217 217 218 217 218 217 218 218 218 218 218 218 218 217 217 218 209 187 176 180 182 181 180 179 178 177 181 171 181 174 183 142  19   8  39  50  25  17  10  36 129 187 192 188 185 189 188 188 189 188 188 188 188 
 74  75  75  75  75  71  78  91  94  91  92  93  93  95  95  95  96  97  98  99 100  99 103 103  84  57  38   5  57 152 181 172 175 181 178 179 180 173 183 205 217 217 216 217 217 217 217 217 217 218 217 218 218 218 218 218 218 218 218 218 217 218 214 192 173 175 178 178 178 178 178 178 178 176 178 178 176 184 140  14  17  40  32  14  13  20  87 179 195 187 191 181 181 189 190 186 185 191 188 183 
 75  75  76  75  76  72  76  87  93  94  93  92  93  94  94  94  95  96  98  98  99 101 101  98  76  42  16  14  98 178 175 177 187 169 172 180 178 174 186 209 218 218 217 218 218 218 218 218 218 218 218 218 218 218 218 218 218 218 218 218 218 218 211 187 173 179 177 177 178 177 178 178 178 175 181 177 176 182 139  14  13  28  17   8  16  57 157 193 187 180 191 188 191 184 181 186 188 186 186 187 
 76  76  75  75  75  75  75  79  88  96  96  94  93  93  94  95  95  96  97  96  99 102  95  87  66  33   5  47 143 183 182 191 125  71 146 182 176 177 191 210 218 218 217 218 218 218 218 217 218 218 218 218 218 218 218 218 218 218 218 218 218 218 209 185 174 182 179 177 178 177 178 178 178 175 179 177 178 181 137  19   7  18  21   1  43 138 196 190 185 185 189 187 185 189 194 194 190 187 182 188 
 76  75  76  76  75  77  74  74  83  92  94  93  93  93  94  95  95  96  96  94  99 100  87  75  53  25  13  91 172 173 176 142  35  61 163 185 177 181 197 212 217 218 218 218 217 218 217 217 217 218 218 218 218 218 218 218 218 218 218 218 218 217 208 183 172 181 178 177 178 178 178 178 178 175 179 178 179 180 140  24  11  10  13  31 114 194 186 183 192 192 186 188 190 189 184 179 183 192 191 193 
 76  75  75  76  75  77  75  74  78  84  87  90  93  93  94  95  96  96  96  96  98  93  80  65  43  15  33 130 183 182 167  57  17 143 184 177 179 184 202 214 216 217 218 217 217 217 217 216 217 218 218 218 218 218 218 218 218 218 218 218 217 216 211 188 173 178 177 177 178 178 177 177 178 177 179 178 181 180 148  29  15   9  17 111 186 185 186 184 190 188 185 194 189 182 189 205 198 176 171 173 
 75  75  75  75  75  76  77  76  73  74  77  88  94  93  95  95  96  96  96  99  97  87  73  60  28  11  69 169 178 180 112  15  81 177 172 179 178 185 206 215 215 216 218 217 217 218 217 216 217 218 218 218 218 218 218 218 218 218 218 218 217 214 217 197 174 176 179 178 178 178 177 178 177 179 180 177 180 182 156  36   8  36 104 176 194 187 187 186 187 185 186 187 182 189 190 162 117  80  66  87 
 76  76  76  76  75  75  77  77  74  73  74  82  89  93  96  95  96  96  96 103  93  79  76  50  24  23 111 180 181 159  33  33 152 178 174 180 177 195 211 216 217 215 217 217 218 218 217 216 217 218 218 218 218 218 218 218 218 218 218 218 217 215 217 208 191 181 175 177 179 178 178 178 179 179 183 175 181 178 158  42   9  63 178 194 182 193 183 187 188 187 185 184 191 172 102  49  15  11  12  21 
 77  77  76  77  76  77  76  76  77  77  77  76  82  93  97  96  96  96  94 102  88  74  75  34  13  39 149 179 185 102  10  74 175 173 183 176 175 203 213 216 218 215 218 218 218 217 218 218 217 218 218 218 218 218 218 218 218 218 218 218 217 216 216 216 210 196 184 180 179 176 175 174 175 170 180 170 176 173 168  55  12  61 172 192 185 184 189 194 177 185 199 182 134  65   9  11  23  22  20  15 
 76  76  76  76  76  76  76  76  76  76  77  76  82  90  94  95  95  96  96  96  86  75  60  24   9  66 175 185 166  37  16 131 185 171 183 177 173 206 214 216 217 216 218 217 218 218 218 218 217 218 217 218 218 218 218 218 218 218 218 218 218 218 218 219 216 212 208 201 198 194 191 188 188 183 191 188 187 191 206  91   5  47 156 189 183 188 185 188 180 190 168 107  32   5  20  12  11  20  15  18 
 76  77  76  77  77  76  76  77  76  77  77  76  80  86  92  94  94  96  99  92  84  75  47  12  14 108 175 177 115  14  55 169 182 173 174 176 176 209 215 216 218 216 218 217 218 217 217 218 217 218 218 218 218 218 218 218 218 218 217 218 218 218 218 219 219 219 219 219 218 216 214 212 211 209 209 210 210 220 236 123   4  37 143 191 182 189 180 178 193 156  71  19  13  37  93 126  65  11  15  27 
 76  76  76  76  76  76  76  76  76  76  75  76  77  81  89  94  94  95  99  88  82  73  37   9  41 155 184 175  59  11 117 182 177 181 172 180 182 211 216 217 218 216 218 217 218 218 217 218 218 217 218 217 218 218 218 218 218 218 217 218 217 217 217 215 215 217 218 219 219 218 217 218 218 218 213 216 215 228 238 140  13  30 131 193 180 186 192 186 129  48  11  20  88 182 226 235  97  19  16  33 
 76  76  76  76  76  76  76  76  76  76  76  76  76  78  87  94  94  92  95  83  77  67  26  17  63 125 142 126  26  38 159 186 177 179 179 179 185 213 216 217 218 217 218 217 217 217 218 218 218 218 218 218 218 218 218 218 218 218 218 218 218 216 216 215 216 217 217 218 219 218 217 218 220 220 214 221 214 231 246 165  23  22 114 188 177 189 173 118  37   4  58 141 234 253 254 234  85   6  14  38 
 76  76  76  76  76  76  76  76  76  77  76  77  76  77  85  93  94  91  90  79  74  58  21  19  24  26  47  46  11  85 175 183 176 173 180 174 185 212 217 217 218 217 218 217 218 218 218 217 218 218 218 218 218 218 218 218 218 218 218 218 218 217 217 217 219 219 220 219 218 217 216 216 217 218 212 222 214 230 251 189  29  18 100 179 182 175 101  16  14  87 180 248 253 246 255 204  59  12  19  49 
 77  77  77  77  77  77  77  77  77  77  76  80  80  77  83  91  94  93  86  81  74  43  16  19  13  14  35  28  13 127 182 176 179 178 178 177 191 210 220 218 217 217 218 217 218 218 218 217 217 218 218 218 218 218 218 218 218 218 218 218 217 217 217 217 217 217 217 218 218 218 218 218 218 218 214 219 221 232 249 206  47  15  83 182 170  85  13  34 126 220 251 250 248 245 255 193  35  14  12  70 
 77  77  77  77  77  77  77  77  77  77  77  78  78  76  83  92  95  91  82  79  66  34  13  19  17  30  34  13  45 162 180 177 178 178 178 176 196 215 220 217 216 218 218 217 218 218 217 218 217 218 218 218 218 218 218 218 218 218 218 218 217 216 217 217 217 217 217 217 217 217 217 217 217 219 216 218 216 229 249 215  80   3  60 163  76  12  55 174 241 252 251 249 248 247 254 168  26  12   9  92 
 77  77  77  77  77  77  77  77  77  77  77  77  76  76  84  93  96  89  79  79  58  23  12  27  36  45  27   5  80 181 178 178 178 178 178 176 202 218 219 216 217 219 218 217 218 217 217 217 218 218 218 218 218 218 218 218 218 218 218 218 217 217 217 217 217 217 217 216 217 217 217 217 217 220 217 218 214 227 247 235  95   4  53  69   9  84 200 251 246 242 255 243 248 252 249 138  16  14  16 107 
 77  77  77  77  77  77  77  77  77  77  77  77  76  76  85  93  93  87  81  78  50  18  17  36  46  40  13  11 122 184 176 178 177 178 178 176 203 219 219 216 218 220 218 218 217 217 217 217 218 218 218 218 218 218 218 218 218 218 218 218 218 218 218 217 217 217 217 218 217 218 217 218 217 220 218 219 213 225 245 249 103  16  31  23  88 215 255 244 255 252 245 253 251 255 243 112  11  17  21 121 
 77  77  77  77  77  77  77  77  77  77  77  77  77  77  85  91  91  84  80  71  40  16  23  42  44  28   6  36 158 183 177 178 178 178 178 176 203 218 217 216 220 219 217 218 217 216 217 217 218 218 218 218 218 218 218 218 218 218 218 218 217 217 218 218 217 217 217 218 218 217 218 218 218 218 217 221 213 225 243 252 131  26  13  89 218 254 251 253 247 249 254 252 249 255 238  91  10  18  20  70 
 78  77  77  77  77  77  77  77  77  77  77  78  78  79  85  91  87  83  79  64  33  15  26  42  43  27   8  54 172 179 179 178 177 178 178 176 201 216 217 217 220 218 216 218 217 216 217 217 218 218 218 218 218 218 218 218 218 218 218 218 218 217 218 218 217 217 217 218 217 218 218 218 217 217 216 223 215 225 241 253 155  31  24 157 252 246 246 251 251 250 251 252 248 254 233  80  10  16  20  13 
 78  78  78  78  77  78  79  78  78  78  78  79  76  79  89  89  83  81  75  49  21  15  32  48  39  23   9  91 184 177 178 178 178 177 178 176 202 218 218 216 219 218 217 218 217 217 217 217 218 218 218 218 218 218 218 218 218 218 218 218 218 218 218 217 218 218 218 218 217 218 217 217 217 219 218 219 219 221 235 254 182  28  20 143 251 247 253 253 254 254 253 254 243 250 223  72  21  17  18  13 
 77  77  77  78  77  78  79  78  79  79  78  78  77  80  89  87  80  81  71  38  15  17  34  46  37  20  13 117 185 177 177 178 177 177 177 176 202 218 218 216 218 218 217 218 217 217 217 217 218 218 218 218 218 218 218 218 218 218 217 218 218 217 217 218 217 217 218 217 218 218 218 217 217 218 217 219 219 221 236 254 194  45  18 123 247 249 254 254 253 253 253 254 250 249 227  92   7  11  15  46 
 77  78  78  78  77  78  79  79  79  78  79  78  77  81  89  85  79  79  64  28  11  23  39  45  33  16  20 151 184 176 177 178 178 177 178 176 202 218 218 216 218 218 217 218 217 217 218 217 218 218 218 218 218 218 218 218 218 218 218 218 218 218 218 217 218 218 218 218 218 217 218 218 218 217 216 217 218 221 237 253 212  63  13 103 239 252 253 254 254 254 253 254 249 251 252 182  90  85 125 192 
 77  77  77  77  77  78  78  78  78  78  78  78  77  83  89  83  77  75  54  21  14  32  46  45  28  11  39 174 182 176 177 178 177 177 178 176 202 217 218 216 218 218 217 217 217 217 218 217 218 218 218 218 218 218 218 218 218 218 218 218 218 217 217 218 217 218 218 217 218 218 218 217 218 217 216 217 218 219 236 251 226  75   7  90 233 253 253 254 253 253 254 253 254 251 250 252 234 242 252 255 
 78  78  78  78  78  79  79  79  79  79  79  78  78  84  88  80  75  70  40  20  20  40  49  43  23   7  67 178 178 178 177 178 177 177 178 176 202 216 217 216 219 219 217 218 218 218 217 217 218 218 218 218 218 218 218 218 218 218 218 218 218 218 218 218 218 218 218 218 218 217 218 218 217 218 217 218 217 217 234 249 240  93   6  75 224 253 253 254 253 253 254 253 250 251 244 251 253 249 247 250 
 78  78  78  78  77  78  78  79  79  79  79  78  78  86  88  78  75  65  26  17  24  43  47  39  19   6  89 173 175 179 178 178 177 177 177 176 202 216 217 216 219 219 217 218 218 218 218 217 218 218 218 218 218 218 218 218 218 218 218 218 218 218 218 218 218 218 218 218 218 218 218 218 217 219 218 219 217 216 232 246 253 112   8  58 214 253 253 254 253 253 254 253 248 252 255 247 249 254 254 249 
 78  78  78  78  78  80  80  79  78  78  78  76  84  88  79  83  78  50  19  21  34  43  50  38  19   7 109 182 173 181 178 178 177 177 178 176 199 215 217 214 218 218 216 217 217 218 218 217 217 218 218 218 218 218 218 218 218 218 218 218 218 218 218 218 218 218 218 218 218 218 218 218 217 218 219 216 219 216 227 245 254 134  12  46 201 255 254 255 254 254 254 254 255 254 254 250 251 255 255 255 
 78  78  78  78  78  80  80  79  77  77  78  77  85  85  75  83  67  34  18  24  40  44  50  36  17  10 117 186 173 180 178 178 178 177 178 176 195 212 217 215 217 219 217 218 218 217 217 218 217 218 218 218 218 218 218 218 218 218 218 218 218 218 218 218 218 218 218 218 218 218 218 217 217 217 219 214 219 216 225 247 255 149  16  39 191 255 254 255 255 255 255 255 254 255 255 255 255 254 254 254 
 78  78  78  78  78  80  80  78  77  78  78  81  85  81  78  80  50  19  17  27  42  46  49  32  14  12 126 187 175 177 178 178 177 177 177 177 187 207 217 217 215 218 218 218 218 218 218 218 218 218 218 218 218 218 218 218 218 218 218 218 218 218 218 218 218 218 218 218 218 218 218 218 217 218 219 215 219 216 226 247 255 167  22  30 177 254 254 255 254 254 254 254 255 255 255 254 254 255 255 255 
 78  78  78  79  78  80  79  79  77  79  79  83  83  79  81  74  40  14  18  34  46  47  49  29  13  16 137 186 176 175 177 178 177 178 178 178 180 198 215 218 215 219 220 217 218 217 218 217 218 218 218 218 218 218 218 218 218 218 218 217 218 218 218 218 218 218 218 218 218 218 218 218 217 218 219 214 219 215 226 247 255 184  28  23 166 254 254 255 255 255 255 255 255 255 254 255 255 255 255 255 
 78  78  78  78  78  78  78  78  77  78  80  81  80  79  77  58  31  17  25  43  49  47  49  27  12  20 146 184 177 176 177 178 177 178 177 178 177 187 206 216 215 217 218 217 218 218 218 218 218 218 218 218 218 218 218 218 218 218 217 218 217 218 218 218 218 218 218 218 218 218 218 217 217 218 219 215 219 215 226 246 253 197  34  20 156 254 254 255 254 255 255 255 255 255 255 255 255 255 255 255 
 78  78  78  78  79  78  78  77  77  79  80  82  81  82  72  39  19  21  30  50  51  46  48  28  15  22 151 181 177 177 177 178 177 178 177 178 175 177 198 215 216 216 218 217 217 218 218 218 218 218 218 218 218 218 218 218 218 218 218 217 218 218 217 217 217 217 217 217 217 217 217 218 217 217 219 214 219 215 226 248 254 207  36  19 149 252 254 255 255 254 255 255 255 255 255 255 255 255 255 255 
 78  78  78  78  78  79  77  78  79  80  82  81  82  81  59  27  16  27  41  50  49  47  48  26  14  23 150 178 177 176 177 178 177 178 178 178 177 176 184 202 215 216 217 217 218 218 218 218 218 218 218 218 218 218 218 218 218 218 218 218 218 218 218 217 218 217 218 218 218 218 218 218 218 218 217 216 219 216 222 243 253 212  46  14 140 252 254 255 254 255 255 255 255 255 255 255 255 255 255 255 
 78  78  79  78  78  78  77  77  79  80  83  81  81  75  43  17  20  38  48  48  47  48  48  23  13  24 148 179 178 174 176 178 178 178 178 178 177 179 178 190 211 218 217 218 218 218 218 217 218 218 218 218 218 218 218 218 218 218 218 218 218 218 218 217 218 218 218 218 218 218 218 218 218 219 216 218 220 216 219 236 252 218  55   8 134 252 254 255 254 255 255 255 255 255 255 255 255 255 255 255 
 78  78  79  78  79  77  77  78  79  80  82  81  79  65  30  10  25  45  47  50  48  49  49  24  14  23 145 184 180 175 176 178 178 178 178 178 174 175 179 191 210 218 218 217 218 218 217 218 218 218 218 218 218 218 218 218 218 218 218 218 217 218 218 217 217 217 217 217 217 217 217 218 217 218 216 217 219 217 219 236 252 220  55  10 135 252 254 255 255 254 255 255 255 255 255 255 255 255 255 255 
