255 254 255 255 255 255 247 253 252 247 250 254 224 118  73 213 251 239 244 243 242 242 242 243 244 243 244 243 244 244 244 244 244 244 244 244 244 244 244 243 244 243 244 244 244 244 244 244 244 243 244 243 244 244 244 244 244 244 244 244 244 244 244 244 244 243 244 243 243 243 244 243 244 244 243 244 243 244 243 244 244 244 244 244 243 244 244 244 244 244 244 244 244 244 244 244 244 244 244 244 
255 255 255 254 255 253 250 255 252 252 255 235 125  12  34 210 251 243 244 243 242 242 242 243 244 243 244 244 244 244 244 244 244 244 244 244 244 244 244 244 244 244 244 244 244 244 244 244 244 244 244 244 244 244 244 244 244 244 244 244 244 244 244 244 244 244 244 244 244 244 244 244 244 244 244 244 244 244 244 244 244 244 243 244 243 244 245 245 245 245 245 244 244 244 244 244 244 244 243 243 
254 254 255 255 255 253 252 254 252 254 247 156  27   1  42 204 249 245 243 243 242 242 242 243 244 243 244 244 244 244 244 244 244 244 244 244 244 244 244 244 244 244 244 244 244 244 244 244 244 244 244 244 244 244 244 244 244 244 244 244 244 244 244 244 244 244 244 244 244 244 244 244 244 244 244 244 244 244 244 244 244 244 243 244 243 244 245 245 245 245 245 245 244 244 244 244 244 243 244 244 
255 255 254 254 254 255 255 248 247 255 208  79   1  24  25 184 253 242 244 243 242 242 243 244 244 244 244 244 244 244 244 244 244 244 244 244 244 244 244 244 244 244 244 244 244 244 244 244 244 244 244 244 244 244 244 244 244 244 244 244 244 244 244 244 244 244 244 244 244 244 244 244 244 244 244 244 244 244 244 244 244 244 243 244 243 244 245 245 245 245 245 245 244 244 244 244 243 244 243 243 
251 251 251 252 255 243 252 254 251 218  98  19  15  11  27 178 253 247 246 245 243 243 243 244 244 244 244 244 244 244 244 244 244 244 244 244 244 244 244 244 244 244 244 244 244 244 244 244 244 244 244 244 244 244 244 244 244 244 244 244 244 244 244 244 244 244 244 244 244 244 244 244 244 244 244 244 244 244 244 244 244 244 244 243 244 243 243 243 243 243 243 243 244 244 244 244 243 244 243 242 
252 252 254 255 250 251 245 206 133  52  17  17  17  15  24 171 253 249 247 245 245 244 245 244 243 244 244 244 244 244 244 244 244 244 244 244 244 244 244 244 244 244 244 244 244 244 244 244 244 244 244 244 244 244 244 244 244 244 244 244 244 244 244 244 244 244 244 244 244 244 244 244 244 244 244 244 244 244 244 244 244 244 243 244 243 244 244 244 245 245 245 245 244 244 244 244 243 244 243 243 
255 253 249 231 209 168 102  42  24  20  25  25  17  17  23 167 251 250 248 247 245 245 245 245 243 244 244 243 244 244 244 244 244 244 244 244 244 244 244 244 244 244 244 244 244 244 244 244 244 244 244 244 244 244 244 244 244 244 244 244 244 244 244 244 244 244 244 244 244 244 244 244 244 244 244 244 244 244 244 244 244 244 243 244 243 244 245 245 245 245 245 244 243 244 244 244 244 243 244 244 
170 141 109  74  43  14  19  27  20  21  28  25  18  18  24 169 253 252 251 248 247 245 245 245 244 243 244 243 243 244 244 243 244 244 243 243 244 243 244 244 243 243 244 243 244 244 244 244 244 244 244 244 244 244 244 244 244 244 244 244 244 244 244 244 244 244 244 244 244 244 244 244 244 244 244 244 244 244 244 244 244 244 243 244 243 244 245 245 245 245 245 245 244 244 244 244 244 243 244 245 
 27  18  15  18  22  26  28  22  21  32  24  19  20  17  29 177 254 252 252 250 248 246 246 245 244 244 243 243 243 244 244 244 244 243 244 244 243 244 244 243 244 244 243 243 243 243 243 243 243 243 243 243 243 243 243 243 243 243 243 243 243 243 243 243 243 243 243 243 243 243 243 243 243 243 243 243 243 243 243 243 243 243 243 244 243 244 245 245 245 245 245 245 243 243 243 244 244 243 245 245 
 21  22  21  20  23  22  22  23  23  21  24  27  18  16  32 184 255 251 253 251 249 246 245 245 244 244 244 244 244 244 244 243 244 244 243 244 244 243 243 243 243 243 244 244 244 244 244 244 244 244 244 244 244 244 244 244 244 244 244 244 244 244 244 244 244 244 244 244 244 244 244 244 244 244 244 244 244 244 244 244 244 244 244 244 244 244 246 246 246 246 246 246 244 244 244 244 244 244 244 245 
 23  23  23  22  22  23  22  22  22  22  22  26  21  13  40 203 252 248 251 250 250 249 246 245 246 245 244 243 243 244 244 244 243 244 243 243 244 243 242 241 242 243 244 243 243 243 243 243 243 243 243 243 243 243 243 243 243 243 243 243 243 243 243 243 243 243 243 245 245 245 245 245 246 244 243 243 243 243 243 243 243 243 243 243 243 244 246 245 246 246 246 246 245 245 244 243 243 244 246 246 
 22  22  22  22  23  22  23  23  23  23  22  23  22  16  49 213 254 247 251 250 250 249 247 246 247 245 244 243 243 244 244 244 244 244 244 244 244 243 242 242 242 244 244 244 244 244 244 244 244 244 244 244 244 244 244 244 244 244 244 244 244 244 244 244 244 244 244 245 246 245 246 245 246 244 244 244 244 244 244 244 244 244 244 244 244 244 246 245 246 245 246 245 246 245 244 242 243 244 245 245 
 23  23  23  22  22  23  22  22  22  22  23  20  23  14  59 222 254 248 251 251 251 250 249 247 247 246 244 243 244 245 244 244 244 244 244 244 245 244 243 243 243 244 245 245 245 245 245 245 245 245 245 245 245 245 245 245 245 245 245 245 245 245 245 245 245 245 245 245 246 245 246 245 246 245 245 245 245 245 245 245 245 245 245 245 245 245 246 245 246 246 246 245 246 245 244 242 243 244 244 244 
 23  23  23  23  23  23  23  23  23  22  23  21  24   9  74 230 254 251 251 251 252 251 250 249 247 246 245 244 244 245 245 245 244 245 245 245 245 244 243 243 244 244 245 245 245 245 245 245 245 245 245 245 245 245 245 245 245 245 245 245 245 245 245 245 245 245 245 245 246 245 245 245 246 245 245 245 245 245 245 245 245 245 245 245 245 245 246 245 245 245 246 245 246 245 244 242 243 244 244 243 
 23  23  23  23  23  23  23  23  23  23  22  22  22   9 103 241 252 252 250 251 251 251 251 250 248 247 245 244 245 246 246 246 245 245 246 245 246 245 244 244 244 245 246 246 246 246 246 246 246 246 246 246 246 246 246 246 246 246 246 246 246 246 246 246 246 246 246 246 246 246 246 246 245 246 246 246 246 246 246 246 246 246 246 246 246 246 245 246 246 246 246 246 246 245 244 243 243 244 245 245 
 23  23  23  23  23  23  23  23  22  23  22  23  20  14 134 254 248 250 250 251 252 252 251 250 248 247 246 245 245 245 246 246 247 246 245 246 246 245 244 243 244 245 246 247 247 247 247 247 247 247 247 247 247 247 247 247 247 247 247 247 247 247 247 247 247 247 247 246 245 245 245 245 245 246 247 247 247 247 247 247 247 247 247 247 247 246 245 245 245 245 245 245 245 245 243 242 243 243 246 246 
 23  23  23  23  23  23  23  23  22  23  22  25  17  18 155 255 242 253 251 251 252 252 252 251 249 248 247 247 246 246 246 247 247 246 246 245 246 246 246 245 246 246 246 246 246 246 246 246 246 246 246 246 246 246 246 246 246 246 246 246 246 246 246 246 246 246 246 246 246 246 246 246 246 246 246 246 246 246 246 246 246 246 246 246 246 246 246 246 246 246 246 246 246 246 246 246 246 246 246 247 
 23  23  23  23  23  23  23  23  22  23  22  23  15  38 188 255 243 254 251 252 251 251 252 251 250 250 249 247 246 246 247 246 246 247 246 246 246 247 247 247 247 247 247 247 247 247 247 247 247 247 247 247 247 247 247 247 247 247 247 247 247 247 247 247 247 247 247 247 247 247 247 247 247 247 247 247 247 247 247 247 247 247 247 247 247 247 247 247 247 247 247 247 247 247 247 247 247 247 247 246 
 23  23  23  23  23  23  23  23  23  22  22  21  12  66 227 253 248 253 251 252 252 252 252 251 251 250 248 248 247 246 247 247 247 246 246 247 246 246 246 246 246 246 246 247 246 247 247 247 247 247 247 247 247 247 247 247 247 247 247 247 247 247 247 247 247 246 247 246 246 246 246 246 246 246 247 246 247 247 247 247 247 247 247 246 247 246 246 246 246 246 246 246 246 246 246 246 246 246 247 247 
 23  23  23  22  23  22  23  23  23  22  22  20   9  97 250 248 251 251 252 251 252 252 252 251 251 251 250 248 247 247 247 247 247 247 247 246 247 246 246 247 246 246 246 246 246 246 246 246 246 247 247 247 247 247 247 247 247 247 247 247 247 247 247 247 247 247 247 247 247 247 247 247 247 246 246 246 246 246 246 246 246 246 246 246 246 246 247 247 247 247 247 247 246 246 247 247 247 247 247 247 
 23  23  22  23  22  23  22  22  23  22  23  18  21 145 254 246 251 250 252 251 251 251 251 252 252 251 250 249 248 248 247 246 247 247 246 246 247 247 247 247 247 247 247 247 247 246 247 246 247 246 246 246 246 246 246 246 246 246 246 246 246 246 246 246 246 246 246 246 246 246 246 246 246 247 247 247 247 247 247 247 247 247 247 247 247 247 246 246 246 246 246 246 247 247 247 247 247 247 246 246 
 23  23  23  22  23  22  23  23  23  23  23  17  36 206 254 247 247 252 251 251 251 251 251 252 252 252 251 249 248 247 246 247 247 247 247 247 246 246 246 246 246 246 246 246 246 246 246 246 246 247 247 247 247 247 247 247 247 247 247 247 247 247 247 247 247 247 247 247 247 247 247 247 247 246 246 246 246 246 246 246 246 246 246 246 246 246 247 247 247 246 247 247 246 246 246 246 246 246 247 247 
 22  22  22  23  22  27  21  20  22  20  27   9  87 236 252 250 242 252 251 251 251 251 251 252 252 252 251 250 249 248 247 247 247 247 247 246 246 247 247 247 247 247 248 248 247 246 247 246 247 246 246 246 246 246 246 246 246 246 246 246 246 246 246 246 246 246 246 246 246 246 246 246 246 247 248 247 247 247 247 247 247 247 247 247 248 247 246 246 246 246 246 246 247 247 247 247 247 248 246 246 
 23  23  23  22  23  19  20  28  26  21  23   9 152 244 246 248 247 252 251 251 251 251 252 252 251 250 251 251 251 250 247 246 246 247 246 245 246 248 248 248 248 248 248 248 247 247 247 247 246 245 245 245 245 245 245 245 245 245 245 245 245 245 245 245 245 245 245 245 245 245 245 245 245 247 248 248 248 248 248 248 248 248 248 248 248 247 245 245 246 245 246 246 248 248 248 248 248 248 246 245 
 22  22  22  23  23  19  25  24  17  28  19  50 202 254 245 247 252 251 251 252 252 251 252 252 251 251 252 251 250 249 247 247 247 246 246 246 247 247 247 247 247 246 247 247 246 246 246 247 247 246 246 246 246 246 246 246 246 246 246 246 246 246 246 246 246 246 246 246 246 246 246 246 245 247 248 247 248 248 248 248 248 248 248 247 248 247 246 246 246 246 246 246 248 247 248 248 247 248 246 246 
 22  22  22  22  22  28  21  19  20  20   5 104 241 249 247 252 252 249 252 251 252 252 252 252 251 251 252 251 251 249 247 246 247 246 246 247 247 247 247 247 247 247 247 247 247 247 247 247 247 247 247 247 247 247 247 247 247 247 247 247 247 247 247 247 247 247 247 247 247 247 247 247 246 248 248 248 248 248 248 248 248 248 248 248 248 248 246 247 247 247 247 247 248 248 248 248 248 248 247 247 
 23  23  23  23  23  22  17  34  28  11  46 192 254 239 249 251 252 253 251 251 251 252 252 252 251 253 252 251 250 249 247 247 246 247 247 247 247 248 248 248 248 248 248 248 248 248 248 248 248 246 246 246 246 246 246 246 246 246 246 246 246 246 246 246 246 246 246 246 246 246 246 246 246 247 248 247 248 248 248 248 248 248 248 247 248 247 246 246 246 246 246 247 248 248 248 248 247 248 247 246 
 22  22  22  23  23  24  20  27  16  19  85 219 252 252 254 247 248 246 252 251 252 252 252 251 252 252 252 252 251 250 247 247 247 247 247 246 247 248 248 248 247 248 248 248 247 247 247 248 248 248 247 248 248 248 248 248 248 248 248 248 248 248 248 248 248 248 248 248 248 248 248 248 248 248 248 248 248 248 248 248 248 248 248 248 248 248 248 248 248 248 248 248 248 248 248 248 248 248 248 248 
 23  23  22  23  22  27  16  20  22  27  30 100 167 219 247 252 250 242 253 251 250 249 251 252 248 251 251 249 247 247 246 245 244 245 246 247 247 247 246 247 249 247 247 248 248 249 249 248 248 248 248 248 248 248 248 248 248 248 248 248 248 248 248 248 248 248 248 248 248 248 248 248 248 248 248 248 248 248 248 248 248 248 248 248 248 248 248 248 248 248 248 248 248 248 248 248 248 248 248 248 
 22  22  23  22  23  22  21  29  18  15  19   7  25  78 149 214 247 252 247 248 249 248 248 244 251 254 254 254 254 254 253 253 252 251 250 248 243 248 247 245 248 249 246 246 247 248 247 247 249 247 248 248 248 248 248 248 248 248 248 248 248 248 248 248 248 248 248 248 248 248 248 248 248 248 248 248 248 248 248 248 248 248 248 248 248 248 248 248 248 248 248 248 248 248 248 248 248 248 248 248 
 23  23  22  22  24  14  34  18   8   3   9  14   5  12  24  64 142 213 250 254 251 250 252 241 216 195 183 184 178 167 172 176 179 186 208 234 246 252 252 249 248 246 247 250 249 247 245 247 248 247 248 247 248 248 248 248 248 248 248 248 248 248 248 248 248 248 248 248 248 248 248 248 248 248 248 248 248 248 248 248 248 248 248 248 248 248 248 248 248 248 248 248 248 248 248 248 248 248 248 248 
 23  23  23  23  21  30  14  19  90  95  33  11   5   7  14   9  22  65 144 214 212 161 110  74  51  32  22  26  25  17  19  16  13  14  35  63  98 151 212 243 249 251 245 245 245 244 249 249 247 248 248 248 248 248 248 248 248 248 248 248 248 248 248 248 248 248 248 248 248 248 248 248 248 248 248 248 248 248 248 248 248 248 248 248 248 248 248 248 248 248 248 248 248 248 248 248 248 247 248 248 
 23  23  23  23  22  23   9  99 206 215 173 110  47   9   7  18  13  10  28  57  37  13  16  18  19  18  17  19  20  22  21  21  21  19  12   3  10   7  27  93 174 231 249 249 243 239 246 248 246 248 247 248 247 247 248 247 247 248 248 247 247 247 247 248 248 248 248 248 248 248 248 248 248 248 248 248 248 248 248 248 248 248 248 248 248 248 248 248 248 248 248 248 248 248 248 248 247 248 247 247 
 22  23  22  22  24  12  69 185 222 219 230 223 193 124  51   6   4  16  13   8   8  18  24  20  22  26  25  19  18  21  23  22  21  25  28  30  17  16  12   0  13  76 167 228 249 249 248 248 245 248 248 248 248 248 247 248 248 247 248 248 248 248 248 248 248 248 248 248 248 248 248 248 248 248 248 248 248 248 248 248 248 248 248 248 248 248 248 248 248 248 248 248 248 248 248 248 248 248 248 248 
 23  23  22  23  18  47 167 225 219 222 223 228 233 228 193 130  55  10   8   8  18  20  20  26  23  24  22  21  23  26  21  27  28  20  16  20  30  24  22  19   7   1  18  97 201 245 248 249 248 248 247 248 247 247 248 247 247 248 248 248 248 248 247 248 248 248 248 248 248 248 248 248 248 248 248 248 248 248 248 248 248 248 248 248 248 248 248 248 248 248 248 248 248 248 248 248 247 248 247 247 
 19  21  26  15  23 145 216 225 220 222 227 225 227 230 235 231 187 119  36   7  19  15  15  25  20  24  25  25  24  20  22  23  23  23  22  22  21  22  26  26  21  16   5   2  49 158 240 252 246 239 239 249 241 246 247 247 246 246 247 246 245 246 247 246 247 247 247 247 247 247 247 247 247 247 247 247 247 247 247 247 247 247 247 247 247 247 247 247 247 247 247 247 247 247 247 247 247 247 247 246 
 16  27  24  23 119 203 219 219 213 221 222 222 232 228 225 236 238 225 178 100  23   2  22  15  21  23  23  22  23  25  23  22  22  22  23  23  22  23  25  24  21  18  13  14   3  23 130 230 248 244 248 240 244 247 238 247 246 246 245 245 246 247 246 247 247 247 247 247 247 247 247 247 247 247 247 247 247 247 247 247 247 247 247 247 247 247 247 247 247 247 247 247 247 247 247 247 247 246 246 247 
 37  14  25 109 187 219 220 213 211 223 222 209 218 230 231 235 234 235 242 226 154  56  14   7  20  20  24  23  21  22  23  23  23  23  23  22  24  24  22  22  22  20  30  18   9   5   9 115 229 252 240 235 250 243 243 247 246 245 246 246 245 247 247 247 247 246 246 246 246 246 246 246 246 246 246 246 246 246 246 246 246 247 247 247 246 246 246 246 246 246 246 246 246 246 246 246 246 246 247 247 
  9  37 129 181 194 210 217 217 216 220 221 215 214 215 214 224 233 235 237 248 247 193 108  33  13   8  17  26  24  27  23  22  23  23  23  22  25  24  22  21  22  22  26  23  21  12   3  19  97 222 250 244 247 245 248 247 246 246 246 246 246 246 247 247 246 246 246 246 246 246 246 246 246 246 246 246 246 246 246 246 246 246 246 246 246 246 246 246 246 246 246 246 246 247 247 247 246 247 247 247 
 57 132 179 176 201 217 218 222 219 215 215 218 217 215 215 219 221 227 241 241 241 249 228 147  57  21   8  14  16  21  22  22  23  22  22  22  24  24  23  23  23  25  17  21  27  17   8   4  14 118 234 245 240 249 244 247 247 247 246 246 247 247 247 247 247 247 247 247 247 247 247 247 247 247 247 247 247 247 247 247 247 247 247 247 247 247 247 247 247 247 247 247 247 247 247 247 247 247 247 246 
161 183 176 190 211 217 216 217 218 217 219 217 216 221 221 215 215 221 221 236 246 245 251 245 191  92  27  10   6  14  23  23  22  23  23  22  22  23  24  24  25  23  26  24  23  26  20  10   2  20 135 241 247 244 244 247 247 247 247 247 247 246 247 246 246 246 246 246 246 246 246 246 246 247 247 247 247 247 247 247 247 247 247 247 247 247 247 247 247 247 247 247 247 247 247 247 247 247 246 247 
187 174 179 207 214 216 217 216 218 218 219 216 217 220 219 218 218 221 217 220 239 247 247 252 253 212 114  34  11   4   7  19  26  21  18  27  24  22  23  23  23  22  26  27  21  22  23  17  14   3  36 176 248 247 247 246 244 246 249 248 245 247 248 248 249 249 249 248 248 248 248 248 248 247 247 247 247 247 247 247 247 247 247 247 247 247 247 247 247 247 247 247 247 247 247 247 247 247 249 249 
180 175 188 211 215 217 218 218 217 218 217 220 219 214 217 217 216 212 216 226 216 232 250 243 250 255 225 142  53   7   2  12  16  22  27  17  20  23  22  22  22  22  23  24  24  22  19  20  12  11   1  69 212 242 250 249 246 248 250 249 247 247 248 248 249 249 249 249 250 250 249 249 249 249 248 248 248 248 248 248 248 248 248 248 248 248 248 248 248 248 248 248 248 248 248 248 248 248 248 247 
175 186 204 214 216 217 218 217 217 217 217 219 214 214 223 220 218 225 215 212 225 220 226 253 253 247 252 246 164  52  10   6   1  13  29  25  22  23  22  23  23  22  23  23  22  22  22  22  15  13   3   7 121 234 248 248 245 245 246 247 247 247 247 247 248 248 249 250 250 250 250 250 250 250 251 251 251 251 251 251 251 251 251 251 251 251 251 251 251 251 251 251 250 251 251 250 251 250 246 245 
179 198 214 216 217 218 218 218 218 217 217 218 217 219 220 213 211 220 223 215 215 216 224 237 248 253 243 252 241 175  61  14   1  14  16  21  23  22  23  22  22  23  22  22  22  23  23  23  27  11  15   8  32 177 243 244 244 244 244 245 246 248 248 248 249 249 250 251 252 251 251 251 251 252 252 252 252 252 252 252 252 252 252 252 252 252 252 252 252 252 252 252 252 252 252 252 252 252 250 249 
191 208 217 219 218 218 218 218 218 217 218 218 221 217 213 222 223 211 173 124 101 111 150 199 237 244 252 252 247 246 186  77   5   1   4  17  23  23  23  22  22  23  22  23  23  24  24  24  21  19  13   8   1  75 226 244 249 249 249 250 251 249 250 250 250 251 251 252 251 251 252 252 252 252 252 252 253 252 252 252 253 252 252 253 252 252 253 252 252 253 252 252 253 252 252 253 252 253 252 252 
205 216 213 220 219 217 218 218 218 218 218 214 221 216 214 227 201 126  42   9   8   2  20 105 206 221 241 250 251 247 252 194  81   5   2  12  22  23  22  23  23  22  24  25  24  23  23  23  22  26  11  12   5  23 157 247 247 253 252 251 252 251 252 253 252 253 254 253 253 252 253 253 253 252 253 252 253 253 252 253 253 252 253 253 252 253 252 252 253 252 252 253 252 252 253 252 253 253 253 253 
214 217 215 220 220 218 218 217 218 218 218 219 220 219 216 214 117  25   4   9  19  21  19  31 172 229 226 236 250 252 252 254 193  78   5   1  11  24  24  22  22  22  25  22  24  27  24  21  26  26  21  26  18  20  76 225 254 246 252 252 252 253 253 253 254 254 254 253 254 254 254 254 254 253 254 254 254 254 254 254 254 254 254 254 254 254 254 254 254 254 254 254 254 254 254 254 254 254 254 253 
217 217 218 218 219 218 217 218 218 218 218 217 213 220 224 156  25   4  17  22  13  11   8  26 163 226 215 229 239 248 252 254 246 176  68  13   7  13  15  24  20  21  26  20  23  27  24  26  32  35  21  18  30  21  32 154 253 248 254 255 252 253 253 254 254 253 253 254 255 255 254 254 254 255 255 255 255 255 255 255 255 255 255 255 255 255 255 255 255 255 255 255 255 255 255 255 255 255 254 255 
216 217 218 218 218 218 217 218 217 218 217 219 220 217 201  60  14  99 128 134  99  64   9  34 173 223 213 215 228 242 248 251 252 246 176  56  10   3  16  24  21  23  24  24  24  22  17  19  38  65  47  19  23  21  15  72 219 255 250 254 253 254 253 253 254 254 253 254 255 254 254 254 254 254 254 254 254 254 254 254 254 254 254 254 254 254 254 254 254 254 254 254 254 254 254 254 254 254 254 254 
217 217 218 218 219 218 217 218 217 218 217 219 219 224 148  13 106 214 222 227 208 179  47  51 201 221 213 214 222 229 246 250 243 255 239 155  38   9  28  22  23  25  16  21  29  34  26  21  31 100 133  57  16  21  19  31 161 254 252 247 252 254 253 254 253 254 253 254 255 254 254 255 254 255 255 255 255 255 255 255 255 255 255 255 255 255 255 255 255 255 255 255 255 255 255 255 255 255 254 255 
217 217 218 218 219 218 217 218 218 218 218 217 213 219  90   9 177 224 213 222 219 210 121 138 218 216 213 215 220 216 233 250 245 248 254 238 140  33   9  27  18  19  21  20  30  40  33  20  15 108 207 129  42  21  27  16  91 229 255 247 251 254 253 254 253 253 253 254 255 254 255 255 255 255 255 255 255 255 255 255 255 255 255 255 255 255 255 255 255 255 255 255 255 255 255 255 255 255 255 255 
216 217 218 219 219 218 217 218 217 218 217 221 221 202  58  53 197 219 216 216 217 211 191 213 218 211 217 215 219 218 216 237 249 248 249 254 234 116  19  22  20  17  32  24  23  41  47  40  28  92 207 213 117  30  25  18  35 169 249 254 248 253 254 253 254 254 253 254 255 254 255 255 255 255 255 255 255 255 255 255 255 255 255 255 255 255 255 255 255 255 255 255 255 255 255 255 255 255 255 255 
217 217 218 218 218 218 217 218 218 217 218 217 220 207 126 148 207 219 217 211 219 219 217 217 215 214 221 218 220 223 216 227 243 250 248 251 253 210  82  14  23  21  25  20  20  44  85 114  96  74 186 255 183  46  23  27  16 101 221 252 247 253 253 254 253 252 254 254 255 255 255 255 255 255 255 255 255 255 255 255 255 255 255 255 255 255 255 255 255 255 255 255 255 255 255 255 255 255 255 255 
218 218 217 217 217 217 218 217 218 218 217 218 216 212 216 216 216 218 218 218 217 218 217 217 216 217 217 217 215 214 219 224 228 241 252 248 246 251 183  52  10  23  21  25  33  18  93 174 186 111 173 239 228  77  19  21  22  31 165 251 249 255 252 254 253 250 253 255 254 255 255 255 255 255 255 255 255 255 255 255 255 255 255 255 255 255 255 255 255 255 255 255 255 255 255 255 255 255 255 255 
217 218 218 218 218 218 218 218 218 218 217 218 218 217 214 215 218 219 217 218 217 216 217 216 217 217 218 219 217 217 214 218 219 226 241 249 253 246 246 144  33  21  26  21  47  34  75 201 238 205 185 163 225 128  19  23  23  17  84 232 252 253 253 254 255 253 252 254 255 254 255 255 255 255 255 255 255 255 255 255 255 255 255 255 255 255 255 255 255 255 255 255 255 255 255 255 255 255 255 255 
217 218 217 217 217 217 218 218 218 217 218 218 218 219 220 219 219 218 218 218 217 218 217 217 216 217 218 218 218 218 217 220 218 218 233 248 238 252 248 231 104  14  31  14  51  83  64 189 249 244 202  80 131 136  34  25  28  25  38 169 254 251 248 250 254 255 254 254 255 254 255 255 255 255 255 255 255 255 255 255 255 255 255 255 255 255 255 255 255 255 255 255 255 255 255 255 255 255 255 255 
218 217 218 218 217 218 218 217 218 218 218 217 216 217 218 218 217 216 217 218 218 217 217 217 216 217 219 217 216 215 218 220 217 211 218 235 246 250 241 255 193  58  21  26  33  96 120 179 225 244 171  68  54  79  33  25  18  22  22  74 230 255 252 250 250 254 255 254 255 255 255 255 255 255 255 255 255 255 255 255 255 255 255 255 255 255 255 255 255 255 255 255 255 255 255 255 255 255 255 255 
218 218 218 217 218 218 218 218 218 218 218 216 215 216 217 216 216 216 218 218 218 218 217 218 218 218 217 215 214 212 212 212 215 215 215 226 242 239 254 251 246 154  34  21  17  53 162 220 185 191 193  69  19  41  26  29  23  15  23  25 158 250 253 255 250 253 255 254 255 255 255 255 255 255 254 255 254 255 255 255 255 255 255 255 255 255 255 255 255 255 255 255 255 255 255 255 255 255 255 255 
218 218 217 218 218 218 218 218 218 218 218 217 216 217 217 216 217 218 217 218 218 218 218 217 218 217 217 213 209 206 193 190 189 180 164 159 180 229 242 244 255 218  95  18  33  18 116 227 172 107 174  80  29  15  31  17  34  15  27  23  72 221 249 254 249 252 255 254 254 254 254 254 254 254 255 254 255 255 255 255 255 255 255 255 255 255 255 255 255 255 255 255 255 255 255 255 255 255 255 255 
218 218 218 217 218 218 218 218 218 218 218 217 217 217 218 218 218 217 216 218 217 217 217 218 215 219 206 193 187 179 178 139  89  47  28  19  32  60 120 181 238 248 179  42  22  18  49 171 142  45  79  91  26  20  25  22  23  22  22  23  21 136 251 246 251 253 253 253 254 254 254 254 253 254 255 254 255 255 255 255 255 255 255 255 255 255 255 255 255 255 255 255 255 255 255 255 255 255 255 255 
218 218 218 218 218 218 218 218 218 218 218 218 217 218 218 217 217 218 218 217 217 217 218 217 215 202 178 180 183 158  93  28   7  14  18  20  14   8  18  55 133 233 246 111  26  24  17  92 125  30  38  60  25  26  21  23  22  23  22  22  21  50 184 255 242 254 253 253 254 253 253 254 253 254 255 254 255 255 255 255 255 255 255 255 255 255 255 255 255 255 255 255 255 255 255 255 255 255 255 255 
218 218 218 218 218 218 218 218 218 218 218 218 217 218 218 218 217 219 218 218 217 217 215 212 199 178 181 191 142  60  11   7  13  24  17  19  21  29  21  16  34 127 244 201  52  21  21  36 100  38  16  34  25  28  17  23  22  22  22  22  22  16 105 240 247 252 255 254 253 254 253 254 253 254 255 254 255 255 255 255 255 255 255 255 255 255 255 255 255 255 255 255 255 255 255 255 255 255 255 255 
218 218 218 218 218 218 218 218 218 218 218 218 217 218 218 218 217 219 220 218 217 215 210 200 182 171 182 146  58   8   5  15  24  33  37  24  10  10  10  21  14  35 149 249 132  20  27  23  66  51  22  26  21  26  20  23  22  23  23  22  23  25  36 156 254 250 253 253 254 253 253 254 253 254 255 254 255 255 254 255 255 255 254 254 255 255 254 255 254 255 255 255 255 255 255 255 255 255 255 255 
218 218 218 218 218 218 218 218 218 218 218 218 218 218 217 218 217 218 219 217 216 213 201 183 173 192 166  66   8  21  64 126 157 153 154 150 104  56  15  13  28  21  53 204 216  66  13  16  33  38  24  24  18  24  24  22  23  23  22  23  22  23  12  73 215 252 255 253 254 254 253 253 253 254 255 254 255 254 255 254 254 254 255 255 254 254 255 254 255 255 255 255 255 255 255 255 255 255 255 255 
218 218 218 218 218 218 218 218 218 218 218 218 218 218 217 218 218 218 218 217 217 212 195 174 177 177  95  15  38 128 181 191 196 193 193 199 195 166  93  12  13  27  11 115 235 139  26  23  18  21  23  23  19  20  23  22  23  23  22  23  22  17  26  23 115 242 253 252 254 253 254 254 254 254 255 254 255 255 254 255 255 255 254 254 255 255 254 255 254 255 255 255 255 255 255 255 255 255 255 255 
218 218 218 218 218 218 218 218 218 218 218 218 218 218 217 218 218 217 217 218 211 215 185 175 181 133  23  38 136 191 190 183 184 188 188 184 191 204 184  82  19  28  20  43 186 216  56  21  23  21  23  23  22  22  22  23  22  23  23  22  23  20  24  24  32 170 252 253 253 254 253 247 249 254 255 255 255 254 255 253 253 254 255 255 254 254 255 254 255 255 255 255 255 255 255 255 255 255 255 255 
218 218 218 218 218 218 218 218 218 218 218 218 218 218 218 217 218 217 216 218 214 216 181 182 156  58  28 125 189 187 187 194 201 204 205 204 202 197 198 170  64  11  29  13 109 238 127  26  16  23  22  23  23  23  23  22  23  23  23  22  23  23  22  29  17  61 201 253 252 250 252 255 247 249 255 254 255 254 255 253 252 254 255 255 254 254 255 254 255 255 255 255 255 255 255 255 255 255 255 255 
218 218 218 218 218 218 218 218 218 218 218 218 217 218 218 217 217 217 216 218 219 214 187 185 105   7  84 187 201 198 210 216 224 230 231 228 224 213 196 213 143  33  23  13  41 205 198  52  14  23  22  23  22  22  22  23  22  23  22  23  21  22  29  21  28   7  94 230 252 252 250 252 255 255 255 255 255 255 255 253 252 254 255 255 254 254 255 254 255 255 255 255 255 255 255 255 255 255 255 255 
218 218 218 218 218 218 218 218 218 218 218 218 217 218 218 218 217 218 219 216 219 213 196 164  43  26 154 204 206 225 226 227 229 230 230 231 232 227 212 203 201 100  12  29  19 133 233 108  18  23  23  22  23  23  22  22  23  23  22  23  22  23  25  19  32  26  20 116 230 255 231 250 251 250 255 254 254 254 254 253 252 254 255 255 254 254 255 254 255 255 255 255 255 255 255 255 255 255 255 255 
218 218 218 218 218 218 218 218 218 218 218 218 217 217 218 218 217 219 222 215 216 214 194 111   6  81 199 219 227 231 232 230 228 228 231 234 234 215 231 213 215 161  37  25  17  71 233 180  34  22  23  22  22  22  23  23  22  23  23  22  24  27  12  29  19  22  21  24 130 237 255 245 246 253 254 254 254 254 254 252 252 254 255 255 254 254 255 254 255 255 255 255 255 255 255 255 255 255 255 255 
218 218 218 218 218 218 218 218 218 218 218 218 218 217 218 217 217 216 221 216 216 215 181  55  26 147 226 225 239 227 233 235 234 233 234 234 229 221 233 224 220 202  93  15  25  28 187 236  80  14  25  22  23  23  22  22  23  23  23  22  23  26  21  27  19  18  25  18  29 132 238 249 244 252 252 252 251 252 252 253 252 254 255 255 254 254 255 254 255 255 255 255 255 255 255 255 255 255 255 255 
218 218 218 218 218 218 218 218 218 218 218 218 218 217 217 218 218 215 220 220 214 222 157  21  98 214 235 232 239 232 235 237 237 235 234 233 230 235 233 229 227 221 149  24  29  12 125 253 137  21  18  22  20  19  24  23  22  23  22  23  22  23  29  22  24  25  20  16  21  37 121 233 254 252 255 252 255 255 254 248 253 253 255 255 254 254 255 254 255 255 255 255 255 255 255 255 255 255 255 255 
218 218 218 218 218 218 218 218 218 218 218 218 218 218 217 217 218 215 214 214 212 224 158  76 190 242 230 239 232 235 239 238 238 238 239 239 238 236 235 236 228 223 195  60  17  12  79 238 195  51  13  23  19  19  25  22  23  23  23  22  23  22  22  23  22  22  23  26  26  14  18  87 189 225 178 134 125 131 219 252 252 254 255 255 254 254 255 254 255 255 255 255 255 255 255 255 255 255 255 255 
218 218 218 218 218 218 218 218 218 218 218 218 218 218 217 217 217 219 215 211 223 224 202 193 231 232 231 241 230 241 241 239 240 240 240 240 238 238 236 235 231 222 223 114  14  17  39 192 242  96  18  22  23  24  24  22  23  23  22  23  22  22  23  22  23  23  22  23  13  30  33   9  42  70  31  25  18  31 174 250 253 253 255 255 254 254 255 254 255 255 255 255 255 255 255 255 255 255 255 255 
218 218 218 218 218 218 218 218 218 218 218 218 218 217 217 218 217 219 218 217 223 223 229 238 233 231 237 244 236 239 242 241 241 241 241 241 240 239 237 237 234 226 232 162  27  20  22 142 255 152  23  20  22  24  24  22  23  23  23  22  23  22  22  22  22  23  22  28  26  22  26  28  16  14  13  25  15  80 219 255 252 254 255 255 254 254 255 254 255 255 255 255 255 255 255 255 255 255 255 255 
218 218 218 218 218 218 218 218 218 218 218 218 218 217 217 217 218 217 221 222 219 224 232 233 238 242 241 241 241 238 241 242 242 243 243 243 242 240 238 238 237 232 233 204  59   6  19 105 255 202  51  17  21  21  24  23  22  23  23  23  23  23  23  23  23  22  23  17  24  26  19  19  27  22  28  25  28 156 246 246 253 253 255 255 254 254 255 254 255 255 255 255 255 255 255 255 255 255 255 255 
218 218 218 218 218 218 218 218 218 218 218 218 218 217 217 217 217 219 222 222 226 232 236 238 237 237 240 236 242 244 243 244 244 244 244 244 244 242 240 239 239 236 234 235 105   2  16  67 236 244  98  16  25  19  24  22  22  23  23  23  23  23  23  23  23  23  22  28  20  17  22  21  24  24  16  12  75 217 252 251 253 254 255 255 254 254 255 254 255 255 255 255 255 255 255 255 255 255 255 255 
218 218 218 218 218 218 218 218 218 218 218 218 217 218 218 218 217 219 216 216 229 233 236 244 242 239 246 242 241 243 244 244 245 245 245 245 244 241 240 240 239 238 233 242 147  12  16  42 216 255 150  18  26  19  23  22  23  23  23  23  23  23  23  23  23  22  23  14  28  28  19  24  20  22  11  44 162 251 242 248 253 253 254 254 254 254 255 254 255 255 255 255 255 255 255 255 255 255 255 255 
218 218 218 218 218 218 218 218 218 218 218 218 217 217 217 218 217 217 219 228 234 237 240 241 242 244 243 243 243 244 245 245 246 247 247 247 244 243 243 242 240 240 238 242 184  22  12  35 184 255 211  36  17  19  21  23  22  23  23  23  23  23  23  23  23  23  22  25  22  21  23  23  23  24  19 110 227 253 249 246 255 253 253 253 253 254 255 254 255 255 255 255 255 255 255 255 255 255 255 255 
218 218 218 218 218 218 218 218 218 218 218 218 217 218 218 218 218 217 220 228 235 238 240 242 243 243 243 243 244 245 246 246 247 247 246 246 245 244 243 242 241 241 237 247 215  52   4  14 151 255 228  80  19  21  20  23  22  23  23  23  23  23  23  23  23  23  22  28  19  21  27  19  23  20  72 191 255 246 243 255 253 254 253 254 253 254 255 254 255 255 255 255 255 255 255 255 255 255 255 255 
218 218 218 218 218 218 218 218 218 217 218 217 217 218 218 217 218 218 222 231 237 238 241 243 244 244 244 245 246 246 247 247 247 247 247 247 246 246 244 242 241 242 234 243 236  84   1  12 124 255 248 128  18  18  20  23  22  23  23  23  23  23  23  23  23  22  23  16  24  29  25  24  17  41 166 251 253 251 248 252 253 253 253 253 253 253 255 254 255 255 255 255 255 255 255 255 255 255 255 255 
218 218 218 218 218 218 218 218 217 218 217 218 218 218 217 218 217 219 225 233 238 240 243 245 245 245 245 245 246 246 248 248 248 248 248 248 247 247 246 244 243 242 238 242 242 117   3  15 102 246 255 168  28  14  21  22  23  23  22  22  23  23  22  23  23  23  22  30  20  24  23  15  38 136 237 252 246 253 252 251 252 252 252 252 252 253 255 254 255 255 255 254 255 254 255 255 255 255 255 255 
218 218 218 218 218 218 218 218 217 218 217 218 217 218 217 217 217 220 227 235 241 242 243 244 245 245 245 246 247 247 248 249 249 249 249 249 249 247 247 245 243 242 243 243 245 157  14   8  75 232 255 205  58  15  23  22  22  22  23  23  22  22  22  22  22  22  23  18  19  32  16  26 135 238 250 249 255 251 253 254 251 251 251 251 251 252 255 254 255 254 254 255 254 255 255 255 255 255 255 255 
218 218 218 218 218 218 218 218 218 217 218 217 217 217 218 218 217 220 229 236 241 242 244 247 247 248 246 246 248 249 248 248 249 248 248 248 249 248 247 246 244 244 242 239 245 188  28   1  58 223 255 230  86  17  23  22  23  22  22  22  23  23  23  23  23  23  22  18  26  15  41 147 238 252 244 254 250 251 253 248 252 251 252 252 251 252 255 254 255 255 254 254 255 254 255 255 255 255 255 255 
218 218 218 218 218 218 218 218 218 217 218 216 216 218 218 218 222 224 233 241 240 248 243 235 230 244 247 246 251 246 248 249 248 249 248 249 249 248 247 246 244 244 241 243 247 200  39   0  48 218 255 245 122   8  22  23  21  22  22  23  20  20  23  23  22  22  25  18  20  67 167 245 255 252 252 253 252 253 252 253 253 252 251 252 253 254 255 254 255 254 254 254 255 254 255 255 255 255 255 255 
218 218 218 218 218 218 218 218 218 217 218 216 216 219 218 218 223 227 228 240 252 231 164 104 108 137 202 254 243 250 250 248 248 249 249 248 249 248 247 246 244 244 241 243 246 209  53   0  37 204 255 254 158  20  23  21  15  16  25  32  17  18  29  28  17  11  13  54 126 207 247 253 252 252 253 252 253 252 252 253 253 252 251 252 253 254 255 254 255 254 253 254 254 255 255 255 255 255 255 255 
218 218 218 218 218 218 218 218 218 217 218 217 217 218 217 219 224 232 234 243 225 122  36   8   8  26  79 185 247 249 248 249 248 248 249 248 249 248 247 246 244 244 243 242 243 225  75   2  20 180 252 255 196  35  15  15  43  40   8  14  19  14  16  22  48 101 152 207 240 255 251 245 252 254 252 253 252 253 252 253 253 252 251 252 253 254 255 255 254 254 253 254 254 254 255 255 255 255 255 255 
218 218 218 218 218 218 218 218 218 217 218 217 218 218 216 219 226 231 241 239 137  30  11  24  21  16  14  65 209 249 247 249 249 248 249 249 249 248 247 246 244 244 244 242 241 239  95   7  14 164 242 250 221  57  12  34 137 203 165 152 153 159 170 192 220 242 255 255 251 243 250 254 252 251 253 252 253 253 252 253 253 252 251 252 253 253 254 254 253 253 253 254 255 255 255 255 255 255 255 255 
218 218 218 218 218 218 218 218 218 217 218 217 218 218 216 219 227 232 243 191  43  15  31  20  25  20  25   8 112 232 250 249 249 249 249 248 249 248 247 246 244 244 244 244 241 248 106   8  13 155 235 245 240  88  14  13 120 248 255 254 254 255 252 250 255 255 250 246 246 250 254 253 250 250 253 252 253 253 252 253 253 252 251 252 253 253 252 252 253 254 253 254 254 254 254 254 254 254 254 254 
218 218 218 218 218 218 218 218 217 218 217 218 219 217 216 220 227 237 232 112  10  29  14  26  20  19  19  19  34 165 250 248 249 248 248 249 249 248 247 246 245 244 245 245 241 251 110   7  13 141 227 244 252 111  19  12  99 238 249 242 246 253 254 254 251 252 249 252 253 250 248 248 250 252 253 253 253 253 252 253 253 252 251 252 253 253 251 251 252 253 253 254 255 255 255 255 255 255 255 255 
218 218 218 218 218 218 218 218 218 217 218 216 220 217 213 224 228 241 186  44  16  29  17  29  25  20  23  11  39 138 235 252 244 251 250 246 248 249 249 248 245 245 244 243 243 248 113   9  12 142 225 227 250 133  17  15  84 228 249 243 254 252 252 251 251 252 253 252 251 250 250 251 251 252 252 252 252 252 252 252 253 252 252 252 253 252 250 252 254 254 254 254 254 254 254 254 254 254 254 254 
218 217 218 218 218 218 218 218 218 217 218 214 218 219 217 223 228 235 141  24  17  25  22  23  24  20  26  86 169 217 247 252 241 247 245 249 250 249 249 248 246 245 245 243 243 247 119  10  12 147 228 224 253 168  31  17  56 208 252 247 254 251 252 252 252 252 251 251 252 252 252 252 252 251 251 251 251 251 251 252 253 252 253 252 253 252 251 253 254 255 255 254 253 253 253 253 253 253 253 253 
218 218 218 218 218 218 218 218 218 218 218 217 215 218 222 221 231 222  85  16  21  23  21  26  30  16  54 195 255 249 245 245 247 254 246 246 250 249 249 248 246 245 246 244 242 249 124  10  13 148 226 226 254 199  39  15  31 194 255 249 252 252 251 252 251 252 252 252 251 251 251 251 252 251 251 252 251 252 251 252 253 252 252 253 252 253 254 254 255 254 254 252 253 254 254 254 254 254 254 254 
218 218 218 218 218 218 218 218 217 218 217 219 213 218 221 222 239 202  41  16  26  21  21  24  26  14  71 217 255 248 253 250 249 247 248 246 250 249 249 248 246 244 247 244 242 249 125   8  15 152 224 221 248 212  37  17  25 188 255 245 251 252 251 252 252 251 251 251 252 252 252 251 251 252 251 251 251 252 251 252 253 252 252 253 252 253 255 254 255 254 252 251 253 253 253 253 253 253 253 253 
218 218 218 218 218 218 218 218 217 218 217 220 214 219 217 226 241 167  22  22  27  20  24  18  18  23  37 143 221 230 197 220 252 243 250 245 249 249 249 248 245 244 246 243 243 249 121   4  21 169 226 221 246 224  53  16  28 171 255 247 250 252 251 251 252 252 252 252 251 251 252 251 251 251 251 251 251 252 251 252 253 252 253 253 252 253 254 254 255 254 252 251 254 253 254 254 254 254 254 254 
218 218 218 218 218 218 218 218 218 218 218 218 215 222 213 227 232 122  16  25  22  19  27  23  32  25  15  33  66  71  56 159 253 241 249 241 248 250 249 248 245 245 243 241 245 248 116   2  26 187 224 219 247 239  88  13  23 141 249 251 250 252 252 252 251 251 251 251 252 252 252 251 251 251 251 251 251 251 251 252 252 252 252 252 252 252 253 254 255 254 253 252 254 253 254 254 254 254 254 254 
218 218 218 218 218 218 218 218 218 218 218 217 215 221 219 231 230  97  15  25  20  21  25  24  23  18  27  21  16  19  14 131 247 241 251 249 249 249 249 247 246 245 243 241 241 249 118   2  34 192 224 219 242 249 107   9  15 119 248 251 246 250 252 252 252 252 253 252 251 251 251 251 251 252 251 252 251 252 251 252 253 253 253 253 253 253 253 254 254 254 253 253 254 253 254 254 254 254 254 254 
218 217 218 218 218 218 218 218 218 218 217 219 217 218 223 228 223  80  17  24  23  23  22  23  22  23  22  23  23  24  21  96 230 253 250 252 248 249 249 248 247 245 247 245 241 248 114   2  48 197 225 222 236 249 111  10  13 107 246 251 245 249 251 250 252 252 253 252 252 251 252 251 252 251 252 251 251 252 251 252 254 254 254 254 254 254 253 253 253 253 254 254 253 254 254 254 254 254 254 254 
218 218 218 218 218 218 218 218 218 218 217 219 217 217 223 228 206  61  19  24  22  22  23  23  23  22  23  22  22  24  20  57 210 253 242 250 250 249 249 248 247 245 245 244 246 242  98   2  66 206 220 220 237 247 121  12  10 100 240 250 246 249 250 250 251 252 252 252 252 252 252 251 251 251 252 251 251 252 251 252 253 253 253 253 253 253 253 254 254 254 253 253 254 253 254 254 254 254 254 254 
