191 170 127 125 184 225 218 209 201 209 205 202 205 211 207 206 227 179  75  75 163 194 129  92 110 101  75  71  84  79  88 152 220 233 213 216 238 239 223 202 156 112 115 156 142 135 175 236 244 204 130  64  48  80 112 124 151 155 132  85  80  89 140 172 109  48  19  23  47  62  44  24  28  65  92  91  85  76  67  68  71  67  57  50  50  58  52  37  28  23  57  97  69  39  71  92  97  85  63  85 
193 148 112 138 189 222 216 201 202 205 196 199 210 210 202 196 201 150  74  90 144 167 124 101 112  88  51  53  75  90 103 130 182 204 186 168 171 175 187 210 193 150 154 149 122 125 129 168 222 249 222 156 107  73  51  68 127 172 153  88  72  89 138 167 118  51  18  24  50  67  49  19  27  72 103  96  84  76  72  72  74  70  60  52  54  61  54  42  33  29  66 107  78  46  76  95  95  85  61  81 
200 135 108 155 197 221 215 202 211 203 204 214 211 194 190 205 232 163  74  69 100 135 131 136 141 113  65  61  90 106 109 114 143 190 194 131  86 117 166 196 205 187 177 122 118 169 150 118 147 205 249 240 218 157  88  69 112 186 174 130 119  88 102 141 116  49  17  22  48  69  54  17  29  80 114 104  88  81  76  75  76  72  62  56  57  64  58  47  41  37  76 119  88  56  83  95  90  78  59  78 
199 128 111 161 202 209 216 222 211 202 204 224 213 190 190 204 238 191 104  64  76  98 120 156 181 143  85  95 124 125 114 140 175 190 230 191 148 156 176 195 192 142 121 134 172 185 171 117 113 137 191 237 251 241 207 157 140 174 201 205 167  80  90 129 113  45  16  23  47  68  56  18  30  95 131 108  92  93  83  77  79  78  68  60  64  70  67  60  41  32  78 126  92  63  95  88  80  72  53  75 
190 115 107 168 203 206 209 213 211 204 213 212 202 200 198 191 206 212 138  75  92 113 109 141 192 175 135 159 173 134 118 156 182 181 231 244 229 221 217 230 203 116  79 152 193 172 163 144 130 116 119 166 223 238 245 238 201 194 213 231 201 114  96 116  89  42  21  22  44  65  52  23  38 104 138 114  99 101  93  87  86  82  70  63  68  76  74  64  48  43  75 116  90  64  91  84  80  71  51  77 
189 115 108 178 210 215 215 205 208 218 216 206 202 183 151 140 159 190 155  96 106 125 103 111 162 175 164 192 189 131 105 140 158 143 175 212 232 233 232 253 219 108  52 130 200 178 138 143 156 146 123  83 103 163 203 237 251 229 213 217 211 189 166 149 101  42  18  18  29  52  50  20  38 100 132 112 106 110  98  93  92  87  74  70  74  83  85  71  59  59  80 106  85  65  83  82  84  71  51  77 
185 116 122 185 209 219 225 207 206 227 220 214 214 177 122 111 125 128 137 108  90 113 119  85  97 156 155 128 145 136 100 110 134 131 134 157 189 217 236 253 222 124  45  57 166 223 159 112 121 150 145 101  58  66 103 145 188 198 192 187 188 227 233 201 148  78  37  28  36  47  36  21  42 105 131 110 105 110 100  94  93  88  76  72  78  94  98  78  64  67  88  98  80  66  80  84  86  72  53  72 
183 121 137 186 203 209 219 215 212 219 229 222 218 209 180 155 113  84 109 116  95 132 176  99  34 109 147  84  91 137 126 121 148 172 176 185 187 212 239 233 211 177 104  37  99 207 215 158 110 107 127 147 119  78  58  48  67 101 132 133 118 160 225 239 221 174 108  62  69  72  37  21  48 117 141 115 106 114 107  97  94  89  76  68  77 100 101  79  63  65  85  91  76  67  80  86  83  69  55  71 
177 121 136 186 213 203 206 220 223 216 222 221 211 221 231 216 160  96  94 143 170 202 225 151  44  53 129 125 103 133 173 181 184 215 231 226 209 221 229 191 180 227 192  79  51 136 206 228 188 136  87  86 130 171 139  69  35  25  40  42  43  55 148 218 234 227 195 131 101  99  72  41  74 132 144 114 107 119 114  98  95  92  80  69  75  91  87  72  63  63  79  85  76  68  83  87  74  60  51  78 
165 110 126 189 221 216 209 217 223 221 211 217 212 207 222 229 194 112  69 129 186 199 205 182 116  53  80 144 157 162 197 219 219 227 244 238 235 247 224 156 149 234 231 110  51 107 164 208 218 195 149  93  88 131 154 135  85  32  16  35  65  53  98 156 164 190 224 201 132  93  92  96 112 143 138 109 104 114 109  94  93  96  88  77  74  80  79  68  64  63  73  81  76  67  82  84  68  55  50  83 
163 120 132 186 203 230 226 217 222 222 214 222 227 210 193 194 198 153  96 102 103  92 117 161 189 131  47  71 149 179 155 160 207 226 236 243 251 233 179 129 156 233 245 151  75 107 152 145 136 157 188 172 104  43  74 133 131  77  59  80  98 104  87  76  71 110 172 217 180  89  51  81  98 118 122 113 110 107  94  90  98 100  86  72  72  88  89  71  60  60  70  76  71  63  75  77  66  58  51  74 
161 151 158 171 185 203 213 233 231 222 216 217 223 220 196 177 193 194 177 136  54  22  76 177 221 178  97  53  82 129 117  97 148 230 244 216 201 148  99 115 178 239 251 201 105  96 156 159 116  99 124 162 159 100  86 123 133 116 105  80  59  91  84  32  43  68  90 139 200 167  83  62  65  70  78  90 110 122 116 112 107  93  75  71  87 107  97  73  60  61  78  85  70  56  69  73  68  60  44  64 
142 161 178 171 179 172 190 234 229 215 209 209 220 224 210 193 186 192 201 165  75  57 136 215 193 145 137 122  83  87 112 106 124 203 241 188 110  77  87 124 180 232 248 225 136  92 151 205 185 132  78 105 168 193 168 144 138 135 126 106  63  61  69  64  66  62  40  58 163 228 201 163 125  77  53  60  85 106 115 113 108  94  78  77  91 104  95  76  66  68  90 102  77  54  66  68  66  58  41  66 
120 162 188 164 185 180 172 206 228 213 210 219 227 216 202 201 208 178 140 122 118 140 176 177 131  84 114 161 128  89 110 133 122 147 214 192 112  92 111 139 178 219 239 238 158  84 132 221 232 169 106  94 140 192 178 147 142 142 157 153 105  95 111 115  89  62  38  32  95 199 245 240 217 182 142 106  79  66  68  83 101 106 100  91  89  90  83  69  62  65  94 112  81  53  67  66  65  55  39  72 
136 194 197 146 168 193 166 165 221 227 215 215 216 207 201 206 220 185  98  73 135 177 167 138  94  55  87 148 166 158 160 168 141 126 187 219 191 146 112 133 174 205 237 251 178  89 126 211 230 195 129 106 112 131 143 152 151 145 178 180 140 147 148 111  80  66  73  87 104 157 210 230 246 252 236 198 152 117  90  73  62  69  88 106 109 102  93  77  63  58  85 105  72  48  67  63  64  57  37  75 
176 228 209 144 129 164 167 146 201 236 220 207 213 220 209 193 198 192 131  93 126 157 157 146 108  88 123 132 161 219 234 208 153 139 183 227 230 182 124 117 143 170 213 246 200 113 126 192 223 210 142 107  92 113 154 172 147 142 156 178 158 135 112 101  96 108 132 167 175 160 164 179 207 229 239 240 233 221 193 144  92  69  75  86  93  99 100  97  83  65  84  99  62  42  66  58  60  51  34  78 
197 241 221 157 108 133 155 146 177 217 223 220 215 222 207 175 173 180 159 137 151 158 143 153 122 127 195 143 140 226 252 227 165 135 157 210 237 201 138 115 122 137 171 219 185 120 132 180 214 210 166 125  96 121 169 174 135 133 134 174 182  93  61 112 157 155 147 160 173 178 172 165 162 174 200 225 237 246 248 229 211 183 138  95  69  65  84  98  92  87  98  99  61  47  66  55  51  45  37  74 
221 245 217 157 115 137 152 155 178 188 196 195 211 223 203 180 178 190 178 154 172 185 163 145 119 157 202 134 145 228 248 244 209 139 113 186 248 216 141 113 134 156 199 197 156 129 156 189 203 205 194 159 122 130 162 160 127 115 131 171 177  71  34  92 129 114 124 130  99 121 163 165 170 179 186 189 188 193 223 245 249 244 229 194 151 117  92  72  60  72 103 108  67  44  54  59  62  43  37  73 
216 218 214 176 135 122 138 161 177 195 204 204 210 189 143 129 143 166 177 150 163 196 180 114 119 203 204 119 133 214 248 254 233 159 112 164 230 237 196 166 154 133 147 166 155 130 154 186 195 213 201 175 151 156 173 159 125 110 133 164 168  85  32  61  81  69 101 118  76 101 165 183 186 177 158 153 166 177 190 200 188 199 237 248 238 217 177 146 117  88  74  78  79  85  81  58  51  35  32  72 
200 201 219 209 166 112 110 145 158 171 173 186 188 174 137  91  72 103 149 142 141 173 162  81  88 175 177 107 113 187 233 247 209 171 159 153 183 236 239 197 125  64  65 141 180 152 147 179 199 217 199 170 147 154 170 160 129 115 127 147 164 120  58  50  76  75  77  95 115 157 176 168 165 172 174 165 163 170 171 165 164 184 214 232 235 236 231 222 206 163 114  90  84  91  93  81  67  48  33  67 
220 221 220 218 206 165 122 123 144 141 116 123 131 164 178 127  75  93 138 147 131 140 141  91  62  91 119  91  99 162 219 248 215 188 183 155 155 201 215 166  96  59  72 132 208 200 145 153 197 216 208 171 133 138 161 155 129 101 107 132 147 132  90  73  97  87  58  71 136 206 211 164 150 167 192 185 171 166 164 180 191 191 183 163 161 187 188 182 201 211 209 188 139  89  74  83  83  70  56  80 
231 228 220 217 227 229 180 143 162 186 172 147 118 119 141 145 141 129 127 132 124 121 130 125 103 114 145 107  76 120 200 244 236 207 186 169 153 159 176 161 130 117 102 139 226 218 122 111 191 228 209 170 140 155 179 165 130  91  90 127 133 133 125 115 110  97  88 108 142 203 234 211 176 152 150 162 187 195 179 194 185 143 100  90 106 134 135 128 142 151 170 207 215 182 126  83  68  76  85  96 
224 226 227 227 223 239 229 190 186 219 231 203 175 136 113 146 177 145  94  93 109 114 120 133 152 194 214 144  72  73 140 185 200 204 197 182 159 141 150 155 155 172 150 166 233 215 113 105 200 235 213 174 144 159 183 169 135  96  81 120 127 140 152 138 103 103 131 157 142 150 173 195 204 184 153 149 163 164 145 168 187 136  63  81 127 140 134 123 113  90 113 166 210 227 202 161 124  93  83  88 
228 231 230 221 222 231 231 222 215 209 213 232 238 197 137 106 102  99 100 105 109 105 105 123 149 198 205 157 113  80  64  69 114 183 204 192 165 151 143 117 129 195 189 167 218 203 121 141 220 225 210 182 143 144 160 169 142 106  79 105 147 144 169 133  76  87 137 155 160 140 112 145 181 209 203 172 106 109 110 103 172 182 126 103 144 179 170 144 126 123 145 152 152 174 208 226 218 161 106  89 
231 224 223 225 228 227 222 224 232 232 214 213 234 227 158  78  24  71 158 185 142 101  89 115 135 135 133 141 166 142  56  18  68 155 207 203 186 148  90  67 120 204 188 135 178 192 143 155 209 211 214 191 145 135 157 174 145 103  78 101 146 160 181 127  58  82 108 118 173 199 176 159 129 144 188 187  98  92 146  92 100 180 174  87  79 144 197 202 158 169 185 161 142 121 129 183 239 237 198 159 
232 226 228 227 225 222 221 224 230 228 227 220 229 243 220 169 100  97 165 219 212 150  85  89 106 118 134 137 152 134  71  61 103 134 196 195 154 104  47  38 119 215 201 162 195 207 169 152 184 218 214 177 148 161 166 160 134  92  84 110 140 153 185 157  84  92 100 127 208 224 183 188 166 157 168 168 117 100 148 123  52 132 199 122  45  40 127 213 155 153 190 163 138 115 106 140 197 228 238 232 
231 226 230 226 222 220 222 223 224 229 227 220 221 237 246 240 210 187 204 226 239 182  92  70  86 118 137 120 103 111 128 144 118  89 165 159  97  85  76  61 108 195 214 188 192 208 203 178 180 221 221 174 147 166 163 152 140  98  95 122 133 135 189 215 169 115 103 154 224 214 177 200 215 194 180 189 166  98  83 143  75  82 177 204 145 107 167 208 125 150 199 113  53  62  88 116 134 161 203 231 
233 233 220 227 228 219 216 222 229 229 225 222 219 218 223 230 229 231 243 233 230 211 153  83  53  59  93 124 120 121 146 154 122 116 161 111  66  95 124 124 125 166 206 200 166 172 216 215 187 196 216 193 154 146 156 170 151 112  98 114 121 129 189 237 211 126 114 177 220 206 202 215 213 177 167 196 208 129  49 105 103  69 121 215 215 196 239 237 163 189 186  77  25  44  92 136 123 102 131 160 
228 232 222 227 225 217 218 225 229 223 230 232 226 219 217 219 220 224 226 221 231 244 218 111  45  61 101 138 126  99  90 116 165 198 151 113  98  82  95 130 136 142 186 208 148 133 202 221 190 193 209 201 162 139 153 179 157 117 104 111 110 130 185 229 190 126 131 195 225 201 201 204 211 201 175 159 204 189 105  67  91  74  87 161 181 145 151 176 196 227 180  90  93 135 137 161 158 123 119 125 
225 223 233 232 223 218 223 224 223 228 227 229 232 234 227 214 211 225 220 216 228 238 225 147 102 141 155 126  85  60  42  87 181 202 134 165 157  62  33  74 104 115 166 179 113 104 191 224 192 206 219 198 157 139 148 176 166 121 112 122 117 135 186 225 178 124 138 203 223 196 198 208 214 221 179 130 198 241 173  72  70  86  97 121 165 159  85  76 151 214 169 104 144 193 147 120 122 125 155 155 
213 221 228 238 232 224 221 219 225 223 218 224 227 228 227 219 218 225 224 219 219 222 225 214 197 213 211 148  89  61  59 118 172 167 182 206 148  46  15  40  72  94 125 123  75  85 178 224 192 199 218 178 143 156 162 181 171 131 111 130 133 138 187 231 175 120 150 219 216 201 214 209 205 221 196 134 150 222 228 147  89 109  99  88 149 186 132 103 120 150 157 136 128 160 188 140  72 116 190 179 
160 186 197 217 225 227 226 222 225 222 213 215 217 223 225 215 214 222 221 217 217 219 224 234 239 241 233 208 169 143 143 154 131 146 224 194 107  49  32  43  69 108 117  98  77 106 184 225 212 195 188 145 126 152 161 178 180 136 120 138 138 142 192 226 165 121 160 226 223 209 217 209 197 204 226 167 102 127 209 225 157 113  95 105 133 140 167 197 169 125 152 161  97  95 186 176  76 102 178 162 
100 107 134 162 186 208 221 225 234 229 219 214 212 218 223 211 206 215 217 215 217 219 215 215 226 215 217 235 236 231 216 178 127 130 213 192 122  88  61  37  66 139 147 119  93 123 209 238 221 187 151 145 140 126 131 170 177 138 118 132 139 149 204 218 148 118 168 223 215 208 215 203 199 204 243 223 120  67 121 192 200 124 101 139 129  95 141 229 237 174 167 177 121  83 133 170 121  98 133 152 
136 107 102 112 121 139 165 193 218 220 220 220 214 216 219 211 213 219 219 215 216 214 216 225 222 210 209 226 235 233 225 229 205 163 191 213 185 125  79  58  77 125 141 135  93  99 193 226 202 169 132 147 164 138 139 171 174 140 112 122 140 162 219 210 130 118 179 221 206 209 219 201 204 223 236 238 195 125  72  94 181 184 124  97 112 151 178 218 233 215 194 171 153 134 136 166 143  89 108 170 
216 183 147 128 101  94 104 123 149 175 200 223 220 218 219 212 213 218 218 216 219 220 220 222 223 223 221 218 212 212 219 238 236 209 217 240 216 149 125 155 166 129 106 148 142 110 147 181 193 178 130 113 142 160 168 172 168 140 111 122 148 173 231 200 116 125 198 225 200 210 225 208 201 234 226 217 240 217 136  89 100 168 154  86  90 169 202 190 205 240 215 157 154 171 169 153 109  84 121 154 
213 214 203 185 155 137 116  96  97 119 176 227 231 227 226 216 209 212 209 211 216 218 217 220 223 223 221 218 214 215 219 218 226 235 236 235 228 201 194 227 241 172  94 147 208 145  91 134 208 205 138  83  97 133 161 164 166 137 114 129 154 177 231 188 108 131 214 227 189 197 214 214 201 217 224 217 229 245 221 164 121 117 115  91  85 141 180 175 189 224 209 166 166 168 135 106  89 112 152 158 
209 223 230 216 211 206 188 148 101  93 139 191 215 216 221 227 220 226 228 222 212 206 208 216 220 224 222 216 220 223 217 213 225 236 233 226 233 244 240 228 237 209 151 165 230 183  62  71 170 202 139  80  82 107 130 161 168 141 118 132 158 171 223 176 108 145 214 222 192 194 205 210 194 199 216 222 222 232 229 204 199 162 109  75  74 113 160 196 193 175 167 173 195 184 121  82 100 135 163 189 
232 233 226 217 221 226 232 210 157 112 118 130 149 172 190 202 214 226 232 232 231 223 217 215 216 225 221 211 220 233 231 225 224 226 228 225 225 237 236 220 221 224 222 219 245 226 116  51  93 163 131  91 106 118 112 150 182 144 112 142 159 169 204 161 111 161 222 218 199 205 200 200 203 200 207 222 217 211 213 200 217 221 190 139  94  72 127 209 202 151 138 159 189 206 185 138 115 118 138 183 
196 189 172 196 233 236 216 210 212 194 151 107 106 133 136 124 142 162 178 201 232 243 238 228 220 227 230 218 216 222 222 221 216 215 223 228 223 218 226 226 218 229 247 238 243 247 203 129 118 180 150 110 127 142 126 150 184 150 113 142 138 165 197 149 104 156 219 211 201 215 198 204 218 211 198 200 205 210 208 189 194 223 236 200 127  53  73 174 193 168 163 151 149 182 226 210 148 112 128 173 
 99 105 118 146 201 226 200 193 217 220 198 170 148 128 102  81  81  89 103 129 164 194 210 216 216 225 236 238 228 222 220 215 219 221 222 231 229 222 226 222 222 234 218 181 174 185 203 213 212 213 193 143 138 161 156 159 168 154 130 136 124 148 210 178 104 132 195 211 215 225 204 204 203 209 206 193 189 200 215 207 193 203 224 194 127  47  46 137 180 203 207 170 133 140 200 219 173 135 139 174 
 40  81 108 112 131 173 207 210 207 214 225 231 208 161 134 129 112  94  83  76  77  96 127 162 187 195 201 224 239 237 223 215 223 227 224 233 233 229 226 219 234 230 156 108  90  89 144 220 248 226 222 193 175 168 154 159 170 157 141 149 153 121 174 191 119 112 166 215 225 224 208 196 197 197 199 202 197 195 211 212 184 158 171 169 138  67  37 113 186 223 214 176 140 129 163 182 163 151 162 197 
 32 100 140 125  89  94 145 191 222 241 235 231 223 206 195 192 179 156 134 108  86  84  97 118 137 142 136 150 173 204 229 232 236 232 225 217 231 241 228 225 227 184  99  90  85  83 132 197 229 227 225 230 220 185 163 170 182 160 142 164 192 126 111 141 124 103 139 200 216 207 207 201 208 193 182 198 214 212 199 182 150 121 136 171 174 111  35  69 183 233 200 153 126 131 162 171 156 154 179 216 
 37  88 108 116 121 130 121 123 158 193 218 231 223 220 224 226 223 214 199 180 164 148 134 116 102 100  92  75  73  88 130 180 206 220 233 222 198 179 170 191 210 186 174 174 173 178 192 215 226 221 219 237 234 209 204 200 180 155 134 162 208 182 110  98 122 104 127 187 205 195 210 208 187 185 204 210 198 174 140 139 144 135 126 133 133 118  63  46 150 217 187 142 118 134 183 198 170 152 165 199 
 56  64  67 101 153 153 119 112 119 150 197 223 223 220 217 218 225 235 228 225 210 194 191 169 143 122 114  99  64  36  37  68 112 160 185 166 124 128 158 157 129 122 158 166 187 240 244 228 219 217 223 222 219 226 236 219 186 147 114 116 161 199 175 158 169 112 126 197 222 197 179 177 189 204 200 174 150 142 141 138 131 115  92 101 137 155 101  46  91 185 219 180 125 118 175 195 194 169 144 152 
 96  77  98 101 115  96 101 153 172 175 205 227 223 218 219 215 218 215 222 224 211 212 223 219 210 200 190 171 150 112  57  25  40  93 109  88 101 156 168 111  64  67  91 105 126 185 224 233 224 212 221 223 219 220 224 212 190 148 133 128 131 177 208 212 195 141 121 160 195 182 161 195 214 196 145 117 131 154 161 136  96  70  85 157 225 218 113  29  63 181 239 198 130 110 141 160 195 194 138 141 
 98 122 136 108  77  62 107 170 183 189 203 232 231 233 242 229 218 220 220 211 216 227 224 225 231 237 233 220 216 196 115  34  49 107 101  97 149 158 100  67  96 132 168 133  96 145 220 239 215 208 223 224 216 208 208 202 188 168 164 166 163 208 231 194 158 154 121  92 110 147 173 198 168 125 102 119 150 159 131 103  92 112 141 190 227 201 120  47  54 164 228 187 130 112 123 134 198 215 170 180 
 87 121 158 128  65  67 120 149 164 158 161 193 204 220 242 233 220 234 235 221 233 242 227 218 218 222 228 234 245 239 169  69  57 111 117 127 155 117  71 101 140 135 157 127  98 164 241 239 203 208 229 227 216 210 213 210 197 185 181 185 170 203 238 220 185 172 144 129 135 137 129 104  66  66 111 143 141 129 111  90 123 171 166 143 152 161 143  98  56 126 191 160 121 118 128 130 197 230 212 221 
108 128 166 153 111 123 138 122 141 127 120 139 155 174 200 205 207 218 242 243 231 232 236 239 233 222 216 221 226 241 224 125  58  88 129 139 109  77  90 132 134 113 132 104  87 141 202 230 224 213 225 222 213 212 221 218 202 178 175 183 169 191 232 251 234 206 193 203 203 176 147  93  28  31 104 145 127 102 100 118 154 174 144 111 119 145 168 157  86  98 159 142 115 134 164 154 171 190 196 212 
135 186 173 138 141 172 154 122 130 132 125 132 145 150 154 165 184 196 218 217 180 160 178 214 241 237 214 194 175 175 180 139  88  85 115 128 104  75  86 102  93 111 143 121  80  93 149 206 225 221 219 217 213 213 219 212 193 171 173 187 190 209 219 230 241 237 238 235 226 227 231 171  53   7  58 118 113  87 103 141 142 134 134 137 144 133 144 182 128  85 126 132 111 133 189 173 133 136 154 172 
138 209 160 101 128 168 156 145 144 142 141 150 163 154 141 140 149 162 157 150 111  69  62 110 181 212 183 151 123  91  77 112 125  98  90 115 107  81  85  85  62  99 148 124  85 113 161 179 184 208 221 226 219 213 213 205 188 174 183 183 184 206 215 226 237 231 232 233 230 226 229 208 102  42  75 120 104  87 134 138 102  95 129 153 161 127 116 162 126  73 100 123 108 112 170 171 136 146 140 141 
100 124  93 114 176 190 166 162 152 131 132 142 158 160 155 154 162 157 128 130 130  99  45  47  99 139 122 109 104  85  66  90 102  77  66 110 111  96  81  56  32  74 123  87 106 180 184 156 146 150 180 218 217 207 205 205 190 184 190 172 162 192 222 229 225 222 226 229 224 215 218 220 182 164 179 182 154 126 132 129  92  93 125 147 155 130 135 149 108  73  82 100 101  97 140 195 215 204 153 120 
 82  80  97 125 154 163 156 147 140 134 132 119 126 136 139 150 166 176 151 125 143 156 112  76  65  63  47  54 109 154 145  86  46  50  58 131 133  84  68  52  39  57  69  66 126 176 139 121 124 109 134 176 201 225 233 216 182 176 185 176 153 175 223 235 210 218 233 234 220 220 233 232 237 241 239 229 219 193 168 173 102  69 107 139 148 140 143 151 119  74  55  66  87 112 157 221 232 234 199 116 
125 160 169 104  57 100 148 140 131 160 161 136 129 129 119 125 145 165 154 115 100 113 116 105  72  36  14  38 143 212 172  83  68  93  89 170 147  62  61  73  56  41  61 118 139 112  77  85  97 102 125 142 155 198 223 217 196 168 170 179 162 170 221 239 226 224 233 233 218 224 242 234 227 224 231 237 234 232 245 230 134  64  93 135 138 124 134 147 146 114  83  84  96 144 211 236 173 177 222 139 
161 202 181 110  60  96 155 164 151 153 170 169 163 146 114 100 117 127 121 113  90  68  83  95  75  35  24  69 155 185 129  98 157 165 111 163 143  84  87  82  59  56 103 147 134  90  71  72  84 123 144 138 118 133 160 192 216 193 166 163 150 157 214 250 248 235 234 235 221 213 219 221 225 228 227 227 229 232 245 248 194 136 142 165 151 128 142 145 144 136 126 149 154 166 204 218 139  90 152 162 
128 141 155 145 135 123 152 188 171 146 160 179 173 147 112  77  62  91 116 119  98  57  51  81 102  67  39  80 125 108  74 116 199 189  95  90 114 129 122  87  74  85  92  93 111 109  87  59  88 155 180 120  85 132 135 122 148 176 158 149 141 145 182 213 204 208 223 239 237 223 217 223 223 224 226 227 224 221 226 243 232 208 214 222 188 145 142 124 101  94  91 127 177 202 174 126  86  53  67 133 
 86 100 120 149 196 147 126 188 192 156 148 170 167 158 158 129  62  62 135 133  98  59  35  66 107  92  72 118 124  89  90 104 118 136  74  50  88 116  83  59  80  93  50  37  81 109  96  48  80 144 161 104  71 128 134  87  58  90 117 127 125 124 122 120 113 143 185 221 241 242 233 227 219 217 221 225 222 222 231 236 228 222 248 251 208 148 129 133 135 140 121  99 127 193 195  93  48  56  42  96 
 57 109 122 128 157 114  83 166 215 171 132 147 159 178 196 188 123  90 118 122 101  73  45  59  90  81 102 161 142 109 121  81  38  63  63  57  76  71  27  17  70  99  45  27  59  88  89  55  48  75 123 124  97 105 152 140  78  49  70 101  98  85  84  71  71 124 163 181 197 218 233 228 225 220 220 224 223 223 231 229 225 225 236 234 210 171 157 179 217 231 210 144 102 146 207 161  71  57  66  82 
 35  68 128 136  95  47  78 169 190 142 121 141 159 174 175 174 172 150  98  73  86  95  84  74  62  75 144 171 123  85  91  64  31  36  38  40  64  59  26  26  82 114  73  37  53  69  68  49  25  17  78 130 136 135 198 217 166 100  67  76  88  79  84  90 113 160 180 157 134 156 203 221 232 224 219 231 232 223 225 221 223 232 232 216 212 220 223 232 244 248 245 219 171 150 190 198 128  88  84  83 
 38  39 111 143  73  15  82 170 161 123 129 147 162 171 160 159 178 156  79  61  98 115 111  91  59  95 186 169 108  78  67  45  36  36  24  15  47  71  70  81 103 113 101  81  73  52  32  28  21  12  26  90 156 199 228 230 217 180 125  98 113 122 123 134 169 199 192 176 174 162 147 151 182 210 226 233 228 222 219 217 217 223 228 222 222 229 228 228 228 226 224 233 229 203 195 191 168 159 128  56 
100  77  78  83  57  39 104 172 133 100 118 139 157 170 159 165 170 122  76 126 162 128 107 116 103 112 165 144 108  87  70  59  55  33  13  28  42  47  71  94  97  91  99 101  76  33  10  21  39  59  71  87 121 192 235 236 225 221 197 161 151 164 180 195 203 217 212 208 206 179 155 148 152 194 230 222 212 213 209 222 222 216 217 226 227 220 218 218 218 218 221 227 243 244 214 186 181 210 195 105 
132  93  54  24  28  44 117 186 119  62  73  99 118 126 130 158 160 102  83 160 212 168 120 126 124  95 104 122 102  75  77  88  88  50  23  71  83  39  29  65 100 105 109 118  82  26   9  18  43  77 139 123  97 162 222 233 214 208 217 209 179 154 162 190 197 206 219 221 197 180 198 210 186 196 224 232 227 221 218 223 220 216 219 225 225 221 220 224 223 224 234 233 236 242 236 225 211 212 217 208 
156 119  73  36  27  35 113 202 152  66  64  97 100  88 110 153 139 101  94 135 197 200 144 103 119 114  88 108  87  65  83  98 116 102  65  87 120  83  53  86 122 126 127 147 103  28  11  32  53  67 103  95  97 162 158 138 144 157 191 223 195 146 136 145 182 202 212 232 245 228 208 211 192 186 204 226 228 227 235 224 214 215 224 229 231 222 211 218 230 231 229 229 232 234 243 253 246 234 234 242 
205 175 106  53  23  48 139 222 192  78  87 154 157 115 128 173 160 130 135 126 157 181 139  87 139 182 113  88  67  53  74 110 138 131  74  75  94  82  96 118 106  89 115 120  71  16  26  82 100  78  55  60  66 110  96  82  87  99 151 195 178 175 198 186 207 235 241 235 230 229 233 219 182 160 159 159 172 192 209 223 229 225 222 219 215 210 212 218 215 210 221 232 216 176 160 188 218 235 240 230 
193 146 101  76  68  60 135 234 219 124  95 139 171 144 128 173 169 146 166 153 140 143 128 117 174 188 104  86  80  46  36  81 129 103  48  41  49  60  81  80  50  39  78  76  35  26  80 146 154 112  62  66  82  92  84  87  84  70  76  97 119 160 199 199 183 163 177 183 159 188 246 239 205 165 140 121 117 129 153 183 204 222 236 225 210 203 200 213 213 199 224 246 196  95  57  64 107 192 236 236 
142 144 164 150  92  71 158 237 239 173  99  83 104 119 143 193 176 151 159 153 137 125 120 130 170 171  92  69  79  66  60  66  72  67  27  17  31  30  32  26  20  32  72  63  50  69 106 143 156 137  94  79  98 129 130 119 106  61  28  20  51  95 128 141 108  66  59  72  84 141 208 220 208 164 130 141 142 116 108 124 143 161 181 206 223 216 205 210 216 228 247 241 139  29  10  23  57 114 196 253 
142 172 220 188  90  82 184 242 246 208 126  68  60  92 149 206 209 170 135 126 125 121 119 113 132 146 108  70  71 103 118  77  38  34  15  25  45  21   6  21  60  84  97  95 104 109  96 106 128 115  94  87 120 154 151 121  97  64  44  22  26  43  64  94  85  36  11  28  74 126 160 168 152 117  98 151 196 175 140 119 104  94 102 141 186 205 203 190 190 225 230 172  62  10  29  60  86 109 164 199 
125 140 141 106  55  85 185 241 245 229 176 111  76  85 122 154 189 191 142 109 110 124 131 101  94 123 133  95 100 137 118  62  29  18  25  57  77  67  51  67 123 155 126 127 127 121 123 120 100  56  50 109 175 140  71  51  75  82  67  56  62  48  52 106 110  61  55 104 143 146 140 125  90  83  83 130 211 236 205 185 156 126 107 112 121 126 141 141 127 141 135  79  30  20  41  66 124 169 156  99 
104 141 117  81  58  71 128 205 248 249 213 153 123 123 131 119 140 154 121 102 108 110 111 106 102 138 168 141 148 150  86  39  26  22  41  68 116 167 146  84  98 153 136 119  90 103 159 143  78  39  24 105 187 111  21  13  62 135 162 152 100  45  35  61  89  90 142 177 136 101 114 107  64 103 157 185 222 244 237 236 220 204 188 168 148 114  93  90  54  25  25  35  61  68  70  79 142 192 166 127 
127 158 161 129  73  37  57 145 234 255 228 178 163 174 180 150 134 120 100  93  82  62  61  92 101 125 170 171 156 131 108  71  39  33  50  85 158 219 200 113  65  79  81  64  56  97 147 125  88  93  83 104 138  77  33  46 102 180 221 207 114  40  43  72 110 136 153 123  67  50  73  86 112 178 236 248 242 233 222 226 229 236 238 229 203 163 136 126 106  69  55  62  78  87  87 110 158 188 194 199 
159 146 157 116  54  17  32 108 211 255 230 177 168 186 196 181 165 153 150 138 110  82  67  73  75  87 135 170 140 112 140 116  58  47  67 114 163 200 209 146  62  35  48  39  56 105 125 122 132 148 156 131  99  38  39 104 169 164 134 140 113  63 112 173 165 133  81  41  37  61  51  63 161 233 248 239 239 244 239 239 245 244 216 192 179 179 197 203 213 209 181 141  93  64  68 123 169 210 221 178 
194 195 166  81  43  59  92 126 192 250 213 156 154 176 181 191 180 174 180 194 210 185 125  70  68  81 107 153 143 134 156 144 102  96 109 122 146 178 176 111  76 118 161 107  65  89 123 148 153 152 148 122  56  19  51 152 180 101  61 102 119 105 164 182 140  96  54  38  57  96  83  82 112 161 194 203 213 230 247 239 230 230 197 167 174 185 195 199 212 234 227 176 113  65  71 132 165 206 209 123 
193 193 138  66  60 128 180 181 206 231 197 173 180 187 185 187 191 192 187 189 205 190 138  83  64  58  83 131 140 146 160 150 137 140 144 133 140 135 109 120 183 215 164  73  57 110 151 155 141 139 141  97  32  28  76 141 159  94  91 140 123 111 127 135 142 154  94  42 104 144 171 174 112  89 134 186 185 170 172 145 135 173 216 207 169 136 125 147 172 170 137 112 117 117  99 122 156 177 173 119 
210 202 132  69  84 131 163 212 248 218 182 183 204 209 198 193 210 207 194 181 179 162 137 120  99  86 101 128 115 109 130 139 134 132 144 136 112  88  91 144 194 168  72  13  73 146 134 128 141 123 122  80  23  31  80 117 129 136 152 155  96  76  94 109 126 132 103  81 136 183 217 212 150 108 151 212 192 133  76  43  89 173 223 209 146  98 102 123 130 114  86  78 112 149 138 131 133 127 149 170 
247 217 135  87  92  97 140 231 234 184 164 173 191 197 202 207 211 207 208 208 196 186 184 183 180 167 164 149 107  67  70 115 144 127 102 105  77  86 143 143  96  60  41  43  91 134 112 114 138 126  96  72  38  26  59  97 121 138 153 130  92  75 101  95  49  46 108 159 154 188 198 186 168 144 173 220 197 126  57  73 151 195 189 158 121 114 130 144 141 132 116  93 100 135 151 143 105  86 143 208 
227 164 110 113 125 146 200 226 151 137 165 182 190 191 198 209 207 203 211 224 212 206 218 225 221 228 233 182 112  63  54  93 146 137  85  92 117 138 155 110  48  47  78  85  71  95 127 140 139 141 127 129 103  35  40  93 125 111 103  94 105 103 107  71  26  71 174 210 149 168 184 172 163 153 156 156 133 102  90 147 204 194 160 132 113 124 156 190 199 177 127  92  87  90 119 139  87  66 134 178 
172 110 124 179 195 231 223 165 123 151 188 188 194 208 207 214 215 212 209 223 220 213 223 226 217 229 219 146 130 146 137 106 103 113 108 140 164 114  78  89  81  74  96  87  72 104 127 130 141 174 199 220 186  52  25  96 126 100  55  67  85 104 113  99 100 153 190 175 169 173 193 177 172 186 157  83  56  84 106 115 161 184 175 150 123 107 112 143 171 172 138 101  91  75 104 160 108  75 121 124 
125 130 191 224 240 230 181 142 116 144 182 190 188 201 211 212 203 195 202 218 223 214 209 211 228 219 147 105 160 236 230 147  69 106 136 148 136  87  55  91 132 103  56  53 129 167 119 121 168 175 193 192 132  43  49  98 115  86  46  36  67 105 116 122 137 148 121 125 182 196 188 167 180 209 180  92  52  94 121  96 110 146 170 173 149 111  91  96 123 113 106 122 125 104  94 151 162 137 146 125 
122 162 228 210 191 200 202 173 118 108 153 189 191 182 191 204 195 194 204 207 209 206 206 224 245 193 104 127 177 203 182 110  70 121 121 127 167 136  45  37 102 120  93  93 170 207 167 152 146 111  92  60  12  26 102 126  90  62  43  40  70  97 130 133  91  68 107 157 161 161 165 154 159 189 181 119  88 131 166 150 107  92 129 163 168 147 122  96  73  45  41 104 153 136 100 119 166 196 183 150 
130 166 196 193 185 220 225 190 159 135 137 161 189 192 188 190 193 199 202 193 198 210 213 211 189 121  79 145 179 128  67  29  69 130  97 148 192 125  45  43  89 123 182 196 199 213 221 191 109  39  16  18  15  46 107 117  81  69  64  72  76  67 136 153  61  27 127 193 145 139 173 168 157 161 154 129 118 170 216 161 121 116 122 123 137 149 136  85  38  27  24  52 132 165 131 102 141 186 165 123 
122 159 187 206 213 183 152 191 227 182 128 122 173 208 201 187 184 188 189 189 205 213 196 146  76  44  74 130 178 166  96  39  88 151  87 100 119  90 110 157 141 111 194 244 213 205 242 221 114  29  14  27  21  37  73 106 116 124 100  71  75  53 118 158  78  43  90 140 131 139 163 152 146 134 131 142 152 189 207 161 143 158 138  94  87 119 122  85  91  87  58  69 134 146 100  82 144 184 140  84 
108 171 191 176 145  80  96 215 251 192  93  91 179 218 198 182 177 176 182 202 218 193 131  70  43  58 105 127 186 232 176  92 101 162 105  74 100 122 152 170 122  77 135 204 203 213 250 223 121  48  57  51  12  19  64 143 203 191 113  33  62  65  96 130 114  94  72  87 109 118 137 143 138 150 155 138 136 167 181 174 147 137 110  82  89 116  97  94 170 140  89 133 148  99  85 125 183 192 157 123 
110 178 187 122  53  13  74 216 254 206 114 112 189 212 179 163 167 163 173 205 221 167  76  32  89 117 114 140 190 228 195 118  94 140 118 121 155 170 145  89  45  49 111 174 198 227 249 204 111  55  81  67  30  85 155 220 250 229 124  39  61  78  86  91 105 123 105  79  87 109 122 126 135 177 191 148 115 146 170 147 141 146 102  81 114 134 100  98 181 148  92 143 146  89  86 143 182 179 170 163 
135 171 174 124  86  59  50 138 222 225 206 183 166 158 156 155 146 140 149 186 207 148  69  52 113 115  67 135 197 218 194 118  99 155 137 133 159 183 170 104  46  52 125 199 217 230 241 199 114  64  65 103 140 208 229 243 251 225 138  85  76  82  99  86  80 107 115  95 128 164 133 104 142 183 196 170 121 118 144 140 152 186 151  93 107 154 133  97 143 140  82  93 133 126  86 111 143 144 148 142 
185 181 156 170 190 135  57  80 178 231 231 184 101 101 149 147 142 158 152 162 138 107 103 126 124  79  74 134 190 210 179 114 130 195 155  94 127 205 234 187 100  44  84 178 215 223 228 198 121  67  51 124 225 224 191 205 200 141 102 140 138  99 130 133 122 151 125 107 168 203 172 135 143 179 179 140  96  80 136 170 170 176 175 113  72 130 182 126  76 105  78  45  99 125  80 131 145 116 124 122 
227 198 157 176 237 200  81  63 152 206 200 160  79  70 133 173 211 198 157 142 133 156 199 212 169 134 136 156 187 192 136  86 131 205 174 123 146 211 235 187 102  47  58 119 151 171 191 172 109  70  68 110 137 100  82 146 169  73  50 142 194 184 199 201 203 198 178 136 109 144 168 145 115 125 125 102  93  91 122 188 192 173 177 157 105 116 164 148 118  74  47  42  74  89  75 142 166 123 117 130 
251 206 140 156 240 221 102  76 156 190 174 169 130  99 140 195 235 204 127 136 199 236 235 220 191 157 157 170 182 168 125  98 109 149 177 201 188 184 183 132  78  72 109 118 107 111 143 157 124  89  80  73  36  16  48 142 163  80  30  93 147 184 213 232 227 235 228 173 107 138 147  88  83  89 108 135 160 153 128 161 187 179 173 164 124 111 117 135 175 117  38  46 109 101  43  80 155 134  99 115 
240 201 130 156 224 204 129 123 175 190 212 203 169 166 172 163 193 183  97 112 204 230 189 174 179 144 141 173 183 178 166 145 129 138 173 187 174 167 167 152 116 102 137 159 127 103 128 156 140  99  92  64  30  57 107 150 125  53  41  79  68  89 144 207 229 222 217 233 237 216 126  66  99 107 126 169 193 193 180 178 197 162 121 109  93  96 111 129 155 142  92  89 156 140  50  54 146 134  72 102 
204 178 164 191 203 165 140 155 195 233 252 232 202 203 188 165 198 179 118 132 180 191 187 212 217 199 191 191 176 165 153 154 175 187 184 165 159 161 168 179 136  88 120 145 114 110 141 147 123  93 104  83  68  81 103 105  79  78 102 115  63  57 114 191 232 224 218 231 224 145  65  78 108 120 131 153 186 222 236 238 220 160 122 117 107 101 125 137 114 130 165 151 146 123  88 102 155 137  92 113 
179 170 200 222 199 158 154 171 224 242 204 205 228 208 175 180 196 159 142 179 183 176 200 245 242 217 190 166 147 149 162 173 185 183 168 157 153 162 176 181 124  44  76 110  83 118 184 165 117 109  97  91  94  60  64  70  83 117 150 144  85  55 109 190 201 192 204 214 177  62  44 131 160 157 140 147 194 244 249 223 161 104 113 164 187 140 100 107 122 157 191 170 120  97 117 130 139 143 141 137 
193 193 211 232 220 195 190 200 240 217 170 185 239 232 185 169 178 170 169 205 197 185 205 233 225 174 138 138 155 177 189 181 165 160 158 152 151 160 167 162 118  69 120 119  65 117 206 174 108 112  84  83 104  63  63  83 101 120 125 131 141 134 131 143 143 167 203 209 162  65  67 134 179 172 149 162 202 230 218 205 147  95  81 137 209 177  81  71 133 191 189 152 122 126 143 127 114 137 156 153 
217 230 222 218 218 222 224 229 229 208 200 212 242 244 193 143 169 204 193 211 214 214 221 200 167 144 156 183 203 207 190 164 151 147 149 150 159 157 151 149 141 140 159 127  71 114 188 143  93 133 114  64  65  73  84 105 101  94  99 147 212 232 162  89 105 173 211 208 186 136  84  84 126 165 192 208 193 186 201 221 203 147  64  61 148 190 128 104 141 201 188 143 142 162 159 120 109 139 146 137 
223 251 220 195 206 240 245 228 222 229 235 224 220 227 199 153 162 206 217 226 225 238 238 176 133 175 221 237 216 172 156 155 143 141 150 148 152 153 143 146 161 154 117 100  79  93 128 114 111 167 168  69  26  53  70  71  97 124 167 202 232 242 177  96 117 184 205 189 204 184 108  43  98 188 242 249 218 200 208 237 249 171  75  70 114 152 173 184 190 194 157 120 127 166 165 122 125 185 181 106 
232 242 218 205 223 249 246 231 230 233 224 214 207 203 202 197 197 220 233 239 241 247 231 195 194 233 222 182 156 134 130 139 138 138 144 148 152 158 158 156 160 142  86  88  76  65 106 134 126 131 116  78  54  55  72  81 119 167 224 231 220 222 196 149 128 185 228 221 225 208 137  61 100 194 232 227 221 222 222 223 185 124 116 142 127 111 157 192 174 117  53  76 150 199 146  91 132 196 183 118 
215 220 235 240 248 251 247 243 240 216 214 227 231 214 206 218 242 242 247 247 249 249 237 242 240 215 174 137 143 163 159 158 165 160 150 159 156 149 148 146 147 141 122 118  81  64 114 138 106  91  85 108 108  94 122 133 139 200 228 205 214 228 200 153 139 168 209 224 240 227 172 113 100 161 198 197 193 199 227 201 102  90 180 207 130  78 125 143 122  76  40  80 138 153  97  82 151 192 166 116 
196 209 241 251 250 247 250 249 237 227 237 246 245 237 227 226 247 251 251 246 243 250 250 252 233 195 188 193 196 203 194 181 181 170 150 152 146 136 138 139 141 137 135 116  94  86  98 126 149 150 128 108 134 174 153 108 135 227 215 152 172 199 184 152 178 190 191 193 226 230 190 146 123 160 194 199 192 208 231 164  57  65 178 222 130  70 115 120 138 139 103  83  74  76  92 137 190 210 182 116 
222 210 226 242 251 250 250 248 240 242 248 250 249 245 242 240 242 249 248 250 246 249 247 247 242 237 222 229 215 182 168 153 143 135 122 113 108 119 132 125 119 124 134 110  75  93 135 152 156 139 103 116 205 238 143  63 112 205 186 113 150 199 196 168 176 215 216 197 202 216 217 196 164 164 183 192 196 226 198 100  64  54 107 177 126  92 116 110 137 144 109  73  76 126 178 192 186 185 179 180 
242 206 206 238 252 253 250 245 249 248 247 247 250 249 248 247 246 250 249 250 249 248 248 251 250 247 229 215 196 173 157 147 143 136 124 108  91  98 108  94  87 103 117 110  75  95 176 159  82  51  97 196 255 190  79  55 132 205 184 146 179 224 222 170 142 192 198 159 171 202 246 240 202 179 174 183 184 169 119  83  92  96 129 171 142 117 134 126 116 136 153 120 108 158 224 202 159 162 179 199 
214 204 220 244 252 250 245 237 238 250 249 248 249 249 246 250 248 248 250 250 250 252 252 247 237 220 225 237 223 199 176 166 173 170 163 160 148 144 140 125 115 110  95 112 117  95 106 113  96  78 110 159 165  84  32 105 211 239 190 167 192 219 220 191 172 184 151 115 163 201 231 240 210 209 204 181 134  74  72 145 164 146 162 179 169 146 148 168 166 160 160 150 155 170 190 159 137 163 175 173 
167 185 222 239 248 229 216 218 216 235 250 249 251 248 243 252 253 251 249 251 252 252 255 247 205 168 187 229 230 203 179 168 170 166 172 185 193 191 182 182 178 159 126 160 177 120  78 104 155 172 113  74  50  12  51 187 252 230 164 155 189 207 211 227 233 205 145 135 190 220 216 212 201 226 225 167  93  60 129 213 220 198 199 191 175 153 148 201 224 167 112 138 204 195 131 101 124 161 169 156 
162 163 173 202 231 210 187 199 203 214 246 248 249 251 246 250 250 251 248 248 254 254 248 236 197 162 140 136 146 155 154 153 138 119 123 129 138 144 147 167 181 180 168 208 213 180 170 144 123 136 125  91  40  25 120 227 217 152 136 176 205 202 205 235 244 195 158 190 225 240 234 214 211 224 200 144 129 163 222 225 212 238 240 185 141 135 148 177 183 130 101 148 211 182  94  82 115 144 165 155 
