155 169 146 148 145 141 135 131 130 134 143 147 139 123 112 110 123 135 148 154 135 116 119 126 128 128 127 120 115 117 132 134 125 121 135 140 126 120 114 114 120 124 127 130 126 124 131 139 137 129 125 126 126 128 130 132 130 128 130 133 134 131 127 124 122 122 122 118 113 110 112 115 118 113  96  91 100 105 102 107 114 113 110 105  94  94 104 108 102  97  97  96  95  97  96  93  91  93  97 101 
151 162 154 154 150 145 141 139 137 140 147 147 140 128 120 118 123 128 135 137 127 120 131 139 132 125 122 121 121 126 129 130 124 125 141 142 123 120 117 117 121 121 120 120 123 124 131 135 130 125 125 125 126 129 131 133 132 131 132 133 133 131 128 125 122 119 118 113 107 105 108 110 115 112  99  96 104 109 106 107 108 105 103 101  95  98 107 112 103  97  99 102 103 102 103 105 104  96  89  88 
143 149 157 154 151 148 146 143 139 138 141 141 136 131 126 123 122 120 120 120 121 129 145 153 139 122 120 125 128 130 125 124 123 127 138 136 121 118 117 122 130 130 126 123 119 121 127 130 128 125 126 124 125 127 130 132 130 129 130 129 128 126 124 121 120 120 117 110 104 103 106 110 114 113 106 104 110 113 110 109 106 100  99  99  98 100 106 109 106 104 105 107 108 106 107 112 112 100  87  82 
136 133 150 150 151 152 151 145 138 132 131 133 135 136 133 130 125 123 122 123 130 142 152 157 142 124 125 131 130 127 122 124 124 122 123 124 122 122 123 131 140 140 135 131 118 114 118 129 133 131 128 126 126 127 129 130 128 127 126 124 122 123 122 118 118 120 115 108 102 102 107 113 117 116 112 111 114 114 113 110 107 104 100  98  97  98  97 101 111 117 115 107 107 106 105 106 106 103  99  95 
134 127 141 146 152 156 153 145 138 132 131 135 140 142 141 141 136 136 139 142 150 155 149 144 134 127 132 137 132 124 124 127 128 120 112 116 126 137 135 138 142 138 130 127 121 111 114 127 135 133 129 127 127 129 130 130 129 127 124 122 123 124 124 119 117 115 109 101  97 100 108 115 118 117 116 115 115 116 111 108 109 108 103  96  93  95  89  91 112 126 120 105 103 103 101  98  99 106 113 113 
138 131 133 138 147 150 143 135 132 132 134 137 139 140 142 146 143 147 154 157 163 157 135 121 120 127 138 142 136 130 132 131 130 124 115 118 132 144 139 137 138 134 127 125 125 116 115 124 128 127 125 123 124 125 129 130 129 127 123 123 124 128 128 123 115 108 104  96  93  99 109 115 115 114 114 116 115 116 112 110 111 113 107  97  93  92  83  85 109 125 119 106 100 100 100  98  99 109 119 121 
142 135 130 130 136 134 127 123 126 131 134 135 133 131 134 142 145 149 154 156 161 151 125 107 111 124 137 141 138 137 137 131 130 129 123 123 132 140 135 133 136 135 134 134 129 122 119 121 120 120 120 115 115 119 125 126 126 124 121 120 123 128 127 122 115 108 104  98  96 100 110 114 110 109 113 115 114 116 116 113 114 116 111 103  98  96  87  87 106 119 116 106 100 100 102 105 108 112 115 117 
139 134 129 129 128 124 118 120 125 131 136 137 133 127 129 137 140 138 137 139 144 140 122 110 113 125 135 136 135 140 135 124 126 135 131 124 125 134 132 133 134 132 133 138 134 130 126 124 123 120 116 112 108 112 117 117 115 116 113 110 114 119 118 116 114 111 111 112 108 104 106 110 105 104 115 117 113 116 118 115 113 114 115 114 109 105 102 102 108 113 111 104 102 102 107 115 118 113 105 104 
141 136 132 134 136 134 129 125 125 131 137 137 134 131 131 133 135 135 133 132 134 131 123 117 123 134 139 134 131 136 137 123 124 138 132 118 120 133 135 136 131 123 121 128 133 129 128 131 131 124 117 115 108 106 108 107 109 111 107 101 102 105 106 108 111 114 119 121 115 105 103 104 101 103 112 115 111 112 115 111 108 111 116 117 113 108 111 116 114 107 104 104 101 104 109 112 112 107 104 100 
147 144 141 140 141 138 132 127 124 126 130 132 133 133 133 131 140 145 140 135 131 129 128 120 125 139 144 137 132 138 147 128 122 133 125 112 117 128 129 131 129 122 120 124 124 119 120 126 131 127 120 112 107 106 106 107 111 114 108 103 101 101  99 102 107 113 117 118 111 100  98  98  94  99 109 112 107 106 106 102 100 105 114 116 111 106 113 119 114 103  99 102 100 103 107 108 106 104 104 102 
146 145 143 140 139 136 133 130 129 128 127 133 138 142 142 139 145 147 143 136 127 123 124 122 126 135 138 135 139 153 156 132 119 124 117 113 125 127 122 123 128 127 122 120 115 115 119 127 128 121 113 109 106 107 108 105 107 109 107 108 108 105 101 103 109 110 106 104  99  94  95  94  91  97 105 108 104 102 100  99 100 109 116 115 109 104 107 112 110 105 101 100  96  98 100 100 101 103 104 106 
141 137 136 135 134 134 135 136 137 133 131 141 147 148 147 149 146 142 143 141 132 123 121 128 130 130 132 133 142 161 155 135 121 118 114 118 129 126 119 120 126 127 122 118 116 123 131 134 129 116 108 112 110 110 107 101  99 102 106 109 112 108 103 106 110 104  97  95  97  95  98  95  94  98 104 107 104 100 100 102 107 112 115 113 109 105 104 104 105 105 102  98  90  91  94  98  99  99  98 101 
143 133 133 136 135 136 137 137 137 132 133 143 147 143 141 144 140 136 141 147 141 130 126 129 131 136 140 139 141 148 148 142 131 119 114 116 122 118 115 118 123 123 121 123 125 131 135 133 127 121 118 122 119 117 111 105 104 109 112 114 114 106  99 104 109 102  94  99 107 106 102  98  98 101 105 107 107 102  99 102 107 108 106 105 104 105 102  99  99  99  95  91  85  86  93 100 102  95  87  90 
147 132 127 135 139 137 136 139 135 130 132 138 142 138 133 134 134 134 140 150 149 137 128 127 127 137 150 150 139 133 142 143 136 124 114 112 115 113 116 121 122 120 123 128 134 135 134 129 126 126 129 132 126 121 115 112 111 112 115 115 113 104  97 103 106 100 100 107 113 111 108 106 105 106 106 107 107 107 102 101 100  96  95  98 104 104 105 101  91  88  89  85  83  85  92  99  99  92  85  87 
150 136 129 134 139 135 135 141 138 134 135 137 142 140 134 133 135 137 145 153 149 138 130 130 129 133 143 147 140 135 134 136 131 122 117 114 109 118 125 127 122 116 118 123 131 130 127 125 125 127 131 132 124 117 114 112 109 109 114 114 114 106  98 101 105 103 103 108 112 111 111 112 111 108 105 105 106 109 108 105 101  96  93  97 103 104 107 101  89  89  91  85  84  85  87  92  96  97  96  90 
149 141 139 143 142 136 136 142 141 139 140 140 145 145 139 135 137 143 151 153 142 132 134 139 139 136 134 137 139 136 125 129 128 122 125 124 112 125 129 128 120 111 110 113 116 115 115 117 120 125 127 125 116 110 111 112 107 106 114 117 118 111 101 102 107 106 104 108 112 112 113 116 114 109 104 103 105 108 109 106 103  98  97  99 103 108 108 101  93  95  96  89  85  83  82  86  95 105 109  95 
143 142 143 148 144 138 138 143 143 144 144 143 149 151 146 140 142 149 153 148 133 129 140 150 153 148 137 135 135 126 122 133 135 130 133 133 122 125 122 118 116 113 110 107 103 103 107 112 116 115 115 115 108 106 112 116 111 108 115 119 122 115 103 101 103 100 100 107 111 111 112 114 112 106 101 100 103 107 104 101  99  98  99 102 105 109 108 101  97 100  98  91  83  83  82  86  97 106 109  96 
144 142 139 138 141 140 140 144 148 151 149 150 155 156 151 145 148 152 153 145 132 132 146 160 164 161 151 143 134 120 129 142 145 137 132 130 125 123 116 110 115 120 118 111 103 104 108 116 118 112 107 109 106 109 118 122 117 113 117 122 123 112  96  90  91  89  92 101 106 106 105 108 107 102  98  97  99 102 102  99  97  97  99 101 101 104 103 100  99 100  97  90  84  87  88  90  99 106 104  96 
151 142 133 131 144 149 147 148 155 159 157 159 161 158 151 146 148 147 148 144 136 136 146 157 159 158 154 145 134 127 139 144 144 140 131 125 124 123 117 112 115 120 119 115 113 110 112 119 122 116 109 113 115 120 126 125 118 113 116 121 122 111  94  88  89  89  91  99 104 103 103 105 104 101  99  97  96  95  98  98  96  97 100 101 100 101 102 104 105 102  97  92  93  96  93  91 101 109 106  98 
157 143 132 138 154 162 156 151 157 163 164 166 166 158 148 146 142 138 140 142 139 137 140 147 145 145 146 140 133 135 144 138 137 141 135 128 130 122 120 116 113 112 112 114 120 113 112 118 124 118 113 121 126 130 131 125 115 109 111 118 122 114 101  97 100  99  98 102 105 105 107 107 104 104 101  98  94  90  93  93  94  97 103 105 105 103 106 111 113 108 101  98 103 103  95  90 101 113 113 101 
151 144 147 160 169 164 151 149 157 163 167 174 171 159 148 146 138 134 139 145 145 137 130 135 139 138 135 133 136 142 146 135 132 138 133 129 137 128 123 118 113 106 106 115 122 118 115 116 120 122 121 128 128 131 130 119 110 106 108 114 116 115 112 110 109 106 105 107 102 106 106 105 108 107 106 104  99  94  96  98  98 103 108 111 110 107 106 110 115 111 105 105 109 104  93  89 101 119 128 110 
145 144 152 162 159 153 150 152 152 159 172 175 171 159 149 148 139 137 148 154 147 136 128 143 149 146 140 135 135 137 141 143 140 136 133 133 133 132 123 118 118 117 117 119 122 128 130 125 118 117 118 117 122 126 119 111 112 119 117 113 114 117 116 117 114 105 107 106  97 101 106 106 107 110 112 112 108 104 108 108 106 107 110 113 114 111 107 108 111 109 106 107 103  98  92  93 107 123 129 113 
139 141 151 156 147 145 153 161 155 156 170 177 177 167 156 153 142 139 151 159 152 141 140 148 148 141 139 137 137 135 135 139 141 139 141 140 134 134 126 121 123 126 125 125 127 128 131 131 125 119 115 112 117 119 114 110 115 127 128 115 118 125 123 122 118 110 116 114  98  96 103 106 110 115 118 118 114 110 110 112 112 113 113 114 116 115 112 110 109 107 106 107 106 102  97 101 112 120 118 106 
140 142 147 150 149 150 158 165 162 158 166 175 176 169 161 160 151 142 145 153 154 149 152 155 146 136 137 146 146 142 133 127 133 146 147 139 134 131 130 126 123 123 126 129 127 123 124 126 123 121 122 116 112 116 126 128 127 128 123 115 123 134 131 127 124 121 128 129 110  97  98  99 103 109 112 110 107 105 105 111 119 122 118 113 110 112 113 112 111 110 110 108 113 110 106 107 114 113 105  98 
150 152 153 154 161 161 158 160 161 164 169 170 164 158 157 164 161 147 143 150 152 148 153 163 156 145 147 155 154 148 140 127 129 145 142 129 128 128 133 130 121 118 125 132 124 126 127 118 108 117 130 118 109 117 137 146 138 125 112 116 123 132 136 135 134 129 131 135 118 103  98  96 100 105 107 106 107 109 109 117 129 129 120 110 106 107 111 111 111 113 115 113 112 111 109 109 112 109 101  98 
159 160 159 162 171 164 151 151 157 168 176 173 165 154 152 157 160 153 153 162 158 149 154 159 159 158 158 155 151 147 145 141 137 136 131 129 131 128 135 132 119 118 129 138 126 122 124 122 113 115 124 114 109 117 134 138 131 123 120 129 125 125 137 144 143 129 120 121 113 106 106 105 106 108 108 106 108 114 117 124 130 125 114 109 110 112 114 111 106 107 111 109 106 108 107 107 109 107 102 100 
160 160 160 163 166 161 149 149 157 169 179 182 176 162 152 150 156 157 161 170 163 151 157 154 155 164 161 151 143 144 150 154 147 133 128 135 142 131 136 132 122 123 133 141 131 115 115 127 131 124 118 111 107 111 118 119 116 118 131 135 125 119 132 145 147 128 113 115 112 110 109 106 108 106 102  99 102 106 114 120 123 120 111 109 115 120 118 112 104 104 105 102 103 110 111 105 104 103  99  95 
157 158 161 157 151 154 159 159 162 164 172 184 183 170 159 160 164 161 158 157 152 148 154 156 155 158 157 148 142 147 156 157 152 143 136 139 147 139 139 137 130 126 132 140 128 115 110 121 133 131 122 110  99  95  99 105 109 113 113 114 114 115 122 133 141 133 127 131 126 120 111 109 113 109 102 102 106 104 109 112 114 120 116 111 114 112 108 105 106 107 106 103 105 122 126 112 102  98  93  87 
161 160 161 156 147 156 173 176 168 156 158 175 180 170 163 165 167 164 157 150 150 155 159 160 153 148 148 150 151 152 159 157 153 149 146 144 143 145 142 137 132 131 136 139 126 112 106 114 123 123 117 106 100  97  95  95 102 106 103 108 113 120 125 126 129 132 137 139 124 119 125 125 123 120 114 114 116 113 113 111 111 118 120 116 115 110 108 107 108 109 108 105 108 129 138 124 107  98  92  91 
170 169 168 161 157 165 181 182 173 157 154 167 171 168 164 164 164 165 161 157 162 171 169 163 156 149 149 155 158 160 162 159 155 150 146 143 141 142 136 131 132 137 139 139 130 116 106 108 114 114 110 104 105 107 104  95  91  97 108 114 122 126 127 125 124 127 139 140 122 119 129 129 123 116 109 112 116 120 117 112 113 121 128 128 122 120 121 123 123 119 113 107 115 131 137 125 111 104  99  96 
178 177 172 169 175 177 177 175 171 166 163 165 169 173 172 169 167 169 166 160 166 174 171 167 167 164 160 159 160 161 163 162 156 148 141 141 144 141 135 131 134 140 140 137 129 120 111 109 111 113 112 107 104 108 109 104  98  99 110 118 123 123 123 128 131 132 142 145 133 133 137 130 119 107 102 107 116 124 124 121 121 126 131 130 124 118 122 130 133 129 122 116 129 130 125 116 111 108 106 102 
180 178 173 176 186 184 175 169 168 169 168 167 170 174 175 172 174 174 167 161 160 164 165 169 173 173 166 161 161 161 163 162 157 149 144 147 151 148 142 138 140 141 136 130 124 121 117 115 116 118 119 112 107 106 109 111 115 117 117 122 124 121 124 132 137 137 143 148 147 149 145 129 114 106 107 113 118 125 125 126 128 124 121 118 113 110 117 126 132 134 132 131 136 128 116 107 105 108 110 108 
182 181 176 181 189 188 183 179 168 166 174 178 180 176 172 172 176 174 173 175 167 159 163 162 166 170 165 165 168 168 166 161 155 153 155 157 158 151 147 144 144 141 133 125 122 122 122 119 118 119 120 118 117 117 116 115 124 132 132 128 123 120 122 126 130 127 133 142 147 153 144 121 108 107 117 123 119 115 111 118 123 115 105 104 103 109 114 117 119 121 124 128 128 122 113 106 103 109 117 119 
179 182 185 186 189 191 187 180 177 177 181 185 184 180 180 179 177 177 177 178 178 175 172 165 158 153 159 174 180 178 165 159 159 164 169 165 158 144 142 140 140 139 133 129 128 128 127 121 115 115 120 120 121 122 120 118 123 126 123 120 117 116 117 119 119 120 126 133 138 140 132 113 101 104 113 117 111 106 105 112 116 111 104 101 103 108 110 110 107 106 109 113 117 118 115 110 110 114 119 120 
181 183 190 190 190 191 186 179 182 185 187 186 181 182 185 183 176 176 178 177 181 182 177 169 160 154 159 171 176 175 163 160 161 166 168 163 155 146 143 140 140 139 136 133 132 129 126 121 115 116 121 119 125 127 120 113 115 115 111 112 113 112 113 117 118 120 123 126 130 131 124 112 103 103 108 109 102  98 101 107 112 112 108 106 109 109 109 107 104 101 102 105 110 115 115 111 111 116 118 115 
185 186 195 193 191 189 184 180 183 187 187 183 180 182 183 180 174 174 178 177 177 177 172 168 167 166 164 161 159 159 160 162 163 162 161 158 155 151 147 142 139 138 136 135 133 127 125 122 117 115 117 116 129 133 120 108 107 110 108 109 108 107 110 114 118 120 121 121 126 130 127 120 114 110 109 105  97  91  91  98 105 110 111 112 114 113 112 107 103 100 101 105 107 113 113 106 102 106 109 111 
185 190 201 199 194 190 185 180 182 184 180 178 178 181 179 173 169 174 177 175 172 170 163 167 174 177 170 156 145 142 154 161 165 163 158 156 157 151 146 140 136 135 136 137 136 130 128 126 117 109 107 113 119 122 117 111 108 112 116 107 102 103 107 110 113 118 119 120 125 133 134 131 125 118 112 106  98  91  85  87  97 105 111 115 116 117 114 109 105 104 105 107 107 113 112 102  95  95  97 104 
185 192 200 202 198 197 192 185 184 179 172 176 181 182 177 173 169 169 172 171 172 172 164 167 176 181 173 156 142 134 150 161 169 168 162 158 159 150 146 141 136 136 139 143 141 138 136 132 120 109 107 116 106 104 113 121 117 116 121 106  96  98 103 104 106 112 114 116 123 132 136 132 126 118 110 106 102  97  86  85  92 101 110 114 114 115 112 108 106 105 106 106 105 111 111 105 101 100 100 102 
192 193 191 194 195 199 198 188 182 175 170 177 182 181 176 179 175 169 170 172 179 181 173 169 172 175 170 159 148 142 152 164 176 176 168 161 158 157 155 150 145 143 146 150 149 147 145 140 129 123 125 125 102  95 112 127 122 114 115 107 100  98 100 102 104 109 113 115 119 126 129 124 119 113 106 106 108 105  97  93  95 103 112 116 115 114 111 107 105 105 103  99 100 106 110 110 114 115 111 105 
200 193 180 182 187 195 196 186 177 172 170 175 179 177 175 185 184 177 174 176 185 187 177 171 169 167 164 161 156 153 156 168 180 182 173 162 155 166 165 160 154 150 153 157 155 153 150 145 138 140 145 134 106  96 114 129 122 108 106 110 109 102 101 107 110 113 117 117 118 120 120 118 116 110 105 108 114 113 107 102 101 107 114 118 116 115 112 108 106 104 100  95  98 102 107 113 120 121 115 108 
192 186 180 178 184 187 185 181 179 180 178 173 172 178 185 189 189 183 180 186 190 183 177 169 169 172 168 158 154 163 171 181 184 174 164 160 157 169 165 157 155 155 154 152 155 156 155 150 147 151 152 137 130 120 116 115 116 112 106 112 110 106 107 114 117 115 115 115 115 115 113 120 120 109 106 110 115 118 114 110 107 108 114 120 122 121 117 114 108 100  98 103 108 104 101 103 112 114 109 106 
187 186 182 180 185 188 186 184 182 184 184 179 178 180 184 185 189 188 185 188 186 179 174 170 171 174 170 161 159 165 182 189 184 172 162 157 153 153 156 152 145 146 150 149 151 154 157 156 152 147 141 133 145 143 127 113 115 116 111 117 116 109 106 110 115 117 114 112 112 114 116 121 121 113 107 109 114 119 117 111 106 107 113 118 119 116 119 121 112  98  94 104 118 107  96  95  99 103 106 105 
186 187 186 184 186 188 187 186 186 186 185 183 181 180 180 178 177 175 175 174 170 167 167 167 167 166 162 157 157 164 167 168 166 163 162 163 162 149 159 156 142 144 153 154 154 154 155 156 150 137 127 128 139 145 137 124 116 112 112 116 116 108 101 101 107 110 108 107 110 116 122 123 121 118 112 111 116 125 119 110 108 113 118 114 105 110 118 122 113  96  91 101 113 101  95  98  97  96 101 103 
190 191 189 187 188 188 188 187 186 182 179 180 179 176 172 170 167 166 166 161 159 162 168 168 165 160 154 153 159 168 159 157 159 163 166 165 163 161 172 165 147 146 157 160 159 151 146 147 143 130 121 124 124 130 138 133 117 105 109 111 112 104  94  96 100 100 102 104 110 117 123 121 119 118 114 109 113 122 119 111 110 116 117 108  99 105 110 112 109  99  95 101 102  96  99 105 102  97  98  98 
193 191 191 191 190 190 190 187 183 177 174 177 177 173 169 165 165 167 164 157 155 161 166 167 163 156 150 153 161 168 167 166 170 174 173 167 163 170 173 165 152 149 153 157 157 146 139 141 142 134 126 124 125 127 128 123 114 108 108 108 109 101  92  96 101 100 102 104 109 114 116 122 126 125 120 114 114 118 121 114 108 110 110 107 109 106 101 100 102 102 101 103 104 101  99 101 102 103 104  96 
194 195 196 197 195 194 193 188 181 177 179 182 180 175 170 167 166 167 166 160 160 164 164 163 162 156 152 158 166 166 170 171 176 181 176 171 171 171 166 164 161 155 151 153 154 147 143 147 148 139 131 128 126 123 121 117 111 110 112 107 107  98  89  94 104 104 103 103 106 113 118 124 127 128 126 121 120 121 116 108 107 112 111 110 118 116 106 100  99  97  96  98 102 105 100  95 103 111 108  99 
197 200 200 198 199 198 194 187 180 179 183 185 184 179 173 170 168 168 169 167 168 170 167 165 166 165 165 170 173 170 173 173 177 179 174 169 169 171 162 165 174 166 153 152 152 153 155 156 151 140 131 128 122 118 118 117 110 107 111 106 105  94  88  98 108 106 101 101 108 116 121 119 115 115 117 117 117 120 108 102 110 120 115 110 119 120 116 104  98  95  89  91  96 104 100  94 107 117 110 103 
200 199 196 196 200 200 193 185 181 179 181 184 184 179 174 170 170 170 169 170 169 169 167 168 170 174 179 181 179 178 172 173 173 173 170 167 164 169 160 169 185 176 154 146 146 159 163 156 146 139 132 126 124 120 115 113 113 112 105 102 106 103 106 113 111 103  96 102 118 125 120 110 101  98 100 104 107 115 109 108 117 120 111 105 113 107 110  98  95 105  93  89  99 104  97  92 106 117 111 102 
202 198 194 191 196 199 194 186 180 178 181 182 181 176 172 170 169 173 178 179 175 171 172 175 178 183 188 190 188 184 175 173 173 172 171 169 169 171 161 167 182 176 157 147 152 161 159 148 139 137 136 128 125 120 117 117 119 120 109 103 113 120 122 119 111 105 101 108 120 124 119 107  98  98 100 100  99 104 108 112 113 110 105 102 101  97  96  87  94 111 106  97 100 103  98  94 105 113 107  98 
204 202 196 191 198 201 199 192 184 182 183 183 182 179 177 177 177 180 184 185 182 181 179 183 185 187 190 192 188 185 182 181 180 181 182 182 183 181 166 161 171 174 165 157 159 169 165 150 141 143 144 133 130 126 123 124 126 127 121 121 125 114 109 117 121 121 120 119 117 113 108 112 117 118 117 108  98  94 100 105 102  96 100 105 100  98  94  85  92 110 114 108 104 105 101 100 108 112 107  97 
202 200 197 195 200 203 202 197 191 186 186 188 187 186 186 188 188 186 181 183 187 188 184 184 183 182 183 185 186 187 189 189 186 184 183 183 183 183 171 164 170 177 171 163 164 175 174 160 150 152 152 138 137 135 134 136 138 137 128 129 133 113  98 105 116 127 129 125 113 107 108 116 124 131 132 118 102  96  98 101  98  96 104 110 104  98  96  98 100 107 113 109 103 100  98 101 106 108 106  98 
198 197 195 193 194 195 196 193 189 187 191 192 192 191 192 194 191 186 181 183 189 190 185 181 179 178 179 183 187 188 189 188 184 178 174 171 170 172 170 170 174 178 170 158 161 171 172 162 155 156 154 140 139 137 138 142 147 145 127 124 134 126 109 101 103 116 121 123 117 113 115 110 111 123 127 116 104 102 104 105 106 109 112 107  97  91  93 105 106 104 109 104  96  90  90  95  98 100 102  99 
198 199 199 199 195 194 196 195 193 191 192 194 194 192 190 192 190 187 188 191 193 192 189 184 182 181 182 184 185 184 184 182 178 173 169 166 165 160 163 164 164 167 162 150 152 160 161 156 153 153 152 145 139 131 129 133 140 143 130 124 135 130 115 110 105 104 110 120 125 121 111 103 107 116 116 105  97 101 104 106 115 125 117  96  82  88  86  95  96  96 110 108  91  82  81  89  93  96 100  99 
199 205 209 208 204 199 198 199 200 199 194 193 193 193 192 190 188 191 194 193 194 192 184 187 187 186 187 186 181 175 177 175 174 175 171 167 165 159 156 155 158 157 156 156 153 156 154 149 149 151 149 145 137 126 121 123 132 139 135 125 129 126 113 114 116 109 105 110 115 111 100 100 112 122 117  99  91  96 104 106 113 125 120 100  82  87  90  88  83  90 107 111  88  81  88  92  88  93  97 101 
201 207 211 211 206 202 201 202 202 201 198 196 195 195 194 192 191 193 194 190 190 189 181 184 186 186 185 183 177 171 173 171 172 174 169 163 162 164 159 159 162 158 154 154 155 157 153 147 147 148 145 143 138 130 124 125 133 140 139 131 127 121 112 115 123 117 106 104 105 100  95  97 114 130 123 102  93 102 111 112 110 112 118 113  95  91  96  92  85  91 102 104  91  93 101 106 101  94  93 100 
206 209 212 212 205 203 206 207 204 201 202 202 200 196 194 193 194 193 189 185 185 185 183 182 183 183 180 175 171 169 169 171 176 176 169 161 162 170 168 168 167 161 153 149 156 158 155 149 147 146 143 142 141 138 135 135 137 140 144 145 139 127 121 120 123 121 114 113 112 103  95  97 114 130 124 104  96 105 112 112 103  96 111 120 106  98 101  98  91  91  96  95  94 105 107 117 115  91  87  95 
212 214 215 212 206 205 210 210 205 201 201 204 202 196 192 192 193 190 184 182 182 185 187 182 182 183 179 173 170 171 172 177 183 181 173 169 168 174 174 174 172 166 156 150 159 162 158 154 153 152 150 149 149 149 148 147 146 145 148 154 148 142 140 134 125 120 121 124 122 111 103 100 108 119 116 104  98 102 102  98  95  96 104 107 102 102 103  98  91  90  92  91  94 105  97 107 111  84  81  88 
216 217 216 214 211 212 216 215 208 201 200 202 200 195 191 190 190 187 181 181 183 186 191 185 184 184 180 175 173 175 174 179 184 180 176 174 174 175 176 175 174 171 164 158 165 167 165 161 162 163 161 161 160 160 160 158 156 153 149 148 142 145 154 152 138 124 123 120 115 108 107 103 100 106 108 108 105 104  96  90  97 107  99  86  86  99  99  94  88  86  90  91  93  98  85  90  97  81  79  82 
217 214 214 216 216 217 218 215 208 204 202 202 202 199 195 191 190 186 182 185 187 188 192 188 184 182 180 179 179 179 175 177 177 173 175 177 176 176 177 176 173 174 171 166 171 173 169 166 168 172 172 170 165 161 160 160 159 156 150 144 139 143 152 156 146 131 127 120 112 105 108 108 105 105 106 108 107 105  99  95 102 110 101  86  84  92  93  91  87  85  87  89  94  94  84  82  87  82  78  77 
215 211 210 212 215 217 215 210 204 203 205 204 204 204 201 194 192 188 184 188 189 188 191 190 185 180 179 181 182 181 177 176 172 169 174 179 178 177 178 175 171 174 174 170 177 178 172 167 170 175 176 169 162 155 153 153 153 153 150 149 150 149 145 145 140 133 136 134 124 113 110 114 116 113 108 103 100  99 100 103 104 104 106 103  96  89  89  89  88  86  83  84  93  91  89  83  82  83  74  76 
210 208 209 211 210 210 209 205 202 203 207 207 201 201 202 198 191 190 189 186 188 191 189 184 184 181 178 180 182 178 181 175 172 175 177 183 192 185 176 170 169 168 170 174 179 181 172 163 167 171 167 160 150 141 140 143 144 143 140 145 150 146 139 141 147 145 139 131 119 111 113 121 123 120 112 103  96  94  95  97  99 101 109 114 112  97  89  91  97  92  83  83  90  98  98  90  84  81  77  76 
211 209 210 211 209 203 197 196 201 207 209 202 195 195 198 196 191 190 187 182 182 183 179 179 183 182 179 181 183 181 181 177 177 180 182 186 193 186 177 171 167 164 167 174 176 177 170 166 170 170 160 148 136 129 133 138 137 131 130 142 151 147 138 139 142 137 132 128 122 115 114 117 115 110 109 110 107 100  95  97  99 100 105 110 109 105 100 102 108 102  92  91  99 105 104  95  90  92  93  86 
214 210 210 211 208 200 192 192 198 204 205 199 191 189 191 192 189 186 181 176 176 179 179 183 188 187 183 183 184 181 181 180 179 179 178 177 179 181 178 173 165 160 163 171 176 175 169 167 170 168 157 141 130 126 135 143 140 132 132 148 157 151 140 138 140 134 130 131 130 125 121 120 116 110 113 119 117 108  98 101 103 101 101 106 107 113 112 110 113 108 100  99 104 111 112 103  98 102 107  98 
214 208 208 211 208 206 203 199 196 194 194 197 195 186 183 189 188 181 174 170 172 178 183 188 192 192 187 185 186 185 181 180 177 174 169 164 161 170 174 173 168 162 163 167 175 177 172 164 162 163 161 150 138 134 142 148 143 136 139 153 157 149 142 141 146 143 135 135 137 134 130 132 131 127 125 124 119 112 106 110 112 108 106 109 111 115 113 109 109 106 102 102 102 110 116 112 104 103 106 105 
213 207 206 210 207 210 212 208 198 189 189 198 199 190 184 188 190 183 175 172 172 175 179 182 187 188 184 185 190 193 180 178 175 170 168 166 162 166 172 175 173 169 167 166 172 175 171 161 155 159 163 160 151 144 143 142 138 136 142 150 150 145 145 148 153 150 141 140 141 139 135 139 143 139 133 124 118 118 117 121 123 119 118 118 116 116 113 110 109 109 107 106 102 106 114 113 105  98 100 107 
216 211 209 208 208 209 210 208 202 197 195 197 201 197 189 189 191 187 182 184 181 177 178 175 178 180 176 178 186 192 181 179 175 170 171 173 171 171 176 178 176 176 174 168 164 166 165 159 154 154 159 161 157 150 141 137 138 144 152 154 150 149 154 157 156 153 148 149 148 142 140 139 137 135 130 123 121 122 126 129 130 128 128 127 121 116 117 119 121 121 118 112 112 108 107 107 101  95  97 106 
222 219 213 207 207 207 204 201 201 202 199 198 200 201 197 189 188 190 191 194 193 187 183 179 180 179 173 172 177 185 182 183 179 171 172 175 173 174 176 176 176 179 176 169 158 160 162 161 159 155 153 160 163 158 149 143 149 158 166 163 159 157 161 162 159 156 153 154 151 145 141 134 129 126 123 121 123 126 131 132 133 134 138 135 127 120 123 129 133 132 126 119 117 110 105 103  99  98 102 105 
230 226 217 210 205 203 198 192 195 196 197 201 198 204 206 191 182 189 194 196 198 200 193 192 193 192 186 177 171 173 176 182 182 175 177 178 173 169 168 170 174 175 171 166 158 163 168 171 174 167 158 164 171 171 164 157 159 165 169 165 162 161 160 159 158 155 151 147 144 141 136 132 130 126 122 120 123 128 132 132 134 140 144 142 137 129 128 133 137 136 130 124 116 113 112 111 109 110 115 114 
228 227 219 210 206 200 193 187 191 197 200 200 200 206 208 195 184 186 189 191 196 200 198 193 195 199 196 187 176 166 173 175 177 180 180 179 181 167 170 174 175 171 166 163 165 169 172 178 181 174 165 165 171 174 172 168 165 165 166 164 160 156 154 154 152 150 148 144 141 140 139 137 135 134 130 128 128 129 133 135 136 137 139 140 142 138 133 130 132 136 134 129 120 118 120 121 120 122 127 128 
220 222 219 212 210 202 192 190 195 204 208 206 202 202 204 198 190 187 186 185 188 191 192 192 193 189 185 184 182 176 187 179 175 178 174 171 179 171 176 180 177 168 161 161 172 175 175 173 173 171 167 169 169 170 173 174 172 169 169 169 165 159 155 154 155 156 155 149 142 140 141 143 146 145 142 138 134 132 134 136 136 134 133 138 144 145 136 127 126 133 136 132 121 120 122 124 123 123 126 132 
210 215 217 214 214 209 203 203 208 213 216 213 203 196 196 200 196 190 186 185 186 187 190 191 190 184 177 180 186 186 192 176 165 166 163 165 178 179 184 185 178 167 160 160 169 175 175 169 169 175 179 179 170 163 163 166 167 167 168 169 168 163 158 154 152 152 151 146 140 138 140 145 149 148 145 140 135 133 133 135 137 133 129 134 141 142 135 124 120 128 133 127 117 115 117 117 113 111 114 125 
208 212 215 216 217 214 214 217 217 215 214 210 203 196 196 200 199 193 190 191 193 193 196 193 195 194 187 185 187 183 179 165 157 160 162 166 177 183 184 183 175 165 161 161 162 171 174 172 176 185 189 181 170 160 156 157 156 156 158 159 161 161 155 146 138 134 134 134 134 135 137 140 142 142 139 135 134 133 134 136 138 135 131 131 133 133 132 124 118 124 126 120 113 111 112 112 108 105 109 117 
209 208 212 216 218 217 222 225 220 211 204 200 201 205 204 201 199 197 194 197 199 197 198 194 201 204 194 189 188 181 172 164 162 167 170 169 168 179 177 173 168 163 162 163 163 168 172 175 180 179 174 169 165 161 159 156 152 149 147 148 153 157 151 137 126 123 123 128 134 137 137 134 133 133 131 132 134 137 136 137 141 140 134 129 126 125 129 125 119 122 123 114 111 110 111 113 111 111 116 116 
211 210 211 215 218 220 221 219 215 208 202 199 200 202 203 201 203 198 195 202 201 196 201 198 198 201 197 189 185 188 180 176 175 174 173 171 171 183 183 173 163 162 164 162 163 167 167 168 171 167 160 161 155 154 156 156 153 147 140 140 149 156 150 138 127 124 129 128 130 133 134 130 131 135 135 134 137 144 147 146 144 143 140 134 127 123 126 125 119 120 120 112 114 112 116 122 119 116 121 120 
212 212 212 216 218 218 212 206 203 204 205 202 200 200 200 200 203 199 195 200 199 195 199 196 191 194 195 188 184 188 188 183 176 172 173 177 180 190 187 173 161 163 170 172 169 167 160 158 163 169 167 163 157 151 147 146 144 141 136 134 144 155 152 143 133 131 135 130 125 126 126 126 131 137 139 136 138 145 154 153 147 144 141 135 129 124 125 123 119 119 120 116 117 116 121 128 128 123 121 122 
210 207 207 214 216 213 205 198 196 201 205 204 203 203 204 206 205 202 198 195 194 194 192 188 185 185 186 182 179 179 188 183 175 175 179 181 179 176 176 173 170 171 172 171 167 167 165 165 167 167 165 164 162 153 142 136 136 140 137 131 137 149 149 140 134 134 135 130 124 124 124 124 128 133 135 134 136 141 148 150 147 143 139 135 133 129 127 122 118 120 121 119 118 121 125 130 135 130 120 119 
209 205 204 209 211 208 201 198 200 203 203 203 204 205 208 213 207 203 201 191 191 194 188 185 181 177 175 172 168 164 176 177 176 183 188 181 171 156 151 152 157 159 161 165 166 165 164 164 166 166 164 161 162 155 142 134 139 146 143 132 135 145 143 132 127 129 131 129 126 125 129 126 124 126 126 127 131 136 141 144 145 142 138 138 142 138 129 122 121 120 119 121 118 123 125 127 132 128 114 110 
213 211 209 208 208 204 200 199 203 205 205 204 201 198 200 205 203 203 200 191 190 194 187 185 184 178 170 165 161 155 164 164 165 175 185 184 177 149 137 136 143 146 152 162 165 158 154 155 157 161 164 158 158 152 141 135 139 144 142 134 138 144 140 130 125 127 129 131 128 127 130 131 128 123 121 124 130 134 140 146 151 147 141 142 149 147 134 127 129 126 121 123 122 124 121 118 120 117 108 105 
216 217 216 211 207 203 203 206 207 210 212 206 198 191 190 196 199 198 194 190 190 191 189 187 188 184 174 167 165 161 162 157 154 160 172 179 180 156 148 156 168 164 156 157 154 153 158 163 159 153 153 155 150 146 140 137 137 138 138 135 142 146 140 132 129 130 132 135 131 125 126 133 133 127 125 129 133 133 139 150 158 154 145 146 155 154 139 134 141 137 129 131 134 129 121 113 107 104 105 108 
215 216 217 216 208 205 209 214 216 216 215 209 198 190 190 197 198 192 189 189 189 188 189 188 191 190 179 173 174 174 165 158 153 154 161 167 169 174 164 169 180 172 162 165 160 156 158 161 159 158 159 150 144 141 143 144 141 137 136 139 146 147 139 131 129 131 133 137 134 125 125 132 134 129 130 132 133 130 133 145 158 156 147 149 161 157 142 139 150 146 137 139 143 133 123 112  98  97 107 115 
209 211 211 211 215 216 216 217 221 221 216 212 204 202 201 196 195 190 186 193 189 180 187 186 182 183 183 177 173 179 167 169 169 160 160 163 158 174 168 162 160 159 162 169 166 159 157 160 163 162 158 150 144 143 149 150 142 134 134 141 146 146 142 137 136 133 127 134 133 124 124 133 134 130 132 129 124 125 129 136 152 150 140 153 153 151 150 148 150 155 150 135 135 134 124 108  96  99 109 117 
201 200 200 201 209 214 214 213 212 214 213 209 204 204 204 196 192 190 189 193 191 184 185 181 178 178 178 172 168 170 169 176 178 176 176 170 156 155 157 157 159 162 163 159 159 161 167 174 173 163 155 149 149 149 149 146 140 135 132 139 144 146 143 139 138 136 131 132 129 124 123 129 132 130 129 125 119 121 124 126 140 141 131 140 144 146 147 146 148 151 145 130 125 123 116 105  97 100 106 108 
201 203 200 196 199 201 203 206 209 212 212 207 204 204 201 188 181 188 194 196 197 196 190 183 178 172 168 163 164 168 170 174 179 183 188 176 157 143 151 154 159 168 165 150 146 157 170 178 176 164 152 150 156 155 147 138 135 136 135 137 142 144 142 140 139 138 137 131 127 126 127 123 124 127 126 120 118 124 123 118 125 129 123 125 131 135 135 136 137 138 133 125 114 111 108 105 104 107 110 104 
199 202 199 190 189 187 192 200 208 209 205 202 198 198 193 179 176 189 198 199 201 201 191 184 181 174 169 165 167 169 169 169 170 177 184 180 167 153 159 158 158 169 166 149 142 156 166 170 169 162 153 154 162 160 145 132 130 136 141 135 139 144 145 150 147 142 142 134 128 127 125 118 119 125 123 118 119 125 125 119 119 124 122 117 121 132 131 128 128 128 123 120 104 102 102 104 108 112 113 109 
196 196 195 192 192 193 198 203 207 206 205 204 199 199 197 187 185 194 200 199 197 192 182 176 179 181 181 178 174 165 168 167 166 169 176 180 179 168 166 160 155 161 161 152 154 165 168 164 164 162 158 163 168 164 149 136 134 139 142 135 139 145 148 155 151 140 143 140 131 124 119 119 125 128 124 120 120 122 127 128 123 126 130 122 122 135 130 124 123 120 112 106  98  98  99 101 105 108 110 113 
198 196 199 201 195 194 196 201 204 204 207 207 201 197 196 194 196 200 200 199 193 183 174 174 180 183 184 184 179 168 168 170 171 168 167 172 180 172 163 154 148 148 151 154 162 175 176 169 170 169 166 174 173 168 158 149 148 149 141 133 137 141 138 139 136 127 134 142 137 123 121 126 131 132 127 124 125 122 126 135 128 128 141 134 128 135 128 124 128 124 111 100 105 106 105 104 103 105 108 113 
194 194 197 197 187 181 182 188 193 197 202 202 195 188 186 185 193 199 199 201 194 184 177 177 178 175 175 181 182 175 169 171 174 169 164 169 175 168 158 147 143 142 147 154 162 172 175 173 174 173 171 176 177 172 165 158 155 150 138 134 141 141 128 122 119 117 126 134 136 126 125 127 128 131 127 127 130 128 129 139 135 134 147 144 135 137 133 134 142 137 121 109 117 119 116 110 105 106 109 111 
186 185 182 180 177 174 175 178 182 188 194 193 190 185 179 175 178 186 195 200 197 188 181 172 167 163 165 175 182 179 176 174 176 172 171 180 177 164 158 150 146 150 157 162 165 157 160 169 167 163 165 170 174 172 164 157 149 139 129 133 151 153 131 122 121 125 127 118 129 126 120 118 118 124 127 129 132 133 138 140 139 140 141 142 139 139 142 145 142 132 120 116 121 121 115 108 104 104 106 104 
181 179 174 168 171 171 168 169 174 182 186 185 185 185 182 175 173 177 184 190 188 181 176 170 169 166 160 163 175 183 178 176 182 179 178 184 180 167 162 157 156 160 166 169 162 144 146 161 161 155 156 164 164 161 157 157 153 146 130 122 137 146 130 122 126 130 126 120 129 127 119 118 115 118 129 134 134 135 140 138 136 134 128 124 130 136 138 132 122 118 119 117 112 110 105 101  99 103 106 102 
189 188 183 177 177 174 171 170 172 178 182 179 184 191 190 183 176 175 175 176 177 177 175 178 179 172 162 161 171 181 171 170 178 177 176 181 177 172 167 163 161 161 161 159 156 137 144 163 161 153 154 155 152 147 149 158 164 161 144 127 121 125 126 122 124 127 125 122 127 128 126 125 117 117 131 137 132 133 135 132 134 135 121 111 119 121 122 115 108 118 127 123 109 108 106 105 103 104 105 102 
194 195 198 195 184 178 179 182 182 184 183 178 182 190 191 184 179 180 179 183 187 188 186 184 180 171 163 163 169 171 163 163 172 172 170 176 172 171 166 161 159 157 151 145 143 136 149 165 160 153 155 153 147 138 138 151 162 166 162 148 126 121 132 126 115 115 120 123 119 122 131 132 123 119 131 134 126 126 123 122 133 142 132 118 121 116 114 111 115 135 141 129 115 115 116 116 113 108 103 104 
189 194 201 202 188 181 185 192 195 194 190 182 181 186 188 183 183 186 191 199 204 203 198 185 177 169 162 165 168 164 161 162 168 167 167 176 173 166 162 158 158 157 150 143 137 136 144 152 152 152 156 159 154 142 133 137 146 151 160 159 144 135 139 131 117 111 119 124 114 116 128 129 125 122 126 126 121 120 119 121 132 144 143 133 128 123 119 118 127 143 144 131 121 123 125 126 120 111 103 102 
187 195 203 202 192 186 188 194 200 202 198 188 185 189 195 197 198 195 192 195 199 200 197 192 187 178 169 167 169 166 162 162 167 166 168 179 177 166 162 161 163 163 157 149 142 137 132 134 145 154 157 169 168 156 140 133 134 136 139 142 144 138 132 134 134 121 124 130 116 115 122 119 119 119 117 116 118 117 125 129 127 133 140 138 126 122 118 118 125 131 130 129 126 126 126 126 121 111 103  95 
192 196 200 198 197 193 190 193 200 204 201 197 198 203 205 205 201 194 188 187 191 193 193 192 191 185 176 174 175 171 172 166 161 159 160 171 182 174 164 158 161 165 161 152 144 147 136 127 136 144 143 161 165 154 136 131 133 135 129 126 146 148 133 133 139 134 134 138 126 122 125 120 121 122 116 112 116 120 133 140 143 143 138 126 111 116 114 110 118 131 131 121 123 125 125 124 122 114 105  96 
193 194 193 192 195 195 193 195 199 203 205 204 205 206 206 204 197 189 184 184 190 196 198 194 191 184 178 180 183 177 178 169 161 159 160 167 179 178 172 166 164 162 158 152 149 156 148 135 137 145 146 150 154 144 133 135 139 138 132 133 152 149 134 134 139 136 137 139 130 126 128 126 126 125 120 115 117 121 133 140 143 143 135 122 110 113 113 110 114 127 131 124 116 114 112 115 120 119 109 102 
197 196 195 192 195 198 199 201 202 203 205 206 203 201 198 197 197 193 185 184 189 195 199 194 187 178 175 180 185 182 180 174 168 167 167 168 170 171 174 175 168 158 153 152 149 152 150 141 139 150 160 154 155 148 146 150 151 145 139 145 152 140 131 137 139 134 134 137 129 128 129 126 126 123 121 121 123 125 131 132 132 132 132 127 120 116 118 119 114 115 122 129 121 112 103 106 118 119 111 105 
208 206 205 204 202 202 204 204 203 202 203 205 203 198 194 194 199 198 192 190 190 192 193 186 176 167 167 175 181 181 180 178 175 173 170 166 162 160 165 170 167 159 152 150 143 145 145 140 133 145 162 158 160 157 155 158 157 152 146 149 148 135 131 135 135 131 130 134 128 127 128 122 118 117 120 127 132 133 129 126 128 132 136 134 131 126 129 128 120 114 115 120 128 121 110 108 114 115 110 108 
214 212 211 212 207 203 201 200 199 198 199 200 198 193 191 191 193 195 195 196 195 191 189 180 170 164 166 170 174 175 176 178 177 173 168 162 155 157 160 163 165 159 152 146 151 150 150 143 134 143 158 155 157 157 156 159 163 163 151 146 144 135 133 132 130 127 125 131 127 126 127 121 117 117 120 127 131 131 124 123 128 134 138 137 135 133 132 131 127 118 109 106 114 115 111 109 113 115 112 117 
211 208 207 207 206 203 198 195 195 194 193 192 189 188 184 181 183 187 192 195 195 192 189 182 174 170 170 167 164 166 167 173 175 167 160 154 148 157 160 162 161 157 150 146 158 159 158 152 146 152 160 155 148 144 149 160 172 173 155 146 148 141 136 133 130 124 122 128 127 127 127 125 126 124 124 125 123 121 117 122 129 132 130 128 128 125 121 123 125 120 108 101 104 106 107 112 120 121 116 116 
208 205 201 199 205 205 200 194 195 199 198 194 192 191 188 182 180 183 189 192 191 189 186 183 178 176 173 164 156 157 158 167 171 161 151 147 144 152 156 159 158 153 149 148 153 158 158 155 157 163 166 154 136 126 136 154 169 173 158 149 154 147 137 136 133 123 122 128 128 129 128 129 132 130 128 123 119 116 115 121 127 126 119 116 118 111 108 113 120 117 109 105 113 111 110 116 127 126 115 103 
