135 180 107  35  81 157 182 153 140 132 116 108 119 143 154 140 132 140 133 115 109 121 114 119 150 166 164 150 155 168 172 180 183 166 163 179 185 198 195 135  94 119 134 115 106 113 136 147 130 120 138 167 157 131 145 177 157 127 138 149 101  85 108  97  80  76  81  80  83  84  74  69  74  74  87  88  69  60  86 115  94  72 110 147 113  73  76 109 120  97  90  89  84  86  86  85  78  84  98  98 
159 125  79  92 112 103 101 111 118 110  93  81  84 100 118 125 133 142 121 102  98 107 114 129 141 144 151 151 148 149 150 153 167 164 152 158 169 174 170 132  85  66  71  75  70  79 103 115 101  86  96 115 107  94  98 128 130 116 155 186 131  84  95 105  87  76  61  62  79  96  89  73  68  60  66  73  74  78 101 121  90  69 112 141  97  68  83  97  99  87  94 102  87  76  75  81  90 105 118 123 
171  98 128 212 176  98  84 130 146 147 150 149 132 113 115 135 147 146 139 135 125 101 106 137 143 137 146 161 153 134 129 127 134 146 139 130 127 142 154 120  70  42  44  52  50  48  47  50  48  41  39  46  50  67  62  56  60  68 123 175 147  80  57  76  75  66  56  54  63  77  80  70  59  53  43  45  62  83  98 107  96  76  78  86  76  69  77  78  59  48  70  98  89  76  74  66  74  90  99 102 
160 141 168 183 137  98 128 180 167 154 161 163 172 162 142 167 161 151 155 152 145 123 114 132 142 141 162 163 160 161 158 155 160 161 154 133 140 158 155 141 105  77  70  75  78  88  76  69  83  90  84  85  84  88  94  92  94  95 131 185 197 102  34  41  64  84  86  69  60  67  70  67  69  87  88  66  46  63  74  62  85  79  72  80  67  46  54  62  50  40  51  81  95 100 100  76  63  59  69  90 
118  98 121 107  83  82 130 162 104  85  91  94 123 154 140 117 126 151 151 160 178 167 146 154 171 149 102 137 190 181 165 176 182 165 153 146 153 155 126 106  88  70  81  87  72  78  76  74  93 119 135 140 118  81 107 137 107  78  88 141 179 107  46  40  44  79  79  64  55  62  58  64 100 149 173 134  62  33  36  48  96  95  90 109  88  42  35  36  45  49  53  65  77  85  94  97  92  76  65  67 
103  49  86 111  97  89 120 152  81  68  71  59  69 100  93  54 112 172 124 132 178 201 184 185 204 170  86  99 155 164 150 143 152 169 177 174 169 161 120  75  60  78  99  73  69  91  76  55  58  84 116 137 117  81 134 168  95  36  30  92 167 144  76  52  51  62  57  58  48  50  50  53  84 143 214 191  94  21  12  53  98  78  77 124 117  70  68  64  52  44  51  62  58  55  70  79  85  84  79  70 
133  88 102 122 132 129 152 174  91  97 134 100  84  97 101  75 115 134  81  97 172 222 205 193 209 201 150 104  97 126 133 115 142 200 223 216 203 201 171 101  65  99 105  55  86 153 137  98  79  72  79 105 115 129 189 196 117  47  34  83 156 190 119  61  68  61  56  64  45  56  96  78  33  88 184 202 127  33   9  60  96  58  51 101 108 109 155 165 124  81  65  68  56  48  56  55  59  69  77  75 
136 140 131 120 133 141 156 166  97 100 139 121 109 116 125 117 106  68  45  70 168 234 212 188 196 212 210 145  99 112 133 142 177 213 217 216 214 217 190 113  67  82  76  48  80 144 144 126 119  85  54  62  94 135 192 194 146  91  68  70 101 188 172  88  62  54  68  63  42  74 162 152  51  58 131 185 153  55  19  69  94  63  52  66  77 129 202 211 184 142  96  64  57  61  67  74  73  61  50  50 
124 155 141 134 154 147 125 131 127 116 109 110 108 101  98 121 121 101  71  58 133 217 220 194 188 214 231 176 132 124 140 180 223 220 201 213 224 220 188 106  66  94 108  96  92  86  84 106 123 103  72  72  78  93 171 205 169 142 123  84  60 127 183 153  85  63  79  59  46  70 148 184 125  58  91 168 179  79  28  67  69  60  58  58  85 144 183 154 127 133 123  73  56  68  76  94 107  87  51  39 
135 165 137 128 152 146 105  94 121 130 104  85  89  75  55  94 116 151 138  75 108 195 224 201 187 220 240 176 148 139 141 189 232 226 204 222 230 218 182 101  81 142 169 148 103  51  42  88 119 117 120 133  84  64 166 221 179 164 163 130  73  67 152 198 144 106  97  79  72  51  78 147 150  65  72 166 181  75  32  60  39  37  49  67 116 165 157  92  43  96 144 103  59  60  69  90 116 111  76  54 
133 162 134 118 134 145 111  81 102 160 155 107  74  75  90 106  79 146 190 107 117 188 225 206 196 213 209 141 140 150 129 147 196 221 219 232 230 218 184 115 112 179 212 187 124  72  49  92 136 152 195 200 108  92 187 216 177 168 183 163 114  53 108 186 188 137 112 118 114  61  29  63  87  51  66 138 130  58  54  71  29  33  56  73 122 185 167  75  36 115 179 143  67  41  57  75  80  76  72  68 
106 159 151 115 141 152 109  68 114 185 221 179  81  83 162 175  92 115 181 113 125 196 226 209 221 200 119 101 132 148 124  97 123 169 215 236 227 221 197 132 100 152 215 219 201 149  69  80 156 219 241 205 120 122 205 206 165 171 176 169 150  86  78 140 175 144 129 123  95  76  49  30  59  70  81  70  63  58  59  71  44  68  91  80 108 173 155  63  63 141 193 163  87  45  48  62  47  37  48  60 
106 153 136 117 156 156 100  66 138 189 215 213 121  84 151 220 164 127 135 113 154 215 222 208 242 198  73  78 121 119 111 101  88 112 197 236 218 219 192 130 106 150 212 216 222 194  97  93 187 246 233 188 122 132 212 208 162 158 148 132 124  97  77  85 118 146 157 124  67  71  94 104 143 146 107  53  45  53  63  92  76  93  99  83 115 158 111  38  71 143 165 132  86  60  53  52  45  48  58  49 
142 150 115 124 166 161 105  82 158 183 188 195 132  86 122 205 199 169 142 121 172 226 219 205 239 214 117  87 115 117 110 123 128 140 201 220 215 220 191 143 111 139 194 190 188 203 164 164 211 232 220 192 133 130 209 220 178 163 148 103  76  74  65  43  56 108 142 137 119 112 138 171 179 126  79  60  59  61  85 109  98  96  76  65 126 175 118  48  79 141 135  87  56  70  79  58  56  64  66  61 
178 163 118 122 158 167 116  96 153 185 197 181 132 122 151 173 176 202 178 112 151 214 222 211 221 222 181 108 126 167 147 134 167 208 226 207 217 227 195 148 104 123 182 193 186 202 209 216 203 206 224 205 139 127 200 220 188 180 174 134  90  78  64  48  46  59  95 118 151 161 165 154 108  74  70  80  69  83 119 116  96  87  63  49 111 174 145  95  98 138 119  67  44  64  79  72  76  73  66  72 
182 184 129 109 147 162 110  97 137 185 203 182 162 172 179 158 160 204 193  95 137 209 228 216 207 230 206 124 132 187 171 135 153 213 232 213 213 225 192 138 112 134 186 206 200 204 207 207 192 206 225 200 132 124 197 208 183 192 193 165 127 124 117 109  90  74  60  73 110 139 133 102  79 109 128 111  77 100 146 139  74  79  86  77 102 147 131 108 131 172 142  82  51  56  69  76  78  76  78  80 
178 190 126 107 145 166 113  89 142 184 190 186 192 186 173 166 164 198 179  96 136 215 236 215 201 232 217 126 104 156 149 104 111 185 238 225 207 214 200 150 118 140 176 196 214 216 194 197 208 211 221 200 141 127 191 215 191 188 197 169 134 151 170 165 149 112  69  64  78  91  70  65 107 155 143 102  74  94 154 175  72  56  94  96 108 141 123  68 133 209 187 108  62  71  83  84  74  71  84  93 
176 181 127 116 156 144 100 110 164 177 172 184 188 162 146 165 173 201 179 123 133 184 219 221 214 236 228 133  84 110  97  65  94 183 234 217 207 209 188 147 125 141 172 199 217 212 198 206 214 213 226 213 149 121 177 222 201 182 193 175 133 132 167 171 154 129 123 128 119  91  54  58 106 135 131  99  84 106 166 184  85  47  66  62  85 147 155  49  84 177 170 104  76  89 101 100  92  84  86  91 
176 170 134 117 142 116  93 119 161 176 172 162 149 139 145 160 163 197 204 153 124 140 183 219 221 232 233 144  82  78  65  57 113 210 233 210 217 209 168 132 119 138 178 213 228 213 198 203 209 216 223 221 169 123 166 217 206 187 188 188 149  96 104 127 118 126 164 191 183 140  99  84  94 106 118  96  85 111 160 166 104  57  50  47  64 138 188  73  51 114 105  73  89 111 108 100 100  98  86  72 
171 161 132 100  87  91 103 123 178 209 166 117 107 141 174 163 147 190 231 175 110 115 173 230 228 220 236 145  77  70  64  71 142 239 233 207 226 203 147 114 115 153 203 227 215 176 151 172 221 234 210 215 191 134 144 186 203 206 197 190 171  85  53  90 105 142 183 203 199 177 155 129 116 118 113  90  82  87 103  99  87  66  84  93  74 111 196 154  85  72  64  67  90 117 112  99 104 104  86  62 
164 154 128  87  61  86 124 152 201 217 153  92 108 150 164 157 153 182 233 207 113  90 169 243 230 223 235 134  77  82  77  85 158 240 220 200 223 187 123 109 127 148 198 233 192 114  71 107 186 203 180 201 223 167 138 153 183 202 181 182 177 113  85  91  91 144 194 203 194 179 163 148 145 130 116 107 114  99  74  49  53  81 132 142  82  69 159 215 167  99  75  72  67  96 114 117 118 101  82  76 
165 155 126  86  52  74 118 142 154 154 130 111 135 147 125 136 149 150 190 228 147  82 124 213 226 233 223 124  94 111 102 113 174 234 212 202 212 159  96  95 124 132 168 207 177  94  48  69 104 112 146 209 210 142 117 138 178 207 195 184 168 142 132 102  73 110 182 206 206 187 164 146 140 127 121 128 158 161 139 106  94 119 146 146  92  48  92 175 202 167 114  72  56  82 105 121 113  87  71  76 
164 153 116  77  47  63 108 147 160 146 126 141 149 142 109 112 118 106 134 220 187 108  82 176 241 241 210 116 109 125 111 132 193 235 214 203 193 125  65  69 118 157 173 165 133  99  91 103  85  74 150 227 181 101  94 130 169 196 196 173 155 146 143 121 107 121 176 206 206 189 177 157 141 137 132 131 165 198 207 185 168 148 127 133 125  71  55 104 154 191 166 119  91  92  97 103  94  80  71  62 
161 152 119  83  53  62 112 169 194 182 150 145 151 137 105  80  88 106 127 192 197 122  90 175 236 243 219 129 101 112 118 154 210 242 229 205 168  98  42  55 118 171 192 123  86 110 109 132 136 113 159 215 173  94  98  92 115 166 188 183 164 129 149 168 157 162 188 203 200 194 177 153 157 150 154 146 173 210 206 195 191 157 125 131 158 122  65  87 117 156 194 189 159 121  81  80 105  90  66  54 
166 151 122  82  52  74 123 148 141 135 135 138 123  97  90 110 116 105 145 203 182 108  99 185 238 244 228 129  94 120 132 156 203 231 219 208 169  91  41  34  78 135 152 121 118 127  96 125 158 130 143 176 142  88 103  92  85 151 198 188 168 127 146 178 170 167 186 205 205 196 174 147 151 165 163 156 184 212 204 200 206 173 140 143 168 145 108 123 112 117 161 192 200 168 104  76  98  89  47  43 
167 162 135  74  35  54 108 137 122 107 105  89  78  68  89 135 151 136 174 208 150  95 127 200 227 231 236 148 103 125 143 160 193 218 212 218 177  85  37  28  53  82  98 127 165 145  80 115 170 138 128 135 118 104  89  67  90 178 203 171 164 125 133 161 162 160 175 201 205 196 174 149 154 164 156 154 190 212 201 205 213 179 140 140 164 159 147 170 149 113 111 141 192 204 166 118  95  84  47  32 
159 163 145  84  32  28  71 123 123  91  64  43  66  88  90  89 102 118 135 145  92  96 169 223 214 216 241 178 117 109 134 169 202 221 213 226 194 102  53  75  92  53  57 103 134 117  67  99 140 107  96  91  92 122  73  50 118 191 186 161 167 132 128 153 158 157 178 203 206 196 173 146 147 154 145 151 194 214 203 211 210 178 141 144 159 156 157 187 190 148 110 105 138 175 207 173 107  72  45  32 
152 147 142 116  60  31  53  99  97  64  40  47  85 116  92  47  42  70  87  87  72 122 201 233 209 214 241 195 120  85 118 174 210 220 207 214 206 131  77 113 132  69  53  76  72  69  59  83 101  79  85  86  79 120  95  93 143 169 182 180 181 140 135 162 168 166 184 202 198 190 175 148 142 151 145 155 200 218 206 210 209 185 155 158 157 145 158 196 200 179 159 131  97 100 171 192 164 115  61  54 
154 144 134 120  80  57  88 133 124  95  86  93 111 130 128 113 105 108 128 116 124 163 204 230 216 217 237 194 123  89 119 166 198 216 210 207 217 150  73  73  96  83  66  73  66  68  79  98 104  99 112 115 119 149 154 152 159 164 172 177 183 142 125 136 145 162 186 196 185 181 177 151 141 144 141 151 193 213 199 199 206 182 149 142 128 122 156 204 203 189 183 159 115  82 114 174 202 176 113  87 
160 150 135 115  77  54  89 149 146 125 116 104 101 108 137 169 161 131 140 123 125 144 168 203 206 207 235 211 142 100 121 163 202 225 221 207 221 173  82  31  47  79  63  66  73  69  80  88  88  90  92  94 106 109 119 134 153 171 164 163 179 144 105  93 107 148 194 197 179 175 172 146 129 121 126 141 190 209 185 184 194 168 129 116 101 105 152 201 202 182 172 165 147 114 110 138 161 179 159 123 
149 133 136 135 114  61  63 128 140 141 120  77  75  84 125 172 166 127 128 125 119 140 187 212 205 199 235 230 158 100 120 170 219 233 221 191 203 201 138  74  81 128 115 114 119 106 118 117 115 127 126 132 145 123 109 136 165 167 161 174 193 169 138 128 134 172 194 186 168 168 174 157 140 123 123 148 210 210 169 179 197 177 151 150 140 136 173 203 194 177 169 171 151 137 139 104  79 119 154 131 
120 113 120 130 117  74  76 128 140 139 121  64  59  73 114 157 163 146 151 159 157 173 213 224 206 211 206 163 126 116 130 157 181 199 213 198 191 191 146  90 104 156 153 150 157 142 143 145 148 163 168 175 184 166 145 150 166 167 155 159 164 152 158 167 157 167 168 164 152 155 168 168 169 160 140 153 187 182 166 177 192 175 160 172 167 156 174 184 176 176 174 160 145 145 143 111  70  70 102 101 
109 122 120  93  68  76 111 130 112 104 100  98  93  97 113 127 131 130 134 147 143 139 162 190 203 210 161  94 103 140 142 142 141 147 195 217 188 153 108  75  84 104  93  93  99  96 100 102  99  99  99 102 112 107  98 113 147 166 159 138 114  95 110 124 106  97 123 147 155 146 135 136 150 141 136 126 122 153 179 167 158 138 124 138 142 131 133 137 148 165 163 143 132 134 138 145 121  78  77  87 
140 158 145  82  62 116 179 176 145 133 141 170 169 165 158 149 150 158 158 162 160 150 148 174 204 207 165 110 135 180 176 167 157 149 197 235 201 149 116 123 135 128 110 117 124 119 121 129 126 113 111 116 114 110 107 124 159 178 168 152 126 107 119 126 115 106 122 151 165 154 131 121 132 137 146 133 113 156 196 172 156 138 127 136 143 136 125 122 152 168 165 161 161 165 166 179 171 120  99 115 
186 192 187 142 124 175 227 219 214 211 213 229 232 228 216 205 205 212 213 206 211 213 198 197 209 212 205 189 197 212 213 217 215 203 218 236 217 193 177 196 214 203 191 193 194 198 198 205 203 189 191 195 191 188 182 184 193 194 183 182 175 175 184 189 186 184 176 184 185 185 177 164 169 180 180 180 173 185 202 193 188 181 178 182 187 183 169 167 190 188 179 186 194 201 205 204 201 182 166 164 
206 208 213 197 176 206 231 216 237 242 236 233 236 235 234 237 236 230 229 226 231 234 229 221 223 223 225 232 227 220 230 239 243 240 230 234 228 221 209 216 225 223 224 213 218 232 222 222 224 216 226 228 224 227 226 216 201 192 193 198 204 218 220 218 222 219 214 214 209 212 210 204 213 211 205 207 209 204 205 209 211 213 213 206 211 216 211 216 217 207 198 200 203 204 216 220 209 219 221 209 
203 198 192 180 172 201 227 218 221 226 218 209 210 209 214 225 227 219 213 208 216 218 213 215 221 220 214 222 209 203 216 220 222 228 225 221 222 214 198 196 197 201 205 199 197 199 194 190 196 205 214 205 205 197 195 191 180 187 194 197 200 205 201 197 202 208 213 216 207 194 194 202 207 206 199 201 204 199 198 201 202 207 203 194 194 200 203 209 212 213 209 202 203 204 208 213 200 201 215 222 
200 195 182 166 161 188 216 211 202 210 205 207 211 207 203 210 211 204 201 194 201 202 200 204 204 199 205 215 202 198 204 202 207 208 213 219 216 196 183 188 194 199 199 194 188 185 184 184 193 203 200 187 178 179 192 197 186 189 197 195 200 200 191 191 196 199 201 203 196 188 194 200 198 208 194 189 200 208 201 193 197 200 203 195 185 187 193 192 199 201 199 199 205 205 201 199 193 193 205 217 
200 202 194 178 154 177 208 206 195 200 200 205 213 208 200 208 212 202 194 195 198 195 197 201 192 189 201 214 214 217 222 217 221 222 228 245 226 194 191 195 196 202 209 205 194 193 194 195 200 200 197 198 192 191 190 195 200 194 193 196 205 206 196 197 202 196 202 211 212 201 191 199 214 211 203 195 198 205 200 192 197 197 200 198 189 194 198 193 205 196 184 187 199 202 195 192 198 206 209 209 
206 209 206 192 162 187 228 230 213 214 220 221 218 206 203 217 218 203 194 204 206 195 197 200 186 168 163 171 183 189 195 197 201 212 214 218 188 172 194 209 221 225 218 213 211 217 226 228 222 217 214 203 217 229 215 209 216 210 214 224 218 211 209 214 220 224 223 223 224 221 215 219 229 223 213 210 218 222 216 212 209 212 215 218 217 209 202 210 221 212 199 202 209 216 212 201 207 217 218 220 
167 170 175 168 155 172 207 213 196 199 214 212 195 181 184 198 192 175 176 189 191 176 174 179 164 131 116 115 130 131 132 144 159 171 163 148 129 148 200 220 209 198 193 199 210 218 221 218 212 222 227 208 203 223 234 238 238 222 216 215 207 215 233 227 219 227 228 222 227 241 245 233 218 219 213 216 222 220 221 227 224 223 217 223 236 228 218 229 224 224 233 240 230 222 223 222 231 235 230 227 
 78  84 100 104  97  96 114 125 114 115 124 124 115 117 130 135 131 127 128 128 128 116 118 125 116 102  98  85  93 102 106 126 156 162 153 134 132 165 200 184 138 133 166 186 171 148 145 151 149 149 162 185 171 152 150 165 189 189 165 146 154 182 197 173 151 158 181 190 189 178 173 177 179 183 190 185 174 177 188 194 192 180 180 193 207 213 214 209 202 209 217 211 197 191 201 222 233 227 217 210 
 21  25  42  51  44  28  38  56  50  40  35  44  50  69  84  78  76  89  80  67  61  58  65  74  69  70  79  47  39  58  72  86  96 100 103  92  93 109 116 110 112 146 185 174 123 102 130 169 167 111  89 141 185 150 102  90 122 169 182 158 161 164 142 113 118 149 178 172 140 108 117 156 182 168 149 123 135 185 187 147 125 127 160 183 162 145 148 152 168 181 165 139 143 167 189 199 187 173 183 202 
 20  27  38  41  34  20  20  44  42  19  17  29  47  60  74  78  70  71  72  58  37  42  58  62  62  59  61  42  25  31  36  36  36  32  39  33  29  39  47  80 151 223 228 142  97 128 193 226 217 170  90  95 186 226 165  93 103 144 206 232 224 159 103 112 170 211 199 148 114 112 151 195 182 141 109 130 169 198 183 130 118 149 184 172 122 104 122 154 174 145 118 125 159 197 192 160 149 161 201 214 
 24  37  43  48  41  37  38  51  53  36  27  44  64  81  99 100  84  78  82  88  70  65  79  79  73  85  93  87  76  73  69  65  78  97  92  78  91  98  89  97 173 247 200 113  96 142 207 220 215 203 132  79 150 233 227 161 118 117 172 239 242 162 109 158 229 243 174 111 119 192 240 207 123  98 153 211 224 160 108 130 187 225 205 123  87 138 200 218 172 101 111 188 239 226 177 152 177 199 196 178 
 26  39  47  56  51  57  59  61  62  52  50  82  91  93 102 103  88  83 101 111  92  78  90  96  94  98 111 121 122 119 118 118 126 148 170 192 207 190 143 108 170 229 152  79  77 110 180 225 220 172 102  89 148 218 247 219 177 171 224 251 231 167 164 223 251 229 172 155 195 245 238 184 127 157 228 250 218 121 100 194 236 241 177  96 113 197 251 221 105  97 186 239 238 169 127 179 197 157 114 101 
 21  27  46  59  67  76  81  84  78  77  98 131 125 108 106 110 106 110 132 127 110 107 119 130 143 149 147 153 154 147 151 160 151 141 144 153 152 120  82  84 137 171 124  83  85 110 148 179 187 156 107 105 131 159 190 198 175 154 164 180 172 116 111 173 207 175 151 178 229 244 217 187 172 205 237 229 185 139 152 213 240 207 133  92 141 213 240 182  73  96 212 250 198  88  61 144 196 149  73  71 
 14  11  28  42  50  57  64  70  66  72 106 121 118 107 107 112 111 115 123 117 112 123 132 137 152 157 138 138 133 121 131 154 165 158 116  69  54  27  10  61 126 140 123 114 128 132 122 114 105 117 138 145 128 126 152 158 119  80  59  80 100  83  79  98 119 118 120 143 173 193 198 190 178 182 193 192 177 175 163 139 164 160 132 107 121 151 155 121 103  95 118 145 125  84  87 133 172 157  96  75 
 22  10  10  17  21  30  34  36  38  46  68  65  72  73  78  80  73  75  74  81  79  87  91  87  88  71  55  64  72  66  84 118 137 134 116  90  77  43   8  49 135 166 156 152 146 145 140 123  99  98 143 174 164 158 179 169 115  93  91  84  95 113 136 112  92 114 131 138 142 150 161 163 168 168 163 158 165 172 146 106  93 111 121 127 121  91  55  46  91  75  36  36  37  88 155 155 140 130 103  81 
 52  33  13  12  51  69  62  61  76  81  81  68  75  81  85  81  74  72  73  84  83  74  77  81  71  39  30  49  64  62  80 132 152 118 117 122  92  34   8  42  94 113 120 144 149 131 110 107 119 133 161 179 181 188 208 191 138 127 142 133 133 129 140 133 133 144 152 153 156 160 159 157 166 158 151 142 152 146 129 131 119 112 120 149 165 111  40  33  62  57  56  70  43  48  80 104 147 182 154 105 
 88  77  38  30  87 114 100 103 138 141 121 108 100 107 108 102 102  95  93  97 102  81  93 121  98  42  41  52  46  31  38 101 139 128 130 131  77   9   6  38  62  62  84 109 112  86  85  93  89 106 148 169 183 208 223 199 158 151 171 184 180 158 153 149 168 174 167 164 181 184 162 158 165 164 157 154 145 104  84 110 116 128 136 133 158 147  83  48  37  58  96 102  71  49  58  69 107 179 209 133 
 85  79  38  29  70  96  97 106 138 142 126 119 102 102 107 105 107 106 105 106  99  87 112 133  97  49  68  84  72  44  32  74 129 150 148 146  91  20  26  73 113 108  74  70  59  49  96 108  63  60 108 143 166 181 194 176 150 159 168 182 193 173 160 157 165 168 175 173 177 174 163 163 162 164 158 162 141  90  63  71  87 122 125  86  94 129 128 107  79  68  73  77  82  97 117  93  77 154 208 126 
 54  46  21  21  30  44  67  87  89  87 100 101  83  84  89  84  85  86  93  85  74  66  83  89  61  56  99 128 145 145 121 111 135 162 158 173 124  43  54 144 204 155  77  53  48  79 154 175 142 116  99 104 107 103 136 162 140 125 119 134 142 125 125 144 153 151 171 173 151 134 163 175 136 124 137 155 138 113 108  99  86 102  94  43  32  85 139 155 114  79  55  60 100 145 155 119 126 187 172  84 
 64  70  53  31  16  50  94  95  79  87 108  98  91  97  92  78  71  68  65  53  50  51  50  45  40  65  87  90 135 195 193 155 148 159 165 195 134  32  43 133 159 101  52  43  88 164 225 239 229 205 147 103  81  65 112 175 140  76  62  79  75  75  91 122 146 164 158 158 136 117 147 159 116  89 113 169 179 144 127 119  80  65  69  58  44  77 117 107  96  90  95 107 121 133 127 124 187 227 151  79 
118 142 109  38  13  88 142 115 111 138 128  99 105 113 102  90  83  69  43  36  41  52  45  42  51  74  61  32  81 172 211 190 168 156 177 200 122  42  57  87  88  91 115 129 189 237 241 232 226 235 217 188 142 104 102 126  99  55  78  90  69 106 144 155 163 182 171 170 174 168 166 171 167 145 138 173 174 110  96 134 108  91 105 116  86  63  70  89 108 107 104 116 115 102 110 153 195 183 125 119 
167 195 141  51  32 120 181 152 159 188 149 119 126 124 107 101  93  65  26  29  28  39  46  44  50  61  50  30  70 137 189 190 165 156 199 196  96  49  96 109 113 151 175 195 208 182 142 128 161 184 181 180 186 164 101  57  58  82 154 164 101 145 199 192 181 179 189 187 190 181 170 176 183 181 182 175 136  61  49 107 117 104 100 108 101  88 103 152 163 124  95 113 109  84 105 161 184 155 131 138 
128 158 129  65  42 106 168 165 160 164 138 121 126 115  88  81  80  57  27  27  44  49  42  48  54  58  53  48  85 127 139 154 161 168 225 204  73  32 125 181 152 125 133 157 143  88  54  67 127 141 102  76 138 183  98  44  76 110 175 214 163 144 182 199 181 187 197 187 189 179 161 166 171 147 146 149 108  53  44  59  77  67  55  75 114 149 179 186 156 116 115 130 109  85  97 123 154 176 176 155 
 54  75  77  50  29  72 124 128 106  93  79  79  83  72  46  42  53  47  35  48  81  87  74  79  91 102  87  83 132 144 112 139 182 206 217 196 110  77 162 224 164  72  68 116 140 114 101 122 149 134  84  45  88 164 123  91 113 122 155 216 194 149 160 178 164 182 184 173 189 208 210 212 212 161 107  82  73  85  94  75 100 102  92 114 158 181 180 145  95  81 113 134 117 103 109 103 110 144 182 198 
114  86  69  60  70  89 115 110  85  75  70  69  61  57  42  28  30  33  42  66  91 108 121 119 111 113 112 120 166 144  96 149 222 205 133 169 199 177 197 202 152  83  84 107 138 164 139 123 132 121  77  33  82 185 200 190 179 156 149 186 163 114 104 113 104 107 111 110 125 160 188 202 220 206 167 128 105 121 127 105 152 169 152 153 182 187 164 107  51  63 115 138 122 111 124 104  90 110 166 218 
224 184 149 138 152 143 124  99  88  96  99  80  79 110 116  68  35  36  66 118 129 113 121 132 118  99 118 129 137 137 148 194 231 182  67 154 247 230 209 150 102 104 146 110  93 143 125 117 145 138  88  51 101 200 237 240 219 169 125 106  94  71  70  81  64  36  43  50  47  64  87 114 158 179 201 211 190 173 156 135 170 194 180 165 170 169 150  95  55  77 125 144 153 148 142 121 105 111 147 192 
247 239 226 223 212 183 137  97 100 125 127  93  78 132 192 163  93  56 109 173 188 134 117 141 134  93 113 127 110 151 209 216 211 183  77 161 236 225 212 134  67  83 165 143  78 107 141 176 189 162 120  95 114 181 207 219 198 135  71  45  61  73  74  81  78  61  51  45  32  36  43  50  71  96 131 180 211 205 174 147 156 171 180 186 172 137 128 135  83  71 114 150 178 171 157 157 154 152 160 168 
238 241 243 249 238 216 190 165 166 182 183 110  41  51 150 221 197 141 132 134 161 142 129 155 144  92 117 150 141 164 191 193 210 180  82 164 233 223 226 177  65  17 113 195 178 166 174 176 146 138 146 130 129 168 163 167 149  86  33  59  86  92  70  63  87 105  82  62  52  58  59  43  25  26  48  89 135 157 155 153 153 154 170 195 178 116 102 164 105  51  94 143 161 138 143 187 196 199 200 167 
194 219 239 241 242 237 242 238 221 213 209 175  85  13  40 136 199 190 125  71 106 118 109 145 156 120 142 179 179 162 161 183 209 189  89 160 229 222 210 164  65   2  93 213 227 202 174 127  88 103 145 158 162 186 157 150 139  91  69  89 107 111  85  71  89 101  96  72  67  70  68  59  34  28  33  31  47  68  77  86 100  97 104 125 120  71  67 182 177  92  67  71  80  81 122 182 182 189 212 176 
123 153 186 213 231 237 235 242 232 201 198 221 198 132  46  24  97 175 166 140 107  94  86  93 169 186 150 153 159 150 161 184 219 187  90 149 217 227 211 139  43  45 176 222 173 125  99 126 157 149 166 194 209 192 157 137 128 114 101 115 144 131  97  84  77  80  81  80  70  65  64  58  59  58  53  46  41  38  34  33  51  57  45  31  36  34  47 138 167 107  49  33  36  54  90 119 122 133 157 178 
 73  92 122 148 184 205 198 203 233 222 182 203 246 240 150  69  37 108 207 233 174  95  69  95 155 186 155 128 129 147 165 192 239 193  85 148 230 242 232 156  85 124 197 204 162 110 104 174 240 230 199 205 219 208 153  96  92 116 137 156 161 124  84  76  74  76  65  65  60  64  67  58  55  53  56  60  60  53  44  40  53  48  44  35  29  33  46  72  71  50  55  56  43  48  61  72  74  75  98 158 
 71  73  77  86 115 150 146 150 221 250 212 196 217 227 221 184  70  33 155 249 200  94  75 122 132 140 155 135 145 171 181 196 239 208  97 151 230 235 233 208 177 153 121 160 211 205 199 226 245 237 209 190 199 227 185 107 114 156 172 154 132  97  80  91  85  64  57  55  52  61  66  57  54  48  51  54  53  46  39  41  48  40  46  45  34  44  54  38  35  38  51  38  33  49  53  57  61  49  53 123 
 93  88  68  58  62  95 112 120 183 238 240 189 164 164 212 245 178  57  93 206 186  96  82 135 119 102 163 179 194 198 195 206 233 206  92 144 223 230 231 241 221 155 139 206 241 227 214 209 214 227 235 209 197 210 205 198 184 149 132 130 114  88  75  81  83  72  62  56  48  55  61  58  62  60  55  49  43  36  34  38  41  44  49  44  35  37  47  48  39  40  46  36  30  44  54  53  53  43  48 104 
113 114 100  84  55  64  97 113 118 139 158 153 143 139 178 226 247 140  65 141 177 135 103 128 130 135 183 208 214 204 204 222 244 204  92 147 218 209 209 237 224 186 202 232 236 210 166 160 175 191 226 234 203 205 226 218 162 112 102 100  86  81  84  91  93  80  66  54  43  54  64  63  72  67  60  57  55  43  35  33  35  51  54  45  40  38  40  48  41  37  38  41  39  38  45  49  50  55  59  75 
139 143 139 115  69  43  82 122  89  59  66 110 133 138 158 209 247 197  80  66 147 174 130 125 160 186 196 209 213 213 223 234 251 213 104 148 203 195 192 207 228 229 211 191 212 217 168 155 158 161 219 239 188 197 213 159 121 138 118  62  68 110 129 116 105  89  72  55  43  63  79  73  73  58  52  57  63  52  35  29  33  52  60  53  47  47  45  43  48  44  31  33  43  43  44  44  51  69  67  52 
155 144 145 106  62  28  71 135 114  70  62  94 128 135 144 199 229 225 144  46 103 166 147 134 178 202 202 212 219 231 241 241 252 217 108 129 192 215 227 217 214 214 179 169 210 240 219 209 196 188 235 210 159 164 160 137 163 187 122  62 109 170 157 106  95 102  84  59  50  74  88  78  66  47  43  54  64  52  37  34  41  53  58  50  40  40  45  48  46  45  39  41  46  48  49  41  44  61  63  55 
169 139 123  87  50  52  91 134 136 116  99  88  91  86  99 165 217 246 210 112 100 143 167 159 173 198 214 226 231 238 244 250 253 221 118 126 210 248 246 219 214 212 168 170 222 252 250 248 241 237 252 212 155 163 172 186 206 185 153 175 195 169 111  82  87  97  87  62  64  78  81  71  51  39  42  55  61  49  41  45  49  54  52  41  35  37  43  47  45  45  47  50  49  48  47  51  52  50  49  50 
173 145  95  85  84 110 140 137 129 132 126  81  58  44  52 104 175 247 239 176 130 135 161 162 177 202 216 228 233 240 245 247 253 221 112 132 224 254 242 220 231 232 197 197 234 251 248 253 253 245 249 221 188 188 215 239 217 191 197 201 163 104  62  55  72  89  87  70  73  82  76  62  45  40  44  51  54  52  51  51  48  49  46  39  35  36  39  40  42  47  52  53  50  48  48  49  49  47  45  41 
164 156 110 108 122 142 158 148 137 148 158 123  81  57  51  65 125 221 244 193 118 114 148 162 186 208 215 223 232 241 245 244 252 217  99 127 227 249 242 242 250 252 230 231 248 253 252 254 253 248 247 239 222 221 237 241 235 221 185 135 111  97  83  62  66  95 102  85  80  77  65  57  49  44  48  47  45  49  51  49  47  43  39  35  35  37  39  40  42  49  55  56  53  48  46  44  43  43  41  39 
164 178 141 136 135 137 142 139 151 180 191 164 124 103  87  74 106 196 255 212  99  92 158 178 182 210 210 215 227 239 240 238 252 213  91 129 234 254 250 253 255 255 250 251 254 251 248 240 244 252 249 247 251 243 249 252 235 206 167 148 135 128 117  86  75 101 101  84  79  69  54  48  46  46  49  47  47  50  52  49  45  39  35  32  35  39  42  46  47  50  53  54  55  52  44  40  36  38  42  45 
156 183 151 138 132 138 140 135 154 182 179 175 155 143 122  94  94 150 242 233 113  81 164 201 178 204 208 215 222 231 232 230 244 201  79 126 232 253 254 255 254 252 255 255 253 253 234 186 183 231 248 250 253 250 250 251 248 224 188 155 116  84  79  79  79  87  87  79  80  73  53  43  39  42  44  50  57  57  55  53  45  42  36  32  34  39  43  47  51  52  50  50  54  55  47  40  36  38  44  48 
104 155 154 132 123 134 159 163 145 139 139 161 167 169 147 111  75  88 177 240 163  96 133 186 182 191 210 223 222 221 225 229 244 193  67 116 215 239 249 253 249 248 248 241 245 254 219 130 126 218 253 247 245 252 251 247 253 241 221 188 138  79  51  54  67  77  75  68  73  67  49  39  35  38  37  51  65  61  52  53  49  46  40  33  32  36  40  41  52  54  49  46  52  57  53  44  39  41  44  44 
 43 122 163 147 125 120 154 190 158 114 120 146 160 166 151 116  81  52 115 223 225 128 100 165 193 187 221 226 225 223 217 223 244 197  71 112 208 216 215 239 248 223 227 236 215 212 190 117 117 202 227 223 239 251 243 244 248 227 213 199 186 145  92  73  80  82  71  61  65  61  44  36  33  34  38  51  60  53  48  51  53  51  45  38  34  34  37  45  53  53  45  43  52  58  57  51  45  43  44  45 
 18  89 159 172 141 129 152 181 165 136 140 149 146 138 136 127 107  59  88 204 242 154 105 158 199 190 221 224 221 222 219 224 242 195  76 118 201 203 200 227 235 199 219 233 179 149 151 129 124 156 156 166 221 252 237 216 220 220 179 152 169 174 147 117 107 107  85  66  62  57  45  41  39  41  45  51  53  46  43  47  56  54  52  47  44  43  46  55  57  52  44  43  49  57  58  54  50  47  47  49 
 11  43 132 182 165 141 145 166 174 168 156 160 149 130 130 134 132  96 102 183 203 152 120 149 193 200 209 222 220 220 224 226 246 199  79 120 195 188 188 223 239 205 216 229 201 184 162 125 114 137 149 162 216 243 228 197 187 206 183 122 108 115 128 128 124 131 102  78  71  72  68  66  59  58  58  59  55  47  43  46  56  57  57  56  55  56  58  61  58  51  45  45  50  56  58  55  53  52  52  53 
 15  22  98 171 162 139 141 161 174 177 166 154 153 151 146 131 137 133 157 190 158 130 141 153 188 210 189 210 218 216 223 230 254 208  82 124 193 173 175 225 253 218 199 198 228 254 203 126 114 167 206 216 221 221 206 204 184 160 168 167 125  85  89 110 113 107  93  77  79  89  92  88  74  68  67  62  56  49  47  50  53  56  58  58  58  59  61  60  53  47  46  48  53  57  57  56  55  55  55  56 
 27  30  68 130 160 147 138 156 170 162 153 137 141 158 159 126 114 113 175 216 143 108 142 138 167 217 179 193 213 222 237 243 244 191  88 134 168 149 184 232 247 229 205 166 189 250 218 141 130 196 234 227 223 221 177 184 186 131 127 186 181 144 111  95  87  74  79  70  73  82  87  85  72  66  67  63  56  53  55  55  52  54  55  54  53  54  56  57  52  48  47  49  52  55  56  54  53  53  54  56 
 27  39  40  73 156 164 137 150 174 142 109 133 135 138 136 109  92  74 148 222 133  77 105  87 119 207 194 193 212 239 250 239 225 186  98 137 143 126 184 231 239 237 227 166 157 233 239 165 147 219 247 217 232 236 165 147 173 148 126 141 161 157 118  85  78  81  81  73  73  73  72  73  65  63  68  67  63  63  66  64  58  58  55  51  48  47  49  53  52  52  50  52  54  57  58  55  52  51  51  54 
 16  44  33  47 107 165 163 155 164 128 104 134 136 118 100  94 102  86 148 225 123  56  81  57  86 177 207 198 210 244 237 211 227 220 116 136 147 128 169 214 235 227 209 147 147 224 251 201 174 233 249 221 229 227 173 143 154 147 114 116 128 127 113  95  83  77  78  76  78  73  66  65  57  57  64  66  63  66  68  67  67  64  58  51  46  45  44  46  51  54  55  57  61  63  60  56  51  50  51  54 
 17  61  58  44  81 159 173 163 160 137 123 130 132 117 114 109 101 114 191 226 118  54 100  87  85 164 199 197 209 240 224 193 224 226 127 139 177 158 144 190 241 230 147  97 156 234 250 221 210 232 254 240 216 165 123 119 143 142 107 107 112  96  89  95  85  83  82  78  77  77  72  59  47  47  54  66  70  66  67  74  72  63  53  46  44  47  48  45  53  59  61  62  64  65  61  54  49  49  51  52 
 26  71  72  69 113 172 164 154 169 164 150 133 129 128 143 142 120 126 219 226 115  79 136 122 114 170 190 206 195 205 217 196 202 210 125 127 189 163  85 122 235 243 115  68 175 250 244 211 214 237 247 253 205 110  73 114 149 135 117 112  98  77  71  86  95  96  85  79  77  77  74  61  47  45  55  70  74  68  65  67  66  59  50  44  46  53  57  56  59  60  59  60  64  68  65  59  55  54  55  53 
 38  70  75  94 154 186 158 150 174 182 175 159 143 136 155 169 161 156 209 228 137 108 148 131 118 174 199 212 177 170 198 199 203 198 117 113 175 139  49  82 199 235 131  77 170 247 236 179 172 228 250 238 182 103  82 119 145 134 127 116  86  63  58  74 100 102  85  78  74  77  77  65  51  48  59  72  74  67  60  59  61  59  55  51  52  56  61  65  63  59  55  56  61  67  67  64  61  58  56  54 
 41  56  66 104 177 188 161 164 176 183 191 181 163 146 155 188 203 188 198 244 172 116 120 114  90 142 207 197 167 174 188 203 224 201 118 128 163 138  93 111 183 223 164  63 109 230 241 154 126 210 254 217 160 118 111 118 125 122 116 107  85  71  63  69  93  94  79  72  69  75  79  72  62  60  66  71  68  62  55  53  60  66  69  65  58  53  55  63  60  55  50  50  54  60  66  65  63  61  57  54 
 39  46  63 111 176 186 176 185 184 188 202 196 190 181 179 199 210 189 214 252 189 104  89 131 105  98 191 175 173 200 199 208 236 211 123 143 157 149 155 162 196 227 194  61  71 216 239 179 174 233 244 195 142 105 102 114 114 101  96  96  91  87  78  74  81  79  71  66  65  72  78  77  73  73  73  67  59  56  53  51  58  68  76  72  61  52  51  60  58  55  50  49  51  56  63  63  63  60  57  55 
 38  49  73 116 168 189 191 195 193 202 206 204 200 209 204 199 205 200 229 252 208  98  56 150 152 101 173 175 188 211 203 198 228 220 124 127 144 140 155 169 198 228 196  79  85 212 235 218 236 252 228 176 126  96 104 117 109  89  76  83  95  93  89  86  76  72  65  63  66  70  75  79  80  79  75  65  53  53  54  50  49  61  68  66  61  58  61  67  63  57  51  50  54  57  59  62  63  59  57  58 
 38  57  74 110 156 191 192 191 192 204 201 201 200 212 213 206 214 220 229 255 233 116  29 132 173 129 163 190 205 212 199 181 212 215 120 111 134 128 128 142 185 217 171  62  84 214 240 229 241 244 224 177 117 101 117 118  99  82  67  77  92  90  89  89  78  74  64  62  63  68  74  79  81  79  75  64  53  52  54  51  45  53  59  60  60  63  67  70  65  58  55  54  58  59  57  59  60  61  61  62 
 55  79  62  80 138 178 169 170 179 186 182 201 219 221 219 213 204 206 225 245 234 172  72  97 161 156 158 205 214 199 193 179 202 197 107 111 130 117 115 124 153 192 166  46  63 197 223 221 242 245 231 178 117  98 109 115  93  79  68  74  80  82  81  81  82  79  68  60  57  64  74  80  80  82  78  69  58  50  50  52  48  53  58  62  63  63  64  63  58  56  57  58  57  56  56  55  60  66  70  68 
103 108  69  68 131 169 164 148 163 168 165 197 214 222 221 209 200 214 231 188 170 185 152  83 142 213 188 228 199 154 173 185 205 203 106 103 130 125 117 116 139 177 156  47  65 186 204 202 232 247 231 168 104  89  98 104  88  73  58  64  73  75  74  77  81  81  68  60  54  57  68  78  84  83  82  75  61  50  48  50  51  56  60  62  62  63  65  66  61  57  57  58  58  59  58  59  64  70  72  70 
117 114  76  73 118 177 200 164 162 163 179 189 190 198 217 221 211 217 196 113  73 129 169 103 136 236 236 230 179 151 172 186 210 211 113  89 111 129 137 132 144 163 128  34  72 191 201 195 224 242 225 158  87  74  86  98  91  72  53  58  69  76  77  79  81  81  65  58  54  56  66  78  84  78  80  76  63  50  46  49  53  56  59  59  59  59  62  66  64  63  61  60  59  59  60  62  67  71  70  67 
 91 109  90  72  93 166 218 193 181 170 187 194 191 195 214 222 212 207 160  89  35  67 133 145 126 174 248 198 146 170 197 207 220 206 109  80 103 132 146 145 156 144  82  12  78 203 212 201 221 235 220 158  83  75  87  99  99  76  54  57  70  80  83  81  78  74  63  59  59  65  74  79  80  70  74  74  66  57  53  54  57  59  60  59  58  58  59  63  66  69  68  65  61  60  61  64  66  67  66  62 
 63 120 115  84  87 137 175 182 185 174 179 199 209 213 221 224 211 203 174 121  60  51 101 160 127 117 209 176 142 175 204 217 232 200 102  86 125 149 144 149 168 135  59  11  93 213 218 206 225 237 221 160  92  86  90  93  97  78  62  65  75  82  80  76  73  71  69  66  68  77  83  79  71  65  69  71  70  66  63  62  63  64  64  62  59  59  60  62  68  71  69  66  64  62  63  66  67  66  64  62 
 44 109 106  90 118 133 118 137 155 170 186 196 207 208 218 230 210 185 181 138  99  86 103 127 116 113 147 189 189 188 197 198 225 204  98  83 145 166 141 148 176 138  65  30 104 214 222 211 233 245 225 154  95  95  84  77  85  75  74  79  82  81  72  69  74  79  81  76  77  85  89  78  64  61  63  67  71  71  68  64  66  66  64  61  59  58  59  61  65  67  65  64  66  66  64  67  68  68  67  68 
 38  83  94  98 130 133 118 127 150 176 203 200 204 206 217 206 157 129 159 174 122  98 104  91 104 119 101 164 234 216 180 181 201 188 101  81 131 156 149 162 189 150  71  33 113 220 224 206 232 249 230 154  84  77  77  69  71  79  79  84  86  80  68  66  74  81  84  79  76  83  88  74  55  60  58  60  66  71  68  63  62  61  61  60  57  56  56  59  62  64  64  64  65  66  66  67  69  70  71  71 
 38  77 110 113 126 146 155 145 151 177 202 225 218 203 188 151 103  87 162 199 136  82  74  63  73  89 103 143 203 213 182 178 195 173 100  81 120 147 163 183 193 148  65  27 114 223 229 208 220 243 237 171  91  70  73  79  75  77  75  79  82  77  69  69  74  77  76  72  69  74  78  69  52  58  56  57  63  66  64  60  57  57  58  57  56  54  55  58  60  62  61  62  63  65  67  69  70  71  71  72 
 33  77 131 127 115 152 189 159 109 122 167 217 203 175 143 128 130 129 161 169 141  88  46  44  71  92 123 157 175 195 199 188 195 165  93  86 136 165 181 187 175 126  50  21 108 221 247 233 224 231 235 179 101  70  72  87  84  74  70  72  74  71  69  73  74  71  67  66  63  65  69  66  57  60  61  61  62  61  59  58  54  55  57  58  58  57  57  58  59  60  59  60  62  64  67  70  70  68  68  71 
 26  60 128 148 114 119 174 179  94  61 115 138 136 121 102 136 186 184 135 110 135 123  68  82 142 151 137 172 183 180 194 190 181 158  86  99 169 188 171 153 139 101  36  22 110 219 245 237 241 239 225 164  89  66  73  85  80  73  66  63  64  64  67  72  71  64  63  64  62  61  65  67  65  65  67  67  62  57  55  55  53  56  59  61  61  60  59  59  60  60  60  61  65  66  67  69  69  66  66  70 
