 51  56  67  65  62  64  53  40  27  59 166 192  82  15   8  13  15  15  27  36  42  53  58  47  38  11  30 135 206 219 195 141  77  63  77  90 103 102  99 106 109 114 105  76  49  42  52  58  54  46  42  41  44  49  58  64  39  23  50  99 103  71  56  50  63  75  67  64  68  59  26  24 114 229 172  49   2   6  11  10  24 116 194 215 215 215 190 116  62  68 135 216 195  94  33  21  38  51  70  99 
 29  44  61  70  61  54  54  49  35  51 156 191  75   9  13  15   8   8  31  50  49  50  60  51  33  11  48 144 197 216 201 140  68  58  83  96 105 101  93  98 105 108 102  79  54  44  48  52  53  48  44  42  44  49  55  61  42  27  50  93  97  71  61  48  59  69  64  64  71  64  31  24 103 203 142  39   6   7   4   4  53 169 190 155 148 125  86  48  30  21  40 129 215 212 146  62  14  19  45  74 
 65  44  39  53  63  63  61  49  20  51 152 175  69  13   9  14  16  16  33  47  49  52  54  57  38  17  61 146 168 170 181 143  76  60  84 104 111 103  91  93 106 109 101  81  55  47  48  49  51  48  45  42  43  49  53  58  41  26  40  72  78  64  62  56  61  66  60  61  68  60  40  46 126 190 117  30   7   4   9   9  80 182 137  52  49  49  42  49  63  57  31  49 142 228 246 180  74  20  21  41 
173 117  69  35  31  31  29  23  17  66 158 159  59  17  10   5  20  21  28  40  51  62  60  54  28  11  63 160 177 151 156 132  79  61  97 122 116 104  93  92 111 115 104  79  50  45  50  50  50  45  41  39  41  49  53  57  40  23  28  50  59  58  62  67  67  66  58  59  61  49  33  67 157 179  93  19   2   1   8  27 101 170 100  28  47  62  72  75  75  66  52  33  47 110 194 231 170  67  16  19 
236 240 165  57  18  33  28  13  14  57 157 167  59  10  12  19  23  19  31  48  55  59  67  53  23  12  65 142 150 138 140 121  69  56 104 135 117  99  96  93 110 118 105  74  45  45  52  50  47  42  37  35  39  49  53  55  40  25  26  45  58  60  63  64  63  64  60  61  60  42  25  83 173 151  64  13   5   8   1  29 112 156  95  55  67  63  71  76  72  73  61  46  41  25  67 161 187 101  21  12 
134 234 237 145  94 129 126  97  46  59 135 148  58  16  10  18  16  11  28  52  55  55  63  55  30  33  86 113  71  62 107 104  56  59 116 147 119  95 101  94 106 118 104  73  46  45  49  44  46  40  34  33  37  47  51  50  36  25  28  48  62  63  58  55  55  61  61  63  59  37  28 101 183 124  40  10   8  10   1  33 106 124  76  66  74  59  60  71  73  72  58  61  62  22  49 135 156  91  20  11 
 63 136 228 233 188 194 196 193 188 177 157 109  42  13   6   7  13   7  14  38  55  62  66  54  28  48 114 118  48  82 146 117  60  65 126 157 122  97 105  99 106 119 103  71  49  47  44  41  47  39  33  31  35  45  49  49  31  21  26  46  64  61  53  51  51  59  63  67  54  31  33 120 190 109  27   9   3   5   4  43 104 101  61  59  63  61  63  67  70  63  63  74  52  29 101 183 144  62  16  14 
 57  64 147 231 240 196 144 142 210 246 179  65   9  13  57 117 134 110  51  23  40  63  72  47  24  76 129  96  35 131 192 117  73  83 137 162 125 100 107 105 106 114 103  70  49  48  42  42  47  39  32  30  33  42  47  48  32  20  23  40  59  61  56  56  54  61  66  70  44  27  54 148 187  97  24  11   2   5   4  48 103  93  61  58  65  71  72  69  68  66  66  68  36  20 114 198 133  35  17  22 
 77  46  74 145 223 216 101  39 111 217 221 117  60 102 171 223 238 233 165  70  32  47  66  37  36 129 143  65  73 185 211 121  76 108 149 159 126 102 109 102 101 108 103  73  46  41  38  40  42  39  32  29  34  44  47  44  33  25  26  40  54  57  57  63  60  61  60  61  38  32  90 166 172  87  21   5   4   3   8  46  89  82  65  68  68  74  75  74  73  70  62  48  26  39 128 178 107  29  17  21 
 96  82  58  51 146 225 128  20  47 195 252 207 192 210 209 163 151 196 236 186  84  31  49  33  63 155 144  70 135 237 227 134  74 106 161 168 128 105 111 103 101 107 100  72  45  37  33  40  44  37  31  28  36  48  50  47  35  26  28  43  54  57  55  58  58  58  58  55  33  42 119 181 148  73  20   5   9   5   8  35  68  68  62  69  68  73  70  68  67  65  66  48  26  76 161 168  82  18   9  12 
 90  90  59  31 116 213 136  32  74 203 223 177 185 168 112  64  41  74 188 247 170  52  11  18  77 136 124  76 125 194 205 139  75 116 179 179 132 107 112 106 104 110  99  74  51  35  29  38  43  38  33  31  38  47  50  47  31  22  26  44  58  55  46  49  56  57  59  50  28  48 139 187 124  58  16   5  11   8   7  21  53  65  65  71  72  72  65  61  63  64  67  42  26 105 182 150  55  11   9  11 
 80  76  45  61 149 184  97  40 116 202 149  72  86  82  52  50  47  30  95 216 235 154  57  57  99 111  89  56  73  99 138 126  82 130 185 185 140 107 110 107 107 111 102  78  52  33  30  41  41  40  37  35  37  42  44  44  28  19  24  42  54  49  40  47  59  58  58  44  20  52 151 187 107  42   8   6   8   8   6  16  50  71  70  71  74  73  66  63  67  69  67  34  30 127 189 128  38   9   8  12 
 79  72  28  78 185 172  65  32 119 175  93  35  66  69  73  86  84  56  52 124 212 236 175 145 140 108  78  85 118  79  84 122 100 122 182 197 145 106 107 106 108 109  99  75  46  32  40  54  45  38  38  35  34  37  41  45  29  24  30  42  50  45  41  45  59  57  56  40  17  56 155 185  96  29   4  11  10   6   8  17  51  73  67  62  66  69  66  65  67  69  64  32  40 141 186 105  27   7   7  10 
 78  66  25  84 191 160  44  31 101 137  90  64  75  77  79  82  83  58  53  64 104 187 212 175 134 131 145 177 184 112  92 126 113 122 176 200 150 108 105 106 107 115 105  71  35  20  30  49  48  29  21  34  37  37  39  45  43  37  27  39  36  48  53  50  50  50  54  38  25  78 164 168  82  23   5   9   7   4   8  22  49  64  59  55  61  65  65  65  72  68  57  27  51 154 169  86  20   8   5   8 
 73  54  34 109 190 124  22  47 112 117  82  70  72  78  75  76  69  67  71  54  48 106 155 142 134 182 209 188 142 117 142 148 109 128 183 195 148 112 107 104 104 117 105  66  57  59  29  16  28  38  25  23  25  44  49  25  64  90  43  34  38  44  50  49  41  46  47  26  28 105 168 150  67  17   6   7   4  11  16  37  58  64  64  66  69  67  62  59  70  64  48  22  67 164 155  71  16   9   5   7 
 67  41  48 142 182  87  17  71 135 101  64  66  72  76  70  72  64  80  78  54  32  53 102 136 162 193 192 152 116 146 196 155  83 127 194 189 142 115 111 104  99 112  92  66 129 194 145  74  38  35  28  23  19  43  52  18 101 135  36  13  27  25  43  39  37  47  49  32  36 101 169 149  70  16   6   7   6   9  14  39  61  61  66  76  72  68  60  57  65  60  37  26  96 174 142  55  12   9   7   8 
 64  37  69 155 159  75  39  92 131  83  60  73  73  75  67  65  73  76  76  57  39  70 101 115 131 138 133 122 125 172 194 111  46 125 204 188 140 116 114 106  98 102  84  60 129 226 243 194  87  16   9  26  27  31  34  19 117 177 118  92  63  18  17  18  20  29  28  28  44 101 162 140  71  14   4   8  12   8  11  34  58  56  55  62  61  67  64  58  65  61  33  37 127 183 132  47  10   9   8   8 
 57  41  98 160 133  80  64  88  98  70  63  80  75  77  75  67  71  68  78  43  39 129 134  71  64  82  85  69  79 129 134  64  43 138 219 191 138 118 116 111 101  94  90  55  45  99 196 248 165  50   4  10  26  36  27  17  90 191 215 208 164  99  38  17  21  46  33   8  31 124 162 118  51   5   7  11  10   7  19  45  64  63  52  48  54  67  69  61  62  55  27  50 150 183 125  46   9   9   8   8 
 44  41 132 178 121  72  52  60  68  72  65  76  72  72  80  74  64  63  67  32  49 159 158  73  53  55  57  47  63 104  97  59  86 179 228 183 134 120 121 114 104  94  92  63  23  24 109 217 233 140  44   3   5  16  14  14 102 168 144 143 183 203 160  95  91 128 114  56  57 132 157 104  46   4  11   6   4  17  50  59  51  55  58  56  62  67  65  58  59  48  20  58 163 176 113  43   9  11  11   8 
 33  39 155 201 121  53  21  33  61  81  67  67  63  63  75  77  67  60  42  39  85 156 133  71  54  56  86 121 145 145 108  73 130 217 225 166 132 123 124 115 104 102  82  63  48  24  35 126 227 246 163  79  29   5  15  46 134 149  47  13  73 153 205 194 169 177 179 164 141 135 113  89  54  10   7   2   9  58  96  73  27  31  54  64  70  63  55  53  58  46  16  59 168 169 102  39   7  12  12  10 
 29  57 149 196 115  32  11  25  66  79  72  59  63  72  73  74  72  60  41  54 128 160 103  48  36  74 129 179 181 170 104  55 145 227 218 170 136 125 118 106 103 108  86  53  49  44  27  50 133 219 248 202 106  16  13  97 170 118  25   0   6  42 151 236 229 179 164 201 196 158  89  63  41  11   4   4  27 109 150  91  22  16  32  38  54  59  61  58  54  36  19  66 172 161  98  30   5   6   7   9 
 36  72 160 178  85  18  11  39  63  69  74  73  67  63  64  66  68  53  21  52 158 196 129  59  38  84 132 130  87  93  70  55 146 222 215 182 144 114 111 115 111  94  78  54  52  61  56  36  32  96 204 245 160  32  13  93 127  93  67  62  74 117 178 225 232 214 178 153 155 167 129  58  20   8   9   4  29 129 197 164  94  69  53  27  32  44  50  37  33  30  29  82 177 164  92  20   3   5   5   7 
 40  89 179 166  70  15  15  46  69  66  70  72  64  59  62  65  60  47  19  75 185 192 114  67  47  77 123 118  64  67  55  58 142 208 217 191 148 115 113 116 108  86  76  59  49  54  65  51  18  48 158 219 150  42   7  23  56 122 199 221 216 222 206 158 109 136 200 205 173 154 138  71  20   1   6   4  22 104 207 234 214 214 195 121  34  11  20  23  19  13  11  84 189 170  87  24   5   8  11  10 
 33 118 192 144  49   9  19  54  75  70  62  58  61  62  62  65  53  42  32 105 193 162  80  51  40  57 111 144  88  43  33  53 143 204 215 188 145 119 116 112 101  88  75  60  52  44  59  60  30  61 156 186 113  31   6   1  65 172 205 185 175 162 128  75  46  61 140 230 234 154  83  41   9   5  10   4  31 124 196 183 141 166 225 221 149 107 119 153 158 114  74 123 189 162  85  27   7  13  15  13 
 56 148 189 128  53  11  23  54  67  68  62  55  59  58  53  57  49  34  37 116 192 152  66  57  67  53  76 138 119  78  61  63 138 211 235 196 139 109 110 113 103  87  78  62  48  39  53  52  21  70 169 176  93  21   5  19 131 195 120  71  82  76  63  64  79  56  59 155 234 225 139  61  13  16  12   4  62 174 179 100  21  25 100 173 227 227 196 179 201 209 195 181 147 121  69  15   9  14  11  13 
 65 166 176 118  69  19  28  51  58  58  61  61  53  47  47  56  44  24  43 128 194 152  58  67 111  79  48  95 120 145 119  62  94 196 246 196 131 104 106 108  97  86  81  59  43  39  49  44  22  78 170 148  68  15   2  35 137 157  68  53  73  70  73  89  90  64  46  78 164 241 241 181  99  39   7   6  77 173 150  73  28   9  33 119 228 255 206 130 104 155 222 212 120  84  47  13  11  12   9  11 
 66 176 170  95  56  17  29  58  55  47  53  61  49  42  50  59  43  19  55 149 193 142  47  50 110  98  53  60  77 124 116  40  38 152 227 189 129 105 104 100  91  87  75  54  46  48  46  30  21  88 166 129  48  11   4  60 125 110  56  67  79  79  90  90  89  74  58  53  91 167 231 249 193  76  20   9  62 135 131  96  87  78 130 194 217 239 239 188  98  65 157 223 147  90  43  15  13  13  10  10 
 78 160 157  74  41  47  47  61  56  44  37  44  51  49  44  58  41  19  70 169 183 119  41  30  64  75  66  63  50  48  59  28  12  91 187 195 140 105 105  99  94  87  74  58  40  44  38  21  45 116 157 104  32  10  15  81 119  84  66  76  87  83  80  82  81  80  81  73  50  67 133 216 227 108  39   8  41 136 192 192 187 194 224 196 136 142 201 236 194  89 115 208 181 119  62  14  15  21  14   8 
147 122  86  41  44 101  76  33  30  41  39  33  43  48  43  44  26  22  90 180 173 104  44  19  30  45  66  82  69  44  34  31  37  94 173 192 143 107 109  98  88  89  80  59  37  37  29  24  73 144 142  74  23  11  21  99 126  90  65  72  80  78  78  74  80  79  83  86  47  26  66 179 207  98  26  15  69 175 226 212 214 206 165 103  64  42  90 195 241 195 154 170 151 108  56  20  17  16  13   8 
216 109  39   9  49 131  99  29   9  16  30  39  37  38  45  45  25  19  88 181 172  99  44  29  30  36  55  81  95  88  56  38  68 153 206 190 133  95 100  92  84  90  81  59  39  38  24  22  91 152 124  59  27  16  24  93 109  84  69  73  75  73  73  69  73  67  68  76  49  45 111 191 181  78  21  46 123 184 139 100 115  97  71  67  82  61  39  94 192 251 215 168 123  76  34  22  25  14  10   7 
179 156 100  28  38 129 163 131  74  37   9  14  30  35  33  38  23  14  79 175 170  98  40  16  15  34  57  88 104  88  57  31  66 165 218 191 128  89  93  89  84  88  78  56  37  33  20  24 108 151 102  43  27  25  33  68  78  72  73  77  73  69  72  69  66  68  75  66  32  44 148 205 166  72  19  75 152 146  78  33  60  74  75  76  89 100  74  57 107 209 247 229 180 120  46  17  16  14  17  14 
154 176 141  47  28 139 211 211 190 163  92  23   4  11  10   5   2  20 106 191 165  81  25  10  10  35  71 116 134  93  58  43  49 107 189 195 134 100  95  87  84  87  74  54  30  21  15  36 128 157  88  25  14  14  32  58  63  65  72  76  73  70  72  76  63  63  73  55  24  48 150 191 133  52  12 103 186 136  71  55  82  90  90  91  81  86  93  68  55 107 181 230 241 209 102  26  14  13  16  17 
178 145  89  36  57 169 156 126 147 193 200 138  83  79  97  72  18  26 125 198 155  76  36  23  23  72 119 139 136  90  59  71  56  54 120 165 139 108  96  78  80  88  73  53  28  17  18  44 137 142  86  64  52  20  19  48  69  66  66  72  74  73  74  76  73  71  58  36  26  74 168 171  80  19   5 118 208 142  73  74  89  89  86  88  79  82  89  81  66  54  73 136 222 234 136  36  14  10  11  16 
175  87  28  23  98 192  99  22  28 105 190 212 188 178 192 184 132  99 127 144 110  67  56  47  70 122 163 144  95  51  62  99  70  40  61 106 124 120  97  75  77  81  68  54  34  19  17  66 139 114  84 119 130  72  44  44  67  73  70  68  70  72  71  73  78  70  54  24  33  95 178 155  63   7   4 113 184 124  66  65  73  80  80  80  80  82  86  85  85  70  30  58 180 214 138  40  12  12  14  17 
137  57  10  22 107 168  96  17   9  32  88 133 142 131 129 172 217 209 141  62  51  69  74  81 112 131 136 113  65  36  80 114  88  55  33  60 110 125  98  79  77  71  63  55  35  12  17  91 148 109  80 113 146 134 111  60  58  70  73  71  70  72  68  69  71  60  47  20  47 121 163 132  60   8   2 104 161 103  59  63  72  76  77  78  75  76  82  80  81  78  35  60 185 204 124  35   9  11  11  14 
134  98  56  63  89 107 105  55  15   7  22  47  48  35  28  60 143 216 179  66  57 102 103 104 113 100  79  67  61  76 107 117  97  63  39  64 113 123  91  77  73  68  64  56  31   6  21 109 148 112  79  78 101 137 143  76  51  61  71  74  75  71  67  64  66  57  41  18  71 161 162 104  45   7  16 121 154  80  56  69  74  76  75  75  71  72  78  77  73  69  37  82 202 190  96  23   8   8   8  11 
143 149 144 119 103 106 125  79  33  26  23  16   5   3   7   1  35 146 196 120  93 124 148 154 125  65  34  49  79 114 123 100  67  37  60 111 130 111  81  74  67  74  71  53  26   7  30 118 134 113  86  51  35  63 100  79  52  58  67  73  73  69  65  63  64  57  36  20  92 184 166  89  58  47  71 150 147  68  59  75  75  73  74  77  74  71  76  76  63  46  34 103 202 165  66  12   7   8   8  10 
115 127 155 150 161 158 152 133 107  88  63  46  35  24  16   5  39 138 194 158 131 120 141 161 130  80  60  72  88 120 127  69  32  42 103 150 130  90  81  81  71  80  75  45  21  10  43 129 125 101  77  36   7  13  48  66  58  57  62  68  68  65  62  63  62  50  29  23  99 170 137  98 112 117 125 154 120  60  57  75  71  71  75  80  74  69  73  75  55  26  47 138 195 139  47   7   6   6   7   9 
 46  56  85 106 128 119 123 157 171 157 133 119 115  87  46  24  76 157 198 200 196 156 129 135 123 124 111  78  66 107 112  59  58 112 171 165 106  72  83  84  76  74  69  49  23   9  49 147 132  73  52  27  10  12  31  51  59  56  59  65  64  61  60  61  55  41  25  39 113 154 109  87 112 125 132 131  89  55  56  73  66  69  72  76  69  67  69  70  46  19  74 174 182 120  42   6   4   4   5   7 
 93  54  39  43  57  72  88 100 123 145 145 140 158 167 151 123 132 166 179 185 218 220 216 204 178 153  99  41  27  56  64  68 114 164 185 152  90  64  80  76  77  64  65  61  32   7  49 161 138  58  42  30  15  15  34  54  58  54  57  64  65  60  60  57  52  36  29  61 136 161 103  51  42  62 101 108  73  59  61  75  66  67  67  69  67  69  70  63  38  18  93 191 167 108  42   8   5   5   4   8 
203 173 137 114  92  68  58  40  38  66  81 109 131 144 175 173 166 178 179 175 181 184 201 230 234 211 160  98  75  84  86  81  97 153 178 149  97  65  69  64  64  65  71  65  39   7  53 159 135  69  33  27  13  14  43  56  58  55  55  60  61  59  57  54  48  29  28  89 157 164  96  36   6  20  70  82  72  65  64  66  69  71  70  67  66  75  68  55  30  27 119 189 133 109  51  13   5   4   7   9 
245 251 238 224 199 156 124 101  75  58  52  73  83  82  97 117 143 187 200 199 185 153 157 175 193 216 209 174 148 131 117 100  92 124 157 145  99  74  70  60  61  65  66  55  26  20  91 169 130  65  29  18  19  39  54  54  54  52  50  53  61  60  54  49  46  27  30  99 160 153  88  32   3  13  63  78  68  62  60  63  67  71  69  65  64  69  63  47  29  50 143 182 121 118  65  13   5   7   8  11 
164 188 199 219 235 238 232 221 186 148 126 109  80  74  87  92 121 189 208 203 210 201 185 175 164 169 164 152 146 127 112 113 121 135 151 145 106  80  74  61  64  75  66  40  30  81 146 142 106  58  22  17  52  87  61  40  40  45  49  53  61  61  51  46  44  24  32 113 167 143  85  32   4  19  73  87  69  58  57  59  65  69  67  64  62  66  61  38  24  73 162 172 113 125  81  16   7   9   6  10 
 67  86 102 120 157 210 237 233 211 212 220 190 143 140 167 166 147 185 208 207 217 215 207 206 198 177 138 114 119 118 101 104 134 163 174 157 106  79  82  69  61  71  69  44  48 134 172  96  55  51  19  20  87 124  57  22  33  44  48  47  54  59  55  48  43  18  35 128 177 138  74  25   6  34  88  88  62  57  56  58  64  67  67  63  62  67  64  33  20  86 161 150 102 110  71  18   4   4   5   7 
105  98  78  47  60 117 158 170 186 228 254 241 205 187 195 198 193 196 200 206 202 192 205 214 221 198 137  95 104 126 115 100 117 137 142 129  87  70  87  79  67  72  63  42  44 126 180 103  39  38  11  28 117 154  62   8  12  22  36  46  49  48  46  49  38  15  40 137 183 139  63  16  12  50  94  79  52  55  57  60  61  62  65  62  61  65  59  27  24 105 160 132  97  87  49  16   4   1   3   5 
188 164 131  96  96  96  89 109 174 234 254 247 228 201 189 194 220 207 190 185 188 199 198 201 202 176 122 100 120 137 127 115 126 118  96  84  63  58  66  61  69  78  58  36  38 118 189 134  69  41   9  27 121 194 143  74  39  23  24  34  35  34  40  48  31  12  46 145 186 139  56  15  23  61  89  68  47  51  58  61  57  55  60  62  60  56  42  17  36 138 174 125  96  74  31  10   6   1   2   5 
151 162 161 171 183 153 104  96 159 226 237 236 250 242 240 234 236 214 194 182 187 204 210 218 213 165  98  84 121 146 134 132 147 140 112  91  74  59  40  30  49  60  55  41  49 140 201 138  81  56  16  13 100 218 234 201 147  97  46  13  14  23  36  34  21  11  54 143 179 137  50  11  24  68  75  54  45  48  55  58  53  51  60  65  61  50  30  13  47 162 180 116  94  64  20   5   3   2   3   6 
140 129 123 110 114 149 156 129 125 165 172 172 208 222 234 242 240 240 229 225 221 208 206 219 211 136  64  53  66  83 114 137 137 142 152 156 148 118  78  52  39  32  31  28  47 130 184 126  71  43  15  20 102 188 182 171 208 224 178  68  13  10  12  15   8  17  86 145 152 113  44   8  28  97  73  46  47  47  47  49  50  54  61  64  58  47  28  12  57 166 168 108  95  57  16   4   3   3   4   7 
134 138 121  59  41 107 149 141 120 122 127 114 136 158 159 174 203 231 253 252 238 234 234 221 176  94  71 107 110  71  56  76 105 110 129 149 151 150 143 130 102  68  41  32  29  59 106  95  75  36  17  63 155 164  75  43  86 175 240 198 151 141 150 132  61  33 104 157 143  98  38   7  52 133  90  42  40  44  43  41  46  54  53  48  48  38  22  14  68 163 162 107  88  52  15   4   4   6   6   7 
107 107 121  78  39  69 104 120 133 112  92  83 111 114  93  94 138 180 200 222 240 241 250 230 158 104 126 188 214 171 106  75  76  65  66  90 107 126 147 159 152 135 117  96  51  21  33  48  61  40  24  82 167 160  56  15  10  50 143 204 220 204 203 216 173 142 154 145 111  73  28   8  76 152  83  26  32  41  44  41  42  50  47  40  42  37  20  17  79 159 151 103  79  42  11   3   4   8   8   9 
138  69  75  61  41  53  79 105 118  89  46  75 144 134 114 115 118 122 101 151 219 210 211 203 143 161 199 216 240 241 217 180 141 102  69  59  70  92 109 121 136 156 167 151 106  62  40  34  36  36  33  66 108 120  79  45  20   7  26  67  94  91  95 117 190 228 190 110  61  35  12  11  86 150  63   6   8  19  33  39  42  47  47  40  40  38  18  22  92 159 142  97  68  33   7   3   3   9  10  11 
187 101  78  61  57  92 121 110  78  69  42  73 142 160 178 175 137  88  38  78 148 147 139 122  90 154 209 211 218 211 222 240 233 207 159 104  74  63  68  90 113 127 137 139 139 130 103  72  47  42  44  49  43  59  69  62  41  24  12   6  17  19  11  22  94 157 158 102  60  37  12  16  93 158  85  27  25  13  11  15  26  32  36  32  31  30  14  33 115 167 134  87  56  24   5   5   5   7   9  11 
198 151 132 100  68 124 191 158  84  48  44  63  92 111 136 147 132  80  40  46  93 139 126  79  46  67 112 139 134 105 146 231 250 249 242 209 169 127  88  67  68  83  98 113 135 147 145 133 104  85  67  54  34  42  57  53  48  45  37  16  17  14  11   3  17  84 155 127  74  49  14  16  91 190 179 149 140 101  39   7  11  15  16  14  17  17   8  47 140 179 128  76  46  18   4   6   8   6   5   8 
180 157 160 121  66 131 209 191 124  70  54  61  91 105  68  92 128 100  80  80  88 141 173 152 120  66  26  41  68  54  76 167 217 218 224 242 248 224 170 121  88  72  70  84 111 122 130 151 147 124 103  90  83  77  68  57  64  59  52  41  32  25  21  17  15 101 168 128  75  48  17  14  95 197 186 185 224 212 142  59  12  10  18  19  16   5   4  55 152 175 117  74  40  11   3   7  10   5   5   8 
185 130 121  87  55 126 184 165 128 101  75  72 140 180 117 109 141 129 121 114  86 107 164 209 217 140  40  14  41  50  58 110 141 131 134 185 226 242 245 225 190 133  80  57  62  82 101 129 139 136 129 126 129 114  91  84  75  68  59  54  54  51  42  21  50 147 165  93  48  32  25  47 119 138  71  53 110 190 214 168  94  81  98 105  92  53  13  52 145 148 100  79  39   6   2   6  10   6   4   7 
202 137 117  89  68 127 172 155 120 108  85  67 136 211 181 132 120 108 113 117  89  73  62  98 136 130  85  46  40  51  68 104 127 113 106 121 134 179 232 245 249 218 181 127  74  62  59  72  99 109 119 129 129 125 120 110 111 109  93  75  73  70  57  38  73 144 140  75  35  12  15  92 168 116  34   7  19  58 127 197 214 202 206 223 227 186 114  96 139 121  81  69  38  10   3   8  10   4   2   6 
201 143 144 128  96 147 197 189 133  85  63  62 115 177 162 125 114  97  71  73  81  81  42  13  30  81 104  77  37  30  46  71 112 123 118 116 102 103 155 219 242 253 252 224 193 163 107  51  29  39  70  91  98 121 138 124 122 134 127 108 104 104  92  66  77 108 103  75  44  15  22 117 187 115  53  15   7   2  19  86 141 141 126 118 134 190 212 192 145  81  51  52  34  18  11  10   7   4   4   7 
196 122 142 136 104 167 221 198 141  81  62  85 148 184 134 107 132 144 112  94  90  91  58  20  31  79 110  80  27  24  31  33  76 105 114 126 130 106 130 195 183 193 242 254 254 244 211 151  98  72  55  44  55  75  93 103 108 128 135 123 120 122 118  95  97 107  99  81  61  36  36 103 141  76  40  20  14  10   6  11  22  21  13   2  13  76 158 182 122  63  51  47  33  16   9   8   6   6   9  11 
205 119 136 126  95 163 215 181 126 110  99 103 169 217 162  95 105 147 178 163 111  86  61  35  50  85 116  95  46  49  43  33  80 107 106 115 142 144 143 165 132 135 199 230 228 231 249 245 225 190 134  81  61  50  47  62  62  78  93  99 108 121 128 119 112 117 121 109  92  76  69  85  89  57  32  21  19  12   5  11  18   5   2   3   1   9  71 142 126  76  56  49  35  16   6   5   6   7  11  14 
210 129 139 124  86 147 207 189 140 125 111 102 165 227 187 102  81 117 165 145  89  79  67  60  70  80 116 131 107  95  52  29  94 126 106 112 135 117 101 130 137 134 170 196 177 165 201 235 250 251 237 201 161 131  97  61  38  42  50  63  78  94 105 103 103 117 125 114 108 120 117  94  86 101  84  60  44  34  33  18  12  16  16  10   9  12  64 156 166  95  49  44  36  22  12   9   5   6   8  11 
200 133 157 135  88 152 222 193 149 131 107  87 157 225 192 113 102 141 142 103  86  82  97  81  51  67 117 148 126 111  57  41 122 138  92  83  97  70  71 109 130 134 150 178 159 123 129 153 199 239 248 243 238 230 202 168 127 103  76  52  41  47  62  70  84  86  96 103 107 124 123 100 100 120 121 107 102 101  76  51  36  27  19  14   8  19  91 174 167  83  29  29  29  21  16  15   9  10   9   6 
199 140 158 148 106 155 222 192 137 136 118  85 149 224 191 121 110 147 145 125 132 117  97  74  34  62 125 149 123 105  50  51 131 131  91  93  95  57  58  95 111 105 119 151 172 167 130  99 107 138 175 208 222 238 251 250 228 204 169 134  95  66  54  62  58  54  62  76  87  96 103  97 103 111 113 118 129 129 110 108 101  75  49  46  31  20 109 176 120  43  17  17  20  18  13  11  15  16  11   7 
210 166 167 156 113 154 220 183 127 140 126  87 144 226 184 116 109 118 114 157 188 136  84  44  24  80 128 124 102  87  40  52 131 130 103 123 149  80  34  82  84  79  95 121 154 180 183 144  90  77  80  99 133 163 191 217 240 243 244 237 210 169 138 113  88  73  59  55  62  56  61  75  86  86  84  93 105 106 106 127 138 119 101 102  82  67 125 156  98  42  25  16  11  10  10  10  11  16  14   9 
227 190 191 176 117 145 213 179 140 149 130  89 145 226 169 114 110 125 101 104 132 110  72  36  37  99 119  85  75  83  41  41 114 123 104 126 176 121  42  67  83  72  85 114 101  98 155 182 183 153 104  74  82  95 105 123 166 190 217 242 250 244 235 226 205 184 139  94  70  46  41  50  52  51  60  70  75  79  83  87  92  99 108 118 122 115 118 115  94  67  50  38  26  16  11   8   7  17  17   9 
217 170 186 181 118 131 204 201 169 166 139  93 137 219 152  94 114 135  98  60  61  60  54  40  48 102 116  72  70  88  47  30  95 116 102 114 151 149  93  71 127 109  63  81  76  84 132 144 153 163 167 156 134 120 104  79  65  97 144 180 209 236 251 238 240 246 231 203 180 160 147 127  86  58  54  47  37  45  57  58  60  75  90  96 102 106 103 100 100  95  96 106 103  76  43  29  37  33  19  12 
176 154 153 135  88 105 174 199 189 184 155  96 122 215 152  98 134 134  94  68  74  78  63  29  56 131 123  61  77 105  59  36  96 113 101 114 150 144  83  74 149 148  92  77  78  94 120 131  92 105 156 179 164 159 158 132 100 108 106  87  92 138 182 210 215 219 239 251 248 246 242 228 188 151 136 109  75  57  58  52  47  48  52  55  62  70  81  93 101  99 104 128 139 117  90  86  93  79  60  51 
144 155 129  91  62  74 124 168 194 188 149  90 111 205 175 149 161 143 110  84  94 157 110  24  76 175 141  44  75 129  76  47  96 112 101 118 166 126  41  61 132 155 116  82  99 100  92 126  84  72 120 142 131 138 155 169 163 164 145 106  83  99 127 156 138 128 160 208 229 237 237 248 250 246 240 218 189 158 128  99  76  56  47  46  42  42  45  55  65  66  68  89 109 108 109 121 120 115 112 106 
142 122 130 112  70  49  78 132 176 156  98  66 103 180 192 190 158 114 127 145 110 202 169  73 127 193 143  37  73 136  88  45  83 116 117 125 165 140  71  74 139 148  93  70 126 137  78  88  82  69 105 140 131 100  75 115 155 159 167 171 171 152 139 110  72  63  79 127 160 170 184 201 216 230 242 241 230 219 210 196 180 156 131 108  84  68  52  41  34  38  47  55  67  74  84  93  91  88 101 119 
146 116 158 145  73  47  77 104 132 116  77  54  91 162 171 168 142 105 133 165 124 201 216 162 193 206 121  32  93 146  94  55  79 107 120 128 163 160 102 101 164 147  72  63 147 164  90 105 118  88  66  96 115  69  39  95 132 128 140 136 152 161 164 149 133 122  94  85  84  88 102 105 112 141 182 207 210 212 225 223 220 224 216 202 191 175 158 140 117  91  67  44  31  35  50  56  57  56  64  79 
154 152 176 146  77  75 119 131 114 115  92  54  72 135 155 141 112  84 125 162 116 192 235 208 226 223 130  48 114 157 107  70  68  86 113 132 154 155 109  99 171 166  86  74 147 144  77 131 170 114  55  73 102  71  53  88  98 114 134  83  73 107 150 159 166 181 161 143 124 113 105  78  64  67  81 107 131 142 152 163 186 218 235 238 234 228 227 229 218 191 155 121 101  91  77  63  70  87  83  69 
127 152 180 145  70  90 167 183 137 133 105  55  72 126 146 136  81  51 113 161 112 182 233 219 227 223 152  96 149 151  94  71  67  80  99 121 138 140 110  92 160 174 111  89 139 131  61 114 182 133  69  97 136 105  65  58  67 111 132  79  57  87 127 131 128 142 150 172 177 169 154 134 107  88  80  69  66  82  72  85 117 144 166 178 189 215 235 239 233 226 223 219 210 185 135 100 110 133 134 124 
108 100 142 133  62  81 170 194 158 134  96  61 104 143 134 108  80  59 114 156 108 179 238 228 227 215 164 137 168 121  63  64  72  84  92 106 126 137 116  97 152 161 107  86 138 152  82 102 180 130  65 116 185 153  79  47  93 125  86  49  58  96 125 133 133 121  77  73 109 143 151 161 154 152 165 147 109  81  62  63  73  71  64  78 121 174 213 204 181 174 207 245 243 217 172 148 148 161 175 190 
165  91  83  93  77  75 118 144 139 116  89  70 131 154 115 109 101  68 103 161 123 183 238 226 227 212 168 142 144  84  50  73  68  72  91 107 125 137 107  98 154 154  90  86 139 151 114 129 174 113  44  83 174 186 117  62 139 177  89  47  43  65  82  98 127 126  64  41  77 123 129 132 134 134 142 154 160 145 134 124 117 102  82  69  65  81 108 121 125 140 193 239 229 214 215 220 207 172 153 154 
211 152  79  60  63  79 116 102  82  94  82  79 129 137 137 151 112  56 102 163 121 191 237 219 226 214 177 140 136  72  42  59  50  68  88 100 127 141 102  82 146 157  98  85 124 132 114 143 162 106  52  84 157 176 123  61 123 208 157  98  55  49  75  82  87  96  72  54  87 122 126 125 135 110  63  77 127 145 150 145 141 150 153 137 116 106  95  89  84 105 158 196 197 215 237 243 241 211 191 184 
212 211 164 121  79 100 166 158  92  64  55  77 101 101 135 162 114  51  98 161 116 190 239 209 216 216 179 142 169 105  32  41  54  79  88 106 150 164 116  85 148 160 105  89 123 134 113 143 159 120  86 127 174 155  92  38 106 181 169 158 106  75 126 152 107  57  62  45  62  92  99 105 123  94  30  41 104 124 127 129 133 126 124 139 151 145 138 139 118 100 120 156 164 173 178 197 224 233 240 239 
208 224 229 192 121 133 203 217 152  74  46  67  96 102 110 119  93  54 106 164 117 185 236 213 219 220 162 126 198 150  35  46  84 102 101 116 166 190 136  88 135 156 109  97 135 145 111 127 155 128 105 152 184 144  81  47 124 166 148 163 112  69 125 204 170  76  74  42  49  87  86  65  72  72  34  34  82 109 115 117 129 100  58  68 102 114 126 148 154 140 133 151 155 127 103 129 181 196 199 206 
187 188 211 191 137 138 184 208 199 154  96  68 120 161 123  71  45  45 121 166 115 188 240 228 234 228 144 104 201 169  48  63 131 143 115 101 145 186 143  82 106 141 119  97 126 147 110 109 152 129 103 148 177 143  95  71 144 190 137 105  63  41  86 176 193 151 119  56  63 121 134  71  38  56  47  28  44  83  94  86 119 115  49  42 103 122 113 104 118 125 116 123 138 114  79  84 123 133 130 139 
172 161 177 161 112  96 133 179 208 220 169  92 127 203 182 111  36  20 108 164 119 195 248 229 231 234 156 110 197 173  55  75 175 186 112  70 104 136 124 100 123 154 133  90 100 142 129 120 156 132  98 132 163 148 106  66 139 204 149  99  58  48  92 142 147 172 163  89  74 144 186 131  69  52  35  25  57  99  80  50  79  95  52  47  97 116 112 109 127 120  74  62 106 116  98  84  86  85  74  72 
166 159 169 139  75  64 120 164 189 212 181 112 111 189 215 189 104  45  96 166 129 186 243 224 226 233 172 125 195 176  60  78 192 197 109  59  82  92  90 112 157 172 135  97 108 142 137 131 157 129  96 122 152 155 121  66 124 193 162 133  89  70 116 157 121 116 144  90  68 136 189 175 137 101  48  40 104 157 128  68  42  43  34  33  54  79  90 102 127 111  51  43 100 113 116 123 115 104  80  61 
145 155 168 130  61  78 149 163 162 164 137 103  97 154 186 217 185 111 110 175 135 167 227 230 236 228 167 124 188 178  69  86 187 182 117  83 103  94  67  93 148 153 116 118 146 152 123 118 149 134 105 121 144 155 133  79 113 181 158 142 108  87 125 183 149  68  88  60  60 128 178 179 177 164  85  46 104 181 195 125  49  47  52  37  49  78  72  51  69  79  44  47  96  89 105 156 169 167 141 112 
175 183 186 128  67  97 149 148 144 136 109  76  97 138 142 168 171 112 146 211 147 158 225 228 228 228 172 114 195 180  74  94 178 176 120 108 127 121  77  62 106 111 104 162 195 172 126 108 145 129 103 133 143 141 133  76 103 176 161 148 123 102 116 184 157  97  97  68  81 149 172 144 135 158  86  36  90 178 199 157 120 127  83  39  88 155 133  72  53  54  32  27  65  81  77 107 136 147 145 142 
212 215 204 179 156 152 153 150 145 132  83  50  92 146 159 142  98  81 174 242 175 144 204 233 226 231 174 114 198 188  87  91 173 179 124 109 132 142 105  75  90  83 114 191 195 141 110 125 149 127  95 122 149 159 142  70 113 186 160 137 113  99 115 158 157 123 138  97  87 160 199 148  96 104  65  39  87 160 161 125 135 184 115  49 117 192 207 139  66  51  38  22  60  87  60  53  87 117 115 107 
210 212 215 216 217 210 197 182 167 151 108  78  80 107 143 127  80 111 210 249 196 127 170 246 253 226 143  92 190 203 104  89 172 187 128 114 145 137  89  95 126  88  88 150 140  85  89 150 181 147  94 105 141 162 148  75 120 193 162 132 105  90 102 162 156 116 143 105  79 157 214 158  93 104  86  61  94 167 167 106  91 142  97  39  94 174 200 156 107  99  77  41  81 138 113  67  74  89  77  68 
195 189 207 215 212 221 225 211 197 194 180 164 122  96 113 113 138 197 244 241 202 111 114 192 226 175 110 119 210 208 111  92 172 192 130  99 125 112  67 109 153 104  67  94  86  54  73 149 197 162 105 114 144 159 139  66 117 192 164 141 114  93 100 180 161 105 132  98  74 154 198 151 110 141 121  78 100 185 200 124  57  78  74  45  77 156 167 141 140 164 126  59  91 167 174 116  69  60  52  46 
190 191 198 204 204 203 204 204 210 221 222 223 212 171 140 168 215 246 245 239 229 155 102 121 145 118 125 193 246 193 105 101 175 190 130  78  83  74  73 144 160 105  89 108  95  58  59 117 151 125  98 138 180 186 152  70 110 177 156 150 127 101 110 163 162 122 139  96  77 155 190 141 107 143 120  79 108 188 202 140  87 107  90  56  89 161 173 130 105 132 117  59  80 155 185 146  86  68  59  47 
188 198 198 200 203 199 195 195 204 213 217 223 240 227 183 192 233 251 252 254 244 214 182 156 138 138 182 233 247 175  99 120 179 187 134  93 101  76  74 140 141 103 115 151 134  69  56 112 116  67  64 137 189 200 169  80 103 165 157 169 145 107 112 150 157 136 147  98  82 146 194 146 100 124 105  81 115 185 188 132 116 159 115  61 107 169 191 146  94  94  82  45  78 144 159 136 117 106  78  52 
195 194 197 198 199 205 206 201 201 199 206 206 216 225 206 186 196 203 217 235 248 255 250 229 200 203 231 241 238 167  94 129 185 190 136 104 149 126  71  90  92  89 124 168 148  73  73 141 124  48  40 107 160 172 144  78 116 170 167 190 166 113 110 160 158 133 146 104  90 140 197 150  96 117 104  80 115 183 186 119 114 181 133  62 102 157 183 158 116 102  80  57 100 163 166 139 132 116  80  51 
190 191 192 196 199 201 203 206 201 200 204 203 209 221 219 205 190 174 168 180 213 236 242 251 252 247 241 237 233 174 103 125 177 188 127  82 157 182 112  75  75  75 119 158 125  64  87 165 157  81  42  72 118 112  80  83 138 158 150 185 174 117 112 163 156 134 156 105  90 147 204 148  94 126 116  79 115 177 185 122 112 166 134  73  99 153 178 149 108 131 116  69  98 171 197 162 111  82  81  79 
183 193 196 198 198 199 201 203 201 201 207 205 210 221 217 218 228 224 195 168 169 186 213 234 245 242 238 237 233 193 146 153 181 185 127  81 143 219 180 102 127 125 115 124  91  57  89 172 180 106  50  70 109  89  53  69 112 121 123 165 149 107 111 152 151 146 168 107  86 152 199 146  97 130 119  80 113 174 181 145 126 136 118  91 105 158 179 135  90 143 140  72  95 172 197 155 103  95 111 118 
187 189 192 194 195 194 197 199 206 208 213 208 210 216 215 235 240 241 228 208 201 201 189 183 184 207 237 249 237 205 188 198 214 208 159 115 147 218 193 119 170 189 127  77  52  63 110 173 161  81  45  85 135 125  76  54  62  85  99 110  73  64 100 180 200 187 182 124  93 136 187 143  95 127 118  72 101 179 188 147 127 139 111  81 108 160 184 145  99 145 137  72 104 182 190 141 112 128 132 113 
188 182 186 192 193 193 195 198 207 210 216 210 210 216 215 223 218 218 219 220 227 229 212 195 176 177 193 196 183 164 164 171 167 157 148 138 167 198 148  87 133 204 163  81  68  93 110 142 122  63  68 123 154 148 107  59  58 101 108  84  38  46  94 161 184 174 168 125  94 132 194 165 114 138 129  78  93 171 183 139 124 150 126  81 102 168 189 147 105 136 129  79 109 183 181 134 126 147 128  87 
173 185 192 198 197 192 191 193 202 206 213 208 209 219 215 197 209 220 219 211 208 214 234 246 233 202 176 156 139 133 133 122 108 101 110 122 164 167 106  74 107 197 188 112 124 134  88  91  90  70  98 163 175 149 109  74 102 142 127 104  66  50  70  93 101 104 116  83  60 117 200 196 149 165 160 104  97 152 187 165 147 156 125  80  95 174 192 138  96 135 134  81  99 167 172 131 122 144 123  79 
145 159 171 184 189 188 190 193 200 204 210 203 205 215 214 207 208 212 214 209 203 203 212 226 232 235 225 191 155 139 139 137 158 163 134 110 131 111  82 122 153 191 153  91 150 174  99  93 101  67  76 143 173 137  89  77 133 162 136 135 101  40  31  77  91  78  64  39  20  72 171 194 154 172 179 119  97 161 211 185 159 169 135  84  94 166 194 147  93 137 135  76  98 161 163 130 122 153 127  66 
130 121 129 147 161 167 175 189 196 205 211 206 204 208 207 208 207 208 212 211 205 202 204 207 216 233 240 201 134 125 131 141 201 233 200 157 142 105  90 150 186 163  99  80 148 195 151 118 149 107  41  77 121 109  80  89 152 164 147 151 114  45  38  86 102  79  62  37  14  34 103 136 135 143 133  88  94 177 203 161 137 177 172 104  97 168 192 132  99 146 144  81 102 168 166 130 123 152 125  49 
140 123 119 123 132 136 141 148 168 184 198 203 204 202 200 206 203 200 202 206 206 207 211 211 210 212 220 188 116 106 112 125 189 232 234 213 199 171 142 145 141 111  89 113 164 192 151 116 177 166  66  56  95 104  73  80 127 132 132 140  98  46  68 111 120 110 109  57  15  26  67  82  82  92  82  45  67 164 183 140 109 147 172 115  82 157 187 132 113 160 166  92  88 167 177 132 116 130 107  49 
133 131 133 130 120 116 115 114 135 151 167 179 191 201 204 203 197 195 199 204 202 202 209 210 208 210 218 195 124 105 116 127 171 202 217 225 233 228 207 170 111  69  85 142 185 167 101  92 192 226 133  82 115 133  72  56  91 100 100 106  69  43  95 151 143 138 146  73  15  37  70  73  60  73  62  22  37 108 141 116  88 103 118  79  60 135 191 169 146 173 175 100  76 144 174 140 119 116 102  73 
 87 103 123 133 126 123 125 123 123 131 136 141 160 191 208 194 193 196 202 206 205 204 211 212 213 217 222 189 117 113 134 136 165 187 195 201 216 225 232 218 163 108  98 145 172 134  79  91 189 243 173 113 153 183  98  39  72 105  89  59  34  45 106 180 166 149 140  60  11  48 108 112 104 116  83  21  29  78 105  85  72  77  67  35  38 105 180 192 174 182 170  98  73 121 165 160 137 119 107  89 
 44  51  68  89 113 135 144 139 131 136 134 128 142 172 195 197 195 195 196 199 202 200 192 195 201 216 232 204 127 117 136 125 157 193 205 196 202 210 216 230 222 195 174 158 120  86  96 138 181 191 134 102 167 225 167  69  93 168 150  68  25  46 103 146 164 151 117  37  12  65 121 117 110 142 111  33  44 120 132  96  86  94  76  35  25  64 118 141 136 147 150  88  52 120 186 173 144 150 139 101 
 36  33  32  45  75 106 124 129 135 143 146 143 150 163 175 194 196 194 189 186 188 193 199 197 201 213 227 202 130 121 130 120 155 194 210 202 207 210 204 216 228 230 233 191 120  81 110 165 169 113  84 106 169 222 217 120 102 191 198 118  42  26  64 104 131 119  87  28  27  94 167 146 123 151 117  37  65 167 177 132 133 149 103  39  30  53  75  80  75  89 111  63  30 114 180 152 129 170 150  79 
 46  42  36  34  40  50  76 102 122 131 140 147 155 157 155 161 178 193 194 189 188 192 199 204 206 211 218 191 120 112 125 132 169 191 200 196 202 207 206 212 211 210 217 208 194 156 132 153 133  76  88 153 178 185 202 118  90 168 207 180 104  44  57 118 111  72  54  25  34  94 150 143 121 140 105  47  99 190 187 133 156 188 115  28  35  73  90  85  71  83  85  34  25  87 133 113 109 166 136  42 
