132 108 105  95  99 114 116 123 156 183 206 204 212 226 240 249 250 254 253 254 240 232 211 183 166 149 129 111  99  92  86  75  71  76  79  65  70  95 114 118 115 108 110 118 117 118 120 109 102 101  94  77  63 112 187 183 143 156 186 179 147 146 177 213 177  77  24  19  19  32  44  40  35  41  47  59  70  77  74  69  73  81  83  74  73  73  64  57  60  67  67  58  55  65  73  72  75  75  71  74 
186 168 178 144  82  74  93  84  76 113 152 147 142 159 170 192 216 225 230 238 242 249 254 253 251 245 233 219 203 179 151 125 107  99  88  73  63  62  66  75  83  84  86  91  85  93 112 112  96  86  83  78  88 149 186 155 120 129 163 171 150 118 130 189 194 101  23  14  28  28  26  31  36  42  47  60  67  71  68  69  77  87  82  71  69  68  60  55  58  66  70  68  66  71  72  68  76  81  77  72 
150 139 162 139  86 125 190 166 101 103  97  70  88 110  96  82  86 121 155 146 160 186 214 226 227 232 242 248 251 248 239 231 223 213 198 173 145 126 112 102  93  78  76  70  54  54  69  76  79  75  58  54 106 171 161 118  98  97 124 150 156 139 118 140 179 152  78  29  25  31  37  40  40  45  52  64  67  66  64  65  74  83  79  70  66  63  56  51  52  59  64  65  65  72  75  72  74  83  82  74 
165 152 134 118  89 106 149 156 107  85  53  33  83  98  84  51  14  31  67  60  85 118 151 168 168 171 177 206 216 222 227 241 246 246 253 245 236 233 225 209 193 175 168 159 140 124 113  97  90  95  69  46  91 147 149 139 131 109  99 120 151 160 127  97 128 172 149  79  47  67  85  80  77  84  88  89  88  83  76  73  75  80  84  81  78  76  68  60  59  58  61  61  62  68  70  70  73  78  78  75 
145 174 133 116 113  87  86 103  78  78 106  87  58  85 130 142 104  55  36  54  83 105 133 157 169 159 140 151 148 140 142 162 183 195 204 224 242 250 252 252 249 246 245 247 239 225 205 189 181 175 164 129 120 160 194 207 205 175 140 141 177 187 172 141 132 163 163 121  88  87  85  79  88  99  94  96  95  93  91  92  95  97 106 105 105 104 100  95  90  87  90  93  92  88  81  78  86  87  87  86 
 71 134 159 160 130  76  80  80  65 113 180 124  45 112 198 231 217 153  76  73 105 132 149 158 173 178 162 152 140 130 125 121 125 131 140 159 172 177 187 199 205 211 227 244 243 245 251 250 247 246 243 226 203 222 246 245 245 235 215 206 223 232 234 219 201 196 178 173 160 124  91  87  93  94  94  96  93  89  90  94  98 100  98  98  98 100 103 105 104 101 104 107 109 103  97  95  99 101 103 101 
 98  76 143 177 137  91  84  72  92 150 156  82  65 176 245 251 235 203 139  81 100 139 155 140 145 164 175 179 182 188 188 173 155 148 147 141 131 118 116 117 110 123 147 162 162 178 202 208 215 223 222 225 228 239 248 237 236 246 242 238 238 243 246 243 246 243 226 229 234 200 166 159 149 134 139 132 121 108 101  98  97  94  88  85  83  85  92  96  94  89  92  93  94  98  99  97 101 103 104 103 
183 120 103 132 177 158  85  59 100 135  71  48 142 238 253 217 143 141 184 119  78 137 189 183 166 144 142 160 174 180 176 174 169 160 155 153 158 148 152 164 152 142 140 125 122 133 127 106  93  97 110 115 124 155 175 165 177 199 189 187 187 185 203 229 243 244 245 244 247 252 247 242 235 221 220 221 213 204 198 194 187 181 187 184 177 173 174 166 154 144 143 139 140 142 140 135 130 124 118 115 
167 193 107  75 174 209 135  82  98 106  47  71 205 252 244 158  54  91 185 169 119 141 185 196 179 142 132 175 192 190 178 179 187 183 165 171 177 165 161 166 158 145 143 138 143 150 143 128 104  91 105  98  65  60  72  86 114 119  99  93 101  94 117 166 188 179 173 181 204 217 221 229 248 255 255 255 255 255 255 255 255 255 255 255 253 250 247 241 234 235 223 224 227 216 210 214 207 203 197 194 
109 203 165  78 108 161 148 109 116 113  80 133 229 252 196 109  76 123 172 172 174 168 159 143 152 157 154 173 201 209 198 200 207 201 181 196 204 189 169 157 148 148 164 163 161 168 164 149 131 134 171 177 127  75  68  91  99  89  87  93 105  90  76  92 122 125 112 111 133 124 105 119 152 168 179 189 193 194 192 192 201 213 213 216 220 224 235 244 246 247 254 254 252 252 252 251 251 249 248 249 
145 204 172 113 126 133 115  93  98  96 113 196 249 240 153 102 138 164 159 173 163 192 196 146 152 174 155 134 159 169 163 167 176 173 167 188 208 219 217 213 218 222 204 178 178 181 137  87  89 127 176 196 171 126 112 122 121 125 142 151 149 143  93  58  96 126 106  88  95  94  73  68  95 116 118 120 124 123 113 107 116 131 140 147 153 161 173 182 183 183 195 197 188 187 200 213 224 225 227 227 
195 188 140 126 171 198 143  73  46  78 161 241 253 215 148 125 142 147 157 189 130 141 209 211 160 142 165 164 180 191 189 184 176 168 160 162 160 168 169 165 176 183 165 149 164 187 165 141 163 190 197 185 166 144 111 101 142 173 165 154 162 172 130  87 105 120 100  78 101 137 142 133 156 178 171 166 171 170 153 134 129 134 142 148 152 153 151 142 131 120 112 112 100  79  91 121 133 144 151 148 
193 158 123 134 168 200 157  66  35 125 229 252 235 187 152 156 134 119 151 179 117  84 176 236 179 143 188 204 202 205 209 205 198 197 199 184 163 166 161 148 153 146 136 130 132 147 172 193 206 206 197 191 178 155 115  79 111 171 173 152 148 145 150 146 128 110 106 120 129 135 133 146 168 169 168 170 179 182 170 155 151 156 163 167 168 168 165 150 134 129 131 133 126 110 112 126 135 148 155 152 
150 138 126 128 137 127 111  82  83 185 255 237 222 180 153 153 135 140 152 156 135  82 111 185 202 190 193 211 209 205 206 212 216 217 226 212 205 213 211 200 195 181 157 134 120 115 142 171 172 174 189 196 187 176 145  96  82 136 180 170 124  91 111 149 125  90 135 184 162  98 100 141 133 134 147 153 159 164 160 155 158 168 180 175 171 172 171 162 153 162 174 179 177 184 185 170 171 188 194 180 
144 150 150 139 125 104  87  90 118 207 255 243 217 183 140 139 165 176 154 157 162  93  79 153 216 208 167 190 207 217 215 213 212 206 192 197 211 223 227 226 228 217 168 136 139 142 134 129 137 169 203 190 166 177 175 145 103 104 145 153 102  60  72  94  81  86 149 200 176 143 146 173 181 183 187 203 204 201 194 190 193 198 189 184 181 180 178 173 167 171 174 176 169 170 167 150 149 179 196 173 
180 191 185 153 123 137 130  89  90 179 239 246 241 208 152 140 168 175 155 163 166  99  97 177 227 207 168 178 180 179 181 190 202 205 181 195 207 211 211 216 230 228 173 141 165 192 161 129 152 182 201 189 178 174 164 184 169 106  87 110 113 110 112  94  77  93 116 122 151 199 177 161 195 186 185 197 196 196 200 207 208 206 203 204 207 211 215 219 221 225 223 222 197 174 183 202 216 210 223 193 
212 188 181 167 147 181 182 111  56  91 178 246 253 235 204 154 119 131 161 175 152 110 146 210 195 166 176 170 149 139 156 181 198 204 204 208 208 203 201 206 213 213 191 167 176 206 184 146 175 208 196 183 195 175 132 180 222 155  92 100 140 143 109 101 132 154 146 111 113 175 179 164 174 148 144 155 158 167 183 202 206 200 198 200 202 203 208 218 226 228 234 235 189 143 157 197 235 220 189 155 
199 151 147 174 181 183 162 142 108  53  78 180 243 252 246 188 114 103 148 178 138 146 195 209 163 139 153 147 142 155 179 191 191 192 197 201 204 206 210 210 209 213 216 205 193 203 185 134 146 202 206 185 182 169 129 159 227 215 158 129 131 121  88 120 174 164 151 125  98 134 186 204 179 147 148 169 172 171 182 205 218 216 205 202 195 188 189 196 201 186 196 206 177 131 116 122 141 144 122 122 
178 157 128 158 200 170 118 128 161 109  35  58 187 249 254 232 181 130 133 156 128 173 203 177 167 175 161 150 153 173 190 186 176 177 182 197 206 206 208 210 214 221 220 221 210 212 195 144 139 179 200 195 187 178 148 149 208 241 204 165 143 116 111 151 166 132 124 120 118 133 176 199 169 156 176 194 191 180 177 198 222 232 236 233 228 223 224 229 232 214 214 224 225 213 187 151 118 107 131 175 
181 169 107 146 224 163  82  86 144 160  98  35  76 191 243 254 238 179 146 144 138 174 162 115 144 202 201 180 172 185 203 194 173 166 188 212 219 207 205 217 228 218 207 210 200 206 203 173 179 198 193 187 201 206 181 151 173 225 221 211 186 129 113 119 135 177 193 170 138 143 171 185 170 168 191 213 213 199 188 201 225 238 240 238 238 238 239 240 242 247 236 226 230 250 244 213 201 184 155 154 
193 157 109 180 247 184  81  74 141 203 188 115  44  79 168 235 251 224 170 159 187 187 158 136 130 127 137 148 171 201 212 198 177 169 185 208 215 208 208 212 212 213 209 209 214 215 208 193 197 211 196 189 197 206 203 164 162 207 224 230 215 175 151 123 147 227 235 181 141 157 184 186 173 175 195 213 224 222 219 221 225 239 241 234 234 241 240 235 235 243 236 229 235 252 252 243 230 228 177 103 
180 127 135 213 252 225 132  84 131 185 210 192 124  79  88 153 224 225 195 188 195 154 157 196 170 105  81  88 108 150 190 199 186 178 194 199 194 193 202 208 208 211 208 214 219 213 203 191 190 209 211 202 187 193 201 182 179 204 217 224 219 205 199 182 203 244 208 150 155 187 191 174 176 190 203 219 234 238 238 235 228 233 239 234 235 240 240 236 234 236 232 244 253 242 233 228 182 154 130  97 
138 127 189 226 225 246 211 105  81 123 164 206 229 186  92  71 147 188 189 195 145  90 111 184 201 162 119  75  76 106 153 186 199 204 202 196 190 195 206 207 203 206 204 211 211 195 183 181 190 209 222 213 185 183 202 207 199 201 212 215 211 223 232 219 233 232 168 140 187 205 180 167 190 202 208 228 240 242 241 237 230 234 238 236 237 241 241 239 238 240 246 248 236 215 207 204 153  89  89 121 
116 159 230 230 185 211 213 149  92  97 165 234 254 251 157  71 101 153 153 169 106  73  78 111 158 182 157 121 131 152 175 192 207 215 207 206 204 208 214 210 203 200 200 207 207 192 181 178 187 208 216 214 201 198 206 211 197 193 220 225 213 223 226 215 223 202 146 167 225 194 155 182 214 204 210 223 232 231 230 230 227 233 234 235 236 237 238 240 242 247 252 245 213 179 162 164 189 174 158 166 
169 217 232 187 119 112 153 204 197 180 224 251 236 247 201 117 124 177 153 121 139 120  91  74  93 138 160 162 190 204 198 196 202 207 213 212 211 211 213 212 210 205 207 210 207 196 181 177 198 217 211 206 209 209 215 211 180 181 227 239 219 217 215 214 221 186 149 194 233 168 143 203 221 195 200 208 219 223 228 228 221 224 233 237 236 235 239 246 248 222 208 225 223 164 121 136 213 219 178 188 
211 215 175 133  99  67 109 196 249 251 250 224 231 253 225 155 123 157 161 117 151 144 111  84  74  94 133 168 201 206 187 192 207 206 209 210 214 214 211 209 207 205 212 212 213 208 186 177 208 229 217 201 201 206 225 209 158 165 220 242 222 217 213 224 231 182 153 191 213 159 162 216 213 193 189 203 218 225 230 230 219 218 231 236 235 231 237 250 252 198 158 190 224 169 109 110 146 158 171 203 
211 161 118 131 138  99  90 151 236 253 250 227 235 252 237 172 101 100 157 173 129 124 119 117  93  68  86 156 201 207 195 209 218 212 206 211 214 214 210 207 200 196 210 215 213 219 202 173 189 217 218 208 204 215 231 199 140 151 211 242 230 221 213 228 229 172 150 187 205 168 188 224 210 204 195 210 222 223 229 233 222 221 224 228 226 226 235 247 249 210 157 146 175 160 112  83  82 140 195 197 
197 134 107 131 144 128 117 153 217 235 243 249 248 236 199 148 128 123 157 190 138 118 132 170 153  95  82 150 208 214 211 224 220 221 213 220 214 207 209 212 206 201 209 206 192 208 199 159 164 198 213 219 218 221 226 193 141 150 211 239 226 217 212 228 218 157 148 202 216 173 186 219 212 216 215 213 221 220 229 235 223 223 228 224 219 224 236 241 237 239 199 127 119 129 110  83 104 145 149 150 
119 118 122 132 147 162 180 188 174 160 176 214 243 190 110 101 157 167 132 115 150 153 160 188 186 135  98 148 199 208 206 215 217 218 213 219 217 212 213 212 206 209 202 173 186 208 187 160 179 215 216 213 213 209 214 189 137 149 212 238 220 210 215 232 209 146 145 199 214 176 185 215 208 210 211 207 218 233 231 222 220 221 232 228 221 219 225 227 226 244 236 203 181 140  96  88 129 146 162 158 
 92 162 195 185 187 208 221 214 170 131 108 132 179 129  63  88 161 199 147  80 124 159 180 177 154 136 137 145 174 178 178 190 194 196 198 206 208 205 203 196 193 201 181 154 175 201 170 140 174 213 218 211 208 208 221 198 141 147 210 237 216 207 216 227 195 139 150 199 213 189 200 215 193 187 194 207 215 231 226 218 227 226 221 224 226 227 228 224 219 227 244 250 230 144  91 101 119 107 125 166 
169 227 249 239 241 241 230 227 213 194 134  97 108 114 123 139 133 176 189 146 110 131 163 155 122 123 152 154 157 150 151 165 173 173 178 186 192 193 188 177 172 177 165 158 147 166 161 125 140 187 217 222 212 217 241 221 161 153 203 231 218 210 216 222 190 149 172 213 219 206 216 215 183 176 196 214 208 211 211 218 236 232 217 222 228 233 231 228 227 226 219 193 170 121 102 116 102  66  62 130 
241 238 232 238 250 240 233 233 238 240 205 163 148 185 221 192 107 114 193 228 163 126 124 132 133 150 171 179 170 162 162 170 176 174 176 181 187 189 183 172 167 163 159 158 127 133 156 140 142 180 215 229 217 215 233 225 183 165 192 215 219 222 222 221 191 158 183 217 224 213 214 211 186 183 208 213 201 189 187 208 228 230 228 229 231 231 229 231 237 236 186 117 123 148 134 104  99  93  74  82 
247 234 230 240 241 245 243 238 247 242 241 233 220 240 254 228 172 137 186 242 228 165 134 147 174 204 210 219 212 214 212 207 209 208 206 205 206 208 205 199 193 179 165 154 152 151 159 173 185 192 200 221 229 225 226 227 205 174 170 179 193 208 209 210 186 155 179 217 225 209 203 209 199 185 190 201 200 175 167 188 207 223 222 222 226 224 216 215 223 229 200 157 166 168 142 111 102 121 122  94 
226 234 238 241 238 238 234 237 242 233 238 247 245 245 241 245 237 213 220 231 231 213 196 194 209 229 234 239 239 241 237 230 228 226 220 217 222 220 216 220 217 201 189 185 197 195 174 174 193 196 205 226 229 221 220 233 240 206 162 141 156 183 187 189 180 169 195 231 227 197 195 208 198 181 166 183 189 173 161 176 197 206 207 211 214 210 203 203 207 215 205 188 172 138 118 123 124 132 142 139 
226 224 224 228 233 228 232 235 231 228 233 242 249 244 235 246 249 243 245 234 234 245 242 231 232 232 222 233 234 231 227 224 223 225 220 216 224 224 222 226 223 216 211 210 222 228 203 177 184 197 210 231 232 215 216 238 244 221 194 180 191 201 193 193 205 219 239 248 221 185 188 209 201 183 167 180 179 168 167 184 192 180 188 191 190 189 192 200 205 196 204 179 130 108 120 132 133 148 154 170 
228 216 213 225 237 236 234 233 229 231 236 239 241 236 233 237 236 231 239 241 249 249 248 246 238 229 222 225 224 221 218 219 222 226 224 218 228 232 233 231 224 224 232 226 227 236 222 199 200 213 216 230 230 204 201 221 215 207 220 233 233 221 206 209 225 241 250 243 212 180 184 210 206 189 185 189 188 182 182 196 198 185 186 187 188 188 192 201 206 213 234 196 127 137 185 179 150 170 184 195 
240 236 232 235 237 231 226 233 237 234 237 237 225 225 235 238 232 229 237 246 228 214 222 239 234 227 235 223 223 221 220 219 223 225 224 223 234 235 232 232 225 224 241 238 224 220 227 225 220 225 225 230 216 186 189 211 205 198 218 231 217 210 213 220 216 204 206 206 195 177 181 202 196 184 194 198 208 209 199 201 214 221 216 218 219 219 217 217 218 231 229 194 150 189 235 214 188 196 223 216 
233 245 248 247 242 236 236 249 253 241 242 245 233 221 232 243 249 246 221 192 178 173 178 202 230 237 230 220 222 223 222 220 220 220 220 222 233 230 223 226 224 224 227 230 224 217 230 239 227 225 233 238 219 203 213 231 232 221 227 227 209 213 225 231 218 196 190 185 182 182 190 201 191 176 189 205 215 217 209 210 219 227 229 228 226 224 224 226 229 232 218 202 187 216 243 226 219 219 234 223 
154 175 190 200 210 217 219 224 228 225 225 229 233 234 241 237 239 235 190 139 166 144 127 164 223 241 223 215 218 220 219 216 214 214 215 213 221 219 216 220 219 218 213 215 221 223 230 234 232 231 236 243 235 236 242 246 248 242 247 245 239 235 235 242 237 226 225 212 202 213 215 215 210 194 200 215 219 218 218 222 221 218 220 217 213 213 218 224 227 225 220 218 216 222 231 229 230 228 224 220 
 77  88  94 102 119 132 139 139 153 174 174 173 189 214 219 190 168 168 149 135 180 120 106 182 237 234 219 213 214 215 214 213 213 213 210 203 210 212 213 216 213 215 222 220 217 224 230 230 236 237 229 230 233 238 247 250 242 239 248 248 250 242 240 248 245 244 249 247 238 243 232 221 223 216 221 228 233 232 228 228 231 233 228 227 227 228 230 230 229 223 225 227 233 229 226 231 232 231 230 234 
147 117  88  80  82  75  75  78  95 115 138 134 131 152 157 116  92 117 135 162 157  89 135 229 242 235 232 238 234 222 221 218 213 218 220 218 214 210 210 213 214 219 226 225 224 228 229 229 229 227 231 231 226 229 240 244 241 241 243 245 248 246 245 241 240 247 247 248 249 249 229 206 210 222 233 237 243 245 240 239 242 242 241 243 244 241 238 238 239 237 233 235 237 236 235 237 239 239 239 239 
220 195 185 172 150 138 130 107  97 121 180 179 123 106 107 112 116 118 120 115  60  75 163 226 213 196 197 196 213 220 225 225 218 221 230 226 234 239 231 228 231 229 231 230 231 234 231 224 213 209 218 229 231 233 242 246 241 242 244 243 235 236 244 241 241 246 242 241 243 243 218 197 210 227 233 235 241 241 238 239 242 243 240 243 245 245 243 244 245 243 238 239 241 241 241 243 244 243 243 242 
199 209 232 229 207 209 203 150 120 152 192 168 113 107 107 130 145 121  86  50  44  96 141 155 156 147 138 149 149 161 192 204 200 205 199 202 216 227 228 237 247 240 238 236 239 243 243 241 234 217 216 225 231 240 249 248 239 240 246 242 229 227 234 236 241 248 244 242 246 246 221 198 216 235 237 229 233 237 236 236 237 237 236 239 241 243 242 241 242 242 236 237 240 240 241 244 244 242 241 239 
186 196 217 218 208 211 186 157 174 163  90  47  88 133 136 127 112  77  42  50 117 157 135 112 139 150 138 168 155 137 145 153 142 137 133 140 134 130 145 168 181 182 184 186 193 204 217 226 225 219 218 218 220 236 247 239 229 231 243 248 243 244 251 247 246 248 242 239 249 252 227 202 213 228 233 231 234 239 242 240 237 235 238 239 240 241 241 239 239 236 231 233 237 237 236 241 245 243 242 240 
175 186 213 236 238 220 155 127 155 141  78  66 117 135 137 122 128 114  58  45 149 176 145 134 168 161 121 131 180 170 136 144 146 126 129 130  99  72  85 102 105 108 111 113 113 120 136 150 161 179 188 175 164 176 201 210 202 206 219 230 234 232 234 229 229 236 235 237 244 242 221 204 208 216 225 230 232 238 242 239 234 233 238 236 236 236 237 236 234 231 231 235 241 240 237 239 240 240 239 238 
154 113 113 144 177 194 134 100 125 120  94 108 129 149 130 114 139 152 115  78 112 130 127 132 145 121  78  86 195 230 195 191 195 186 189 179 155 140 147 145 137 141 134 130 121 112 116 122 128 140 134 104  90 113 146 160 161 162 163 166 167 177 186 186 194 212 220 229 231 220 202 204 214 218 228 229 224 226 230 230 230 232 237 233 231 231 233 233 233 231 233 243 249 246 241 238 233 235 237 236 
112  67  38  50  98 124 108  85  94 108 108 118 122 127 108 103 128 127 124 112  72  99 125 106  87  89  84  62 169 241 236 223 226 225 223 221 214 216 222 217 205 212 207 199 192 186 178 175 175 164 135 105 109 150 170 163 164 165 155 144 139 146 154 152 152 161 167 174 179 168 163 172 177 183 197 223 222 221 226 225 226 231 236 231 229 232 235 235 235 232 233 240 248 249 243 237 233 235 239 240 
 93  87  81  81  81  80 100 115  96  93 115 110  95 104 118 108 119 109 107 115  95 125 133  92  82 104  97  78 167 236 236 227 225 218 225 230 229 231 226 234 230 234 240 235 233 239 235 227 226 213 187 173 191 225 239 228 222 219 200 185 181 181 179 168 152 144 144 139 151 146 148 149 130 125 146 179 185 186 186 185 186 187 192 192 196 201 201 201 206 209 206 201 207 221 224 217 210 211 214 220 
109  80 160 184  75  64 136 175 124  91 124  99  65 128 162 162 168 180 131 108 162 151  92  81 116 107  79 110 204 238 238 237 226 236 238 229 234 241 225 227 230 227 225 232 233 223 226 234 231 224 219 213 216 233 241 243 251 245 229 232 241 232 228 225 215 210 209 207 205 203 190 192 173 117 105 126 136 133 125 131 136 129 128 137 146 142 133 139 152 155 154 149 151 168 182 181 171 171 165 172 
 60  22 130 204 111  65 152 227 180 105 123 115  71 157 168 151 176 182 136 141 166 110  63  97 133 100  67 130 205 239 246 241 231 241 234 243 242 245 239 238 223 208 203 219 234 231 231 242 244 226 215 221 231 229 232 238 243 247 245 251 253 251 251 252 252 250 250 250 245 243 234 232 227 192 164 159 167 168 162 165 166 156 148 153 157 149 138 142 154 163 160 152 146 149 152 152 157 155 146 148 
 77  71 112 172 174 125 136 198 187  96  86 107  54  86 132 138 129  94 114 161  90  83 120 126 102 109 129 148 178 218 221 205 204 210 225 225 213 202 186 183 173 167 171 178 184 194 204 217 228 217 197 196 216 225 222 205 194 212 225 228 222 220 215 203 202 207 212 216 200 179 213 250 251 252 245 227 227 232 235 233 233 237 229 222 218 216 213 212 214 222 218 218 217 208 203 203 200 201 201 197 
186 193 155 150 196 183 133  90  70  71  70  59  25  75 158 164 119  76 120 154 111 152 175  99  45 113 189 187 183 194 191 190 205 213 206 190 181 172 144 151 165 169 173 151 119 109 116 132 157 164 145 123 133 167 176 148 131 140 148 152 155 140 135 138 128 118 128 158 152 117 163 218 207 213 219 218 225 235 239 234 236 245 252 245 241 247 250 245 241 245 240 250 248 220 208 219 229 241 249 243 
170 171 160 148 155 150  98  38  18  71  86  64  99 152 165 136 108  80  76 142 202 182 108  45  45  96 151 180 203 198 206 214 200 197 214 208 205 196 177 191 204 213 209 192 167 145 133 126 113 111 103  81  79 124 160 155 140 123 109 119 141 135 129 136 134 124 123 135 134 111 103 102  99 119 143 174 209 239 245 243 243 241 234 232 236 242 241 235 232 221 224 246 227 158 122 151 220 239 248 241 
120 124 152 166 142  98  62  57  80  84  85 135 187 151  96  90 100  58  43 115 185 126  47  35  69  96 110 146 191 212 228 222 146 118 192 219 184 145 117 105 125 140 145 161 157 150 152 124 102  94  90  80  84 126 162 165 164 138 116 162 204 167 116 101 137 176 160 119  99  84  73  63  88 130 109  91 131 175 203 222 221 203 214 222 230 238 233 216 210 209 202 206 211 182 172 182 234 247 246 247 
 93 104 157 181 138  78  51  81 111  80  94 151 163 124 108 112  93  58  74 122 128  92  55  55  87 118 129 134 157 205 222 186 118 121 179 195 164 135 108  90 105 119 108  89  94 120 152 143  97  67  73  72  65 102 144 156 166 157 133 158 190 160 105  86 146 200 169 114 103  99  75  66 105 132 107  68  78 106 140 171 182 180 179 183 188 206 214 191 172 183 179 132 154 198 226 232 227 231 225 217 
 92  89 150 175 130  85  71 100  87  44  79 117 117 148 165 157 129  99  87 108 115 111  87  66  90 128 142 118 145 199 203 159 148 192 201 196 197 184 167 161 159 150 103  61  97 150 176 196 138  67  48  49  65 114 149 142 135 147 151 135 124 130 139 137 151 167 147 135 133 132  95  86 108  96 101 110 107 121 150 177 191 198 178 178 181 195 190 149 117 160 171 100 110 154 180 212 202 195 191 174 
113  84 100 120 120 112 125 119  79  39  47  83 112 160 146 122 130 106  60  64 108 125  94  46  60 108 127 120 153 174 156 157 200 232 228 212 208 182 174 186 172 137 106 120 182 225 202 198 175 111  67  68 127 185 183 140  93 101 152 154 132 151 195 186 129 107 121 142 143 127 105 111 121 109 115 128 145 168 188 205 210 205 204 210 217 212 171 122 114 162 166 137 139 146 160 200 199 176 169 169 
115  86  69  87 128 153 147 134 141  94  40  59  77  69  74  87 109 122  99  81  85  95  73  43  61 100 114 134 167 154 110 114 182 229 232 211 190 166 160 149 115  98 141 186 206 228 182 112  84  96 116 136 183 212 179 145 119 114 147 159 161 179 190 165 111  87 103 125 131 100  84  91 116 142 108  92 130 158 160 166 171 160 166 175 187 182 146 139 177 188 157 150 144 161 184 185 164 157 160 178 
110 104 111 130 153 171 141 146 198 157  92  98  77  29  35  42  39  73 123 145 113  73  57  78  98 105 112 145 183 176 134  94 139 206 216 209 191 192 173 124  96 129 194 185 142 152 155  95  41  81 149 178 192 188 149 140 154 150 134 114 116 138 135 130 112  81  95 130 127  83  68  72  87 108  65  66 113 144 142 143 148 144 143 149 157 164 159 172 207 175 139 140 139 183 206 182 160 146 120 105 
118 126 162 170 144 126 111 120 162 155 147 163 138  92  56  49  53  60 108 171 161  65  34  92 111  96 111 159 179 178 190 159 143 164 195 185 153 156 129  87 108 182 202 136  78  86 158 192 166 156 177 179 189 180 141 122 120 120 107  89  96 111 102 107  98  78 116 150 134  87  87 109  81  59  59  70 114 168 189 190 191 194 199 203 200 208 213 199 190 176 170 195 205 229 222 198 176 174 140  89 
137 134 140 116 102  83  70  99 128 155 145 125 145 133  83  88 173 196 147 144 143  74  30  64  91  89 110 146 166 139 151 185 157 125 137 125  83  84  72  73 114 168 159 134 105  90 158 179 193 201 194 173 167 168 149 109  85  93  94 103 135 161 126 103  97  88 125 156 130  92  95 106 107 124 117  84 101 180 210 177 180 196 213 227 220 213 224 217 190 202 232 230 217 228 230 205 176 172 172 180 
184 153 113 100  97 111 143 156 155 164 143 135 167 156  84  82 176 205 143 102 104 108  86  67  90 120 127 148 168 144 137 153 110  53  83 127 138 164 143 108 107 125 132 130 123 114 133 141 122 117 156 203 203 159 130 125 120 117 101 108 147 174 170 172 153 113 104 102  82  66  63  87 136 172 170 134 116 155 199 200 196 196 212 216 209 200 200 191 177 190 208 187 148 147 183 204 176 147 174 208 
198 151 113 107  73  98 159 171 134  99 112 168 182 115  69  71 104 125 142 151 144 155 130  72  79 128 137 112 121 140 145 132 121 117 157 182 196 184 140 122 123 133 146 124 134 167 121 103  75  49  83 180 223 165 112 121 132 121 107 112 130 157 189 206 180 141 126 115  92  94  85 103 147 163 177 178 160 164 193 195 182 191 207 200 195 185 170 163 166 172 171 159 136 127 151 177 153 145 199 220 
184 135 135 132  71  65  89 109  98  75 100 148 120  47  60 102 106 109 161 209 186 155 119  83  87 111  99  47  51 130 192 186 198 227 217 191 190 132 100 140 136 117 119  95 138 208 130 113 117  50  15  79 151 148 109 111 121 100  99 112 119 134 160 171 158 156 163 153 142 121  93 125 159 140 154 185 182 170 178 180 169 187 192 186 186 179 161 164 183 184 165 168 182 179 170 167 160 194 235 215 
164 121 136 154 117  84  48  57 111 171 151  88  42  23  60 140 172 139 135 178 177 124  75  67  91  95  65  46  90 181 228 217 215 218 180 167 176 125 121 169 131  90  93  92 111 144 138 174 159  78   8  11  47  87 106 123 122  79  80 115 150 163 141 117 118 152 187 184 157 119  92 115 129 114 133 162 155 133 149 183 184 181 167 167 171 169 165 175 192 188 167 168 188 199 199 200 207 227 229 188 
149 107 126 160 122  85  57  74 139 229 209 109  64  46  60 113 160 133 102 139 170 112  57  65  89 100 117 147 195 218 183 153 155 156 150 154 157 122  97 136 154 146 141 141  97  59 108 192 205 134  52  20  21  51 103 139 115  58  68 127 189 208 138  78  94 152 207 203 151 132 132 109  89 109 117 133 142 136 149 187 193 170 157 157 152 155 168 176 171 166 166 163 164 177 193 203 206 199 189 157 
154 107 122 147  92  52  58  99 151 209 223 175 126  90  65  74 124 143 130 148 189 140 115 147 167 178 217 226 209 165 121 111 125 136 152 143 134 102  62 129 218 229 213 214 178 115 107 126 154 163 152 142 108  65  87 138 116  61  71 122 180 198 122  73 112 158 182 166 137 136 135 122 124 138 126 139 173 181 173 187 190 175 172 166 155 155 171 173 158 166 182 187 178 172 171 174 176 163 172 167 
147 137 165 167 110  60  52  95 173 187 190 189 152 123  85  65  85 104 120 139 174 168 192 223 223 208 193 166 126 107 123 136 142 148 141 126 121 101  93 155 184 173 172 176 197 223 182  92  63 120 199 242 220 149  93 101 119 115 107  91  96 122  82  83 164 162 105  90 118 122  86 121 186 161 145 169 194 189 176 174 172 182 184 176 165 163 169 169 163 172 189 208 208 188 171 168 177 180 185 199 
110 177 235 211 136  96  94 137 215 196 167 189 163 126 123 107  71  55  69  85 117 142 185 190 140  97  84  92  97 115 127 119 110 112 122 115 111 110 106 102  73  53  40  39  81 207 244 126  41  50 102 148 202 228 171  85  60 118 158 134 102 101  51  67 156 144 104 116 162 163 117 127 185 180 154 162 170 166 162 152 143 155 161 154 146 146 155 157 153 151 156 166 171 165 158 156 176 196 182 177 
 83 167 186 151 137 125 152 196 233 210 197 201 150 136 181 205 178 152 148 149 115  89 109 141 129 111 111 114 126 130 121 112 106 106 114 110 112 107  89  73  66  66  29  18  61 176 228 118  21  30  62  52  76 164 200 111  25  65 145 193 186 128  57  55  84  81 131 201 207 175 180 198 184 173 167 155 150 147 149 144 137 143 138 138 138 139 140 138 137 141 134 131 134 135 132 130 149 164 151 145 
 50  91  79  63 111 135 188 227 204 192 211 175 122 121 156 185 185 180 185 195 163  70  59 141 185 184 186 183 193 186 172 178 181 166 157 175 177 158 143 140 142 123  83  38  76 143 146  69  23  64 101  78  46  89 143 102  35  34  73 123 138 113  76  81  93  99 154 184 154 129 205 222 141 149 166 148 133 127 130 136 137 129 124 132 141 141 132 124 123 134 123 115 115 121 119 114 119 134 128 129 
 39  39  48  50  85 122 180 215 187 182 182 112  76  79  83  91  99 107 118 132 136  68  77 158 180 162 161 156 158 161 174 190 188 171 167 200 197 184 191 179 173 141  92  63 107 122  97 103  95  86 102 128 127 118  95  92 103  75  42  26  39  82  98 139 189 200 201 167 131 145 217 166  61 119 181 167 132 111 112 120 123 107 104 108 117 120 111 101  97 101  98  94  92  96  97  92  94 109 102  95 
 81  61  83  82  78  92 150 191 178 173 136  68  60  61  52  46  46  50  54  58  64  83 146 174 126 106 130  91  60  59  87  97  97 103 109 122 121 122 131 115 127 113 104 104 131 153 146 189 139  66  80 132 168 137  76 137 191 134  86  36  29  91 145 206 244 246 240 209 189 206 219 139  69 130 201 202 138 106 122 132 140 133 124 112 108 117 122 115 106 101 108 106 100  98  94  93  92  85  95  78 
113  75 100  98  73  79 138 167 147 115  86  76  80  84  76  72  77  76  70  69  47 102 181 180 110 104 165 144  81  43  45  46  49  62  65  67  68  75  71  72  93 136 166 155 160 207 240 231 124  40  61 105  95  58  81 171 231 185 138 107  76  97 181 246 251 245 245 227 210 215 161 131 168 190 185 168 135 131 138 162 177 184 163 149 166 186 180 173 174 152 156 164 153 145 144 134 125 114 113 105 
109  98 100  85  76  85 101 106  91  67  70  91 100  93  94  98  97  96  96  99  69  75 143 190 145 127 185 223 171  81  43  63  77  74  60  59  80  95 102 148 177 170 161 177 209 228 253 228 105  24  60 106  85  78 160 223 241 231 215 187 140 131 183 238 250 250 253 243 202 152 108 138 203 198 164 158 170 187 172 132 107 137 153 154 173 189 181 174 181 166 162 184 182 169 174 172 161 155 158 171 
 99 114 100  75  78  84  67  64  70  78  94  99  85  81  95  99  84  77  84  88  71  60 119 186 160 124 148 195 161  90  85 127 125 111 102  84 105 122 136 199 227 155  99 156 212 210 237 239 134  38  51 119 176 197 230 248 241 238 250 237 206 179 173 201 226 235 238 216 160  92 116 180 190 138 113 156 212 234 214 146  90  85 130 117  77  67  85  94 108 109  95 114 115 101 105 109 112 114 148 175 
 99 100  99  87  85  86  89  87  81  87 102 103  84  84  90  92  88  87  89  89  93  84 100 149 179 158 124 110  76  71 154 195 152 143 178 138  91  90 118 173 203 134  53  88 136 171 239 246 161  78  79 135 211 250 240 238 242 222 223 232 230 220 196 182 179 187 194 147  79  85 183 246 229 128  74 133 202 211 194 203 202 117 110 116  61  25  35  47  62  59  41  39  41  60  68  47  42  60 112 138 
 96  93  93  90  97 102  96  92  95 104 111 102  84  88  81  80  99 109 105 102  90  78  95 163 212 170  80  50  59  98 166 162 119 139 212 195 131 124 143 170 195 141  48  27  65 164 253 244 198 170 189 206 226 242 234 227 227 223 225 218 213 213 201 184 167 177 189 131  94 159 230 238 243 192 172 199 185 114  53 106 206 170 124 148 126 112 128 124 114  78  57  48  74 138 156 111  87 102 135 153 
 86  91  91  87  99 104 100  99 101 102  97  93  96 100  89  84  98 110 106  97  95  81  96 136 141 106  77 110 128 117  83  56  88 156 192 197 207 219 188 161 151 125  69  35  45 143 245 249 241 245 247 247 248 228 209 208 207 225 237 215 196 198 208 219 213 195 167 118 140 222 252 234 229 226 248 229 160  77  23  53 138 198 220 201 173 190 225 204 157  94  56  65 127 196 214 180 170 161 136 135 
 84  86 103 101  96  97  95 100 109 107  91  85  96  99  96  90  88  98 101  89 105  90  87  85  64  74 119 171 144 107  91 112 163 204 176 126 171 195 145 113  90 104 115  99  54  92 212 255 255 246 219 191 173 182 193 215 235 234 230 218 202 206 220 235 239 197 143 137 175 212 239 249 240 245 254 237 161  84  62  68  77 167 199 183 192 228 250 229 174  87  29  64 153 202 212 204 211 181 102  76 
108 104  98 102 108 102  91  95 105 108  99  92  95  91  98  99  89  88  94  93  96  90  85  76  65  82 119 155 109 116 183 222 209 184 121  83  92  99  80  72  70  94 140 145 100  74 135 187 221 212 140  96 135 188 217 234 244 248 235 220 218 220 223 222 216 196 180 202 197 136 158 229 253 244 252 234 167  86  75  85  76 100  88 113 210 247 239 238 206 137  89 119 183 176 180 210 199 154  84  46 
130 121 103  95  98  98  93  94 101 106 103  99 102  97  98  99  98  97  95  91  93  89  94  97  85  74  79  85  81 153 231 223 140  82  75  76  85  88  83  90  99 103 111 141 153 131  97  76 136 162 115 107 188 245 239 229 234 236 234 229 232 233 220 211 216 219 228 248 192  64  53 158 226 240 246 233 154  66  73 112 106 100  60 104 183 206 215 239 230 196 190 212 214 180 153 170 185 135  70  58 
117 120 109  96  91  85  89  90  92 100 104 104 105  99  93  98 107 104  93  90  87  81  88  97  87  70  63  67  76 143 194 149  67  36  78 103 107 107 114 123 138 138 102  91 125 176 164 101 106 147 154 166 206 234 238 231 222 218 221 223 225 227 217 220 224 232 252 248 176  27  19 140 198 211 239 236 152  63  74 131 139 126 114  94  89 126 187 199 154 130 186 249 235 171 124 164 213 164  80  61 
104 101  94  89  90  90  90  87  87  97 105 106 107  98  90  96 106  99  90  95  91  87  86  85  77  76  85  94  87  96 100  81  76  92 106 105  87  91 105 117 138 156 160 136 117 170 227 209 156 159 194 209 195 207 240 245 230 224 226 228 226 223 226 236 231 239 254 217 113  38  98 199 216 216 247 246 155  70  92 152 151 120 106  70  47  86 140 127  73  32 132 231 196 112 104 197 215 146  74  68 
 86  82  85  94  98  96  94  89  89 100 108 107 105  96  91  95 102  96  90  97  94  95  94  83  69  74  90  89  81  71  70  83 100 109  98  84  71  80  88  88 102 129 162 185 175 170 191 227 222 207 229 243 233 239 250 248 244 242 245 248 244 238 235 223 206 227 241 178  79 102 202 250 251 250 249 205 122  88 151 191 141  71  71  91 109 111  97  72  50  47 105 149 107  67  91 157 124  72  66  77 
 85  90  96 102  99  90  91  92  94 103 108 104 100 102  97  96 101 100  95  94  90  93  95  89  79  77  83  82  91  94  97 102  98  87  86  90  99  93  87  81  72  72  82 108 152 170 171 215 240 244 249 253 254 246 237 241 246 247 248 251 250 245 235 205 183 206 218 177 152 201 253 249 237 222 222 170 122 142 196 174 114  88 106 131 146 117  88  83  75  84  82  72  65  72  79  75  56  61  81  75 
125 112 104 100  95  90  90  90  94 103 104  98  94 101 103  99  99 103 101  93  86  91  97  98  94  91  90  83  94  98  93  86  80  78  93 105 111  91  79  82  84 106 106  93 119 156 173 217 245 254 253 250 254 244 229 235 247 248 247 247 244 237 230 211 200 208 215 217 238 246 245 214 183 177 200 202 187 198 185 127 119 162 169 155 129  87  69  82  88  87  81  76  82  82  73  57  73  90  88  77 
138 110 104 112 115 110  97  91  96  98  98  93  91  95 100  95  91 102 107  94  87  99 105 100  97  96  95  95  96  94  88  85  87  90  96 108 116 108  97 102 121 141 150 166 179 178 175 209 245 251 251 249 251 247 237 241 245 251 251 248 242 233 220 214 226 227 222 241 229 180 181 173 160 197 228 246 249 231 186 168 186 187 141 107  81  73  66  76  96  91  94  97  97  94  91  94 102  93  81  76 
115  96 104 124 127 118 104 102 103  96  94  96  92  93  93  86  89 105 105  83  86  94  94  88  84  82  81  80  83  86  87  91  95  96  86 104 120 120 115 120 131 139 161 184 179 170 182 219 240 245 252 253 246 250 247 248 241 242 253 250 247 239 217 206 215 235 240 209 144 102 150 198 206 229 253 252 251 239 237 239 199 139 103  92  91  95  91  92 100  99 102 103 100  97  97  97  95  88  78  78 
 97 101 111 115 110 105 104 111 109  95  92  98  96  93  91  87  91 103  96  66  64  67  67  67  66  64  63  69  70  69  67  67  75  85  80  85  93  98  98 101 109 122 129 116 103 130 165 191 217 245 249 249 249 247 231 242 240 210 228 248 252 245 228 209 193 223 251 188  99  98 190 249 248 251 247 248 251 248 253 226 161 126 143 137 135 133 121 109 106 108 111 108  98  85  77  74  78  91  92  84 
 86  97 111 112 102  93  97 109 109  94  90  96  97  91  92  92  97 106  93  61  44  44  49  57  62  60  56  54  58  63  57  49  54  67  71  55  48  54  66  80  89  76  54  69 128 165 137 128 176 224 224 238 254 237 217 239 217 152 185 247 253 246 238 230 213 223 248 207 136 122 200 253 250 252 252 245 252 252 250 222 185 182 187 172 154 139 126 112 105 106 104  97  87  78  74  72  71  87  93  88 
 82  84  97 109 103  89  90 100 105  95  88  89  92  91  92  92 100 113 102  68  42  37  41  53  58  55  50  39  47  59  59  48  45  53  50  44  43  47  50  54  60  57  54 113 182 151  80  98 145 165 190 232 239 203 210 228 189 144 188 245 231 189 180 205 236 248 248 238 196 145 193 253 249 243 248 250 251 246 248 255 218 156 132 120 103  96 102 107 107  99  90  79  72  71  73  76  78  78  81  86 
102  95  94  97  94  89  89  96 105 102  88  83  88  99  95  86  97 120 113  76  53  42  38  46  50  45  39  39  36  40  46  38  33  37  36  40  44  42  37  42  55  81 103 121 117  51  47 152 152 107 163 230 191 144 207 221 175 178 210 222 197 166 144 137 174 230 247 235 191 149 200 253 252 249 249 247 248 250 241 226 200 146 110  98  82  75  85  93  91  89  81  74  73  75  71  68  73  78  85  87 
136 123 114  94  81  89  94  98 105 105  97  91  91 103 102  93  99 119 111  75  56  43  41  52  49  40  42  51  46  45  40  35  39  37  36  41  34  30  38  55  73  87  82  45  25  40 112 185 123  72 173 234 153 128 218 237 196 194 209 215 216 231 219 131 109 191 233 197 134 102 176 253 252 254 254 245 250 254 238 191 170 196 195 177 140 116 104  88  86  86  81  77  76  74  70  68  68  77  88  89 
124 138 132  97  72  84  93  98 106 108 103 100 100 109 111 107 107 112  98  64  54  44  48  62  54  41  42  57  77  88  77  78  90  85  67  66  72  85  94  88  75  67  64  44  43  86 150 148  51  49 178 239 161 146 228 248 220 221 232 230 233 247 252 191 149 182 216 200 148  99 131 216 250 254 254 254 243 221 216 204 158 118 140 166 164 150 140 122 107  98  89  77  71  69  69  70  70  77  88  89 
104 115 118 112  98  82  85  96 101 106 104 105 109 110 112 115 116 109  85  55  55  48  56  70  58  39  36  57 110 135 121 120 128 123  98  96 128 147 137 110  75  57  73  90  98 126 148 110  45  75 157 193 153 157 217 228 223 239 245 232 219 198 171 168 203 210 209 228 214 155 124 174 225 235 250 254 236 183 138 155 169 126 103 108 119 126 136 134 115 107  95  82  76  75  72  68  71  79  89  90 
 99  90  92 110 117 101  92  90  88  92 101 106 109 102 102 110 117 113  88  56  56  51  60  73  59  38  35  67 124 143 127 123 128 128 107 108 148 151 126 111  91  84  98 121 123 138 135  99  84 103 135 158 153 153 173 174 172 172 190 202 173 115  66 100 187 217 222 235 244 216 189 177 164 182 232 250 241 186  98  89 163 204 153  89  69  84 102 111 105 104  98  91  87  86  79  72  75  82  91  91 
 94  93  88  92 106 113 107  92  81  84  96 104 103  97  99 102 111 118  98  62  60  56  65  76  60  40  38  78 121 119 104 117 133 139 106  98 125 129 115 110 101  94 100 115 111 119 119 101  89 101 143 165 140 132 173 165 108  72 102 146 112  33  32 124 188 188 193 199 203 219 240 192 108 137 219 249 238 208 147  97 119 163 170 133 100  78  76  91  96 101  99  91  87  92  92  87  86  88  92  89 
 92  89  91  99 105 101 106 101  89  88  94  97  95  94 100  99 101 114 103  64  60  57  69  79  63  42  39  83 130 107  88 126 150 145  99  86 101 126 126 107  88  75  78  89  90  89  94  95  87 108 153 141  90 113 198 175  91  56  63  85  63  37  75 183 222 161 105  94 113 164 209 169  99 127 214 236 208 188 170 123  88  97 141 156 133  89  73  81  87  96  98  89  83  90  97  95  93  91  90  84 
 90  88  98 108 108  99 104 106  99  94  91  89  88  89  99  95  90 105 102  65  54  53  68  81  64  41  36  89 156 127  97 143 160 132  94  93 110 141 139 103  78  72  73  82  88  75  73  85  79  99 132 123  92 118 170 131  92  97  66  43  50  70 107 172 181 148 103  56  49 104 136 123 110 127 200 217 170 129 143 141  95  76  98 117 119 117 104  78  72  88  96  94  87  90  93  90  90  87  84  80 
