211  61  23  53  55  56  47  38  34  30  30  37  65 119 176 214 227 205 164 128 104  96  88  86  96 120 154 192 226 234 235 225 140  50  12   6 148 206  99  29  41  67  74  58  45  41  37  33  42  68 111 156 204 237 233 197 149 103  73  60  56  54  60  66  63  78 117 155 189 225 227 177 129 163 227 185  74  35  53  55  66  72  57  51  40  60  70  75 103 142 167 200 222 207 157 110  80  66  66  65 
219  64  23  58  42  30  31  38  54  65  85 132 193 227 228 202 146  83  63  59  49  60  63  58  54  53  58  89 129 180 205 226 218 168 110  79 168 213 125  47  41  60  66  49  43  78 104 101 131 181 218 232 223 185 141  99  73  60  61  77  88  85  84  81  70  58  56  65  93 143 180 210 224 226 236 214 174 120  73  43  68  87  55  38  78 141 189 198 203 213 215 196 147  95  72  73  82  91  98  85 
209  63  31  46  27  47  98 133 156 184 212 221 215 178 126  86  69  56  64  70  64  69  77  70  64  63  62  61  64  79 108 140 195 219 210 195 222 245 186 104  60  48  41  42  95 180 224 212 208 214 189 152 115  90  74  62  66  77  83  85  82  78  71  81  93  84  71  66  63  68  88 115 149 186 200 203 225 225 166  88  56  45  52 108 199 227 220 186 163 149 130  95  69  66  84  89  89  92  83  75 
192  60  17  35  76 157 214 214 195 198 194 163 113  71  52  52  63  77  77  77  86  81  71  73  76  76  74  71  66  56  59  74  98 124 149 165 173 206 230 199 104  33  33  97 189 227 180 161 150 125 101  75  60  67  78  79  79  83  84  78  66  58  57  72  85  83  82  85  85  76  67  61  74  93 104 109 137 200 228 168  49   0  74 197 243 184 119 101  90  74  72  64  76  85  89  91  87  78  64  57 
212  84   7  53 164 236 226 164 124 109  86  61  47  49  56  72  76  75  66  63  73  71  60  62  64  62  63  68  74  75  66  56  51  48  55  66  80 103 186 243 150  25  22 159 243 187  89  67  59  61  62  71  82  88  87  80  71  65  69  69  66  65  67  69  72  71  69  73  82  86  82  70  65  61  64  51  43 112 219 210  72  30 138 238 197  93  41  61  73  70  76  92  90  83  74  74  78  77  68  63 
240 125   8  75 221 216 124  56  62  61  49  51  65  77  82  70  63  63  57  54  62  56  55  59  62  61  57  56  61  67  68  70  68  60  57  61  57  40 120 238 177  47  49 188 236 131  56  72  69  74  77  84  82  71  64  67  67  64  64  65  68  69  68  68  70  71  67  66  68  69  71  77  83  84  96  78  44  62 183 226 137 136 219 235 150  55  49  96  96  86  86  84  80  73  68  70  76  77  68  71 
234 131  22 117 234 157  49  36  75  77  68  67  71  69  62  55  53  57  58  58  63  57  50  51  58  66  63  57  54  59  60  65  69  68  73  81  74  42  88 212 212 132 144 234 229 128  60  81  85  80  74  78  73  63  58  61  69  71  66  67  69  68  64  61  60  64  70  72  69  64  59  70  78  70  84  77  53  74 170 237 212 215 240 219 149  68  69 101  85  74  73  74  69  68  69  71  67  64  69  78 
228 180 125 194 229 129  50  54  78  76  67  62  60  58  53  59  57  57  56  53  60  60  53  47  49  60  63  59  57  61  60  62  64  62  61  63  61  44  84 204 246 215 222 246 215 128  56  67  71  60  58  66  70  67  63  61  63  64  63  65  68  69  66  61  56  56  65  73  73  70  67  75  80  65  68  57  40  88 188 252 202 151 178 217 172  79  52  77  78  72  71  75  68  65  69  68  62  61  74  80 
237 239 221 235 236 154  60  41  52  51  49  51  55  57  56  58  54  53  50  44  53  59  59  51  51  58  56  53  57  51  51  58  67  67  59  54  42  32  97 213 233 183 166 210 215 132  49  53  57  58  67  68  66  61  59  60  60  60  64  68  70  70  66  66  64  63  68  68  65  66  66  65  73  76  76  53  35  89 204 227 111  44 116 219 185  76  30  65  78  66  71  66  65  68  70  66  66  71  75  71 
247 213 166 186 233 180  63  24  50  58  49  48  49  50  50  51  50  51  49  47  56  60  56  54  58  66  61  58  63  62  55  54  62  67  69  67  33  33 122 223 194  91  56 151 222 152  39  38  66  69  62  62  62  61  60  63  67  67  67  67  65  63  64  65  67  71  73  67  61  58  61  52  50  54  66  45  36 109 218 190  43   7  86 198 209  95  27  60  73  59  67  58  61  69  70  64  63  70  69  62 
238 135  53 115 210 186  83  27  47  53  44  46  45  45  47  51  54  51  45  48  54  53  56  56  58  57  48  41  43  51  45  37  37  44  56  65  38  46 147 222 139  27  14 113 217 181  42  34  76  62  53  50  56  63  64  65  66  66  65  61  60  66  76  76  68  59  53  50  48  48  46  42  42  36  49  24  34 150 242 172  31  10  49 167 221 117  30  56  76  61  52  60  59  63  68  65  62  63  62  61 
220  74   1  69 185 202 110  35  45  49  41  45  51  53  54  58  58  53  48  51  55  56  49  41  32  25  24  31  44  54  55  45  32  29  39  44  20  45 172 228 118  17   8  80 206 202  63  30  61  58  54  59  67  70  66  64  61  64  67  60  62  73  74  69  50  31  35  54  77  97 109 106 113 112  96  42  39 164 233 132  27   5  40 153 231 143  37  47  71  59  58  70  72  64  59  64  65  61  71  59 
210  62   2  49 160 211 132  37  42  51  43  45  52  54  52  58  54  46  46  52  49  40  37  40  44  52  73 104 129 142 151 143 121  95  66  39  11  57 184 211 100  19  12  74 189 211  83  35  46  54  71  64  64  65  66  64  66  66  61  57  59  60  49  42  49  69 100 139 173 193 205 202 204 210 201 145 126 195 213 101  20   4  22 132 224 158  41  36  67  61  64  73  70  60  58  65  67  63  66  57 
195  52   3  25 123 209 148  38  40  54  45  44  48  47  42  47  54  58  52  37  24  20  30  73 129 169 196 212 216 227 225 218 209 195 163 129  79 100 188 186  75   9  11  62 175 220  99  42  46  57  67  58  56  63  71  71  70  65  56  54  43  30  36  62 112 174 212 228 226 211 198 193 189 195 217 222 231 232 221 145  53  12   4  99 207 165  57  43  73  69  67  61  57  62  67  62  57  58  57  51 
165  31   1   8 100 216 169  44  33  49  48  49  52  53  49  43  46  48  34  23  39  70 114 168 223 239 229 207 181 164 155 158 183 213 230 235 193 184 217 191  81   8   1  20 148 216  93  33  46  63  58  58  55  59  63  62  53  40  40  50  51  67 115 172 216 240 232 198 153 108  84  86  81  81 109 157 200 218 234 233 171  97  42  99 208 169  63  32  54  64  63  61  65  72  66  50  47  56  49  42 
140  26   3   4  88 222 182  45  32  52  55  53  50  48  40  26  15  15  36  80 141 196 227 231 198 140 103  92  85  78  70  74  90 106 130 156 189 227 244 220 160  81  27  23 152 218  83  23  38  58  58  62  55  45  42  39  31  35  71 125 169 197 225 232 203 159 119  83  59  58  61  59  54  57  56  68  88 114 153 208 241 214 178 184 221 176  75  29  36  48  41  55  74  72  45  37  64  92  90 109 
146  41   2   0  76 211 178  52  38  61  54  37  20  17  30  47  72 112 160 208 230 223 183 143  94  62  53  60  67  74  70  67  64  58  59  65  94 138 177 212 232 207 165 142 198 227 129  43  29  38  56  61  38  35  56 101 142 163 192 226 242 222 183 146 104  63  49  60  73  81  84  84  84  87  81  71  64  62  79 111 153 180 208 228 241 227 184 160 135  87  45  57  70  53  47 100 178 200 198 218 
210 157 111  84 135 218 168  50  38  55  34  27  57 107 143 165 196 225 231 217 176 128  77  58  57  75  84  84  86  84  81  78  77  77  80  78  61  67  87 121 162 201 225 227 229 234 223 163  80  37  48  41  39  96 167 217 241 233 215 197 173 124  90  73  62  61  70  83  86  76  73  77  80  81  81  83  83  88  78  63  59  83 125 159 176 195 223 234 232 193  95  37  33  36  99 201 243 212 205 190 
202 226 220 200 221 240 173  60  26  30  35  89 177 233 231 218 208 182 141 101  77  66  61  64  75  85  80  72  70  75  73  72  73  78  84  88  85  71  61  57  63  93 125 150 162 164 219 245 171  79  22  13  73 189 242 212 160 132 109  92  77  54  59  68  67  72  75  74  72  70  68  71  73  72  70  75  83  83  82  79  73  69  70  72  84  95 127 138 191 243 167  39  23  64 172 241 189 110  98  85 
102 128 158 180 215 241 211 107  26  12  76 189 246 211 154 116 101  86  69  56  57  68  79  76  73  72  67  65  68  63  62  63  65  70  73  76  80  75  74  74  69  61  59  70  82  68 118 224 224 125  22  20 131 240 217 111  55  64  62  64  68  64  68  75  77  77  72  64  61  64  66  68  68  66  63  63  64  68  72  76  77  76  73  72  60  63  67  54  97 211 214 123 115 166 237 227 117  52  64  66 
 49  43  66  80 117 198 239 157  33  10 124 239 208  98  47  64  61  55  59  66  71  78  73  66  61  59  59  60  62  59  59  61  63  63  62  62  62  76  80  83  88  86  73  60  58  36  51 182 242 161  71  83 193 240 147  52  45  74  77  72  80  84  72  64  66  68  69  67  63  59  60  62  64  68  68  66  60  59  62  66  72  78  86  90  90  82  51  36  54 173 242 212 211 227 242 206  87  37  85  86 
 74  66  69  40  46 145 230 195  74  52 176 242 155  47  36  79  81  72  73  76  70  59  53  55  59  62  63  60  57  58  58  59  58  58  57  56  56  68  72  71  73  79  81  83  84  57  41 149 233 203 169 186 241 240 128  54  65  86  79  63  67  73  65  63  63  58  58  59  59  60  58  58  61  64  67  68  68  65  62  59  59  64  72  79  81  77  50  44  56 172 245 235 205 197 223 212  84  25  78  82 
 67  75  92  53  40 123 218 233 173 152 224 226 130  57  61  82  78  69  65  67  63  47  49  55  59  59  57  56  56  60  58  57  56  58  59  60  64  54  52  57  59  67  76  78  71  36  37 135 219 227 226 221 233 228 143  66  59  66  60  52  54  55  58  59  58  59  60  61  59  58  58  59  59  55  53  57  65  65  64  62  62  62  61  59  59  67  52  36  52 190 247 177 112 128 216 225  85  28  72  72 
 54  57  68  41  37 120 217 243 221 206 235 219 121  49  52  63  56  58  63  58  49  51  54  59  58  48  42  46  55  56  52  50  55  59  56  52  49  51  53  58  59  57  56  65  71  37  37 154 238 211 161 131 178 231 159  57  38  55  64  63  61  55  55  57  56  57  58  58  58  57  58  59  60  59  52  52  61  57  61  62  57  60  60  55  57  59  54  32  71 212 221  96  21  57 180 243 107  23  63  64 
 47  42  42  23  37 134 227 216 152 136 203 232 139  46  29  58  56  48  51  49  48  55  57  52  47  45  47  49  51  49  50  52  53  53  51  49  50  54  60  63  60  53  48  56  72  36  44 184 243 152  55  34 124 224 163  57  34  58  68  54  53  60  58  56  55  55  55  56  56  57  59  53  50  59  66  64  60  59  58  56  54  55  56  56  55  49  44  39  98 216 192  52   1  31 150 238 128  32  55  63 
 46  47  44  19  43 153 237 181  66  40 149 240 172  60  26  60  57  42  41  42  45  52  49  43  42  51  58  55  48  47  49  49  48  47  51  56  57  55  54  53  53  52  49  49  50  26  52 196 232 115  16   0 107 236 190  70  29  47  57  61  59  50  52  55  54  53  53  53  55  56  55  51  51  58  60  57  54  60  59  58  61  59  58  61  61  52  37  31 108 221 184  41   2  25 132 236 156  50  47  61 
 46  54  50  21  54 171 235 146  26   4 112 231 195  76  26  54  55  44  45  45  46  49  44  42  44  52  58  56  50  48  49  49  52  55  58  59  58  51  44  44  47  51  55  57  47  28  69 204 219  98  14   3  99 232 219  92  23  35  51  69  67  46  48  55  52  53  52  52  54  54  54  50  46  46  47  53  63  62  56  51  49  44  40  42  50  53  39  32 126 229 176  38   1  20 123 236 180  69  44  60 
 43  43  36  20  75 200 229 115  20   6  85 207 213  95  29  43  46  47  50  51  51  52  51  48  45  42  42  46  51  52  50  49  49  47  41  37  33  33  34  36  37  36  35  40  42  25  88 223 208  73   5   3  71 201 235 117  23  41  62  57  56  58  56  53  52  53  54  54  53  52  53  48  48  57  62  54  46  38  35  30  28  33  42  47  46  42  24  32 151 236 156  29   0  12 102 224 195  83  43  57 
 39  38  29  16  91 226 215  84  12   9  61 181 230 114  29  37  43  48  48  46  48  51  53  51  47  41  38  42  49  50  46  38  31  30  35  40  40  46  53  58  56  48  40  33  26  16 112 234 187  59  10   6  49 175 244 135  27  48  67  49  46  57  58  52  51  54  56  56  54  51  52  51  54  62  57  41  26  24  41  56  69  96 119 121 115  99  55  51 179 234 121  17   6   8  76 211 212  96  40  57 
 32  34  25  12  96 229 198  60   6  10  48 167 235 124  25  35  46  48  45  41  40  46  44  46  47  45  47  47  45  39  30  27  31  44  72 102 131 139 145 146 146 139 124  87  41  31 142 236 164  50  10   6  39 168 246 145  39  44  55  50  49  47  49  50  51  54  53  58  57  51  52  52  47  30  22  38  64  94 128 159 180 206 219 210 201 202 162 135 210 217  98   9   8   6  61 203 227 109  36  54 
 47  37  16   5  98 223 181  46   6   6  33 158 233 133  29  41  55  48  48  50  42  40  47  50  49  48  47  39  28  29  33  60 102 135 167 194 216 219 220 217 216 219 219 198 145 112 182 237 142  27   5   4  38 169 241 154  56  42  45  48  57  52  41  49  60  55  51  59  56  48  39  39  38  33  55 114 174 212 224 224 217 207 196 184 185 213 219 216 227 206 153  89  41   4  54 184 220 115  33  51 
133  92  46  22 116 226 167  33   2  10  32 148 242 152  42  37  53  48  39  44  48  51  59  52  46  41  29  26  37  62 108 164 205 224 217 193 162 144 130 124 124 149 183 217 228 207 225 238 143  36   5   2  37 162 238 142  31  30  50  54  58  55  47  58  63  50  44  39  28  31  28  37  76 132 183 216 235 219 184 140 108  92  82  76  83  96 128 162 184 208 232 214 148  72  89 186 210 108  18  35 
230 213 162 118 161 216 144  28   0  10  28 128 235 163  50  29  47  55  50  46  43  49  44  30  24  27  46  81 116 184 222 237 212 166 115  75  66  73  69  62  66  70  70 100 143 172 218 248 214 160 104  43  35 141 230 136  16  23  53  59  53  42  50  48  34  24  23  29  39  65 104 143 194 236 242 212 167 114  82  59  58  60  58  57  53  51  53  58  79 125 173 218 242 215 193 223 208 111  42  40 
174 208 219 210 228 235 161  58  18   6   6 119 228 154  50  35  46  51  51  39  20  17  30  49  75 112 162 203 221 236 216 168 109  63  49  51  64  75  80  84  87  76  59  49  56  79 125 164 200 228 212 169 142 188 241 163  62  43  34  40  54  46  45  30  29  56  85 122 154 186 222 240 230 190 152 117  78  60  55  61  77  85  84  84  79  74  62  48  44  53  66  98 165 207 227 243 237 191 162 153 
 66 104 144 179 211 232 220 179 147  97  75 169 230 137  37  34  51  48  34  38  63  98 132 161 196 223 237 223 196 153 112  72  55  59  79  98  90  74  76  88  87  88  92  83  71  68  68  67 100 146 180 214 225 230 234 205 166 130  73  36  40  40  27  51 111 166 204 229 234 224 202 185 144  83  56  62  69  74  74  72  71  68  67  69  69  63  69  77  68  61  65  48  53  85 143 174 198 212 231 246 
 56  59  72  90 111 150 197 227 224 208 204 228 226 148  60  29  42  36  43 116 195 230 229 220 209 193 159 115  85  72  66  67  75  79  74  70  66  63  65  68  68  64  62  78  87  82  79  75  70  74  90 117 144 154 149 178 223 233 181  82  20  29  67 140 214 231 203 187 169 126  98  83  72  70  68  67  73  76  78  70  58  56  61  63  60  62  64  64  61  62  68  75  60  47  66  76  95 114 145 172 
 66  56  56  67  69  75  98 125 141 165 187 196 213 213 141  37  13  24  81 203 252 219 162 131 111  97  70  54  60  67  75  80  76  66  57  53  60  69  57  46  58  60  48  56  70  73  73  75  75  73  62  59  71  79  78  85 134 215 243 149  56  98 163 223 237 168 105  77  77  68  55  53  61  71  71  63  58  57  58  55  52  52  53  53  55  53  50  52  58  58  54  66  75  69  60  57  60  60  63  66 
 58  62  69  71  64  53  47  50  61  88  91  93 165 243 195  74  36  77 168 244 188 105  64  58  59  61  60  65  72  79  77  68  56  49  50  54  58  62  56  52  57  59  55  50  50  60  64  60  64  74  74  71  65  64  66  45  56 143 234 216 159 190 219 241 201  89  44  45  62  68  65  66  67  64  58  54  50  49  50  51  52  51  48  47  53  52  51  54  56  54  51  49  60  68  68  68  69  67  66  42 
 51  52  52  52  57  64  67  63  55  65  42  25 106 219 222 159 135 164 226 232 111  32  49  69  73  68  74  77  67  60  55  48  44  46  52  56  48  43  48  54  48  48  57  54  40  48  58  50  47  56  65  73  64  68  78  45  33 106 218 251 210 197 198 230 184  70  52  69  73  67  66  62  59  56  54  53  53  46  47  49  51  50  47  44  42  47  51  52  51  54  57  43  50  54  56  58  57  59  87  59 
 50  52  48  42  47  58  67  66  65  69  47  34  82 180 236 220 217 218 230 211  89  42  69  80  76  62  58  55  45  47  44  42  45  47  48  46  42  38  44  50  45  44  52  55  45  46  50  48  47  48  45  52  48  61  75  42  33 112 220 238 161 131 180 237 179  68  55  60  49  46  55  53  49  48  50  51  52  47  47  48  49  49  48  47  44  46  46  45  44  48  51  46  46  47  47  47  45  45  61  48 
 47  44  39  37  38  44  49  51  47  50  41  32  76 184 237 200 182 188 224 218  92  49  66  61  56  52  47  47  52  51  46  42  43  45  44  42  44  47  48  48  49  48  46  47  50  44  40  46  47  47  45  38  38  46  50  22  30 126 230 196  68  40 145 246 187  62  37  45  43  44  50  48  46  46  46  44  41  45  45  44  44  45  47  50  56  51  44  42  43  43  42  45  43  44  46  47  51  54  52  35 
 41  42  44  42  42  44  45  45  44  46  34  17  75 205 218 135  86 104 198 228  99  41  51  47  47  48  43  42  49  49  43  40  40  44  48  49  42  45  44  44  45  45  42  42  47  43  39  42  44  46  46  40  39  42  42  21  34 139 240 174  29  10 119 236 192  64  32  43  51  47  44  42  40  44  47  46  42  42  41  41  40  43  45  46  48  44  42  45  49  49  47  41  41  43  42  40  44  50  44  28 
 40  45  47  41  38  40  42  42  48  43  32  21  81 216 215  83  20  53 171 227 113  39  35  40  48  50  48  45  43  46  46  43  42  41  41  42  42  38  41  43  41  41  45  46  43  45  46  42  43  45  38  45  42  41  44  23  45 166 249 163  23  10  92 220 206  80  31  31  47  49  47  43  41  42  47  45  41  39  39  41  42  44  44  45  42  41  44  46  48  47  44  35  39  45  44  38  39  44  37  25 
 33  35  37  37  37  36  38  41  43  40  27  23 108 238 203  54   5  37 157 232 142  47  30  38  51  52  46  45  40  43  44  43  42  40  41  43  43  39  38  40  43  48  51  47  45  39  39  44  48  46  43  41  37  36  48  21  62 192 241 132  17   7  61 186 222 101  29  32  43  41  39  42  47  47  43  41  40  42  42  41  41  42  44  45  50  48  43  40  38  38  37  38  45  50  49  46  44  45  45  24 
 38  41  43  41  39  37  35  33  36  38  20  32 140 246 185  46   1  22 138 241 174  61  25  37  52  49  44  48  41  41  42  41  41  40  42  43  42  43  43  41  43  42  41  45  44  42  45  50  49  45  41  39  39  40  45  20  84 211 218 100  13   5  39 169 229 116  32  25  42  44  37  39  43  43  41  41  42  45  46  45  45  42  41  40  44  44  43  41  41  43  46  58  52  43  37  36  41  45  36  24 
 38  40  41  38  38  39  40  38  39  43  18  48 180 247 154  32   2   8 108 241 211  82  20  33  49  41  40  48  41  37  39  40  40  39  41  41  45  48  43  38  41  42  38  40  37  34  39  45  42  41  40  38  45  46  40  20 107 228 189  61   9   6  20 152 238 138  39  20  45  50  40  38  38  39  38  39  40  40  40  42  43  42  40  38  39  44  45  43  40  40  44  42  36  28  25  25  27  29  19  14 
 29  30  32  28  28  33  40  45  40  41  14  60 201 233 119  21   5   4  81 226 232 101  17  29  43  36  35  45  38  34  36  38  39  39  40  41  45  49  44  39  44  50  45  40  31  22  22  29  30  29  27  20  26  31  23  17 122 236 172  41   8   8  13 139 241 157  47  22  52  53  43  41  37  35  36  37  38  41  41  39  38  37  36  36  31  39  47  46  35  24  20  24  25  29  35  43  50  52  28  17 
 17  19  21  20  19  23  30  40  36  35  12  75 216 226 103  15   7   7  64 208 240 119  25  27  38  35  33  38  35  33  35  38  39  39  39  41  46  48  44  37  32  32  31  27  29  32  39  49  55  55  51  35  29  28  15  11 125 236 161  35   6   9   8 123 239 173  58  23  51  51  46  44  38  36  36  37  36  38  37  37  38  40  43  46  52  44  32  23  24  29  35  44  65  93 113 124 127 125  93  73 
 50  57  59  55  43  29  22  24  29  30  13  89 225 225  93  10   6   9  56 195 240 135  37  27  35  41  34  34  33  33  36  39  39  38  38  39  47  38  34  28  20  25  40  62  88 114 133 144 145 137 129 122 111 101  60  26 135 227 145  28   5  13   5 105 234 186  70  20  39  44  45  45  39  38  39  40  38  36  36  38  40  43  45  47  43  26  13  21  54  94 120 144 169 194 202 199 193 192 187 164 
160 164 160 149 122  91  65  47  32  20   4  88 230 217  80   6   5   8  52 188 241 143  46  29  35  39  37  37  35  35  36  40  42  40  38  42  40  23  20  30  45  72 106 150 181 213 225 221 212 204 203 214 215 204 161 119 176 219 130  20   3   9   4  98 229 194  75  19  33  40  47  44  39  39  38  40  38  42  45  41  40  36  27  25  14  21  47  94 151 194 213 214 200 182 162 144 141 152 168 172 
216 205 203 209 200 190 171 142  97  58  25  94 229 202  78   9   7   6  39 171 244 153  51  32  41  38  38  37  39  44  43  49  50  38  29  29  19  15  36  86 144 187 207 209 202 192 170 147 135 139 153 167 181 198 215 216 227 237 154  59  23   3   1  95 222 190  59  21  43  47  47  39  37  42  41  39  38  33  36  28  28  23  12  24  61 105 157 202 226 213 182 145 110  86  75  59  56  67  73  91 
137 129 131 149 167 187 207 222 203 168 126 143 219 194  76   6   3   3  28 156 233 150  44  22  43  50  41  30  36  37  39  35  24  18  18  19  41  86 143 193 222 218 197 166 125  82  58  47  43  50  63  61  74 109 158 194 217 235 216 167 119  66  24  92 206 175  56  13  31  34  32  40  46  49  43  27  21  23  30  29  36  53  81 122 179 211 227 214 182 128  75  45  43  50  60  60  58  58  51  47 
 63  65  60  59  67  87 125 169 208 219 205 202 229 206 107  29  11   3  40 173 237 140  34  22  37  39  47  40  23  15  19  13  10  40  88 117 137 186 227 224 184 132  96  75  56  43  45  55  63  61  52  53  45  42  62  92 119 155 200 230 221 184 135 145 200 180 102  39  17  16  24  44  50  44  32  24  36  68  96 116 133 163 199 223 223 199 154 108  76  58  46  49  51  54  59  64  64  58  55  63 
 50  55  55  51  50  46  53  74 116 154 180 196 221 233 189 122  78  46  81 199 242 138  39  24  37  35  32  26  21  30  57  76  94 137 191 220 218 196 172 137  89  56  47  47  57  61  63  66  70  67  57  64  60  48  43  50  52  59 103 158 198 223 219 207 220 212 180 139 101  59  39  44  36  20  24  67 117 173 205 219 215 216 207 175 138 102  71  56  45  47  58  59  57  50  44  46  47  45  53  62 
 66  68  67  69  67  55  43  43  49  67  96 120 159 204 221 209 184 162 171 221 228 144  58  17  25  32  24  38  88 143 170 196 206 213 211 201 171 113  72  62  52  46  51  62  69  63  49  43  46  49  46  44  53  62  62  56  51  44  43  56  89 135 164 170 188 201 212 227 217 139  47  18  18  28  69 155 213 226 210 185 156 136 117  79  44  37  46  59  56  47  47  40  40  38  36  36  37  37  42  42 
 64  57  53  55  56  58  60  62  55  48  42  49  75 109 144 168 191 217 208 199 208 189 109  37  13  19  44 112 200 234 223 204 185 163 126  95  67  47  42  60  70  62  50  47  49  40  32  35  39  40  38  32  39  49  49  44  50  65  59  43  36  43  56  80  93 104 141 193 234 199  89  38  63 115 170 230 231 156  92  61  57  48  48  44  43  54  54  48  46  43  32  30  28  32  36  33  35  38  29  27 
 43  40  40  44  46  48  52  57  57  52  51  58  58  53  58  69  85 107 116 128 175 228 186  83  22  42 112 195 235 199 131  86  57  51  51  38  52  60  61  56  54  46  36  36  35  33  34  38  41  38  34  33  31  33  37  35  39  49  54  58  59  52  43  50  68  50  36  85 172 219 174 150 180 205 225 230 172  62  24  43  45  50  52  50  52  52  41  30  30  35  34  37  35  35  38  37  36  36  27  24 
 38  38  40  44  43  40  40  44  47  45  51  62  61  52  51  55  51  42  38  49 111 202 232 170 144 171 201 228 207 121  42  31  41  52  55  45  52  57  52  43  39  40  39  38  37  36  38  37  34  31  32  35  31  32  37  40  39  34  34  41  53  60  57  57  68  47  21  30 105 208 227 210 201 185 208 215 139  39  27  67  57  55  49  40  40  36  32  30  31  35  38  39  34  29  29  32  35  34  28  26 
 38  36  36  40  41  39  38  40  41  36  37  45  49  52  60  67  68  64  46  21  60 166 234 217 216 220 215 225 187  83  19  40  73  69  57  51  45  38  34  34  33  37  41  36  34  35  37  36  29  26  31  37  36  33  34  39  41  40  35  33  35  39  43  50  56  47  33  19  78 203 226 178 128 108 186 223 139  37  24  62  49  40  33  30  28  29  31  32  33  32  32  33  29  25  24  27  30  31  32  32 
 40  36  32  37  39  40  40  42  37  31  31  35  38  43  51  48  54  66  62  26  47 163 228 204 167 143 163 221 180  69  23  47  57  35  27  35  40  29  29  33  30  30  35  32  29  30  34  36  32  29  31  35  34  32  30  30  33  38  39  37  35  33  35  32  41  43  25  21  98 211 216 135  62  61 183 233 141  33  12  42  32  31  31  34  29  29  31  32  31  28  26  27  28  29  29  28  26  26  31  34 
 39  37  33  36  37  38  37  36  36  34  33  34  35  34  38  36  39  45  46  20  47 180 243 194 110  74 130 230 179  63  23  40  41  30  31  31  31  27  30  37  34  31  31  31  28  28  31  32  32  31  31  30  32  34  32  29  27  28  30  30  30  31  36  28  30  32  15  17 107 223 200  78  10  30 170 235 154  38   6  31  28  33  34  34  31  31  31  31  30  29  29  30  30  30  29  28  29  31  31  34 
 34  35  34  34  33  34  33  32  34  36  36  35  34  33  32  33  38  36  34  14  38 172 242 157  45  24 107 233 189  66  17  26  34  35  37  30  27  29  30  32  34  33  30  31  32  31  29  28  28  30  29  28  32  33  29  29  30  29  27  25  24  26  28  32  35  28  12  18 117 236 188  48   2  20 151 236 174  46   7  32  31  36  32  27  30  29  30  30  31  32  32  32  32  29  26  27  30  33  29  32 
 32  32  32  31  31  34  35  35  33  31  33  32  32  34  32  33  39  34  31  13  42 185 233 121   9  11 101 235 204  74  18  24  30  28  32  35  31  35  28  23  28  30  27  28  33  35  31  28  28  29  28  29  30  26  21  24  29  29  29  29  30  30  25  29  35  25   8  31 145 239 156  22   1  15 135 237 184  53  10  31  28  29  27  27  29  30  31  31  31  29  29  26  30  32  29  27  26  27  25  27 
 32  33  34  33  33  32  33  32  32  32  33  34  32  31  29  31  42  35  25  11  72 209 225  91   2   8  90 223 220  94  19  18  31  29  27  27  30  31  30  27  26  28  31  29  30  32  31  30  29  27  26  29  30  27  25  27  27  27  31  33  31  28  25  27  34  19   6  57 182 238 124   9   0  12 107 221 202  75   6  27  33  27  26  28  30  30  30  30  30  30  28  26  27  30  30  30  28  25  22  25 
 32  34  34  33  32  31  30  29  32  34  35  36  35  33  31  25  32  31  16  14 102 227 200  66   0   4  54 182 222 117  26  14  30  28  25  25  28  30  30  29  27  28  29  30  31  31  31  30  30  27  24  28  31  30  28  25  25  24  24  22  21  24  29  23  29  20   7  84 212 230 101   4   1   9  86 205 214  90   8  24  32  30  30  31  30  30  29  29  29  29  29  26  27  29  31  31  31  29  24  26 
 33  34  33  32  30  28  26  24  31  36  35  35  33  29  27  25  32  34  12  22 142 240 172  46   2   8  34 155 238 149  36  14  32  29  24  25  25  27  30  31  29  28  27  31  30  30  29  29  28  28  26  23  23  25  28  29  27  25  25  24  24  26  32  23  29  20  12 105 230 210  77   2   8   3  65 186 225 111  14  18  28  32  32  32  30  29  29  29  29  28  28  27  27  27  28  29  31  32  27  28 
 32  31  30  30  30  30  30  31  27  26  28  29  31  31  31  34  36  39  10  31 172 242 150  33   4  11  30 143 241 163  40  11  31  31  26  26  24  26  29  31  30  27  27  30  29  28  28  28  27  29  28  22  18  21  28  31  30  29  31  31  30  31  33  29  32  19  18 112 225 197  68   3  10   1  54 174 230 131  21  12  25  32  31  31  29  28  28  28  28  27  27  27  26  25  25  26  29  30  32  30 
 29  28  28  29  32  35  36  40  34  31  32  32  33  34  35  34  31  35  10  42 187 237 138  26   3   9  25 122 224 163  41   9  25  31  30  30  27  27  27  28  29  27  27  28  28  27  27  27  29  28  29  28  27  28  28  26  25  24  21  17  17  19  23  28  29  12  23 120 224 190  64   4  11   1  45 162 230 150  30  10  22  30  28  29  28  27  28  27  27  27  27  28  26  24  24  25  26  28  33  30 
 30  31  33  33  32  31  31  30  31  31  28  27  28  30  33  34  28  30  15  54 190 231 132  19   5  13  16  96 210 173  55  12  18  27  32  31  31  27  24  25  27  28  28  27  26  26  26  28  29  30  32  34  33  28  21  17  15  15  14  13  12  12  16  19  17   3  23 134 232 174  46   1  15   0  33 147 230 165  38  12  24  30  26  27  27  26  26  27  27  26  26  26  25  24  24  26  26  28  29  30 
 36  37  33  27  24  21  18  19  15  13  13  13  18  24  29  29  27  30  21  65 191 225 122  14   6  16   7  75 208 193  71  20  18  22  28  34  34  28  24  23  27  30  29  25  25  25  24  28  32  33  34  32  24  16  12  14  19  26  34  39  39  37  29  20  14   2  22 145 242 155  28   1  20   0  23 139 233 171  45  12  23  29  25  27  28  28  27  26  27  26  25  23  23  24  27  30  30  30  28  27 
 39  30  16  13  20  27  31  39  43  47  48  42  37  28  13  12  15  19  18  83 207 216 101  14   5  16   5  65 210 203  75  20  24  24  21  34  29  23  25  31  29  26  26  28  24  21  24  29  36  33  18  12  10  21  40  58  75  97 110 113 116 115  97  87  73  36  34 148 241 144  25   4  23   1  20 133 221 166  50  11  25  28  25  28  23  29  32  29  29  30  27  26  23  25  31  35  34  32  31  19 
 19  11  13  35  57  80 100 113 121 129 131 116  91  72  61  52  25   6   6  92 227 210  92  15   5   9   3  68 206 197  76  18  21  34  28  22  27  19  26  35  30  26  31  36  27  27  30  26  22  19  16  24  44  70 102 141 169 180 182 182 180 181 179 179 167 127  94 156 220 150  39   0   8   2  28 141 221 169  50  13  29  24  17  29  26  32  32  26  24  29  32  24  24  26  30  30  26  20  16  16 
 18  36  73 112 143 162 173 173 172 176 176 165 152 150 157 143  98  51  17  77 215 208  91  13   4  11   3  60 190 202  85  17  11  34  36  22  19  21  26  30  29  31  33  31  28  30  24  13  10  22  57 103 140 152 163 184 192 179 165 161 162 168 181 189 191 184 162 173 198 171  77  10   5   0  37 160 221 158  44  16  40  33  17  27  28  23  17  17  21  25  24  24  24  26  26  20  11   6  14  46 
 92 119 149 180 196 193 180 160 152 151 151 161 177 189 195 193 180 152  90  87 187 202  98  12   5  16   9  62 184 203  90  22  13  30  31  22  21  35  35  27  27  23  16  14  16  17  15  26  59  96 140 178 199 195 175 140 107  83  65  62  65  69  79  89 108 148 184 197 191 181 131  85  67  22  53 170 221 124  21  11  38  37  23  24  21  19  21  23  22  21  20  18  16  14  15  17  19  23  52 106 
179 195 187 164 134 109  92  83  70  70  80  86  93 117 149 177 202 216 178 143 184 195 125  35   4   3   6  75 198 185  75  24  24  31  23  21  37  33  18  11  12  15  15  24  34  43  60 101 153 188 202 192 158 118  88  62  46  36  30  30  29  26  24  36  45  58  97 138 167 191 198 195 169  90  87 166 208 108  21   7   9  13  23  28  28  26  23  18  14  20  32  51  51  55  66  85 102 120 158 180 
186 171 137  90  54  35  27  31  35  33  31  34  38  51  67  95 129 167 192 188 198 194 158  89  43  19  26  97 200 156  40   8  30  37  29  35  28  13  19  44  58  68  78  93 118 138 161 187 195 183 150 107  74  53  36  34  44  54  60  58  51  49  54  54  52  35  25  52  94 130 155 190 210 179 180 197 185 123  69  62  39  25  30  23  20  18  38  73 100 112 115 127 137 152 168 180 189 196 200 176 
125  79  51  45  44  48  52  55  60  53  45  53  62  55  38  40  57  90 128 145 163 185 190 170 146 113  99 136 194 156  53   9  18  24  27  26  23  38  72 136 165 162 172 183 189 203 208 182 134  93  64  44  40  49  51  49  45  45  46  45  44  45  50  43  53  63  49  42  48  49  51  90 145 181 204 206 191 164 166 157 123 101  77  47  58  86 119 174 219 205 198 189 196 196 188 179 163 148 126  98 
 54  40  44  47  51  55  56  54  50  50  52  50  47  48  50  57  53  51  54  62  90 126 171 191 205 197 171 169 189 181 131  78  37  29  40  36  77 129 157 180 192 190 195 192 175 159 135  95  57  42  46  49  48  44  41  41  40  36  30  28  31  35  37  39  42  47  46  43  44  51  49  48  60  80  99 124 148 176 197 196 181 170 152 139 165 197 199 193 203 183 186 196 177 150 126 109  87  69  59  59 
 39  43  46  46  47  46  42  37  33  37  42  38  32  37  49  53  49  41  33  36  52  67  85 102 135 156 153 156 174 188 189 155  99  90 125 143 166 184 192 183 163 136 115 110  95  73  48  35  38  45  44  43  40  34  29  29  29  28  25  24  25  28  28  37  31  23  35  39  35  48  59  48  39  42  43  53  76  94  99 121 159 189 198 195 198 204 187 156 163 161 144 117  91  70  65  60  48  41  41  45 
 53  46  38  38  37  36  33  30  29  30  30  34  36  35  31  28  35  40  41  46  50  46  38  36  46  63  74  92 114 149 182 197 178 173 194 211 206 195 186 149  95  57  39  36  37  36  34  37  50  53  40  29  22  25  28  26  24  26  28  32  33  30  25  30  27  22  34  33  22  25  31  36  45  52  48  40  38  35  21  34  96 181 217 194 159 126 116 137 196 184 109  33  33  43  55  52  47  49  49  42 
 38  34  34  31  30  31  32  33  29  27  28  29  31  31  30  26  30  29  27  34  41  36  47  45  38  34  34  32  29  93 165 209 211 198 174 151 159 205 177  81  23  27  38  39  41  43  45  43  36  30  30  29  26  24  22  23  25  28  28  29  30  29  26  25  26  28  27  25  24  24  20  28  35  33  43  56  54  47  33  17  46 151 222 185 113  56  65 144 229 183  63  21  39  57  57  42  37  41  38  35 
 34  31  32  29  29  31  33  34  29  28  28  26  24  27  35  29  28  29  29  32  33  31  43  50  43  35  40  35  16  54 152 208 193 153 113  96 145 217 160  48  23  45  50  42  46  42  37  35  29  22  23  33  35  26  20  22  27  27  25  24  25  26  25  23  25  26  23  23  26  30  24  25  25  20  28  41  40  47  48  25  23 129 224 187  72  13  44 155 234 166  50  25  40  48  40  31  30  34  35  32 
 32  29  29  28  29  31  30  28  31  29  25  26  29  30  27  30  30  30  30  28  26  28  25  36  35  30  47  49  23  33 141 218 191  96  41  66 169 217 142  46  33  43  40  30  38  34  24  24  31  31  26  26  27  28  29  29  26  24  27  29  29  27  22  23  22  22  25  25  21  20  24  23  23  27  27  24  22  32  39  23  22 129 225 176  54   3  31 151 224 148  47  23  31  30  24  27  28  25  27  25 
 29  28  27  26  26  25  27  26  27  27  27  25  25  25  25  28  27  28  26  26  28  30  26  32  27  22  36  36  14  32 143 232 189  54   4  34 169 223 133  42  20  36  33  26  29  29  25  23  26  28  27  25  24  26  28  30  29  28  27  26  23  22  24  25  24  22  24  27  27  24  25  22  22  25  23  20  19  25  22  16  23 130 224 170  54   2  29 139 214 147  39  15  25  35  28  25  27  21  24  23 
 27  27  27  26  25  24  24  24  26  28  26  25  24  25  24  25  26  26  26  26  27  29  28  31  24  18  30  32  13  34 149 228 172  40   4  35 158 213 124  31  15  34  31  26  29  28  26  25  27  28  24  24  23  24  26  29  30  29  27  25  22  22  25  27  25  22  22  24  26  25  25  22  22  24  21  17  17  19  16  11  25 140 229 166  47   0  25 133 216 154  45  13  22  32  26  23  27  23  23  22 
 25  27  28  26  25  23  24  23  26  26  25  24  24  24  24  24  24  24  24  25  26  27  28  30  24  19  28  29  13  44 153 216 153  36   4  22 134 208 141  39  15  28  27  26  27  28  27  26  26  25  23  22  22  24  25  27  28  29  26  23  22  22  26  27  25  22  21  21  23  24  24  22  21  23  19  16  18  18  14   7  30 155 230 152  39   0  19 119 212 161  50  12  18  28  25  23  28  23  24  22 
 25  28  29  27  26  25  24  24  25  26  25  24  23  23  23  23  22  21  24  25  27  25  25  28  26  24  28  23   9  51 164 213 138  32   3   8 108 211 174  59  13  22  27  26  25  25  26  27  25  22  22  21  22  23  24  25  26  26  25  23  20  22  25  25  24  24  24  23  22  21  21  20  21  23  20  18  22  22  13   5  42 170 224 135  30   0  13  98 198 165  57  13  17  28  27  24  26  23  23  23 
 26  29  29  28  27  26  26  25  26  25  24  23  23  22  23  22  21  21  24  27  26  24  22  23  24  26  24  15   7  57 183 220 119  16   2   8  86 199 186  68  10  18  33  25  23  23  28  28  24  21  23  23  22  22  23  23  24  24  24  22  20  21  23  22  23  25  25  23  19  17  18  19  21  23  20  19  26  22   9   5  61 182 208 110  19   1   8  73 179 171  74  15  17  28  28  24  25  21  23  22 
 26  28  27  27  25  25  25  26  25  24  23  22  21  22  22  21  20  20  24  29  28  24  23  22  23  25  21  12   6  74 194 212  99  10   4   6  64 172 179  73  15  16  32  29  25  25  30  32  26  22  25  24  24  24  23  21  19  20  22  22  20  20  20  21  23  25  24  20  18  18  18  19  20  21  17  17  25  23   7  11  81 189 184  76   6   1   4  54 168 181  98  21  17  24  23  19  22  21  20  20 
 25  24  24  23  24  25  25  25  27  27  24  23  22  22  21  22  22  21  25  28  27  24  25  21  23  23  20  13   9  96 203 189  79   9   8   3  49 148 172  86  24  15  27  29  24  26  32  33  26  23  26  26  24  23  22  21  19  18  21  22  19  18  21  23  24  24  21  19  17  18  18  18  20  20  17  17  22  26  11  17  95 192 161  48   0   2   2  42 155 191 113  26  16  19  18  17  20  21  20  19 
 19  19  19  20  23  24  24  24  25  27  27  26  23  23  23  23  22  21  20  19  19  21  21  16  24  21  19  13  14 113 216 164  56   7  13   8  41 137 185 116  32  14  23  26  20  23  30  29  25  23  23  26  23  20  22  21  21  21  21  22  19  17  23  23  20  21  21  21  21  21  16  16  18  19  18  18  18  20  14  23 116 203 142  26   2   7   3  28 129 189 115  28  14  16  16  21  19  21  22  21 
 18  20  20  21  20  20  21  22  19  22  28  26  20  19  24  27  26  24  22  20  21  22  21  15  21  21  20  12  21 136 217 149  43   4  13   6  33 137 203 145  51  15  21  30  21  21  25  25  24  21  21  25  24  24  26  24  21  18  17  22  25  22  21  22  23  22  21  20  19  19  22  23  24  27  23  18  19  16   8  34 142 209 130  19   1   9   2  22 119 186 123  27  11  15  15  20  19  20  17  18 
 24  23  22  21  19  20  21  21  23  27  27  21  17  20  28  26  25  27  26  23  21  21  30  24  20  17  18  11  34 151 214 133  32   3  13   4  27 126 201 152  52  12  22  33  22  20  22  24  25  25  21  24  22  23  26  25  21  17  18  24  24  20  17  21  25  25  26  26  23  21  24  23  24  27  23  19  24  22   9  47 161 206 116  25   1  11   3  18 108 182 128  35  14  17  19  23  20  23  22  22 
 26  25  22  22  22  22  23  26  23  22  22  24  26  29  32  23  21  22  20  17  20  25  30  27  21  20  17   8  36 146 203 123  26   2  15   7  20 113 189 146  46  10  22  30  21  18  20  22  24  26  25  23  18  19  24  23  23  26  29  30  23  14  14  17  20  24  27  28  26  25  18  14  14  14  12  14  19  15   7  59 173 200  99  17   1  11   3  14  98 170 123  42  17  19  20  22  17  21  27  25 
 22  23  24  24  24  25  25  26  23  23  25  27  27  22  19  12  12  13   9   7  11  19  11  12  13  22  23   8  46 158 205 118  23   0  10   1  15 108 185 145  47   9  18  28  20  19  20  19  21  24  25  22  18  19  25  23  20  22  26  30  25  21  26  27  22  18  14  10   7   7   8  15  14   7   8  13  10   5   4  58 172 198  96  11   1   7   1  17 105 180 135  45  17  18  20  20  14  17  18  19 
 20  23  26  25  26  25  23  23  26  29  27  20  11   8   9  12  21  33  35  28  21  18  10  10   7  15  19   6  53 168 205 110  18   1  13   4  17 108 181 139  48  13  21  31  26  25  24  20  20  22  21  22  22  26  30  24  20  20  19  23  24  24  29  24  15  11  12  22  36  47  59  76  77  60  61  66  51  42  24  53 150 183  95  11   9  12   3  18 108 186 141  48  17  19  22  22  16  20  16  18 
 23  24  23  24  25  26  24  18  16  19  16  13  19  35  49  58  75  97 102  90  76  71  68  54  30  22  10   2  51 170 201 104  20   1  17   8  19 107 178 143  51  10  20  35  30  28  28  26  22  20  18  19  21  22  22  20  22  27  21  16  25  20  15  15  22  34  48  71 102 123 142 152 153 145 139 135 126 113  92  75 139 188 102  11   5   9   3  21 110 175 127  41  21  22  26  25  22  20  22  23 
 20  20  20  17  16  17  15  16   7   8  24  50  85 113 122 129 147 165 160 145 143 153 146 129  96  72  36  13  50 169 198  99  15   0  18   4  20 116 190 155  57   9  15  24  19  21  23  21  19  21  22  19  22  22  17  12  16  26  21  13  15  12  20  43  76 115 127 125 134 153 167 164 160 164 158 151 158 166 155 124 157 199 130  42   4   3   3  25 107 172 129  42  24  24  30  27  24  17  15  21 
 17  18  17  16  16  10   6  11  32  63  96 119 135 152 166 172 170 165 162 166 172 180 159 150 142 155 145 100  83 150 190 109  18   0  15   3  37 124 182 138  51  11  17  28  20  19  19  17  18  24  24  18  24  31  28  24  20  17  14  11  15  37  92 124 129 144 160 169 160 142 121 105 100 109 107 105 120 148 181 183 160 149 133 117  84  43  13  25  98 168 128  41  18  19  27  23  21  19  19  21 
 26  21  10   8  11  17  35  63 103 138 164 173 162 147 137 121 110 102  99 105 115 122 117 136 165 199 202 158 121 161 190 125  33   0   1   1  43 128 172 122  45  16  25  28  17  17  19  16  18  25  28  23  27  30  26  27  32  39  51  58  76 113 149 165 161 150 141 127 100  68  51  44  45  49  49  52  60  71 105 144 148 145 160 172 158 107  62  65 126 172 107  21   6   9  15  14  23  30  31  29 
