170 204 188 186 210 205 163 120 112 108  93  91  89  77  77  92 107  98 110 120  89  93 121 128 122 124 137 136 128 123 126 129 129 130 130 130 138 135 133 133 133 135 135 132 132 133 133 136 140 142 138 131 126 129 135 136 133 125 112 113 123 128 127 118 114 115 117 121 121 114 121 134 137 125 114 117 123 128 122 110 117 128 119 111 127 135 138 127 113 113 123 135 141 147 146 140 133 133 152 148 
168 188 201 196 199 214 190 152 138 124 102  94  88  74  75 101 120 108 116 132 100  88 117 134 129 128 135 129 127 133 133 132 130 128 128 129 131 130 128 126 126 129 131 135 140 138 130 128 136 143 143 133 125 131 140 138 131 120 108 109 118 122 123 122 123 126 126 128 130 123 128 138 137 121 113 117 117 134 137 130 137 143 131 121 132 140 135 122 116 119 121 128 141 150 146 135 130 132 138 127 
151 174 200 188 160 193 208 189 175 150 114  92  79  68  78 103 123 111 120 143 112  90 107 134 137 135 139 133 140 143 139 136 130 125 125 128 124 125 125 126 129 135 137 132 130 129 131 133 132 130 131 129 128 133 137 128 126 128 117 116 115 113 114 120 127 132 131 133 134 130 131 136 130 119 120 126 122 132 137 136 144 150 137 129 133 136 127 117 121 126 119 121 134 141 134 123 123 131 136 121 
152 162 171 168 169 195 194 176 177 188 152  95  72  62  73  89 120 111 118 145 109  96 114 130 142 143 144 145 143 142 142 138 131 125 124 126 127 127 130 136 143 146 144 133 131 132 137 137 130 122 120 124 125 125 124 117 122 132 126 126 122 112 103 115 129 131 130 128 128 126 120 122 128 131 129 129 129 127 128 129 127 125 125 124 128 125 122 122 128 133 133 128 124 129 130 117 114 125 130 128 
185 146 163 193 197 205 194 158 159 195 175 116  99  94  76  92 122 114 115 133 113 106 119 132 141 140 138 136 134 137 139 139 135 129 127 126 122 125 130 140 148 149 147 142 140 139 137 136 133 130 124 120 121 125 126 124 127 128 119 121 126 124 116 123 130 126 118 116 119 120 119 125 136 141 138 133 130 122 122 121 116 112 115 121 126 124 124 129 134 135 137 135 128 131 128 109 104 117 123 136 
198 178 197 204 179 171 177 168 155 189 195 146 128 132 130 120 125 126 131 134 119 114 116 123 129 129 125 122 122 130 132 134 132 129 126 124 123 126 133 140 143 140 137 142 141 139 136 134 134 134 127 120 126 135 137 145 144 126 116 118 126 126 118 121 126 122 114 111 114 117 115 123 138 146 146 140 138 123 122 121 111 103 108 120 122 120 128 140 139 136 137 133 130 136 131 106  98 110 123 141 
146 173 181 172 164 164 173 177 175 181 177 163 153 144 140 129 111 116 141 147 141 149 140 138 141 140 132 126 129 128 126 124 123 122 123 122 123 125 132 137 138 132 128 131 130 132 136 138 134 132 129 123 132 137 134 144 152 143 132 129 129 123 116 119 125 122 116 115 118 121 114 119 130 137 137 135 136 130 130 130 119 105 107 121 120 123 135 147 141 134 136 133 133 138 130 112 110 124 140 142 
 76 100  96 107 146 158 150 141 157 160 162 182 177 152 142 136 112 100 113 119 116 125 132 128 132 139 135 131 139 137 132 128 126 129 131 133 135 136 137 139 136 128 123 121 119 124 133 138 132 125 118 117 125 128 127 134 140 134 126 127 130 130 130 131 131 123 112 112 120 127 129 131 133 132 130 130 133 136 136 135 126 110 107 119 128 135 142 139 132 128 130 138 140 135 126 124 134 147 164 150 
 87 101  82  59  69  64  69  89 117 135 156 183 196 207 214 206 185 134  98  96 101 108  98  91  99 114 116 119 132 138 133 129 130 135 139 141 149 149 150 151 149 143 137 133 132 135 140 143 141 139 133 126 127 134 137 134 128 115 102 105 118 127 132 128 123 117 108 111 122 129 138 140 137 131 125 125 129 139 137 134 127 111 108 123 139 149 140 117 107 113 118 133 143 136 127 138 148 147 160 147 
 82 107  95  76  85  72  80 105 118 110 103 112 139 167 157 169 203 200 181 193 201 188 172 159 151 150 132 111 116 114 109 105 108 112 112 111 119 115 120 130 134 135 139 145 144 145 147 148 151 156 158 147 138 141 145 135 132 126 105 102 111 118 120 115 116 121 118 116 121 128 135 132 124 117 115 118 121 137 137 132 126 118 117 123 142 147 131 105  96 104 109 121 138 139 134 144 145 134 134 127 
 89 150 163 160 167 159 164 154 117  73  52  74 102  94  59  64 107 143 154 173 190 181 177 185 194 204 187 156 158 169 164 160 156 149 136 125 110 100 102 107 104 102 105 108 111 111 110 112 113 114 119 124 124 124 128 133 144 146 131 130 133 133 137 133 127 134 143 136 125 130 140 130 114 107 104 106 111 126 133 130 124 130 130 119 127 123 116 112 110 110 110 117 126 135 137 138 140 139 126 109 
116 157 188 204 190 195 213 185 112  72  65  88 112  96  79  73  74  82  93 103 105 104 102 120 154 169 159 152 153 170 178 185 186 178 169 164 156 164 164 156 147 132 119 118 127 124 122 124 122 117 118 125 130 124 117 123 133 127 118 125 128 122 123 128 122 124 133 125 111 118 125 126 126 123 116 115 124 127 132 133 132 136 134 124 111 110 111 111 112 114 115 115 123 133 136 135 145 155 128 107 
112 132 150 162 140 155 186 186 142 122  98  92 141 174 191 191 174 160 153 138 120 114 101  98 108 100  87  94  90  96 111 125 130 132 139 149 170 180 192 197 195 183 174 178 179 175 166 165 174 181 181 178 166 153 147 143 131 122 126 124 119 114 114 105 111 119 108 106 113 110 100 106 119 125 118 113 117 116 120 123 126 131 130 123 114 112 109 108 109 110 114 127 131 141 140 130 142 157 124 106 
105 132 147 149 120 121 152 170 181 192 137  87 152 230 247 248 250 249 246 234 216 203 197 180 167 148 137 141 129 126 127 120 106  97 102 113 119 113 124 139 136 126 123 123 124 133 131 128 149 175 181 176 163 172 195 190 182 201 206 186 167 165 159 152 149 137 128 141 146 120 100  99 104 107 103  96  95 108 110 110 114 119 120 116 116 117 120 121 122 122 122 128 130 138 135 121 128 143 127 106 
108 128 148 174 140  93 110 161 203 221 171  87 102 177 217 221 227 233 238 247 253 253 252 251 247 243 237 230 221 218 211 193 170 156 155 159 138 121 120 125 114  98  97 107 109 116 112 101 107 117 111 108 102 119 144 140 141 168 176 166 160 167 166 167 171 178 190 187 178 180 180 172 162 155 146 137 136 134 129 121 115 112 107 101  98 102 109 114 115 113 111 107 110 118 122 119 125 134 126 120 
111 127 127 168 194 132 103 151 190 193 158 104  80 105 127 138 142 155 173 185 191 198 209 225 233 240 239 237 253 254 253 249 244 242 240 240 236 230 224 220 214 201 190 193 196 185 173 170 155 137 126 120 120 114 101  95  92  83  79  84  89  86  81  93 129 168 180 162 156 171 193 198 200 203 198 191 188 185 178 169 162 156 147 142 131 127 122 117 114 114 113 109 107 104 104 109 111 110 111 114 
101 164 163 185 234 205 127 117 155 138 119 139 152 128  94  67  62  72  91 104 103  92 111 136 151 151 160 183 198 206 216 228 234 236 241 247 251 253 253 253 249 248 246 241 236 233 235 236 232 229 224 215 217 203 183 181 182 172 159 146 112  70  56  66  96 126 106  89  83  63  74  91 109 124 125 130 141 166 170 174 180 183 182 181 178 171 163 157 153 155 160 151 149 142 133 127 122 120 126 121 
103 186 220 219 208 178 131 104 114  86  85 167 225 175  94  58  57  49  45  72 111 132 113  95  82  74  83 103 105 108 117 125 130 138 155 171 193 205 225 235 233 232 236 242 245 246 246 248 251 250 250 249 243 238 239 244 239 235 242 222 136  63  99 113  92  94  74  54  59  94 114 116 120 113  98  88  91  95  96  99 107 116 119 118 116 119 129 138 143 151 161 168 174 181 182 182 183 182 170 174 
120 181 235 211 144 130 161 147  89  64 110 209 233 147  65  54  55  39  28  45 101 171 206 182 161 159 157 146 137 132 121 103  90  88  99 107 101 102 112 122 122 116 119 150 164 163 166 184 193 190 207 225 225 234 238 222 207 208 208 179 134 120 162 146  90  95 109  89  88 170 208 203 198 185 170 160 155 137 130 119 108 109 105  95  80  84  92  97  99 103 110 107 111 118 125 134 142 147 146 153 
139 173 224 206 147 143 189 171  89  94 169 242 213  94  37  63  59  46  58  58  64 120 192 228 247 247 239 226 224 228 211 187 165 153 150 151 140 119 102  98  97  94  95 106 103  99 106 122 121 113 120 140 160 179 173 143 151 169 161 150 170 209 225 201 157 160 191 190 168 190 224 234 237 235 234 235 234 226 223 213 196 187 178 164 155 146 134 124 116 110 106 100  93  85  82  86  94  99  97  94 
154 175 216 230 206 169 169 154 113 147 215 252 210  90  32  65  67  51  73  86  52  37  93 196 255 248 240 244 253 252 248 243 239 237 236 235 234 218 208 209 208 205 201 186 166 157 162 153 124 101  90 111 136 124  97  77 112 162 203 221 231 245 247 237 227 236 242 224 188 171 192 206 216 222 222 220 217 224 231 235 236 236 234 229 229 222 214 208 203 193 182 178 171 160 151 145 142 138 122 116 
162 176 195 225 227 180 163 165 151 197 249 252 215 109  38  46  71  58  56  70  39  13  74 195 254 240 236 236 237 233 237 242 244 243 243 241 241 242 250 255 254 252 251 249 241 234 237 228 197 168 151 182 198 157 132  97 112 175 225 242 248 242 195 165 185 235 240 178 126 152 170 153 145 152 157 157 159 176 176 180 194 204 206 208 223 232 238 240 242 242 238 237 236 235 232 227 218 209 204 201 
173 178 173 213 237 211 191 173 171 218 243 241 236 157  64  40  85  93  68  44  22  44 147 234 250 230 235 237 234 227 231 234 233 228 228 227 221 225 233 237 238 242 244 239 250 243 244 251 244 212 169 200 205 178 202 168 121 105 118 178 232 221 168 138 125 166 207 158 102 149 190 148 103  95 101 111 126 121  98  91 108 119 121 123 133 149 162 167 177 191 200 212 216 225 235 239 238 238 244 242 
186 189 175 199 246 242 198 154 160 216 237 232 243 217 129  80 129 141  92  44  56 137 226 249 233 218 233 241 234 230 234 237 236 233 235 235 228 230 230 230 230 228 227 226 231 239 243 240 223 182 119 110 123 113 168 218 165  67  56 158 230 227 204 184 144 125 179 212 180 158 160 158 155 110  84 129 150 101  72 113 122 124 118 112 114 119 112 101 104 115 117 125 136 143 148 156 162 164 179 196 
193 191 181 203 243 241 184 132 163 226 240 231 229 217 187 144 142 130  76  47 109 203 242 250 235 221 230 234 231 226 224 224 231 238 240 237 229 225 225 222 217 223 234 238 247 247 225 196 165 125  67  55  77  79 121 186 179 142 166 221 248 241 193 157 136 135 188 242 234 183 119 129 181 175 141 157 165 103 133 221 228 229 226 211 194 192 179 157 144 134 121 103 100  90  82  81  84  84  94  99 
198 180 174 205 240 242 173 122 170 236 239 219 220 202 157 126 121 110  60  20  63 126 188 227 249 249 236 220 222 223 219 221 231 236 229 221 235 229 228 230 233 241 247 243 226 180 153 166 139  76  52  73  72  55  69 108 129 149 191 231 249 245 186 114 104 154 204 231 240 220 148 112 152 202 187 153 123 113 175 250 239 234 249 250 249 248 243 237 234 229 222 216 206 189 176 170 166 162 154 137 
187 161 168 209 241 243 169 126 183 240 232 224 243 200 112  88 140 125  41  15  39  61 103 134 173 216 240 240 244 243 233 222 219 223 225 226 235 239 240 246 253 242 214 162 105  80 107 140 124  89 104 112  60  27  42  68  91  98 117 176 223 232 209 173 173 218 238 230 236 224 191 137 127 158 143 102  72  77 142 231 248 237 236 244 246 243 244 250 251 250 247 250 247 247 248 247 241 236 231 222 
181 160 175 215 245 242 170 130 193 236 218 231 245 186 128 129 154 114  55  36  27  49  58  60  72 106 150 187 221 242 244 245 245 246 245 243 239 240 233 222 202 154 103  61  48  74 109 117  94  79  92  71  42  52  79 118 143 119 100 127 163 187 226 246 243 240 233 239 234 171 120 131 138  97  47  42  54  59  78 140 214 250 245 230 228 226 231 241 239 232 229 232 236 246 252 250 243 241 247 250 
190 174 177 211 244 244 181 139 193 236 219 230 229 172 167 188 135  91 110  96  38  21  28  57  74  76  76  90 125 158 184 223 245 243 223 204 182 170 154 127  88  50  30  42  91 122 103  76  58  38  31  57 113 162 167 193 219 194 147  98  90 125 176 222 241 234 222 219 181 100  58 118 165 112  38  24  39  59  53  43  98 188 243 252 230 221 221 229 229 229 236 235 234 237 236 229 225 227 231 237 
198 180 170 200 242 244 191 155 196 243 235 229 225 195 189 191 147 120 151 172 126  45  13  50 108 132 122 101  76  49  77 120 153 154 126 100  73  62  54  43  23  23  40  59  93 116  79  37  46  71  95 155 219 238 208 190 213 235 180  84  48  75  99 122 150 187 207 176 120  98 114 156 197 187 121  53  21  43  65  55  29  75 168 230 251 244 236 229 223 226 236 235 231 230 228 223 226 233 229 234 
195 152 155 199 240 242 197 162 192 234 232 221 224 219 170 130 158 171 165 193 196 154  80  32  59 109 150 173 130  85  93  83  73  62  43  34  30  33  28  29  29  39  57  54  44  38  52  92 145 185 214 241 250 246 227 180 164 202 184 119  63  36  33  37  39  91 141 111  87 161 225 209 202 240 228 152  67  31  66 126  82  45  67 124 199 239 254 245 238 238 231 224 222 225 223 219 229 240 234 235 
185 113 151 230 245 237 194 158 180 227 228 218 228 208 152 111 140 178 164 155 196 232 199 118  38  18  74 141 146 150 170 160 124  84  50  38  41  54  51  48  48  40  32  24  40  62 122 202 242 250 253 244 232 239 241 207 178 177 167 161 129  77  42  12   8  38  58  72 116 193 225 197 199 235 248 241 183  89  63  95 127 134  79  42 104 180 224 225 240 254 249 236 231 222 217 222 230 233 224 223 
141  88 140 221 242 227 162 139 178 233 242 224 221 206 175 141 115 147 172 131 142 209 248 239 170  72  29  44  67  96 133 179 204 166  83  32  36  57  56  47  35  19  17  50 126 202 238 247 240 236 228 220 232 243 242 242 236 199 150 156 193 193 124  44  56  97  98 137 178 156 152 188 223 229 219 244 250 222 137  58  71 137 120  77  87 135 168 165 171 202 231 240 248 248 244 246 244 235 228 230 
 88  67 116 162 197 209 141  92 139 217 243 235 221 221 229 178 103 122 180 155 147 205 232 238 247 220 124  46  52  54  58 104 164 148  73  32  45  50  36  20  17  46  98 167 225 253 246 229 227 235 235 237 247 244 233 239 252 224 150 137 192 235 210 112  99 171 220 220 181 149 176 231 238 226 226 232 243 250 237 174  95  53  44  75 105 127 127  97  75  89 116 162 198 226 235 239 241 241 247 242 
111  88 125 148 153 167 138  97 117 173 219 236 226 230 236 191 124 120 183 214 216 226 232 219 229 255 233 150  88  56  40  55  91  80  38  24  21  18  30  71 121 173 217 249 254 236 219 227 232 232 244 251 243 237 245 244 249 224 134 104 146 202 227 181 145 181 221 209 169 175 225 253 233 225 237 225 222 223 240 250 216 135  55  23  53  78  78  52  44  61  77  85  81  91 121 153 161 160 178 180 
139  93 108 142 154 170 160 134 120 125 169 223 231 234 206 165 151 161 207 241 236 225 228 221 217 230 247 231 183 147 125  97  86  69  43  38  61  91 133 191 237 253 254 246 238 233 231 231 237 240 241 244 240 236 241 249 252 235 167 116 123 154 202 184 142 161 189 181 160 176 227 248 245 243 226 218 229 230 222 231 254 244 172  64  19  41  76  76  48  46  71  62  39  32  46  60  61  62  72  84 
170 127 107 113 142 181 184 153 127 113 137 192 225 229 204 166 161 190 230 232 213 217 223 224 225 213 222 250 248 239 222 189 159 142 135 133 172 215 243 248 244 237 232 233 233 240 242 239 243 242 236 246 237 230 239 246 243 246 235 194 159 157 173 145 131 153 169 174 165 158 207 240 249 241 225 225 232 228 229 224 229 248 237 184  90  62  63  81  81  67  61  49  49  55  52  34  25  29  26  52 
223 210 174 111 103 142 165 153 123 108 134 174 191 199 216 205 177 181 221 238 223 215 225 234 240 223 219 239 238 228 240 242 235 229 230 232 242 246 239 230 231 228 224 236 239 240 238 234 231 228 232 237 231 235 246 239 233 245 253 246 220 183 143 137 171 167 130 144 182 178 208 232 235 232 231 233 234 230 238 235 225 236 249 246 204 120  55  71 116 124 101  67  58  58  62  50  32  27  39  60 
227 236 225 160 105 109 137 135 104 104 152 187 169 162 196 217 208 204 216 224 228 235 237 232 232 228 224 227 219 213 224 231 234 240 248 250 245 233 215 211 225 234 233 230 233 235 234 230 228 229 233 231 233 237 239 237 229 232 242 248 235 177 129 173 226 191 118 129 198 223 232 230 226 231 235 233 229 230 238 238 228 226 236 243 250 210 145  98  93 117 137 121  81  46  43  51  46  35  39  59 
206 211 235 210 124  82 121 158 149 155 204 231 207 180 178 185 192 193 184 181 195 214 204 203 213 221 221 219 219 224 217 210 215 228 234 229 223 231 231 228 231 238 240 228 232 232 231 228 227 227 225 225 228 224 220 231 238 241 240 233 210 157 148 213 238 187 125 135 193 238 246 235 230 239 239 228 223 228 227 229 232 228 222 219 230 249 239 187 135 106  98 106  68  30  24  36  42  36  36  42 
223 220 234 225 164 111 132 203 232 232 242 249 242 226 201 183 181 173 164 167 172 167 164 167 170 184 194 192 196 202 204 205 209 218 223 221 222 228 231 233 233 231 232 238 237 234 230 227 226 228 227 225 232 235 227 229 231 234 239 239 220 171 164 214 229 180 135 150 196 228 232 228 231 238 236 226 222 227 225 224 225 221 222 230 229 231 239 250 236 180 119  80  72  57  43  37  32  29  29  27 
238 232 227 240 238 207 189 216 249 247 234 232 226 226 217 218 226 222 208 199 196 190 200 183 153 161 185 181 173 171 175 172 165 167 179 187 193 187 189 202 214 214 213 222 221 219 218 221 225 232 233 229 238 245 236 225 219 219 232 248 249 229 204 221 238 212 181 198 230 238 228 229 234 234 232 227 222 226 228 225 216 210 219 235 232 224 222 232 240 239 232 218 205 179 142 105  89  86  71  88 
181 192 214 235 249 248 245 246 235 222 231 236 215 206 215 222 230 235 230 228 230 233 226 237 226 219 219 209 211 205 199 186 176 174 173 169 169 169 176 187 192 190 188 192 191 190 191 197 206 210 213 216 218 212 204 201 210 217 217 227 236 245 236 232 241 239 234 245 250 247 242 246 247 238 233 229 219 215 220 224 225 225 225 225 224 222 224 225 224 233 250 251 242 238 229 212 215 226 208 205 
146 156 169 179 195 216 238 237 219 224 242 245 239 236 230 227 234 243 235 229 236 236 230 245 254 245 234 236 226 229 230 225 222 223 218 210 211 211 215 217 208 198 197 206 200 190 196 210 202 186 179 184 189 176 185 181 162 175 169 168 172 181 216 211 188 178 198 213 222 227 217 226 241 243 236 230 232 235 239 242 243 245 241 230 230 234 239 238 227 221 222 221 220 228 236 238 244 253 250 247 
147 143 139 152 183 198 185 183 197 214 206 211 236 231 229 237 235 230 235 246 242 232 231 231 232 229 233 236 228 235 235 232 233 240 244 241 246 242 244 246 239 226 224 237 228 220 224 231 224 212 200 204 211 202 203 193 175 174 175 182 165 134 143 178 189 167 165 173 180 185 177 166 168 183 188 193 210 212 220 222 222 232 237 229 236 242 244 242 241 238 234 234 236 241 244 243 241 241 243 239 
120 121 123 145 174 182 150 154 203 198 146 154 206 207 201 198 199 194 207 229 225 236 237 228 224 233 242 242 241 237 233 226 225 229 232 230 232 231 234 240 242 240 240 240 242 245 244 239 244 247 242 245 248 248 249 241 234 229 235 241 217 153 107 155 220 214 190 191 193 191 181 166 151 152 163 168 168 167 165 171 180 183 188 200 201 203 199 199 217 229 228 231 234 230 230 241 245 241 243 240 
 76  83 115 122 108 121 144 185 228 184 130 148 184 192 174 170 181 172 173 184 183 212 240 248 249 252 251 242 246 243 237 233 233 234 234 232 236 235 232 231 235 246 249 235 238 245 247 238 240 244 247 250 231 228 237 248 251 241 248 242 233 186 106 137 178 150 162 209 225 234 231 217 204 208 216 207 191 187 181 179 176 165 164 178 166 160 144 137 152 164 160 154 158 154 157 180 199 199 202 208 
108  93 127 122  88 118 187 235 218 146 125 147 147 158 160 164 182 187 192 190 170 169 204 232 240 242 239 228 238 247 243 243 248 249 248 248 246 244 235 226 229 240 243 230 220 226 242 244 234 237 241 185 139 162 195 228 249 246 245 215 188 152  96 111 142 111 103 152 195 201 194 165 159 200 230 233 239 233 235 224 204 206 212 202 197 192 178 167 166 160 148 146 150 142 133 138 142 139 151 159 
184 166 174 155 137 178 231 234 168 109 113 142 131 118 127 150 169 186 187 181 174 167 174 203 202 201 210 203 214 229 225 228 238 243 245 248 249 248 243 242 246 244 239 235 227 229 241 250 246 247 241 169 119 118 101 139 211 243 250 221 142  75  82 104 140 140 101  89 118 129 107  72  51  92 168 227 251 247 235 226 236 250 252 243 241 241 243 242 237 228 220 216 221 213 195 181 174 170 170 172 
178 179 172 142 157 200 224 191 128 100 123 177 178 126 101 122 129 123 120 128 154 173 189 200 189 184 198 199 197 192 188 193 205 213 217 221 235 233 231 235 243 236 224 238 248 240 225 220 237 252 250 225 186 118  38  60 146 205 242 234 131  51 115 144 131 142 128  90  91 130 157 127  60  53 148 232 241 227 188 179 209 233 234 241 228 225 228 238 236 239 238 235 236 237 237 235 235 235 235 237 
 69  79  84  87 150 189 187 156 136 131 143 184 198 160 136 138  99  81 134 175 191 187 187 175 176 177 190 211 201 196 195 197 203 206 202 198 201 197 188 188 203 209 201 196 201 180 141 114 150 208 212 183 141 113 125 120 103 134 201 206 116  71 170 196 149 159 137 112 122 156 212 176  76  60 167 240 237 200 156 121 104 144 192 236 232 224 214 222 215 229 226 219 209 213 228 235 230 223 227 233 
102 117 118 108 140 178 171 166 188 207 180 135 121 138 194 184  94  88 154 164 164 150 140 135 133 125 132 154 157 165 171 179 186 190 191 192 198 193 183 177 184 201 206 181 160 142 105  81 119 170 181 155 114 122 165 144 101 127 190 200 127  94 175 227 206 199 188 186 191 183 188 144  66  60 148 205 191 127 106  83  56  74 117 171 227 243 234 225 216 225 229 217 212 216 223 224 218 215 221 218 
210 223 218 164 127 161 170 173 217 239 219 142  73 107 207 229 151 116 128 116 127 150 162 158 147 132 129 140 143 140 144 150 156 162 164 165 177 178 175 168 167 181 195 181 151 140 134 149 182 188 164 150 163 159 129  95  88 135 205 223 178 157 201 235 228 228 232 231 224 204 173 133 108 115 134 136 115  73  68  68  59  53  66 103 179 226 238 228 223 230 242 236 231 231 235 240 245 251 249 245 
236 250 231 150 102 140 157 166 205 202 222 205 119 132 202 240 213 128  97 131 160 203 225 220 208 201 203 203 203 191 183 176 173 172 165 159 158 161 159 154 153 154 160 160 141 131 152 205 221 189 140 120 155 163 121  92  90 132 211 236 209 203 233 246 227 217 228 228 223 218 197 172 196 201 128  74  64  69  74  79  78  84 102  95 101 166 212 205 201 209 221 226 221 219 219 217 221 227 223 225 
218 249 192  95  93 152 171 172 201 182 196 218 174 172 193 209 224 151 112 161 169 207 242 242 235 239 247 243 244 245 237 229 226 223 215 207 202 199 189 187 188 172 146 136 157 167 176 190 185 159 128 105 101 108 128 145 140 149 190 213 203 198 229 250 236 220 235 238 237 235 196 173 224 228 120  63  80  89 102 118 118 135 169 117  61 121 191 182 170 178 184 181 179 179 174 164 159 157 157 161 
176 207 156 108 135 172 190 187 188 189 193 201 191 173 161 170 211 186 170 197 160 180 224 233 225 235 250 247 252 248 249 250 251 251 248 242 245 242 230 231 232 187 133 132 177 204 180 126 129 164 132  91  78  91 129 182 195 147 123 174 210 207 228 244 245 235 233 227 235 249 174 141 208 221 123  98 135 129 117 149 157 146 183 137  68 116 202 185 161 174 175 172 171 173 175 168 163 165 160 158 
151 123 120 167 215 186 160 180 204 206 182 174 194 189 176 170 170 192 223 223 185 168 168 170 191 206 200 198 207 198 202 224 235 225 224 240 243 236 241 241 229 179 123 149 205 221 155  80 115 158 130  84  96 109 131 194 213 157  83 106 168 162 182 226 239 227 205 199 225 243 156  96 146 155 120 122 138 122 117 143 169 161 174 135  77  98 151 151 152 171 176 186 182 179 174 190 205 194 186 182 
159  85 100 185 216 160 125 160 206 203 176 168 192 215 213 178 139 176 227 232 220 160 112 133 185 201 169 137 120 123 127 139 149 153 170 191 181 192 215 202 169 147 130 156 218 205 120 108 129 113  91  96 133 148 151 202 214 157  81  61  82  71 106 193 235 223 195 197 216 211 119  58  76  83  81  96 121 123 121 144 181 165 158 138  86  70  84  88  95 136 157 162 158 142 123 147 172 157 150 146 
212 151 146 157 132 123 141 169 180 172 195 206 183 177 146 123 140 177 209 224 210 166 158 196 230 238 205 144 103 106 113 107 101 112 127 125 104 123 157 162 142 136 140 150 213 202 113 145 143 107  97 131 180 186 161 175 166 111  81  93  99  76  85 165 228 223 221 245 221 144  81  79  68  72  65  77 128 172 175 194 208 146 115 105 113 105 116 103  66 115 143 117 111 116 122 135 150 147 138 133 
235 237 221 153  99 124 163 178 172 127 156 217 204 181 137  97 144 157 168 197 177 190 229 231 202 187 190 184 188 201 205 199 187 181 167 149 133 115 123 157 177 165 141 129 188 219 143 126 132 120  97 137 198 188 183 190 142  80  77 101 105 101 120 191 235 208 214 247 207 116 108 145  99  93  99 100 124 168 200 220 228 200 187 164 125 141 168 156 100 142 157 107 111 163 206 192 180 191 189 184 
233 245 220 178 151 155 154 157 168 114 122 201 212 197 173 150 143 130 137 159 177 208 239 218 162 124 129 170 225 254 251 247 245 239 226 217 215 174 125 121 142 137 122 126 154 190 160 112 129 134 114 161 206 159 180 202 135  83 107 140 139 131 141 182 225 230 234 222 168 117 162 166  74  84 160 170 134 150 214 228 212 195 208 188 137 150 182 207 188 198 173 135 185 237 253 238 222 232 229 229 
232 230 185 170 190 193 162 138 133 138 181 227 219 190 172 167 141 159 173 164 196 205 177 161 163 166 157 176 219 241 233 230 238 246 249 250 247 230 177 138 130 137 153 176 160 142 154 127 133 137 134 187 192 133 169 194 151 107 105 134 165 170 163 174 209 234 228 193 160 154 160  99  22  60 183 215 163 179 228 222 183 127 122 136 147 165 201 235 216 167 127 140 205 225 216 216 218 226 232 231 
229 236 193 177 220 228 185 130 128 184 220 218 213 186 146 115 119 174 222 228 217 186 142 118 158 210 210 207 217 222 222 222 226 237 240 233 232 246 234 220 204 203 226 241 195 127 144 125 107 120 139 183 155 124 176 190 188 159  90  63  92 132 169 189 188 177 166 161 173 178 130  59  43  86 180 212 193 196 164 130 151 118  88 101 144 182 225 220 153  83  83 113 142 136 134 149 157 165 171 172 
200 228 220 200 208 234 213 155 146 184 191 159 159 185 181 142 107  97 159 232 234 196 149 140 175 206 205 210 215 212 216 225 230 228 225 225 225 234 239 241 244 244 241 243 221 181 160 108  93 142 162 148 131 161 205 185 166 182 133  68  63  89 124 165 160 127 135 166 164 128 117 129 106 127 168 212 225 189 106  61 111 108 109 128 142 175 217 168  97 107 128 119 109 101 101 106 110 113 112 107 
180 197 218 221 197 195 201 186 172 156 145 143 155 188 215 191 121  80  86 154 233 199 146 151 179 194 199 215 217 212 212 217 220 218 219 222 222 226 228 230 234 231 225 225 231 211 165 103 116 184 193 163 159 195 198 135  89 133 180 155 108  84  87 140 179 168 160 140  84  47  99 142 128 144 187 235 238 208 147 124 146 126 117 137 148 182 175 126 137 193 196 164 174 179 175 167 154 142 135 134 
200 193 199 222 208 180 160 167 184 170 166 173 166 184 207 203 184 187 116  80 187 217 151 121 136 180 205 210 210 198 205 216 223 218 208 207 221 220 222 227 230 224 214 212 217 197 163 154 182 206 209 221 220 185 126  92  60  66 151 189 144  91  95 138 179 196 176 102  30  42  68  83 118 180 211 225 226 231 220 231 216 189 155 137 156 161 146 162 215 229 205 217 234 240 237 236 235 228 225 224 
195 226 220 213 223 206 161 150 188 206 206 164  98 114 179 229 237 233 138  57 139 226 204 126  86 121 149 143 144 159 172 194 213 218 217 217 213 211 213 219 218 205 194 197 203 197 196 225 231 208 207 221 209 148 102 135 159 114 106 150 154 118 124  90  62 120 172 140 101 117 122 108 128 173 205 208 188 151 175 214 190 216 221 191 161 120 127 210 250 220 205 223 229 224 218 228 245 249 249 247 
113 168 211 228 238 226 198 186 208 204 167 112  53  56 119 180 172 140  96  63  95 156 189 147  92  88 108 109 107 123 125 135 153 173 195 212 210 208 212 218 214 199 190 199 218 236 224 196 172 165 168 152 149 136 138 185 222 192 152 158 160 128 105  74  52 120 200 178 143 156 147 149 160 148 202 221 134  46  77 131 130 196 237 227 179 149 161 224 240 215 221 225 223 222 220 223 230 232 234 236 
 67  87 150 204 224 228 215 186 174 170 139 128 142 111  72  70  76  76  76  74  70  75  86  97  87  86  98  99 108 108 100  96 103 118 143 163 175 176 189 206 211 207 206 214 226 231 202 160 150 160 139 109 117 155 181 201 211 194 160 158 164 120  81  88 117 164 193 141  82 133 161 156 170 130 160 190 139  59  61 112 131 146 156 168 194 210 222 235 236 234 242 238 231 236 245 240 231 227 221 224 
 97 102 134 154 184 215 204 156 126 149 161 183 228 194  98  41  50  69  75  80  76  66  57  64  73  88  92  88 106  97  95  98 100 103 111 119 117 122 139 161 172 182 189 180 177 164 150 148 175 198 156 100 110 171 224 224 217 187 119 114 150 136 104 104 142 174 170 109  51 104 178 182 190 162 143 142 140 127 119 144 152 125 116 143 169 189 205 208 214 227 238 228 211 215 224 211 200 203 197 197 
153 152 176 170 164 173 185 185 177 179 177 205 243 236 170  80  53  63  79  75  70  78  79  68  70  83  85  83  87  92  99 105 104  99  96  97  94  91  98 104 103 111 124 122 116 117 110 110 147 177 142 108 120 153 221 237 223 198 148 111 130 184 172 122 127 148 132 114 125 108 138 183 181 180 166 150 157 165 176 164 142 154 177 180 172 171 179 181 174 177 193 204 191 194 197 186 184 195 189 184 
176 147 203 211 155 163 213 230 219 225 199 194 238 253 230 160  70  38  67  65  58  67  72  70  65  63  64  69  77  90  93  93  88  85  87  91  92  85  84  80  71  70  76  81  86  94  96  93  98 100 100 113 115 113 157 232 216 177 169 141 143 208 189 134 140 120  85 140 196 121  94 138 158 162 146 158 209 220 180 145 151 180 199 206 212 207 204 193 178 172 181 203 206 205 208 220 223 217 209 200 
171 112 166 185 156 198 233 205 170 219 216 154 151 195 235 200  76  22  59  62  56  51  54  60  58  53  60  70  73  62  70  79  80  76  74  76  85  80  80  80  74  73  77  80  78  83  96  96  75  62  83  96 103  86  94 208 210 153 168 163 140 189 178 128 134 131 112 139 189 182 152 173 160 111  92 146 216 226 160 113 129 144 143 153 186 193 200 198 191 195 207 213 219 216 215 221 210 189 176 169 
203 151 162 163 169 221 211 149 128 204 197  84  34  84 159 150  65  37  62  61  61  53  52  59  60  59  67  69  60  45  54  66  69  67  66  66  67  66  70  73  74  75  76  77  75  72  76  84  83  78  83  84  88  85  83 166 171 144 175 170 127 164 186 139 125 151 173 167 180 222 235 232 189 119  80 114 158 156 136 108  96 106 107  93 111 132 150 155 154 167 182 172 168 163 156 146 128 111 105 108 
243 227 216 199 203 219 194 165 180 201 133  37   8  37  63  63  46  51  57  48  56  58  45  50  54  56  60  59  51  51  54  56  55  54  58  63  63  62  64  66  67  66  61  56  75  80  71  65  74  80  84  82  75  79  83  99  87 111 185 202 177 187 194 175 163 171 197 212 207 183 166 165 171 170 127 103 101  95  95 102 110 111 109 112 103 115 124 116 106 108 116 108 100  96  96  91  85  85  95 101 
218 195 198 207 220 216 202 216 218 186 118  68  38  40  53  45  45  51  49  50  56  51  43  47  51  51  47  47  51  54  56  53  48  46  50  56  61  62  64  67  69  66  62  61  66  72  71  66  71  78  77  68  74  79  77  58  57  77 125 179 216 209 204 211 210 198 189 218 218 130  63  69 104 138 120 105  92  87  87  98 112 108 100 107 108 111 110 102  96  96  97  97  98  94  92  94  94  93  98 104 
119 117 192 232 218 194 217 237 197 190 202 168  91  42  48  54  49  39  44  59  57  51  51  56  58  53  46  44  46  47  46  48  48  45  48  53  53  56  60  64  66  65  65  67  62  62  66  69  72  74  69  59  64  71  71  61  62  60  63 100 139 147 179 227 232 198 172 200 200 111  51  60  83  97  94  95  91  89  93  96  98  97  93  88  99 102 103 102 101 103 104 105 103  98  95  96  93  87  84  87 
112 106 209 253 208 169 211 236 207 218 253 239 130  35  32  63  59  44  50  56  51  53  57  62  63  57  50  47  50  48  43  43  45  44  46  52  53  54  55  57  59  61  62  60  60  60  63  66  68  67  68  67  64  63  65  69  70  67  58  58  64  91 150 205 219 197 169 167 156 104  74  79  86  86  82  82  85  86  86  88  89  89  89  89  91  95  97  96  94  94  95  95  89  85  85  85  82  79  76  76 
147  87 155 235 209 161 184 233 241 240 247 217 107  29  37  68  60  54  62  54  44  52  60  61  58  54  49  50  54  54  47  42  41  41  44  47  50  50  51  52  52  53  53  55  54  54  59  62  65  63  65  75  67  55  56  64  66  63  65  60  55  84 123 132 170 215 186 123  87  79  81  82  80  75  72  76  82  85  82  79  77  79  83  86  82  85  89  89  87  86  85  84  82  79  80  80  78  74  70  70 
126  55  99 175 192 168 172 224 240 209 163  97  36  36  58  66  48  50  67  56  46  54  63  55  48  50  53  53  54  52  46  40  38  41  43  45  43  45  47  49  48  46  47  51  50  51  55  60  63  60  59  68  61  53  54  54  52  55  66  66  63  83  85  51 109 202 176  84  39  51  62  65  68  68  69  74  80  81  78  75  73  74  78  81  76  78  82  84  83  81  78  76  75  75  76  76  74  72  68  66 
148 127 153 134 127 159 188 197 182 113  42  14  10  44  72  70  40  36  52  43  44  55  64  47  38  46  53  49  45  40  40  37  36  41  47  48  45  42  39  38  41  45  49  47  46  48  52  56  59  58  55  56  57  62  63  53  48  56  62  53  44  57  58  30  66 121  98  51  41  55  57  56  56  57  59  65  71  73  72  72  71  71  72  73  72  73  75  77  77  74  71  67  68  70  71  70  69  66  63  61 
238 239 236 158  96 138 183 172 137  49   4  40  49  58  80  84  52  46  48  35  45  59  61  45  36  44  45  37  33  39  45  46  41  42  46  48  46  40  33  31  35  42  45  42  41  42  46  50  52  54  50  46  54  62  60  54  47  48  57  51  48  49  53  49  49  48  39  40  52  58  59  57  53  49  49  53  57  62  63  63  64  63  61  60  65  64  65  66  66  63  60  59  63  66  67  66  63  61  56  55 
250 252 254 203 133 130 148 166 149  63  39  94  95  86 103 103  78  81  77  55  65  75  70  57  51  53  46  35  34  52  60  59  48  42  42  42  39  38  37  35  34  33  34  37  36  37  40  44  46  49  46  41  49  51  42  45  49  46  39  40  54  49  46  54  47  39  47  52  45  39  49  54  52  50  48  49  49  53  55  54  53  52  52  52  57  56  55  56  56  54  50  50  54  58  58  56  53  52  53  51 
196 216 243 243 200 112  93 171 188 113  67  85  84  82 113 132 113 117 119 102 111 116  97  97  94  82  68  67  76  90  82  68  55  45  40  38  35  32  33  37  35  32  34  38  30  29  34  37  42  44  37  34  38  39  35  45  54  46  40  45  47  44  49  49  41  47  60  51  33  34  41  45  47  47  45  45  47  44  45  46  45  44  44  45  49  46  42  43  44  46  47  45  44  45  47  48  47  46  47  45 
158 161 223 253 203 114 121 209 241 214 134  48  25  61 115 132  89  66  82  98 115 118  96  96 103 100  91 107 139 139 129 116 104  96  91  87  78  69  61  57  50  46  47  45  37  35  36  34  34  35  32  29  25  26  29  30  30  27  29  40  44  38  37  42  39  36  41  39  32  36  38  38  37  36  35  36  36  35  34  34  35  38  40  41  40  38  34  35  37  38  39  37  37  38  40  40  38  37  39  39 
169 149 213 253 204 144 178 242 225 199 139  43  12  60 124 113  46  15  54  92  85  53  42  52  71  84  84  94 113 112 108 105 105 109 112 114 110 105 100  94  84  77  75  73  67  65  63  56  54  52  49  45  39  37  40  38  36  34  34  43  47  46  46  54  52  42  40  44  49  50  47  43  38  38  40  41  40  37  34  34  39  44  45  43  43  41  39  40  41  42  41  38  38  38  38  36  32  30  36  38 
208 176 214 243 202 180 219 239 167  81  66  88  70  79 121 117  38  31 118 133  61  11  14  32  58  69  65  55  48  42  43  46  55  66  75  80  80  81  85  85  79  73  74  78  76  78  77  71  69  69  63  60  65  63  57  64  74  73  68  72  77  82  90  89  84  77  72  79  85  80  74  70  65  65  69  73  73  65  63  65  71  75  73  66  69  67  65  65  65  63  60  58  56  57  57  55  50  48  53  59 
233 201 221 234 208 195 216 220 150  28  12 103 121 111 128 119  60 104 180 105  18  30  68  84  88  71  48  33  28  30  29  27  28  31  34  35  34  32  35  36  35  39  44  44  43  47  47  45  46  49  46  45  61  61  50  65  81  76  78  83  90  96 100  98  94  91  92  97  98  89  88  87  83  83  87  90  93  88  87  90  94  95  90  83  82  81  81  81  79  76  72  68  69  69  72  73  72  71  72  77 
246 229 229 225 209 187 187 196 163  87  32  75 142 160 153 138 115 166 157  47  47 121 142 108  73  52  29  21  33  44  39  34  30  28  26  24  25  23  23  23  21  24  29  24  24  25  23  21  24  28  25  26  36  35  28  38  47  43  45  49  54  58  59  61  58  56  61  65  63  61  59  59  58  56  57  60  65  63  63  65  65  64  61  59  58  58  59  60  59  55  52  51  50  49  51  54  56  56  55  56 
251 249 228 197 184 164 157 170 183 165  93  69 142 200 191 171 159 149 104  83 140 172 134  71  27  25  26  25  34  40  39  36  35  34  33  33  33  33  36  35  32  31  33  33  29  27  23  21  23  26  23  23  23  20  18  19  22  22  21  19  22  26  26  26  24  22  28  31  29  30  28  28  29  27  25  25  29  31  31  30  28  26  26  28  30  30  32  34  35  32  30  30  29  27  27  28  28  30  31  26 
252 253 226 176 135 118 144 185 199 162 145 148 162 227 241 208 200 150 125 184 181  84  26  28  36  36  45  55  43  47  50  50  45  41  40  40  39  38  36  35  35  35  36  38  32  28  26  26  26  25  25  26  24  22  23  23  21  21  23  22  26  29  26  23  26  28  31  33  32  27  26  30  31  31  28  26  26  30  29  26  24  22  23  25  25  27  29  30  31  31  30  28  31  31  27  24  24  26  27  21 
251 250 247 216 137  97 145 211 188 107 146 235 235 243 250 243 230 229 187 126 108  56  54  73  81  71  77  87  73  56  57  56  52  47  44  43  40  37  34  30  29  28  30  32  29  26  26  28  28  26  25  28  25  24  28  27  25  27  28  27  31  35  33  32  33  35  38  39  37  33  33  35  38  39  36  33  33  33  32  31  31  31  31  32  28  29  31  34  35  36  36  33  34  33  30  28  30  31  28  22 
248 252 254 252 195 124 131 200 208 128 149 246 251 247 252 253 249 252 187 115 147 169 151 115  87  78  75  67  53  43  44  45  44  43  40  40  41  37  33  28  27  26  28  31  30  28  28  30  29  26  26  28  24  24  29  28  23  23  25  25  26  31  31  31  32  33  35  35  33  29  31  34  37  38  37  35  33  31  31  31  33  34  35  35  30  31  33  35  36  36  36  34  35  34  32  31  35  38  33  28 
251 254 253 255 218 142 129 198 238 198 186 233 253 248 247 247 251 247 200 145 124 107  82  63  62  65  54  46  40  36  37  40  42  41  39  38  39  37  33  31  30  29  30  35  34  30  28  32  31  25  26  29  23  23  30  27  23  28  29  27  28  33  35  33  32  32  33  32  31  28  28  30  32  34  35  33  31  30  30  31  34  37  36  35  32  33  34  34  34  32  31  30  32  33  32  32  37  40  41  38 
254 245 240 236 206 154 154 216 227 189 182 223 254 252 248 251 255 253 222 163 100  65  41  30  26  25  35  50  46  45  45  46  48  47  44  40  37  37  36  35  33  32  32  37  37  30  28  33  32  27  29  32  25  26  34  28  25  33  33  30  29  34  36  35  35  35  35  36  35  32  31  30  30  32  35  35  33  31  30  31  36  39  37  32  32  33  33  33  32  30  29  28  31  32  31  31  34  38  44  44 
244 195 167 187 209 190 178 205 215 138 120 203 246 252 253 251 244 238 205 166 163 158 124  81  55  47  42  43  42  42  43  44  46  46  41  36  36  36  38  36  35  32  30  36  36  28  25  33  34  28  31  34  28  31  42  36  28  32  35  30  28  32  34  35  35  34  35  36  35  33  33  31  30  31  36  38  37  31  28  30  35  39  34  28  30  31  32  33  33  31  30  28  32  33  30  28  29  33  43  45 
230 138 115 150 196 208 180 184 207 128  93 177 244 254 252 253 208 180 175 134  93 131 151 129 119 113  81  50  39  43  39  39  42  39  36  35  40  38  38  36  33  31  34  35  34  30  29  31  32  31  33  33  32  35  38  38  35  34  34  31  31  33  35  35  34  34  35  36  36  36  35  33  32  33  34  35  34  32  33  34  35  35  33  30  32  32  31  32  33  32  33  33  33  35  35  35  34  34  34  38 
219 146 167 172 141 149 180 195 184 100 103 181 199 222 246 231 169 107 106 142 112  66  63  84 104 103  82  65  60  61  53  46  45  42  40  44  43  39  38  36  32  32  35  34  33  31  31  30  31  32  33  32  33  34  34  37  36  33  33  32  33  34  36  37  37  37  38  38  38  40  37  36  37  36  35  35  35  35  37  38  37  36  35  34  34  35  34  35  36  37  37  38  37  36  37  38  36  34  37  39 
231 214 230 198 125 120 189 223 164  68 118 162 111 180 234 196 149  90  56 134 185 112  39  31  38  49  53  62  76  68  61  57  55  52  50  50  47  43  41  39  35  32  34  34  33  31  31  31  32  32  33  33  33  33  35  36  35  33  33  33  34  37  38  40  41  41  41  41  42  42  40  40  40  39  39  39  39  39  39  40  39  39  38  37  38  38  38  39  41  42  43  43  41  39  39  38  35  35  41  44 
215 241 241 214 190 172 201 230 168  90 130 107  55 175 223 159 136 123  54  51 130 150  98  51  28  42  52  46  45  55  56  59  62  60  56  52  52  47  45  44  39  36  36  36  35  33  32  32  33  34  35  34  34  34  35  35  35  34  34  35  37  39  41  43  43  43  43  43  43  44  43  42  42  41  40  40  40  40  40  39  39  40  39  39  40  40  41  42  44  46  47  45  42  41  40  41  39  37  38  41 
