232 203 154 135 149 156 154 156 149 133 162 210 215 199 196 219 239 242 199 150 186 220 166 106 106 124 122 103  85  92 132 149 132 128 135 128 124 128 124 117 119 122 119 113 107 104 103 104 104 100 107 110  92  80  88 128 168 164 148 114  70  77 157 220 196  92 101 227 254 253 240 174  78  60 119 151 117 140 174 128 139 181 172 169 187 220 252 241 160 141 208 251 254 242 168  89  75  84  86  75 
236 186 136 135 141 132 134 150 172 148 143 186 205 199 198 181 193 215 166 131 179 224 164 105 119 140 134 113  88  80 120 146 131 117 125 128 127 124 118 113 114 115 114 110 102  98  99 102 109 103  97  91  82 101 135 155 153 112  78  65  77 119 173 181 116  58 124 231 255 252 239 183 104  58  63  79  93 177 239 184 136 129 134 178 205 213 242 247 164 141 207 251 254 241 171  92  74  85  88  80 
238 201 127 102 125 145 156 182 235 216 179 185 190 193 195 133 146 173 104 112 191 214 138  97 126 138 145 137  96  72 110 144 131 111 117 128 130 120 110 110 114 114 110 105  99  97  98 101  95  95 100 107 114 123 131 122  88  69  67  82 112 131 148 119  69  67 134 200 244 250 224 156 108  77  49  49  75 115 156 185 179 152 149 166 168 178 204 226 174 150 204 246 253 239 170  86  63  77  86  81 
242 200 113  76 138 193 193 226 251 237 231 208 194 196 194 145 172 153  81 118 201 193 108  91 125 149 163 140 100  77 118 141 113 112 122 118 112 109 109 109 109 106 100  97 100 103 101  96  90  91 112 136 133 110  93  83  69  72  88  96 113 135 124  83  57  80 128 173 232 254 217 130  99  75  44  53  58  59  95 159 203 207 197 177 168 149 130 147 163 179 203 227 250 244 170  76  50  64  76  80 
212 165 122 122 162 185 175 223 249 254 252 217 187 191 202 195 216 154  80 135 200 172 102 100 137 152 162 148 110  76 111 131 103 108 113 104  99 102 100  96 100  97  96  96  98  99 100 100 106 110 121 126 109  88  80  78  84  88  93 105 118 124 102  67  56  81 114 156 222 238 184 105  91  87  56  53  55  61 122 187 213 227 232 208 204 187 116  76 132 196 209 222 249 245 166  74  43  54  67  71 
151 137 167 179 155 138 131 153 187 222 233 207 154 166 223 189 177 142 112 158 191 152  92 108 144 147 155 161 123  71  98 123 100 102 100  88  87  96  92  84  88  91  92  90  90  93 100 108 115 115 111 101  83  78  86  94  93  84  89 110 110  90  69  58  54  87 122 116 126 121  76  58  90  97  68  57  62  75 123 186 228 242 229 196 211 227 160  82 118 195 211 218 243 243 167  74  40  47  57  60 
115 167 209 171 125 152 179  98  78 139 209 196 121 136 227 168 124 138 149 177 195 148  99 124 158 155 167 185 135  63  88 123 104  99  92  83  86  96  91  80  82  86  86  86  89  95 101 105 102  96  88  78  71  77  89  89  76  70  86 105  93  68  55  58  56  96 132  85  37  11   7  35  89  98  65  48  59  62  62 113 189 221 206 181 195 220 206 161 139 172 206 220 233 235 174  77  42  48  51  51 
151 195 178 127 138 183 192 127 116 143 185 195 151 135 188 195 177 172 161 194 210 146 111 142 174 170 185 204 141  60  84 127 110  96  92  89  91  94  89  83  85  82  83  90  97  98  92  85  79  76  73  72  71  70  71  71  69  78  89  83  68  60  61  54  56  93 115  78  63  84  83  51  56  72  53  33  43  68  89 123 166 181 185 185 207 228 230 219 164 149 193 221 228 232 180  79  41  46  47  44 
183 166 126 133 159 152 155 204 223 198 164 168 176 148 142 200 248 213 180 209 204 141 120 154 184 177 185 206 143  63  88 129 109  93  96  99  94  84  81  85  88  88  91  95  93  85  77  72  70  69  70  72  74  71  67  71  75  81  77  64  53  53  62  52  47  75 100  78  87 145 147  88  74  81  76  87  84  83 127 198 222 186 147 130 184 231 222 210 163 142 183 219 234 237 179  76  36  42  46  46 
166 136 126 155 154 141 178 218 188 173 167 161 195 190 126 173 242 225 211 220 190 140 131 166 189 180 184 200 146  69  87 122 105  91  95 102  93  76  76  88  90  95  99  94  82  70  67  71  73  70  69  73  79  80  77  73  70  67  64  62  58  53  55  56  46  64  94  74  55  77 104 113 131 122 118 141 141 127 118 123 144 149 115  82 148 228 214 201 178 151 177 213 235 239 177  74  33  41  48  48 
147 139 157 153 139 165 224 218 145 126 158 177 205 207 161 169 190 195 230 226 185 136 132 169 186 177 185 197 153  73  74 104  98  90  85  89  88  79  83  93  90  89  91  88  78  68  68  75  80  75  71  73  76  75  71  69  68  67  63  58  53  50  50  58  57  63  75  63  37  27  41  74  94  91  88  92 136 172 135  66  57  75  57  72 150 219 211 209 185 152 171 202 221 230 182  83  36  44  45  41 
142 143 164 160 143 160 210 216 186 144 156 192 229 231 200 204 184 162 207 227 190 133 121 164 187 175 190 211 159  73  68  97  91  87  81  81  86  89  89  89  85  78  78  78  76  73  74  78  80  76  71  68  66  64  62  65  71  71  60  48  45  46  46  54  58  60  61  52  41  36  33  24  29  40  37  30 100 166 133 100  70  37  31  93 172 196 205 210 179 155 173 196 211 222 180  88  44  46  39  36 
121 149 171 164 164 149 148 208 231 197 191 216 242 245 218 218 211 181 187 222 210 143 122 170 202 178 193 222 170  75  63  89  89  88  87  84  87  93  88  78  76  73  71  73  75  78  79  78  75  74  71  65  61  62  64  62  68  68  58  48  49  52  46  50  59  62  54  47  46  47  44  31  33  47  41  37  84 103  97 133 126  79  74 114 158 190 209 198 167 160 176 190 204 220 182  88  42  44  40  50 
118 151 173 163 155 130 119 189 247 245 238 236 239 237 222 213 225 209 187 207 211 160 126 174 213 178 182 219 173  73  57  84  91  94  93  86  82  83  77  68  69  74  74  75  77  79  77  73  69  69  68  63  59  60  64  64  61  57  53  50  52  53  47  45  56  65  56  48  47  46  49  50  52  54  56  56  46  54 113 168 157 127 120 118 149 195 207 190 164 160 174 184 202 223 185  87  34  45  61  87 
162 142 147 151 140 110 109 179 238 233 191 162 166 173 201 231 244 204 165 193 209 161 115 162 214 184 185 220 173  74  54  82  90  93  85  76  72  71  69  67  70  75  75  75  75  73  71  67  64  65  65  62  59  58  59  64  58  52  51  52  51  49  45  42  52  64  58  47  46  46  44  46  44  41  52  60  32  52 143 185 153 118 129 154 174 186 197 196 165 160 178 187 198 212 177  83  46  73  98 114 
159 131 129 134 129 104 103 146 189 184 156 143 127  90 130 211 254 209 148 191 223 168 110 148 211 191 192 231 186  84  58  81  84  84  73  70  71  71  72  72  73  70  71  72  70  67  65  64  62  63  64  64  64  62  61  59  58  56  55  55  52  48  44  47  55  62  57  48  46  49  47  41  35  38  53  60  45  64 107 122  95  79 136 197 181 146 187 201 174 159 171 183 188 198 171  95  75 106 115 100 
126 126 126 122 121 115 109  97 106 154 221 238 193 107  56 145 234 230 180 190 221 192 125 153 212 191 195 233 191  93  70  88  84  76  65  66  72  70  74  79  75  69  68  67  66  64  63  62  60  61  64  67  68  65  62  58  57  57  57  57  55  52  46  47  57  64  57  48  47  49  44  48  47  40  42  54  44  34  48  52  78 136 183 196 137 106 187 215 177 156 164 176 182 199 181 109  86 100  94  62 
135 129 118 112 115 118 115  80  66 149 242 245 210 165  77 115 212 246 203 174 200 202 134 158 215 195 207 241 194  97  67  79  76  73  65  70  74  70  73  77  72  68  66  63  62  63  63  62  60  61  62  65  65  62  59  55  53  54  55  57  56  53  50  49  58  64  56  46  47  48  42  47  49  42  40  50  54  38  31  66 160 228 214 163 100 109 204 226 174 161 176 186 189 196 179 105  68  68  60  39 
151 134 113 102 106 114 113  82  82 150 176 129 135 175 125 111 201 250 204 164 201 209 123 150 221 209 215 243 195  93  54  63  67  70  72  79  80  72  69  69  66  67  66  64  64  65  65  64  62  61  60  61  61  59  57  53  51  52  54  56  56  55  54  52  59  62  52  44  44  46  43  41  44  47  46  45  57  44  21 101 222 254 222 142  78 111 191 212 178 163 169 185 186 184 174 100  49  45  39  34 
145 137 120 109 108 110 108 100 113 129 109  89 120 149 123 144 214 207 138 143 222 218 107 141 230 216 211 245 203  89  40  51  63  65  74  84  82  72  65  63  62  65  65  66  68  69  68  65  62  60  58  59  60  60  59  56  54  53  54  56  56  54  51  51  59  62  50  41  40  45  45  40  42  49  45  41  50  27  27 128 221 245 222 155 119 146 175 190 181 158 150 170 179 185 187 111  46  37  36  41 
129 135 132 125 121 116 110 119 129  98  87 149 189 160 133 176 220 176 102 129 224 223 115 148 228 209 209 251 207  84  30  52  77  83  82  83  78  70  64  63  61  61  62  64  66  67  65  61  61  59  58  60  62  62  62  61  58  55  54  56  55  52  45  48  58  61  48  39  39  45  48  42  41  46  43  37  42  24  31 133 220 247 229 184 191 200 180 185 180 157 152 166 176 194 197 115  51  39  34  40 
120 123 125 129 132 128 116 107 135 107  85 152 231 235 196 178 212 220 171 155 211 227 141 154 216 206 211 243 201  93  48  77 103 106  87  77  71  66  66  65  64  62  61  58  59  60  61  60  61  60  60  61  62  62  61  62  59  55  54  54  53  52  48  49  56  57  45  38  41  47  46  42  38  39  43  42  43  27  19 112 219 250 231 196 193 189 175 191 184 158 161 168 171 193 188 103  54  46  37  35 
118 111 107 117 133 137 126 112 135 116  58  64 159 237 241 189 221 253 206 168 206 230 153 148 209 217 210 233 210 122  85 104 111  95  80  73  64  64  67  68  66  67  63  56  53  55  60  64  62  61  61  61  61  59  58  60  57  54  52  53  53  52  54  51  55  53  43  39  44  47  44  40  35  35  45  51  47  26  17 109 221 253 230 184 156 158 174 201 182 154 168 172 168 191 180 100  48  40  39  37 
118 114 107 104 116 144 165 150 135 110  69  65 120 183 234 226 230 216 152 144 215 239 153 142 207 221 210 234 220 152 105  94  84  71  72  68  64  67  68  68  71  73  67  59  56  58  63  68  66  61  61  62  59  55  55  60  57  52  50  56  58  55  51  54  54  50  46  45  47  47  50  47  41  40  43  44  45  25  28 127 221 251 229 170 155 173 176 195 176 160 173 173 171 196 185 108  48  35  37  36 
111 112 118 119 115 127 155 186 147 131 164 196 190 186 225 232 201 147 129 158 229 243 151 128 196 224 219 243 218 132  70  62  68  66  68  66  65  67  69  68  71  71  65  61  62  67  70  69  65  62  64  67  63  59  59  59  58  54  55  61  63  58  43  52  57  56  50  47  46  45  50  53  47  40  43  44  52  31  53 169 236 244 228 176 165 186 188 203 182 156 163 164 165 190 181 107  48  33  35  36 
101 118 141 143 114  89  95 154 173 193 235 254 222 207 230 211 166 142 155 189 239 239 152 123 192 233 223 244 217 121  52  52  72  73  66  64  64  66  64  62  63  59  56  57  64  72  71  65  64  64  68  71  67  62  62  62  61  58  56  59  59  54  54  58  58  51  44  43  46  48  43  42  38  35  41  55  84  59  81 200 249 252 230 174 164 186 186 197 173 146 152 161 165 182 175 109  49  31  33  36 
131 148 161 153 120  82  69 119 158 197 247 239 160 137 223 193 156 196 202 209 230 231 156 123 194 244 226 240 217 125  54  57  81  80  65  61  64  64  61  60  59  60  58  60  70  79  76  66  62  63  69  71  65  59  59  63  62  56  53  55  51  47  61  62  57  48  44  49  52  41  33  34  47  60  74  88 114  82  70 149 213 247 227 170 159 180 181 193 170 144 148 167 171 174 169 117  55  30  29  35 
141 153 175 188 173 138 119 146 128 125 183 202 122  71 172 198 176 221 223 220 229 230 159 112 181 246 232 242 219 131  50  48  75  74  62  64  69  67  66  68  68  67  66  67  74  80  76  67  59  61  66  67  60  54  55  60  58  54  51  56  54  50  55  59  56  47  41  45  47  41  49  60  83 107 118 109  98  86  63  89 177 247 227 164 154 175 179 195 176 144 144 170 176 168 166 123  60  31  28  35 
104 107 156 211 208 175 165 189 176 132 122 165 166 129 158 205 215 224 230 219 230 228 159 100 165 242 236 247 227 145  56  46  73  72  67  73  77  73  70  74  74  73  71  70  72  72  68  62  60  62  68  70  62  59  62  62  60  56  56  62  65  62  61  61  56  44  38  45  56  78  96  98  99 110 106  76  36  76 102  89 173 245 222 157 151 173 177 194 174 142 135 161 173 166 165 123  62  31  27  37 
 84  65 113 182 189 162 156 210 248 200 143 164 212 212 202 224 244 235 232 210 223 225 164  97 156 244 235 244 234 163  76  62  85  79  75  80  82  78  73  72  71  75  74  72  71  69  67  65  66  69  76  77  71  67  70  70  66  63  64  67  67  63  63  66  61  53  59  76  94 119 129 112  86  73  57  37  25 110 171 135 189 243 222 162 149 173 179 191 168 135 129 154 167 163 165 119  60  32  28  38 
116  83  92 147 188 159 113 198 222 184 185 204 243 248 244 254 250 250 238 224 226 227 167  94 144 247 238 243 234 174  98  86  97  85  84  81  81  85  84  79  78  80  79  78  77  77  77  79  79  78  82  84  80  76  77  79  71  69  71  65  58  55  62  74  82  92 115 133 135 124 107  84  63  43  26  27  91 196 219 171 193 240 223 173 156 172 175 187 166 131 134 158 164 168 170 114  57  37  34  37 
193 169 124 130 201 197 138 203 196 171 208 244 253 246 253 251 250 252 248 238 240 227 155  84 136 239 243 251 233 168  95  81  91  84  88  85  83  87  91  90  89  87  86  86  85  83  82  81  84  81  79  82  79  77  78  79  74  71  68  63  60  63  86 105 123 135 141 133 113  81  56  43  50  54  36  39 122 186 160 130 146 185 206 180 168 173 174 196 166 130 137 158 166 177 181 113  60  44  39  38 
209 236 196 151 200 243 217 230 246 238 242 240 249 251 250 253 252 252 243 237 241 230 163  87 137 242 241 249 235 164  74  55  78  83  95  93  85  87  92  91  87  87  86  83  80  77  76  75  75  74  77  83  79  71  68  68  67  66  67  76  94 111 130 146 145 122  92  66  51  45  40  43  51  54  52  50  66  76  78  97  91 115 170 169 168 187 189 202 169 127 132 151 155 172 184 120  63  44  38  39 
158 216 234 205 213 247 249 239 251 250 248 241 247 252 249 245 249 254 244 229 233 240 183  94 137 248 240 243 248 183  70  41  76  81  89  89  83  83  89  91  87  86  84  81  78  77  77  78  72  70  74  77  73  66  63  60  72  86  99 119 146 161 147 131  98  63  44  40  44  52  55  58  54  47  50  54  33  22  91 158 136 108 128 138 171 211 191 179 168 136 133 153 152 162 179 128  63  39  35  42 
162 185 222 238 240 248 251 249 247 245 242 243 248 252 244 219 219 239 235 221 231 248 197 100 135 249 245 243 252 200  85  52  84  78  77  80  77  77  84  88  87  79  76  76  75  76  76  78  76  70  65  60  58  64  73  97 127 155 165 159 148 136 106  80  52  44  49  52  51  49  43  49  55  55  57  62  35  14  76 161 170 139 125 107 135 194 188 170 151 136 141 158 159 162 172 128  62  41  43  50 
191 187 218 247 250 248 246 248 251 255 245 246 252 253 242 203 182 180 173 184 218 243 193 108 141 245 245 248 250 199 101  77 102  93  78  77  76  70  70  73  70  70  72  75  75  73  69  66  66  64  64  68  81 109 136 160 173 173 153 126 100  82  70  55  45  48  53  56  53  43  39  49  58  54  51  52  36  21  68 150 159 141 133  91 103 167 183 176 157 134 133 156 167 167 165 118  60  49  57  59 
185 206 234 245 249 249 240 249 251 249 252 254 239 231 243 210 149 134 145 158 201 240 214 116 143 237 243 249 248 196  97  79 111 106  88  81  77  73  73  72  66  68  70  69  66  63  63  64  67  81 103 124 145 163 172 167 144 112  85  69  63  66  66  62  58  52  48  49  50  46  48  57  61  51  41  33  28  30  79 154 146 133 137 102 120 169 178 191 169 133 122 142 163 166 161 119  68  53  63  59 
175 201 239 251 244 247 250 250 250 249 249 251 215 173 207 214 138 129 178 172 186 242 240 123 131 229 237 244 246 188  79  58  97  95  91  85  80  84  87  84  84  66  56  53  55  68  84  95 112 145 170 172 174 164 141 101  76  54  46  49  59  70  74  70  62  52  45  43  44  48  56  63  58  47  42  42  36  27  63 130 149 150 154 124 140 182 176 187 171 133 120 141 159 160 160 124  76  52  57  52 
184 189 224 251 248 244 253 252 250 254 254 254 212 153 184 210 136 140 215 201 181 234 250 128 119 227 238 246 249 185  69  39  75  77  82  78  77  87  88  82  87  80  69  63  78 110 140 157 171 181 174 145 111  84  68  58  45  40  49  62  71  75  70  64  56  48  46  49  52  50  51  53  50  42  37  36  37  34  44  88 142 179 168 116 133 184 177 176 157 127 125 149 157 155 163 129  78  47  47  46 
123 181 233 253 250 247 252 252 254 252 248 223 192 188 217 224 158 161 226 226 205 235 251 135 116 221 230 238 247 190  78  42  70  74  72  66  67  73  69  66  79  97 104 121 154 182 190 185 164 128  98  74  40  31  53  68  60  59  69  78  75  69  69  63  54  49  47  49  54  55  41  39  46  47  36  28  43  43  60 122 156 168 145  89 113 169 173 178 148 122 129 151 155 157 170 132  74  39  39  47 
122 169 202 236 254 249 244 248 252 248 250 196 133 147 209 230 183 171 219 242 231 236 244 142 114 210 219 230 241 194  85  42  61  61  57  54  57  65  72  89 116 140 154 174 192 187 154 120  76  51  38  36  35  47  69  73  64  58  63  72  73  69  71  65  57  52  52  52  54  58  50  46  47  49  43  38  41  32  88 177 162 138 143 114 136 168 157 175 161 128 126 146 153 159 171 131  67  31  37  52 
188 130 133 212 230 208 229 254 247 225 222 204 139  96 139 165 140 138 183 220 209 204 224 136 102 204 228 239 243 196  82  30  43  45  56  67  80  98 122 144 155 169 165 150 129 102  71  50  42  49  54  55  57  59  60  72  66  57  57  69  77  75  62  57  51  53  59  66  65  57  60  54  47  46  45  40  36  48 102 153 157 170 170 136 157 182 158 167 160 128 123 147 158 161 170 131  71  33  37  54 
 93  73 156 236 159 132 234 253 246 184 116 163 207 167 150 135 115 136 177 210 188 168 209 125  83 196 235 247 248 199  84  34  56  69  91 111 130 150 167 162 139 111  98  82  63  52  50  53  58  56  64  67  52  45  58  76  74  67  64  68  69  65  59  50  44  47  56  67  70  65  61  55  54  55  44  38  60 105 127 134 196 213 148  94 125 185 182 179 152 123 124 153 167 164 168 136  80  38  37  51 
 45 116 206 188  86 120 239 251 246 179  90  73 135 194 202 186 159 180 228 194 142 160 211 120  74 186 240 250 249 205 106  70 110 130 149 158 149 131 114  94  70  52  54  56  54  57  64  68  65  60  57  55  49  49  57  71  74  73  67  58  55  55  53  50  49  52  58  64  65  63  63  58  55  56  46  35  79 142 141 160 194 149  70  49 125 185 185 164 143 132 126 149 163 162 168 140  82  32  33  50 
 93 182 195 100  35 123 250 252 248 192  96  35  54 122 203 206 164 180 204 140 111 172 209 117  79 179 241 249 241 201 123 116 160 155 146 135 102  65  47  40  28  42  59  68  72  72  70  66  60  56  56  57  55  55  59  67  68  65  59  54  53  57  58  57  58  61  65  66  67  61  53  60  60  58  47  41  62 101 146 168 164 117  65  54 139 195 163 159 150 127 122 145 158 156 162 136  81  34  37  49 
119 165 128  49  34 127 234 249 240 185 104  50  51  78 117 155 135 146 141  84  92 159 162  99 103 178 234 249 241 192 117 122 155 118  79  64  47  33  35  44  41  48  62  73  76  75  72  66  57  54  56  60  62  61  61  62  63  61  59  58  61  64  67  66  67  69  70  68  68  60  59  74  67  62  59  40  27  75 137 133 133 134 102  77 140 195 160 164 153 119 113 137 156 155 160 138  79  36  46  58 
118 109  66  35  53 134 227 248 195 131  88  65  68  75  65 115 164 174 134  87  98 126  80  60 124 178 223 243 243 200 103  69  86  59  38  37  39  45  54  56  48  54  65  72  73  70  69  65  59  58  61  66  68  65  60  59  62  67  70  71  73  75  75  72  69  69  70  71  70  65  62  64  58  64  65  41  28  81 128  87  74 102  96  77 110 167 175 165 152 122 107 135 161 163 163 141  80  38  50  67 
103  78  42  34  75 129 160 162 102  83  95  75  65  76  58 110 201 218 157  87  91 119  60  50 124 175 214 225 238 223 111  30  38  52  59  57  53  51  50  48  41  52  66  77  79  76  70  63  62  66  68  70  70  66  59  57  63  72  78  82  81  81  78  73  67  65  67  70  70  65  59  57  64  61  34  27  87 157 147  79  65  72  57  61  79 125 160 144 145 136 115 137 165 167 164 139  85  41  47  66 
 78  54  36  41  98 119  74  68  44  48  70  58  42  43  53 121 182 195 143  75  87 147 139  94 117 177 206 214 235 225 121  37  35  54  65  62  55  47  44  45  50  51  63  75  78  76  72  66  65  73  76  73  72  68  62  61  66  75  83  86  85  81  79  73  67  65  65  67  66  62  62  64  77  57  40  74 133 145 112 111 123 111 104 116 100 104 134 140 152 146 121 132 161 166 163 139  93  50  52  65 
 53  41  35  47 102 114  59  79  89  66  42  46  56  54  81 148 142 128  99  56  78 162 210 156 128 172 203 221 236 210 119  49  42  42  50  54  53  49  44  43  46  50  55  63  69  69  68  68  66  73  77  74  71  68  65  68  72  79  83  83  84  83  78  74  69  67  66  69  68  66  66  65  70  51  82 159 145  57  62 146 151 135 173 188 147 117 126 154 168 150 119 129 155 160 168 145  89  48  59  77 
 29  32  27  48 100  97  46  72 128 137 109 115 152 182 209 196 121  74  64  46  63 139 212 200 156 160 209 229 226 203 118  47  42  49  48  48  52  55  55  53  50  49  44  46  58  59  56  61  63  65  69  68  67  68  70  70  75  78  76  74  77  84  80  77  74  72  74  78  78  78  78  72  55  31  65 144 157 128 136 141 118 111 142 165 165 144 127 152 173 151 115 135 158 152 174 149  77  38  54  80 
 30  32  27  37  81  86  42  46  95 141 145 139 169 207 190 130  85  86  73  40  64 152 213 194 153 160 205 218 223 214 127  42  35  51  57  50  45  51  61  66  64  53  46  48  55  57  56  61  65  64  63  64  68  71  73  76  79  76  72  71  76  83  84  81  80  84  86  82  77  77  72  58  33  24  65 119 148 185 174 103  99 122 115 128 157 161 148 161 177 151 110 133 165 153 158 144  86  52  55  49 
 30  32  33  50  95 107  75  62  77 100  88  67 104 155 112  38  43  85  71  37  83 180 216 189 153 162 195 205 218 216 132  44  31  41  50  46  42  50  65  73  74  64  58  59  65  66  66  67  72  69  66  68  71  72  72  80  83  80  77  76  82  86  87  88  90  91  86  75  65  55  45  27  18  47 102 136 140 139 113  63 102 169 169 142 135 141 148 173 174 140 108 131 160 146 148 139  96  55  40  47 
 45  50  62  86 122 125  92  79  70  55  28  20  73 132  96  20  44  93  79  60 101 173 205 188 172 181 192 194 207 206 132  56  40  39  42  44  46  52  59  65  69  63  62  66  71  72  69  67  71  70  70  73  76  74  71  73  81  85  85  90  94  94  97  93  84  73  61  55  50  35  23  18  46 108 149 151 150 128  70  40  81 166 202 139  70  62 107 174 180 137 112 130 150 142 149 140  95  37  37  95 
 83  84  92 102 112  94  59  48  40  24  11  17  64 105  64  20  81 158 154 103 107 170 199 181 166 178 192 194 208 206 134  60  43  36  39  46  50  53  53  56  59  63  65  70  74  76  73  69  68  70  74  77  77  75  73  70  81  86  87  93  95  91  89  77  59  42  33  35  33  19  15  37 122 196 196 165 169 148  68  36  55 101 137  96  45  39  79 167 191 144 112 124 145 146 151 145  88  51  90 138 
 86  81  76  67  64  52  30  28  21  23  24  26  45  64  45  51 106 141 131 101 103 164 207 185 155 157 179 187 204 208 133  53  37  42  40  41  48  51  54  58  61  68  70  72  75  78  77  74  74  78  80  80  78  76  75  77  86  85  81  84  82  71  53  42  30  26  26  26  24  20  10  41 158 228 180 126 128 117  76  57  45  43  56  73 116 124 108 161 192 150 105 110 144 151 146 140 111 111 135 115 
 50  40  31  31  39  37  27  29  27  28  31  28  26  22  25  75 101  81  68  70  97 155 217 202 152 158 175 178 198 202 128  54  44  44  45  44  45  50  58  63  63  68  71  74  77  80  80  79  81  82  86  79  72  75  80  88  87  81  71  58  48  39  24  28  29  28  24  20  16  20  13  38 143 178 121  71  64  67  63  57  60  51  44  88 177 205 158 168 181 137  95 107 153 151 134 132 138 135 113  98 
 24  23  25  33  41  36  27  37  37  29  22  25  29  23  21  66  83  90 111  97  99 150 214 208 153 157 171 176 198 201 130  59  50  46  50  51  48  52  60  63  62  66  70  73  78  79  81  81  82  81  86  81  73  79  80  77  69  59  48  33  23  22  29  31  29  23  16  14  16  24  12  16  89 143 114  47  42  73  83  65  59  60  69 100 147 174 156 170 178 130  94 115 159 154 132 123 119  92  97 163 
 19  26  32  39  42  34  26  38  38  25  17  25  40  39  28  32  31 104 202 179 126 150 201 198 150 145 165 171 189 194 125  55  46  47  50  50  50  55  61  63  63  67  70  73  77  79  81  80  84  81  85  84  81  82  75  60  47  35  29  25  23  28  37  29  19  13  13  15  19  25  14   7  38 103 116  60  65 115 117  83  50  53  73  77  71  95 133 173 186 142 108 113 136 144 134  93  70 113 193 235 
 29  30  31  36  41  36  28  27  33  24  18  30  41  35  21  22  75 184 251 220 166 160 189 189 150 145 169 173 181 190 123  54  46  48  49  49  51  56  62  66  69  70  71  74  78  80  82  83  85  79  83  85  84  84  72  50  34  27  28  32  40  49  39  27  14  12  18  23  29  36  22   9  31  84 130 146 144 123  83  55  35  58  84  68  32  51 121 169 183 150 103 105 129 103  78  85 141 208 251 245 
 27  26  27  36  45  41  30  23  27  25  26  33  30  24  22  14  92 204 240 220 179 156 179 188 159 150 166 173 185 194 129  59  49  56  57  56  58  63  67  70  71  73  74  76  79  81  84  85  85  80  84  85  84  85  75  54  36  31  40  47  53  62  52  35  21  20  26  27  29  36  22  18  88 154 176 203 162  68  32  33  30  80 132 118  66  66 124 168 180 149  97  91 101  59  69 158 229 250 237 210 
 23  26  29  37  45  41  31  24  25  28  30  29  26  27  32  17  58 173 248 229 162 148 181 197 164 145 154 166 184 192 130  59  48  56  61  62  65  67  68  69  70  73  74  77  79  81  84  86  86  84  89  86  81  86  84  68  50  47  57  58  55  60  56  36  22  24  30  32  24  10  31  87 169 190 150 137  95  53  60  60  54  96 144 139  87  79 125 168 172 138 101  71  57  91 178 237 221 205 180 143 
 35  37  36  34  35  34  32  26  24  30  30  25  32  42  37  21  58 155 217 220 173 161 202 213 167 142 153 166 186 193 130  59  47  56  59  58  63  66  67  68  70  72  74  75  77  80  84  86  87  88  94  87  79  88  92  72  54  52  63  60  50  49  42  24  13  21  33  38  32  10  57 162 182 112  45  41  60 103 108  75  81 110 113  95  59  58 101 144 134 101  76  67 102 178 245 251 191 139 136 119 
 36  41  43  39  33  32  35  35  25  25  29  32  38  45  34  20  55 113 159 185 177 166 202 200 151 149 169 176 191 195 128  60  52  53  60  63  66  69  70  70  68  75  79  82  84  87  89  92  88  83  88  87  85  92  93  69  45  42  55  55  50  50  33  23  18  23  28  30  35  55  88 120 121  93  43  16  38 110 106  52  85 129  97  47  25  48  92 112  87  63  65 120 195 237 246 199 141 130 144 111 
 33  38  41  40  37  35  35  33  24  26  35  40  37  39  29  17  67 127 150 157 158 162 192 191 144 142 170 182 193 194 124  57  51  57  61  63  66  70  72  73  72  77  82  86  89  90  89  90  86  82  87  87  88  95  96  68  41  42  52  55  60  56  40  28  24  28  30  25  34 110 126  60  66 137 141  57  31  86  99  46  63 102  93  56  38  74  93  77  61  71 135 205 246 251 200 129 109 139 162 129 
 33  35  40  42  41  37  34  35  27  30  39  44  37  30  18  23 106 197 196 139 114 145 188 192 147 142 173 183 191 191 121  53  48  58  61  61  66  70  73  76  76  80  83  88  91  92  90  90  87  84  88  88  91 101 100  70  40  49  53  59  74  61  35  24  24  32  34  26  35 118 137  74  71 121 154 107  49  56 113  96  85  92  82  79  86  97  72  68 107 180 229 250 233 187 156 134 128 132 144 164 
 35  37  40  42  41  36  32  35  32  31  36  39  36  30  25  32  81 152 161 108  78 131 197 196 150 143 173 177 187 191 126  58  49  60  61  60  66  70  72  76  79  82  85  86  87  89  92  95  95  92  94  92  96 104 100  74  48  61  64  69  85  61  25  17  22  36  38  35  36  61  94 106  86  51  75 124  90  67 125 153 172 163 111  79  74  69  73 129 211 252 252 233 161 112 156 158 146 148 141 137 
 37  39  42  43  40  35  32  33  31  28  30  35  39  37  54  78  65  66  70  60  67 138 203 192 143 134 167 172 185 193 134  66  54  64  63  63  69  71  72  75  81  86  86  84  83  86  93  99 103  99  98  93  97 105  98  76  60  70  73  80  87  61  25  18  25  39  40  39  41  31  59  93  88  74  95 134 131 138 138 145 186 162  68  27  67 130 179 215 245 251 227 168 122 119 140 165 198 172  86  44 
 36  41  43  41  37  34  37  43  37  30  32  41  38  37  81 104  65  40  40  36  65 153 197 192 150 128 161 169 181 193 137  69  56  67  68  68  73  74  74  77  82  90  89  86  84  87  93 100 106 102  98  92  97 106  96  75  67  69  74  84  83  62  28  20  27  38  36  39  46  35  42  85 123 150 151  94  92 147 135 127 157 134  74  83 154 214 239 246 235 203 146 101 117 142 152 190 209 162  84  51 
 36  41  44  42  39  38  41  51  44  37  38  39  37  66 134  94  44  53  74  74  95 155 189 200 163 131 158 167 178 187 134  66  53  67  71  72  76  74  74  79  85  92  92  90  88  89  93  98 102  99  96  91  95 105  95  76  69  67  71  83  81  60  23  19  26  34  35  42  48  31  37 105 156 149 112  70 112 163 166 165 178 173 155 183 233 247 248 232 184 115  64  77 131 168 196 193 177 155 126 109 
 41  43  46  48  46  42  39  35  38  43  43  24  45 120 173  78  46  87 111 121 142 159 177 200 166 139 157 163 176 180 131  63  50  71  77  79  77  72  76  86  92  91  90  91  92  94  96  96  98  96  96  90  95 104  94  75  64  66  67  76  78  52  24  18  18  33  49  49  40  36  81 156 163 104  79 151 210 212 200 203 210 216 224 237 247 249 226 157 103  78  73 112 178 197 164 147 167 184 154 130 
 44  46  49  49  46  41  39  35  35  45  47  29  50 105 124  87  73  81  95 132 165 161 161 185 163 136 155 161 175 185 137  64  50  74  88  88  82  81  89  96  95  94  91  90  93  99 104 103 104 100  96  92  98 107  98  75  61  64  64  67  65  42  27  22  19  30  46  41  24  36 106 179 185 155 168 232 238 196 181 183 199 229 252 254 237 190 123  86  90 110 143 175 182 148 111 134 197 215 193 164 
 41  44  47  47  44  39  39  47  44  46  41  28  40  60  53  89  92  79 112 168 176 144 158 193 160 115 139 160 180 193 145  69  51  78  94  94  90  89  94  99  96  95  90  87  94 104 110 110 108 102 101  99 105 112 105  81  60  61  63  61  60  41  23  27  32  33  29  24  25  58 124 188 223 231 237 247 218 179 187 196 206 233 229 188 144  87  40  64 119 169 186 152 106 106 146 162 185 230 232 181 
 43  43  43  42  38  33  32  40  41  39  33  36  38  27  23  74  70  86 173 216 179 138 159 203 165 108 131 162 185 196 150  72  51  76  90  93  96  91  88  89  90  93  89  88  97 109 114 113 106 102 105 105 106 113 108  75  52  62  70  65  60  44  24  16  23  37  40  46  67 126 184 218 241 251 248 235 198 160 165 176 182 180 143  69  13  16  57 120 174 179 131  78  71 153 239 184 145 192 205 163 
 42  40  37  33  28  25  22  21  27  33  34  44  44  25  27  71  68  98 191 221 177 136 148 195 172 125 150 172 183 191 148  75  51  71  81  88  96  90  81  82  86  90  90  94 103 113 116 116 107 104 108 104 102 110 111  82  55  65  75  61  51  39  19  22  34  52  79 124 170 215 238 247 249 233 214 182 139  93  64  65  67  51  25  12  20  56 139 196 174 105  51  90 185 225 214 183 159 151 131 125 
 31  28  25  21  19  19  19  18  20  40  44  38  38  29  37  73 106 166 223 220 176 141 150 191 165 122 150 175 183 185 146  80  56  70  74  81  92  87  81  82  86  88  92 101 111 116 117 116 116 114 114 104  96 108 117  98  59  60  66  53  50  49  69  82  87  98 151 215 244 251 246 246 221 143  99  86  91  73  38  22  12   9  16  51 108 155 163 115  66  68 128 207 246 193 120 157 184 142 113 133 
 20  20  20  20  20  18  19  25  37  43  38  35  36  33  24  53 142 201 228 214 173 142 163 202 166 112 125 154 184 191 149  79  55  79  81  85  91  82  78  83  86  87 104 109 108 116 117 119 125 113 111 111 108 118 123  93  50  45  59  68 100 130 133 115 119 180 212 200 201 220 224 213 178 116  69  61  77  80  60  34  17  34  69  87 101 114  98  79  94 166 234 231 148 109 142 178 169 142 148 167 
 16  18  22  24  21  18  17  31  44  43  40  46  51  44  25  58 131 168 201 201 173 150 166 199 168 121 124 148 181 192 154  77  48  86  99  92  84  77  77  86  97  96 112 107  94  99 102 108 120 121 116 105 115 126 110  71  63  86 114 125 132 131 109 123 177 206 149  90 105 165 167 148 132 103  60  53  83 101  89  51  24  37  69  76  54  34  56 140 189 204 189 153 121 139 183 200 172 154 170 171 
 17  20  22  23  22  21  23  32  44  48  46  49  57  53  46  76  93 123 186 198 174 155 170 190 166 131 130 150 179 184 152  77  47  94 113  91  74  79  83  87 101 104 112 104  89  85  88  96 116 121 116 104 111 125 112 102 125 152 151 131  93  54  83 174 239 166  43  15  46  97  96  74  81  79  53  61  97 115 105  55  20  30  53  63  72  66  89 169 170 137 129 131 158 189 182 185 174 166 182 174 
 26  24  22  21  24  30  32  26  50  60  49  41  50  60  67  73  65 124 209 200 153 141 176 192 165 130 128 150 179 178 141  76  57 101 112  87  77  90  90  83  95 106 108 106  96  84  84  95 101  94 114 135 130 135 148 141 140 126  97  85  87  82 135 221 218 116  35  25  45  72  61  37  72 109 110 113 102  90  84  48  24  44  86 101 128 152 126 136 103  89 144 183 183 187 174 169 166 161 166 171 
 26  24  24  28  30  31  28  23  52  71  60  43  52  70  70  56  66 160 234 177 110 128 182 197 164 123 122 149 179 175 131  76  67  99 106  94  92  98  93  87  96 111 103  98  91  76  80  95  98 104 137 157 139 125 126 119  98  85  88 119 165 188 224 224 138  71  55  47  65  81  52  46 107 164 167 138  82  69  94  88  75 103 132 117 150 201 141 100  90 124 182 198 186 198 193 168 156 133 110 137 
 25  22  25  34  38  30  22  27  46  69  70  58  60  68  58  67 107 168 191 129  94 135 182 194 163 122 122 151 177 176 138  80  62  86  99 103 106 101  99 101 101 109  90  88  90  80  93 111 126 135 140 123 103  99  91  98 109 141 178 214 240 246 251 211 111  45  34  59  94  87  72  91 132 155 139  93  57  98 166 169 150 161 161 125 139 176 120  90 112 154 177 190 207 226 207 155 137 106  76 120 
 33  25  25  35  42  35  27  36  36  55  72  68  60  54  48 103 154 143 108  93 112 150 181 186 164 124 126 153 175 177 151  86  50  76  90 104 112 105 109 113  98  94  76  86 106 107 121 138 135 121  99  77  83 120 150 182 210 232 231 234 239 231 223 196 135  63  48  79  92  87 109 145 130  98  65  31  48 145 230 222 189 182 163 132 139 150 105  96 108 134 167 212 227 213 186 145 128 104  96 151 
 37  36  31  36  37  34  40  44  36  48  69  59  38  32  40 123 188 126  55  84 145 177 163 186 183 116 113 141 177 187 166  94  41  68  92  95  99 103 108 105  95  90  99 117 129 124 107  92  70  80 104 153 194 208 227 232 241 236 231 228 185 129 115 120  97  62  79 113  70  98 145 144 136 106  48  16  87 187 216 192 168 173 162 141 150 141 105 104 104 125 181 233 239 209 172 135 142 155 150 194 
 39  36  33  40  39  31  32  33  60  69  59  41  34  42  69 147 190 124  73 121 190 191 138 186 205 130 113 136 180 203 177  97  43  70  91  84  86  96 101 105 117 131 127 111  86  73  80  96 126 163 195 224 236 235 244 250 231 189 156 138 115  88  77  82  88  88 108 133  82  71  77 107 171 148  47  16 119 208 201 169 156 151 151 154 146 108 102 151 136 133 193 225 229 204 132 114 176 198 178 183 
 43  38  35  46  43  31  30  38  66  68  57  47  42  57 118 194 198 118  86 142 178 125  92 182 212 131 116 146 186 197 169  95  47  76  87  76  87 110 120 118 129 104  91  84  84 108 151 184 225 245 248 240 227 206 193 196 167 129  98  81  80  89 120 156 178 143 109 120  71  25  35 101 193 154  42  33 136 205 198 175 152 141 148 155 161 126 117 167 157 142 195 217 215 201 139 157 197 192 180 181 
 46  37  34  46  45  33  37  50  53  69  87  73  45  51 133 217 194 109  81 102  89  37  70 189 213 130 111 141 173 184 171 101  41  65  83  91 112 123 115  97  86  68  85 126 171 212 235 238 241 243 236 220 196 160 121  90  85  92 105 114 129 148 176 189 180 133 100 103  45  23  80 148 177 110  36  72 148 188 192 183 154 135 144 151 179 161 125 148 160 162 198 214 205 211 200 210 180 141 160 203 
 46  35  32  43  40  31  38  42  54  98 126  85  39  49 129 196 169 109  83  54  27  28  93 203 221 140  98 129 170 183 168  97  40  73 101 111 112  89  73  85 102 151 187 216 238 248 246 237 223 196 158 117  95  97  93  95 107 125 142 160 177 187 175 148 113  85 101 132  89  94 155 185 134  56  33 105 163 180 175 171 170 153 150 152 168 143 112 146 169 186 204 213 209 220 232 210 132  91 143 218 
 48  40  38  46  39  30  36  29  60 112 128  80  53  88 148 153 125 113 102  57  30  51 114 196 212 143  98 136 178 177 150  98  72 105 114 100  88  88 110 154 196 227 245 252 247 226 190 155 125 100  83  65  64  93 112 136 176 195 183 167 141 111 100 114 117  91  99 164 158 144 165 163  86  35  67 153 162 160 166 159 168 167 165 143 140 119 103 150 186 199 209 217 205 188 180 168 105  94 159 212 
 51  42  42  49  38  30  40  36  53  84 108  95  92 132 170 120  78  95 100  72  43  52 114 183 199 136 106 140 171 167 149 131 112 106  94  81 105 160 202 230 245 247 239 203 169 155 119  80  70  52  68 100 125 156 173 174 180 164 131 111  99  91 107 151 178 135  92 134 147 116 116 118  56  45 125 193 154 137 160 154 148 155 162 134 123 121 115 151 195 204 212 224 197 130  87 112 110 135 195 214 
 52  38  47  55  38  28  38  54  58  75 131 171 155 135 138  95  46  56  55  46  36  59 122 183 193 136 107 133 168 168 157 134  99  85 108 136 195 241 245 240 214 200 182 116  67  68  71  80  97 108 152 188 186 179 177 142 103  73  78 109 160 200 200 188 189 147  77  92 121  86  73  83  50  66 164 188 152 130 146 149 146 149 145 134 135 134 127 157 196 202 204 221 205 131  82 102 105 139 209 226 
 51  43  55  64  44  27  29  48  91 141 191 213 169 103  71  61  51  64  53  28  42  98 150 179 184 135  99 132 176 167 127  80  82 141 205 238 250 246 223 185 136 110  86  76  70  66 100 139 166 193 219 190 128  88  73  88 116 153 191 222 235 229 178 152 171 148 100 139 175 144  99  63  52 107 190 186 141 134 143 142 140 139 132 140 169 159 126 147 193 205 202 212 221 214 202 176 100  93 181 221 
 49  36  45  56  45  34  36  33  66 132 163 145 108  73  47  36  62 108 112  67  82 139 163 174 185 140  98 124 147 116  92 110 171 230 252 249 212 169 132  96  71  62  52  75 131 181 200 190 178 137 108  95  89 114 150 191 219 243 239 212 177 151 109 121 162 151 144 186 187 170 135  70  67 155 218 178 139 142 139 137 135 127 121 145 182 167 128 151 195 207 197 199 215 231 230 196 105  92 178 216 
 53  33  34  49  48  40  39  28  34  86 107  82  69  61  36  45  83 119 121  85  94 123 137 169 196 150 112 108  97 101 152 218 249 238 214 193 134  70  50  47  33  50 128 174 179 178 145 117 106  86  96 133 178 225 247 243 208 168 139 123 131 149 140 132 159 161 170 193 156 130 126  91  94 162 211 176 153 149 129 125 131 128 127 145 170 154 128 160 198 208 198 201 210 190 162 143 118 124 188 222 
 65  39  34  51  53  38  29  27  40  74  96  83  56  38  44  84 104  87  69  65  68  77 122 184 196 141 112 111 131 193 246 240 209 179 145 123  85  46  51  72  55  53 147 181 136 105  91 101 132 176 222 238 243 226 178 132 117 116 130 143 163 187 176 145 163 166 156 192 196 142 126 111 103 144 205 192 166 148 114 114 127 133 138 147 162 147 125 159 199 206 203 215 223 168  97  99 130 121 128 186 
 81  43  29  46  53  37  23  36  48  59  73  60  39  44  78 112 103  62  45  62  57  75 127 175 144 112 136 181 225 241 215 171 159 151  93  52  68 108 115 101  75  52  65  81  97 139 190 214 227 232 224 209 199 155  75  32  90 157 185 189 198 207 174 151 172 177 148 179 217 204 168 139 112 157 222 193 164 144 110 116 127 133 140 151 172 154 120 143 196 210 210 217 223 157  60  73 134 124  70 124 
 82  44  31  44  49  29  29  50  57  41  38  70  85 106 119 105  82  71  71  53  62  96 140 126 100 125 197 249 245 198 107  84 155 145  59  12  76 174 171 100  48  20  49 126 182 206 228 230 201 160 143 158 151  88  30  35 135 201 211 201 210 222 184 157 174 191 171 169 209 225 212 189 173 204 224 178 146 130 120 122 128 136 136 142 175 166 116 150 193 210 214 217 224 172  75  65 113 132 101 102 
 84  46  33  45  52  36  46  47  57  60  84 138 148 161 170 108  75 101  96  65  70  87 112 112 140 203 241 234 181 125  68  55 101 102  45  45 119 180 184 107  19  34 138 228 243 211 171 147 128 122 151 188 171  88  41  96 186 220 214 204 217 230 206 177 168 177 170 165 204 222 218 218 221 226 212 167 140 129 129 124 127 139 145 147 177 176 122 157 194 203 203 209 226 210 138  88 101 133 131 117 
 88  49  36  51  58  44  54  42  44  95 159 167 129 147 220 154  82  97  89  79  71  75  96 164 221 248 220 148  99  95  92  89  80  59  55 108 165 168 148  92  55 124 221 255 240 188 118  91 131 169 206 209 170  94  67 130 215 238 222 210 210 211 217 203 176 174 175 163 196 223 203 205 220 222 209 170 145 142 141 127 125 139 151 155 179 169 114 152 192 202 202 208 228 238 200 123  93 118 128 137 
 88  51  41  58  59  35  43  44  60 120 142  81  38  91 222 209 113  81  82  80  75 105 161 233 246 209 150 114 109  95  72 119 158 117  97 117 170 179 106  58 120 222 243 239 236 206 147 114 145 198 202 143  89  47  57 120 206 226 210 201 202 198 210 215 204 205 190 153 174 214 203 200 213 220 209 172 149 153 152 132 125 140 148 146 177 167 106 144 196 219 216 211 220 229 204 131 106 117 115 132 
