 99 100 107 116 117 125 140 128  86 116 215 226 157 151 215 216 195 212 229 210 165 143 162 172 163 160 164 156 147 151 156 166 178 187 195 198 193 196 204 226 223 215 224 221 223 236 231 223 233 237 233 243 245 245 245 250 252 242 217 206 209 206 195 204 220 209 180 174 176 214 219 176 185 219 231 238 242 230 243 248 233 203 157 108 106 175 204  82   6  16  27  28  18  17  23  22  15  12  17  12 
 95  96 103 108 112 131 141 113  81 113 190 201 137 135 213 220 204 232 232 165 102 101 128 146 147 146 145 138 133 134 143 144 155 171 166 159 164 178 175 187 192 195 204 198 197 208 206 202 212 223 226 229 229 232 236 240 248 253 249 241 238 226 205 193 199 220 195 158 173 212 245 236 233 244 235 224 223 236 244 247 232 190 152 134 153 165 123  36  11  29  19  18  22  12   8  15  17   9   3   8 
 93  95  97 101 105 100 110 123 134 129 122 134 119 131 200 227 220 224 199 140 110 116 118 113 116 119 114 110 113 117 128 124 128 131 116 116 143 141 129 130 141 153 159 151 145 153 161 164 169 179 188 192 194 209 220 220 226 239 248 248 249 247 236 221 203 202 207 188 161 181 234 249 240 226 218 234 239 244 239 239 227 208 197 187 190 138  43  11  23  32  17  20  18  13  10  10   7   3   4   7 
 93  95  92  97 106  88  93 117 125 121 104 104 127 144 182 206 174 139 122 127 139 135 120 118 123 120 107 103 107 113 112 117 128 131 124 123 132 130 122 119 129 141 140 134 139 139 143 143 140 143 149 138 142 164 183 184 184 200 227 235 244 249 251 244 229 195 190 200 156 148 201 245 234 180 156 214 247 234 239 245 237 243 227 185 137  78   9   7  16  24  18   9   7  16  17   6   1   2  10   5 
 91  91  88  90  94  99 104  97  89 104 111 110 120 129 150 148 114  90  98 125 125 108 119 127 125 120 110 104 107 114 110 112 114 123 143 143 122 132 134 131 140 148 139 138 158 151 145 144 144 151 154 142 140 149 158 157 156 162 176 197 216 232 243 248 251 229 193 192 194 151 151 216 223 155 107 165 220 227 235 248 249 249 209 149  75  19  35  69  41   7   3   2   6   8   6   3   4   6   6   2 
 85  84  81  83  86  94 100  89  94 102 100 102  98 104 114 111 105 108 119 122 108 101 120 119 109 108 112 109 106 113 116 116 108 106 124 131 116 122 129 125 137 146 134 135 151 147 143 148 157 159 156 159 165 164 157 151 151 148 142 158 170 182 201 230 250 252 232 210 216 176 129 156 185 173 146 177 191 180 198 240 252 245 218 186 102  51 141 186 132  42   3   3   7   5   2   3   9   9   2   4 
 80  79  77  83  89  86  87  87  91  97  96  95  96  99  97 106 110 109 112 107 107 114 117 116 110 110 118 113 106 112 119 128 129 118 115 116 113 118 123 121 133 141 132 132 140 143 143 146 151 146 138 145 160 165 155 147 148 152 152 148 150 147 150 178 216 243 253 234 205 198 156 130 176 216 213 209 145 105 177 240 250 247 239 227 150 133 226 244 218 125  33   4   3   5   5   4   6   8   6   9 
 74  74  77  83  82  83  84  86  89  91  90  90  90  92  96  98 100  99  99 102 107 110 111 112 107 108 114 109 105 110 120 128 129 122 118 120 121 123 121 126 133 132 131 130 132 139 140 138 138 136 135 143 145 150 145 136 139 148 145 143 161 162 137 122 141 195 243 249 212 207 183 147 205 246 221 171  79 100 218 244 243 238 219 188 147 168 233 226 243 195  71  11   1   3   5   7   6   7   8  10 
 70  72  76  82  81  81  81  82  86  88  86  85  84  86  88  90  91  92  94  98 102 107 109 110 106 106 113 113 106 105 116 124 126 121 120 124 127 121 119 123 131 132 129 129 131 135 136 135 136 137 135 140 134 134 136 135 138 138 129 129 141 155 147 122 108 136 201 239 214 191 176 162 207 234 185 114  79 157 244 247 235 236 219 165 109 141 193 181 203 177  71   4   6  10  10   9   7   6   6   5 
 67  69  74  80  79  78  76  77  79  81  82  81  80  81  83  86  87  89  92  97 100 105 107 109 106 107 115 116 110 104 115 119 119 115 114 117 121 119 116 119 126 127 124 124 128 132 132 131 133 136 134 127 126 127 131 133 132 130 125 120 124 135 141 137 122  94 119 193 196 164 156 164 194 207 168 109 114 199 248 245 237 248 242 168  80  82 138 153 155 102  26   9  11  10   8   5   4   5   8  11 
 67  70  73  76  75  73  71  71  74  76  76  75  75  77  80  83  85  88  91  92  94  96 100 103 101 102 108 112 108 102 112 113 112 111 109 111 114 117 115 116 122 124 121 120 122 125 125 123 126 129 128 122 124 122 119 118 120 123 122 120 132 140 132 123 118  89  75 123 150 166 180 177 187 201 175 120 141 214 239 227 230 254 233 142  48  47 135 174 125  43   1   6  11   9   5   3   4  10  16  27 
 68  72  73  72  71  69  68  68  69  71  70  69  69  71  74  76  79  82  83  82  80  82  87  91  91  92  95  99 100  98 106 106 107 109 108 108 113 118 114 114 118 119 116 116 113 117 115 113 115 116 117 127 129 124 114 113 116 121 120 111 116 123 121 116 111 105  96  90 106 180 232 202 181 174 144  99 143 220 203 185 221 242 178  84  12  40 154 200 106  16   1   6  10   9   9   8  11  18  24  34 
 68  70  71  69  68  67  65  66  68  70  70  68  67  69  70  72  74  76  75  71  69  72  80  83  84  84  84  87  92  95 103 102 104 108 106 105 109 116 110 110 113 112 109 110 109 114 112 108 108 109 107 114 127 130 125 122 116 114 123 116  92  78  95 123 127 123 119  86  66 141 225 208 163 123 116 118 157 175 158 187 245 204 104  74  53  29  75 104  52   8   8  11   6   7  10  14  16  18  21  23 
 66  65  63  63  66  67  63  62  65  68  70  70  67  68  71  68  67  71  72  71  68  70  76  78  80  83  84  85  90  94  98  98 100 104 101  98 101 105 103 101 103 107 105 101 109 109 108 109 108 103  96  95 106 121 130 126 114 107 118 116  86  74 104 132 138 125  98  73  99 163 199 201 173 149 151 164 174 147 127 175 183 147 122 120  77  11   8  13   4   3  10  13  14  17  22  28  32  36  37  34 
 64  63  58  55  59  61  58  56  59  61  63  65  62  62  65  61  60  67  71  73  72  74  78  79  79  80  80  81  86  93  88  89  93  95  95  95  94  95  95  91  91  95  94  89 103 102  99  96  91  85  83  87  87  96 108 115 121 122 114 116 113 116 126 131 130 103  53  47 149 229 213 195 165 169 184 180 187 173 112 100  97 131 168 138  54   6  10  10   4  12  32  46  48  49  52  55  58  61  63  66 
 56  56  51  50  55  56  55  54  55  56  59  62  60  60  61  58  61  67  70  72  73  74  77  82  81  76  73  73  78  84  79  84  86  84  90  95  91  93  92  87  85  86  84  78  84  83  80  76  77  85  93  95  90  92 102 119 144 160 142 116 119 121 100  95  99  80  32  23 137 220 196 144 101 139 189 196 212 188 101  57  99 167 162  91  25   7  13  18  17  31  54  69  62  60  60  61  62  65  68  76 
 53  49  45  53  57  55  52  51  48  51  57  58  59  57  57  57  60  64  66  68  67  67  68  72  73  71  70  68  68  69  75  80  73  64  74  85  81  81  83  82  82  86  86  82  76  77  79  84  95 110 120 125 127 130 132 138 152 169 156 110  90  70  45  54  78  91  57  23 102 171 144 102 105 156 195 224 239 202  97  58 141 195 132  39   5  17  28  35  38  44  54  58  51  48  45  47  52  59  64  65 
 78  72  63  66  68  62  57  57  52  52  57  56  56  53  50  52  55  58  61  63  65  65  65  63  64  68  72  75  73  69  79  81  70  61  70  81  78  78  85  90  97 108 116 118 121 124 131 137 138 137 135 137 141 143 137 121 108 105 104 101  86  50  24  33  68 119  99  38  71 159 176 162 174 159 154 215 236 184  99  93 171 190 108  34  15  42  50  52  53  55  57  57  64  62  58  59  66  75  83  81 
 96  96  85  83  85  80  79  86  83  82  84  79  74  67  62  66  71  73  77  81  85  85  84  81  80  82  87  91  92  89  98 100  98 100 105 106 102 111 118 122 127 136 143 145 152 155 156 150 141 132 126 110 104 101  97  82  66  55  58  83 103  97  69  41  48 117 133  62  54 166 240 220 176 128 128 186 198 151 125 164 202 173  85  36  39  59  61  59  63  68  72  75  83  84  86  89  95 101 104 105 
 78  83  77  82  89  88  96 111 115 120 125 116 108  97  89  92 101 105 107 110 112 111 108 113 111 104 103 107 111 111 114 116 127 141 143 133 126 138 142 138 132 130 129 125 113 112 105  93  88  94 101  89  72  64  71  75  75  72  61  63 104 154 145  83  38  91 145 104  90 190 238 169 118 136 171 151 129 137 150 192 187 141  70  40  47  56  57  59  68  76  81  84  85  90  98 106 112 114 114 112 
 47  48  49  58  68  72  74  86  94 105 111 109 112 111 109 111 115 115 114 113 111 109 108 109 112 110 103 100  99  96  91  92  98 106 105  94  84  92  93  91  85  79  74  72  59  54  47  46  55  73  88  93  89  95 105 103  95  87  74  53  50 110 189 168  83  63 128 146 131 212 227 136 102 170 215 174 147 134 135 146 153 122  73  58  49  50  46  52  69  76  75  76  86  93  99 105 112 116 113 110 
 50  49  50  62  62  58  53  54  55  56  57  55  61  67  74  85  87  82  80  76  73  71  70  68  70  71  67  65  65  61  58  57  60  64  65  59  51  56  58  58  56  54  53  53  56  54  52  53  63  79  90  91  97 113 127 129 123 121 117 103  71  46  87 153 165 119 120 171 200 227 221 158 126 157 230 234 186 134 127 165 147  96  76  54  42  41  40  45  56  65  70  72  78  81  81  82  87  91  89  87 
 68  70  70  75  72  66  63  62  59  53  46  38  36  37  42  52  61  63  60  58  55  52  51  50  52  55  55  54  52  47  53  55  57  63  72  75  72  67  69  72  74  75  76  78  76  76  76  76  80  90  97  93  88  89  95 103 116 125 138 172 169 103  71 116 166 168 168 211 241 224 218 189 128 137 221 230 205 179 180 207 146  79  72  37  24  32  38  42  41  51  61  63  55  55  52  48  50  54  55  55 
 75  79  77  68  69  67  69  73  69  68  66  55  51  52  56  64  72  75  77  79  78  75  72  67  66  68  70  69  64  58  63  64  62  65  75  80  76  76  79  82  83  83  83  84  88  89  88  86  84  87  91  90  86  83  80  80  84  98 118 122 139 159 157 128 112 163 228 249 250 223 223 226 156 141 192 209 188 201 222 200 141 106  85  30   6  30  46  45  35  42  54  53  44  47  47  43  45  48  47  38 
 80  85  86  81  81  77  77  79  74  68  61  55  57  64  71  80  79  79  84  86  86  82  77  75  73  73  76  75  67  61  71  75  72  71  79  82  75  79  83  87  87  85  83  82  82  84  85  83  82  85  88  88  89  92  91  84  80  81  84  80  62  79 114 129 140 193 247 253 252 240 241 255 211 138 123 183 134 138 231 202 148 127  89  37  13  31  43  40  31  35  42  40  41  47  50  49  50  52  52  43 
 81  85  86  83  84  80  78  77  72  68  62  54  57  65  73  82  89  90  90  89  87  82  79  77  71  69  74  72  64  58  63  69  71  74  86  90  80  79  84  90  92  88  83  80  82  85  87  88  90  96 100  93  92  96  98  96  95  94  96  99  95 109 124 144 182 227 250 248 245 251 251 250 224 151 106 148 109 100 188 179 117  67  39  17  10  16  21  21  19  21  23  22  22  29  32  29  29  32  32  38 
 77  74  76  81  85  81  78  79  78  79  74  64  66  75  82  87  92  92  89  85  79  75  73  74  72  70  73  72  68  65  66  71  75  79  87  90  84  84  88  93  95  94  90  88  88  89  91  93  96 102 106 103 102 107 114 114 110 112 126 139 159 179 154 131 152 207 249 252 244 253 244 217 204 190 173 151 143 128 120 123  78  23  12   7  10   4   3   6   7  10  12  12   8  12  11   7   7  11  11  21 
 87  83  79  82  87  80  73  75  79  86  85  72  75  85  88  85  86  90  91  88  83  79  76  73  77  79  72  72  78  79  77  76  77  80  83  88  92  90  90  91  92  93  94  94  95  94  93  96  98 102 104 107 105 107 118 126 128 125 130 131 126 134 114  92 123 198 243 253 247 251 227 176 189 220 232 187 165 149 113 104  80  45  19   3   2   4   7   9   7   8  13  11   9  12   9   5  10  13   8  17 
 93  91  88  89  91  86  78  80  85  92  91  80  84  93  93  90  89  91  92  91  89  86  85  83  85  86  83  83  87  87  84  83  81  82  87  92  95  95  95  96  97  96  95  94  95  95  95  97 102 106 108 103 100 102 110 117 119 112 102  93  68  52  67 117 158 183 219 251 254 250 195 119 176 242 232 176 100 121 178 166 110  49  17   5   9  13  15  12   6   6  10  10   8  13  14  13  18  19  13  23 
100  99  96  96  98  92  85  86  92  98  95  87  92  99  97  91  91  94  96  96  95  93  92  91  91  91  90  91  90  91  89  88  88  90  93  97 100  99  99 100 100  97  95  93  94  94  97  99 102 103 103  98  96  98 102 102  95  88  80  70  68  98 149 166 140 150 197 211 233 241 178 113 171 242 240 203  89  84 202 206 140  68  26  10  10  15  15   9   5   5   9  14  13  16  16  17  22  22  18  27 
101 101 100 101 102  98  92  91  99 105  99  93  97 102  99  94  95 100 101 101  98  95  94  95  93  92  92  91  89  88  89  91  95  99 100 101 101  98 100 102 101  99  96  92  90  93  98 100  99  95  93  98 101 105 105  98  88  80  78 103 145 165 155 122  99 154 179 138 193 224 173 162 186 212 229 245 162 110 182 187 133  70  36  22  21  23  21  17  16  16  19  25  28  26  23  21  25  27  27  32 
102 102 102 103 103 103  98  96 104 110 103  95  97 101 100  97  99 103 104 103 100  96  95  97  94  92  95  93  89  89  89  92  97 101 102 100  98  96  99 103 104 102  97  93  90  94  98 100  97  93  91  95 102 106 102  96  94  97 109 140 167 134  74  79 140 188 130  79 194 227 152 157 190 206 210 236 186 150 194 177 105  38  21  28  37  36  34  35  38  37  37  43  48  43  36  33  36  39  41  39 
102 101 101 102 103 106 102  98 107 112 101  93  93  96  97  97 100 104 105 104 100  97  95  98  94  93  99  99  94  95  93  93  95  96  95  94  92  96  99 104 106 104  99  95  93  95  97  99  99  98  96 101 105 102  92  91 104 122 138 126 105  93  79 115 175 160  72  64 188 190 101 115 188 223 214 236 196 169 208 182  99  36  30  36  31  31  34  42  52  54  55  60  60  54  48  46  47  49  52  52 
102 104 105 105 106 105 103 104 106 107 102  91  89  95  90  92 100 104 105 103 103 103  98  97  96  96  99 101  99  98  96  96  98  99  97  96  94  97 101 106 108 107 103 100  98 101 102  97  94 103 112 107 102  96  99 111 118 118 112 103  87  85 113 150 156 103  54  79 133 115  68 109 195 227 221 243 213 194 227 190 100  34  33  48  43  36  39  49  56  53  50  52  61  57  56  58  56  57  63  58 
103 106 107 106 107 103 103 107 107 104  99  89  91 100  93  89  98 104 108 104 101 102 101 102 101  99  99  99  97  96  99 100 102 104 103 102 100 102 104 106 108 107 105 103 100 102 105 104 100 105 113 108 104 105 116 125 114  97  92  99  97 104 133 147 119  66  62 102 126 106  78 107 185 231 233 249 215 198 229 190 104  39  30  43  45  41  44  54  57  53  48  51  55  55  59  62  61  65  72  60 
104 105 104 104 105 103 103 107 108 105  98  90  94 106  98  89  94 105 111 106  99  99 104 107 104 100  98  97  96  96 101 103 105 106 107 106 106 111 109 107 105 104 103 102 102 100 104 110 109 105 104 108 117 123 122 115 102  91 101 116 105 120 141 129  96  67  84 127 157 137  91  93 168 231 239 248 208 194 228 189 111  51  29  31  39  42  47  56  62  58  55  57  52  56  61  64  63  68  73  63 
105 105 104 105 107 105 104 106 105 105 104  93  95 108 103  92  98 106 109 107 102 102 106 106 102  98  97  98 100 101 102 103 105 106 107 108 108 110 109 106 104 101  99  99 106 102 104 110 109 107 109 116 122 119 104  94  97 104 123 128 102 117 141 120  95  97 131 155 157 130  83  84 166 238 249 242 193 188 229 188 114  63  38  31  35  43  51  59  63  61  57  55  54  59  64  63  61  63  68  63 
106 105 106 109 111 108 106 107 105 104 106  94  95 109 109 103 107 108 105 109 111 109 106 102  98  96  96 101 105 107 102 101 103 104 106 107 108 102 102 103 103 102 102 101 106 104 107 110 112 118 127 128 109  92  84  88 101 110 122 121 102 119 142 133 109 114 161 165 140 109  65  83 178 245 253 239 181 181 225 182 108  64  47  40  40  48  54  59  60  61  56  52  55  59  62  61  62  65  65  61 
108 109 110 114 116 113 112 113 110 107 108 101  99 112 113 108 112 109 106 113 118 114 107 103  99  97  98 101 105 106 104 103 104 106 107 109 110 104 103 102 103 104 105 105 107 108 112 116 116 120 128 129 102  87  91 102 111 115 114 109 112 124 138 141 130 125 140 141 144 133  78  85 174 240 253 244 184 180 222 179 101  53  41  44  46  54  57  55  53  56  59  57  56  58  58  59  66  69  68  63 
111 113 115 117 119 118 117 118 117 114 114 109 105 112 110 105 110 110 109 117 121 115 108 105 103 100 100 101 102 103 107 108 107 108 109 111 112 117 113 106 102 101 103 106 109 111 116 119 116 110 111 121 112 110 110 113 122 132 123 110 122 122 125 133 134 127 120 118 140 151 112  92 153 223 247 249 196 187 226 183  99  40  28  38  43  57  60  52  46  52  62  65  60  61  57  58  68  72  67  66 
113 115 118 122 116 115 120 125 119 115 114 111 114 112 107 107 107 110 115 115 121 122 107 107 108 104 101 100 101 102 110 115 113 106 105 110 115 117 113 106 102 101 103 105 110 115 115 110 106 108 111 117 120 116 118 132 139 138 122 113 128 122 116 126 130 119 108 117 145 168 131  95 141 205 247 247 206 198 228 186  88  27  32  46  45  52  54  61  65  54  52  65  71  78  69  62  68  68  65  63 
115 116 119 122 118 116 121 126 122 118 118 116 118 116 110 108 110 116 118 117 121 121 107 108 108 102 101 102 104 103 112 111 109 108 105 106 110 110 108 105 104 105 109 113 115 114 111 106 106 110 117 129 125 123 133 146 142 129 125 124 124 122 124 122 113 100 110 142 159 158 127 101 146 205 237 238 204 207 231 184  89  33  37  45  44  47  54  68  75  66  56  55  74  91  88  77  72  65  66  67 
117 117 119 123 121 118 122 126 124 123 123 121 121 119 114 108 113 120 118 116 118 118 107 110 109 103 104 109 111 107 113 105 103 110 107 103 107 108 109 109 108 111 116 121 121 117 111 107 108 114 120 129 134 133 130 131 129 125 136 137 120 124 133 122 106  89 116 169 168 135 107 104 159 211 226 221 198 210 232 183  90  37  38  43  46  52  66  81  85  80  68  54  71  90  92  86  81  73  73  72 
119 119 120 122 122 121 120 124 123 124 127 123 122 120 117 110 112 117 115 113 114 114 107 114 114 109 112 118 119 114 112 101 100 112 111 106 110 116 118 118 115 114 118 122 122 120 115 111 111 116 119 123 135 131 115 110 123 136 147 146 132 144 146 131 119 101 127 180 168 120  87  97 164 215 218 209 193 207 232 184  88  34  37  49  57  65  75  82  85  88  84  76  76  81  79  89  98  90  81  71 
123 124 122 122 125 121 118 120 119 122 126 122 118 120 119 112 112 116 114 113 114 114 110 117 117 114 116 121 122 119 112 103 103 113 116 113 115 121 124 123 117 112 112 115 118 120 118 113 112 117 122 120 115 106 101 110 129 144 149 148 149 160 158 146 139 128 145 176 158 119  85  85 156 211 210 204 195 204 229 185  90  30  36  55  64  68  70  74  81  88  94  98  96  86  78  94 111 103  89  70 
128 129 126 125 128 123 116 117 116 120 124 118 113 116 120 113 115 121 119 120 119 117 115 115 116 116 117 119 119 119 114 111 110 114 117 120 119 118 122 121 114 106 105 108 117 121 121 115 114 124 134 124 105  90  95 115 141 152 144 141 142 146 158 162 155 152 162 166 143 124  88  80 155 213 210 206 203 206 224 187  96  28  32  48  46  46  46  53  65  67  72  83  92  82  69  82  95  86  77  66 
131 134 131 127 132 126 118 115 117 121 123 116 112 115 120 113 119 125 124 125 122 118 116 116 114 112 113 114 113 116 114 118 117 115 118 122 121 114 115 116 111 103 101 105 118 125 126 121 121 134 144 133 116 101 101 119 149 161 139 129 119 118 149 169 158 162 174 158 132 121  85  81 164 220 213 211 206 210 224 192 102  29  24  30  20  18  18  25  36  34  32  39  52  51  44  48  50  46  46  49 
132 132 131 133 138 134 124 116 116 121 122 117 118 121 121 115 118 123 124 128 126 120 114 116 110 106 111 111 109 112 113 119 122 117 119 123 123 113 109 109 107 102 101 108 120 125 128 124 125 132 141 144 136 122 110 116 143 164 146 118 108 109 134 157 149 150 168 164 141 115  79  87 180 230 201 204 216 213 225 198 107  33  19  11   5   5   5   8  11  11  10   6   9  12  17  16  12  12  18  42 
133 123 122 133 134 133 127 121 118 117 116 117 122 128 125 118 112 117 123 125 126 124 116 108 108 109 112 116 118 116 117 117 120 121 120 122 125 116 111 108 105 102 106 114 123 126 123 115 113 119 130 155 150 132 113 117 138 157 146 110 114 117 119 137 145 136 158 189 158 113  82 101 195 233 193 199 222 211 223 199 111  35  17  11   9   8   6   8  11  11  10   9   8   8  12  15  13  11  13  48 
133 128 124 123 124 126 128 130 131 126 119 120 123 127 126 120 113 118 124 121 122 125 118 114 116 110 104 111 124 128 126 119 117 120 116 115 122 120 118 115 111 109 114 121 123 122 117 110 108 114 125 143 133 121 123 142 146 137 125 114 115 114 119 136 156 151 169 205 161 114 106 126 188 222 218 220 215 209 217 193 115  43  21  11  12  16  15  14  14  16  17  16  15  14  17  23  21  16  15  47 
121 121 122 122 119 120 124 130 133 134 131 125 121 121 121 120 119 123 123 117 116 120 120 122 123 114 105 111 125 132 128 117 112 113 111 111 119 121 123 122 117 116 118 120 124 121 114 106 104 109 115 117 118 118 132 152 148 129 120 123 123 117 113 135 175 174 168 190 165 149 146 145 176 216 239 236 210 208 205 180 113  48  26  12  13  19  18  16  17  19  19  18  18  15  18  25  24  18  16  47 
119 121 124 128 123 121 121 124 125 131 136 127 121 118 118 118 123 124 119 114 109 112 121 123 124 122 119 119 122 126 119 114 109 110 112 114 116 115 120 121 118 117 119 120 129 124 115 105 101 103 105 105 126 136 136 138 141 141 133 118 119 118 102 127 178 172 144 164 183 188 166 142 175 223 239 233 220 215 208 182 112  48  24  12  11  21  21  20  19  21  21  20  18  13  15  19  19  16  17  51 
130 129 124 120 123 124 122 122 122 126 129 128 126 123 119 116 123 120 113 113 107 104 117 126 123 124 127 123 119 125 113 114 113 110 114 115 107 111 117 117 115 117 121 123 134 129 119 109 104 104 105 109 137 152 144 133 142 154 142 115  95 112 125 145 169 150 130 161 200 192 152 128 165 221 243 235 227 224 228 200 118  47  22  12  13  21  20  19  20  21  20  18  14  10  10  12  12  11  16  48 
137 127 119 117 117 122 128 128 129 128 123 121 120 125 127 117 118 118 114 112 105 104 117 123 123 125 125 121 122 131 124 122 116 115 117 108  98 102 117 122 117 122 127 126 138 131 120 110 105 105 108 113 125 149 144 137 147 154 142 121 116 126 157 179 163 135 145 165 195 184 129 122 162 221 245 234 223 229 244 210 117  38  20  14  15  20  19  21  24  20  16  16  12   7   8  10  11  10  14  50 
128 119 120 124 121 124 127 129 137 135 124 122 118 122 126 119 115 114 112 111 107 108 117 122 124 127 126 124 128 133 131 124 110 110 114 105  99 104 118 125 125 129 132 131 139 127 113 103 102 105 109 116 130 142 128 119 132 143 143 149 167 165 181 189 169 149 157 162 176 163 117 121 174 234 246 233 222 225 241 206 112  36  22  19  18  20  20  22  25  20  14  16  12   7   8  10  11  10  13  52 
128 121 121 124 128 129 126 125 136 139 132 128 122 121 122 121 117 113 112 115 116 117 120 122 125 129 128 128 132 136 133 122 103 104 116 113 110 113 120 127 131 129 130 132 136 125 111 105 106 111 115 130 150 141 119 109 122 146 160 167 176 168 177 176 156 151 169 184 178 138  95 111 177 231 240 237 228 226 238 200 112  43  25  20  17  20  20  22  23  20  15  14  14  10   9  12  12  10  13  54 
140 135 128 125 129 129 127 127 129 136 136 126 121 124 125 125 118 113 112 116 120 120 118 118 127 133 128 123 128 135 129 117  99 104 120 117 113 119 126 133 131 120 119 127 137 132 128 125 124 124 126 150 161 138 121 116 118 141 159 159 159 152 161 160 148 159 186 208 187 127  94 116 174 213 238 248 237 234 239 198 116  52  26  17  12  20  21  22  22  21  18  14  16  13  13  14  14  11  14  54 
136 140 142 138 131 126 129 135 136 133 125 112 113 123 128 127 118 114 115 117 121 121 114 121 134 137 125 114 117 123 128 122 110 117 128 119 111 127 135 138 127 113 113 123 135 141 147 146 140 133 133 152 148 129 127 130 129 132 136 152 153 141 143 160 176 190 197 210 190 138 121 134 170 207 243 239 222 226 232 190 119  63  27  18  13  21  23  22  23  24  23  17  15  12  11  12  10   9  13  55 
128 136 143 143 133 125 131 140 138 131 120 108 109 118 122 123 122 123 126 126 128 130 123 128 138 137 121 113 117 117 134 137 130 137 143 131 121 132 140 135 122 116 119 121 128 141 150 146 135 130 132 138 127 124 131 144 157 152 134 140 129 111 112 154 194 200 186 198 196 154 132 128 167 212 229 181 178 221 225 180 123  71  29  19  18  20  21  20  20  25  25  18  14  11   8  10   9   9  15  57 
133 132 130 131 129 128 133 137 128 126 128 117 116 115 113 114 120 127 132 131 133 134 130 131 136 130 119 120 126 122 132 137 136 144 150 137 129 133 136 127 117 121 126 119 121 134 141 134 123 123 131 136 121 127 126 137 162 164 143 126 111 106 108 148 194 194 157 165 187 161 132 116 165 221 206 120 147 238 229 176 126  76  28  17  20  19  19  18  19  25  26  19  16  14  10  11  10  12  19  59 
137 130 122 120 124 125 125 124 117 122 132 126 126 122 112 103 115 129 131 130 128 128 126 120 122 128 131 129 129 129 127 128 129 127 125 125 124 128 125 122 122 128 133 133 128 124 129 130 117 114 125 130 128 149 141 131 146 150 149 142 112 112 134 161 185 167 133 136 176 178 141 131 162 197 171 100 149 225 213 176 126  74  29  12  24  23  18  19  21  25  24  21  15  19  15  14  17  15  21  62 
136 133 130 124 120 121 125 126 124 127 128 119 121 126 124 116 123 130 126 118 116 119 120 119 125 136 141 138 133 130 122 122 121 116 112 115 121 126 124 124 129 134 135 137 135 128 131 128 109 104 117 123 136 163 155 139 144 150 158 150 115 119 165 186 167 134 124 133 168 174 152 145 155 161 152 140 134 134 156 173 137  62  22  24  22  22  21  21  25  27  25  21  20  25  21  23  25  23  29  64 
134 134 134 127 120 126 135 137 145 144 126 116 118 126 126 118 121 126 122 114 111 114 117 115 123 138 146 146 140 138 123 122 121 111 103 108 120 122 120 128 140 139 136 137 133 130 136 131 106  98 110 123 141 161 152 137 144 155 153 146 135 130 157 187 166 125 120 128 161 176 171 165 137 142 194 196  96  69 135 162 134  65  27  29  29  24  24  26  28  29  26  21  22  26  23  25  28  27  34  68 
138 134 132 129 123 132 137 134 144 152 143 132 129 129 123 116 119 125 122 116 115 118 121 114 119 130 137 137 135 136 130 130 130 119 105 107 121 120 123 135 147 141 134 136 133 133 138 130 112 110 124 140 142 134 118 111 128 146 129 122 151 158 150 143 130 124 135 144 161 170 177 170 130 136 173 188 143 136 176 165 120  62  27  24  34  27  25  28  30  29  26  22  21  25  23  24  28  28  34  70 
138 132 125 118 117 125 128 127 134 140 134 126 127 130 130 130 131 131 123 112 112 120 127 129 131 133 132 130 130 133 136 136 135 126 110 107 119 128 135 142 139 132 128 130 138 140 135 126 124 134 147 164 150 115  93  92 110 133 140 145 152 154 151 127 107 109 119 145 180 179 152 154 161 168 152 156 185 208 224 206 139  61  25  26  29  25  25  28  28  27  24  22  23  28  25  26  28  27  34  71 
143 141 139 133 126 127 134 137 134 128 115 102 105 118 127 132 128 123 117 108 111 122 129 138 140 137 131 125 125 129 139 137 134 127 111 108 123 139 149 140 117 107 113 118 133 143 136 127 138 148 147 160 147 111  98 102 111 123 137 158 138 139 163 161 133  99  96 123 174 180 140 144 188 203 196 182 173 187 205 195 143  70  28  24  24  23  24  26  25  24  24  22  26  32  27  27  28  26  32  73 
148 151 156 158 147 138 141 145 135 132 126 105 102 111 118 120 115 116 121 118 116 121 128 135 132 124 117 115 118 121 137 137 132 126 118 117 123 142 147 131 105  96 104 109 121 138 139 134 144 145 134 134 127 108 110 116 117 126 149 154 132 150 169 140 108 102 114 126 148 152 150 158 176 182 203 221 190 154 131 127 113  71  29  16  20  23  21  23  24  21  20  23  31  31  27  28  27  24  30  71 
112 113 114 119 124 124 124 128 133 144 146 131 130 133 133 137 133 127 134 143 136 125 130 140 130 114 107 104 106 111 126 133 130 124 130 130 119 127 123 116 112 110 110 110 117 126 135 137 138 140 139 126 109 106 109 110 115 133 164 153 132 156 169 129  96 115 153 172 162 131 145 174 151 144 186 215 199 148 127 142 135  80  27  16  20  20  19  20  21  20  20  26  33  31  33  33  23  20  24  68 
124 122 117 118 125 130 124 117 123 133 127 118 125 128 122 123 128 122 124 133 125 111 118 125 126 126 123 116 115 124 127 132 133 132 136 134 124 111 110 111 111 112 114 115 115 123 133 136 135 145 155 128 107 110 114 101 101 128 167 154 128 137 158 151 134 145 180 191 169 137 152 167 151 162 194 198 181 159 186 220 198 104  24  13  17  14  20  22  18  21  25  21  19  22  24  22  20  24  33  78 
165 174 181 181 178 166 153 147 143 131 122 126 124 119 114 114 105 111 119 108 106 113 110 100 106 119 125 118 113 117 116 120 123 126 131 130 123 114 112 109 108 109 110 114 127 131 141 140 130 142 157 124 106 118 126 105 101 130 159 139 114 120 151 165 163 178 194 171 153 161 172 166 168 198 211 193 180 174 193 228 229 140  38  12  14  16  20  22  24  27  29  26  31  39  39  36  47  59  67  99 
128 149 175 181 176 163 172 195 190 182 201 206 186 167 165 159 152 149 137 128 141 146 120 100  99 104 107 103  96  95 108 110 110 114 119 120 116 116 117 120 121 122 122 122 128 130 138 135 121 128 143 127 106 112 121 115 127 152 151 127 110 118 149 167 164 163 166 153 155 175 168 166 191 214 205 180 177 175 163 195 233 164  43  11  22  26  24  30  46  49  50  61  71  85  98 110 124 128 122 126 
101 107 117 111 108 102 119 144 140 141 168 176 166 160 167 166 167 171 178 190 187 178 180 180 172 162 155 146 137 136 134 129 121 115 112 107 101  98 102 109 114 115 113 111 107 110 118 122 119 125 134 126 120 123 129 133 145 154 144 129 125 126 143 158 150 130 133 161 174 177 178 188 199 199 185 170 170 163 144 170 219 172  69  53  86  80  74  87 105 102 100 115 123 122 123 127 131 129 123 105 
170 155 137 126 120 120 114 101  95  92  83  79  84  89  86  81  93 129 168 180 162 156 171 193 198 200 203 198 191 188 185 178 169 162 156 147 142 131 127 122 117 114 114 113 109 107 104 104 109 111 110 111 114 105 100 111 116 113 110 118 128 114 116 131 132 118 111 120 113 127 166 177 156 151 173 189 187 171 165 170 187 153  98 108 115  92 100 117 125 121 118 124 123 111 107 109 108 110 117 131 
236 232 229 224 215 217 203 183 181 182 172 159 146 112  70  56  66  96 126 106  89  83  63  74  91 109 124 125 130 141 166 170 174 180 183 182 181 178 171 163 157 153 155 160 151 149 142 133 127 122 120 126 121 104  95 106 115 113 102 104 126 114  99 107 114 110 107  98  78  92 134 144 119 117 156 184 186 190 201 190 173 139 115 123 106  75  73  92 105 105 112 111 116 146 167 170 164 170 191 203 
248 251 250 250 249 243 238 239 244 239 235 242 222 136  63  99 113  92  94  74  54  59  94 114 116 120 113  98  88  91  95  96  99 107 116 119 118 116 119 129 138 143 151 161 168 174 181 182 182 183 182 170 174 174 174 177 176 172 161 155 172 171 150 140 144 149 162 184 186 179 168 164 172 163 138 136 165 186 190 198 216 204 180 185 193 166 124 119 145 154 147 126 139 169 184 174 155 148 161 153 
184 193 190 207 225 225 234 238 222 207 208 208 179 134 120 162 146  90  95 109  89  88 170 208 203 198 185 170 160 155 137 130 119 108 109 105  95  80  84  92  97  99 103 110 107 111 118 125 134 142 147 146 153 168 180 177 166 163 177 183 191 196 187 179 192 203 209 217 203 189 175 180 214 212 154 121 148 175 188 191 208 223 213 208 212 198 162 151 159 147 130 120 124 128 127 129 122 115 125 129 
122 121 113 120 140 160 179 173 143 151 169 161 150 170 209 225 201 157 160 191 190 168 190 224 234 237 235 234 235 234 226 223 213 196 187 178 164 155 146 134 124 116 110 106 100  93  85  82  86  94  99  97  94 105 118 113 104 104 125 137 128 133 136 143 159 158 144 126 107 117 140 157 169 171 153 114  96 114 131 119 120 149 169 150 115 109 113 118 115 105 106 114 115 110 111 129 145 153 170 173 
153 124 101  90 111 136 124  97  77 112 162 203 221 231 245 247 237 227 236 242 224 188 171 192 206 216 222 222 220 217 224 231 235 236 236 234 229 229 222 214 208 203 193 182 178 171 160 151 145 142 138 122 116 117 122 117 110 106 109 108  89  91  97  92  93  92  87  77  69  91 123 127 101  85  96  90  71  80  75  59  53  82 115  92  43  30  61  85 100 129 153 158 173 176 180 198 213 216 225 228 
228 197 168 151 182 198 157 132  97 112 175 225 242 248 242 195 165 185 235 240 178 126 152 170 153 145 152 157 157 159 176 176 180 194 204 206 208 223 232 238 240 242 242 238 237 236 235 232 227 218 209 204 201 195 192 193 191 188 186 181 169 166 173 164 149 152 161 144 110 106 124 115  79  57  78 119 144 153 144 123  94  89  94  71  52  76 131 167 178 199 217 227 232 235 232 233 235 223 210 200 
251 244 212 169 200 205 178 202 168 121 105 118 178 232 221 168 138 125 166 207 158 102 149 190 148 103  95 101 111 126 121  98  91 108 119 121 123 133 149 162 167 177 191 200 212 216 225 235 239 238 238 244 242 233 228 235 240 240 242 246 242 223 230 239 232 231 231 216 185 162 143 117  90  79 114 167 197 202 201 210 202 163  98  66 107 173 220 236 234 227 216 219 219 216 192 175 170 146 122 112 
240 223 182 119 110 123 113 168 218 165  67  56 158 230 227 204 184 144 125 179 212 180 158 160 158 155 110  84 129 150 101  72 113 122 124 118 112 114 119 112 101 104 115 117 125 136 143 148 156 162 164 179 196 185 189 206 215 223 217 219 233 228 237 242 233 230 236 236 222 210 168 119 129 147 151 159 170 168 164 187 211 175 114 107 162 198 196 190 176 165 165 155 152 142 119 109 106 101 108 124 
196 165 125  67  55  77  79 121 186 179 142 166 221 248 241 193 157 136 135 188 242 234 183 119 129 181 175 141 157 165 103 133 221 228 229 226 211 194 192 179 157 144 134 121 103 100  90  82  81  84  84  94  99  95 117 140 140 141 137 148 190 221 218 210 206 199 192 190 203 197 138 108 168 207 173 135 121 123 121 133 124 112 125 142 168 142 112  85  63  68  96 112  85  77 113 141 141 163 190 223 
166 139  76  52  73  72  55  69 108 129 149 191 231 249 245 186 114 104 154 204 231 240 220 148 112 152 202 187 153 123 113 175 250 239 234 249 250 249 248 243 237 234 229 222 216 206 189 176 170 166 162 154 137 122 129 128 108  98 113 116 104 111 105  92  96 110 108  98 119 112  64  83 163 196 170 139 104  94 123 126 103 103 113  87  85 137 100  58  57  76  81  65  41  53 143 218 225 230 237 236 
140 124  89 104 112  60  27  42  68  91  98 117 176 223 232 209 173 173 218 238 230 236 224 191 137 127 158 143 102  72  77 142 231 248 237 236 244 246 243 244 250 251 250 247 250 247 247 248 247 241 236 231 222 217 216 211 201 195 206 169  84  47  43  28  34  90 141 146 135 105  87 105 137 160 156 140 108 145 187 123 111 155 158  69  74 153  96  46  58  74  65  43  30  42 102 204 249 230 221 209 
117  94  79  92  71  42  52  79 118 143 119 100 127 163 187 226 246 243 240 233 239 234 171 120 131 138  97  47  42  54  59  78 140 214 250 245 230 228 226 231 241 239 232 229 232 236 246 252 250 243 241 247 250 254 249 251 253 253 223 140  84  66  56  42  32  76 176 228 204 155 135 131 110 109 122 129 122 191 228 149 160 209 179  71  99 172 103  51  50  36  25  39  57  60  76 177 246 220 209 203 
 76  58  38  31  57 113 162 167 193 219 194 147  98  90 125 176 222 241 234 222 219 181 100  58 118 165 112  38  24  39  59  53  43  98 188 243 252 230 221 221 229 229 229 236 235 234 237 236 229 225 227 231 237 241 233 244 254 238 143  50  63  74  65  64  41  31 115 220 228 198 161 124  81  74 103 143 151 160 204 218 231 207 113  67 140 192 102  49  72  55  25  30  62  75 107 193 240 215 200 216 
 37  46  71  95 155 219 238 208 190 213 235 180  84  48  75  99 122 150 187 207 176 120  98 114 156 197 187 121  53  21  43  65  55  29  75 168 230 251 244 236 229 223 226 236 235 231 230 228 223 226 233 229 234 232 225 240 248 210  89   9  38  46  49  61  42  13  52 170 226 232 190 122  76  86 131 184 163 115 175 245 239 158  75 121 220 210  76  23  90 114  67  41  53  64 133 211 232 212 203 220 
 92 145 185 214 241 250 246 227 180 164 202 184 119  63  36  33  37  39  91 141 111  87 161 225 209 202 240 228 152  67  31  66 126  82  45  67 124 199 239 254 245 238 238 231 224 222 225 223 219 229 240 234 235 231 232 248 246 203  89   9  15  32  58  74  53  23  48 153 225 246 224 166 102  94 164 234 167 127 196 219 198 138 120 180 243 218  99  48  91 136  97  61  47  64 162 232 237 216 214 221 
202 242 250 253 244 232 239 241 207 178 177 167 161 129  77  42  12   8  38  58  72 116 193 225 197 199 235 248 241 183  89  63  95 127 134  79  42 104 180 224 225 240 254 249 236 231 222 217 222 230 233 224 223 224 224 234 247 237 162  71  39  55 106 121  83  50 105 200 220 222 243 228 153 112 168 232 188 182 228 189 148 157 188 219 234 225 184 114 101 133 119  80  37  79 165 212 218 216 234 238 
247 240 236 228 220 232 243 242 242 236 199 150 156 193 193 124  44  56  97  98 137 178 156 152 188 223 229 219 244 250 222 137  58  71 137 120  77  87 135 168 165 171 202 231 240 248 248 244 246 244 235 228 230 238 241 245 246 243 230 160  74  51 112 135  92  86 174 240 211 208 247 250 200 136 147 218 224 215 228 194 163 177 222 246 219 229 225 133 123 162 143  85  51  70 110 125 124 136 176 197 
229 227 235 235 237 247 244 233 239 252 224 150 137 192 235 210 112  99 171 220 220 181 149 176 231 238 226 226 232 243 250 237 174  95  53  44  75 105 127 127  97  75  89 116 162 198 226 235 239 241 241 247 242 238 233 227 192 152 138 106  56  31  73 102  82 105 204 249 217 225 250 246 213 144 128 209 250 234 214 203 198 202 225 240 213 219 221 114 108 166 163 108  65  47  69  80  62  46  61  75 
227 232 232 244 251 243 237 245 244 249 224 134 104 146 202 227 181 145 181 221 209 169 175 225 253 233 225 237 225 222 223 240 250 216 135  55  23  53  78  78  52  44  61  77  85  81  91 121 153 161 160 178 180 160 122  99  80  55  35  54 102  93  84  99  90 106 195 246 218 222 247 250 228 159 139 209 251 237 202 188 203 224 229 227 217 220 219 113  81 129 153 140  84  33  47  70  70  60  50  41 
231 237 240 241 244 240 236 241 249 252 235 167 116 123 154 202 184 142 161 189 181 160 176 227 248 245 243 226 218 229 230 222 231 254 244 172  64  19  41  76  76  48  46  71  62  39  32  46  60  61  62  72  84  95  81  61  51  46  45  95 160 114  89 123 125  95 125 215 234 234 247 249 239 182 147 203 251 236 185 177 207 235 234 226 223 224 201 122  90 101 125 170 156  68  55  64  86 116  98  87 
239 243 242 236 246 237 230 239 246 243 246 235 194 159 157 173 145 131 153 169 174 165 158 207 240 249 241 225 225 232 228 229 224 229 248 237 184  90  62  63  81  81  67  61  49  49  55  52  34  25  29  26  52  96 113 112  99  75  64 102 144 121  95 104 134 107  93 173 246 250 242 248 244 193 154 203 252 238 190 177 213 243 233 228 220 222 189 129 134 135 127 172 203 145  70  46  82 112 118 122 
234 231 228 232 237 231 235 246 239 233 245 253 246 220 183 143 137 171 167 130 144 182 178 208 232 235 232 231 233 234 230 238 235 225 236 249 246 204 120  55  71 116 124 101  67  58  58  62  50  32  27  39  60  94 111 110  90  58  41  79 142 173 127  94 133 147 150 191 231 243 246 251 242 198 167 209 249 235 192 181 223 246 222 220 220 214 186 151 189 208 174 160 194 167  92  44  55  73  82 113 
230 228 229 233 231 233 237 239 237 229 232 242 248 235 177 129 173 226 191 118 129 198 223 232 230 226 231 235 233 229 230 238 238 228 226 236 243 250 210 145  98  93 117 137 121  81  46  43  51  46  35  39  59  78  88  70  40  31  63 141 196 169 135 148 155 174 211 232 228 242 244 242 243 203 169 205 245 234 187 180 223 242 223 224 224 197 171 165 215 235 211 183 171 144 127  83  38  38  35  54 
228 227 227 225 225 228 224 220 231 238 241 240 233 210 157 148 213 238 187 125 135 193 238 246 235 230 239 239 228 223 228 227 229 232 228 222 219 230 249 239 187 135 106  98 106  68  30  24  36  42  36  36  42  35  36  38  56  99 168 224 190 107 146 205 150 148 226 254 233 235 235 236 247 200 145 183 242 236 187 173 211 240 236 237 219 176 161 155 182 201 204 195 148 125 173 186 135  95  52  21 
227 226 228 227 225 232 235 227 229 231 234 239 239 220 171 164 214 229 180 135 150 196 228 232 228 231 238 236 226 222 227 225 224 225 221 222 230 229 231 239 250 236 180 119  80  72  57  43  37  32  29  29  27  37  73 114 165 214 248 206  89  87 162 176 127 120 193 244 241 238 237 238 248 190 118 162 241 236 188 174 213 244 232 221 197 190 189 141 123 165 192 158 127 159 231 251 237 212 158  93 
221 225 232 233 229 238 245 236 225 219 219 232 248 249 229 204 221 238 212 181 198 230 238 228 229 234 234 232 227 222 226 228 225 216 210 219 235 232 224 222 232 240 239 232 218 205 179 142 105  89  86  71  88 144 199 223 238 245 247 191  97 130 153 131 145 150 179 225 248 248 237 241 245 185 124 175 247 236 184 170 216 248 223 207 194 216 221 153 120 155 170 138 143 213 249 227 226 246 245 217 
197 206 210 213 216 218 212 204 201 210 217 217 227 236 245 236 232 241 239 234 245 250 247 242 246 247 238 233 229 219 215 220 224 225 225 225 225 224 222 224 225 224 233 250 251 242 238 229 212 215 226 208 205 234 242 231 227 230 232 228 214 180 151 139 166 194 225 242 239 227 237 252 244 189 149 201 252 239 179 154 203 248 231 218 214 203 213 189 182 160 130 143 197 230 226 217 220 219 229 233 
