 96 104  87  64  71 113 148 147 133 186 239 235 200 134 141 177 166 174 192 143  78  73 120 142 104  58  53  60  78  85  80  71  60  49  42  38  40  39  37  38  40  42  44  44  38  32  29  29  33  35  30  31  33  32  30  33  41  51  62  71  76  81  87  91  88  80  76  76  69  58  43  38  39  37  36  44  55  69  79  85  87  87  88  86  79  77  78  79  78  76  72  72  70  68  70  75  79  81  79  77 
 99 115  90  68  60  64  95 114 131 188 210 178 144 127 143 185 205 225 234 188 136 138 143 106  57  57  85  90  81  73  66  56  47  43  45  48  44  39  33  32  35  41  46  44  41  37  32  29  28  27  26  29  39  52  61  70  80  87  92  95  92  85  79  76  66  51  42  42  43  42  43  48  52  52  53  58  68  74  78  80  84  89  89  83  81  82  82  83  82  80  77  71  70  70  72  76  79  81  75  75 
107 130 113  82  91  80  94 133 154 158 133 100  97 119 134 148 184 223 236 233 224 220 158  68  50 111 139 111  76  53  49  45  43  42  43  44  47  44  39  34  32  33  34  37  35  33  34  38  43  46  46  51  67  84  93  97 100  94  87  75  64  52  43  41  40  37  41  49  56  59  54  55  63  65  65  66  68  73  78  80  84  90  90  82  84  84  85  86  87  84  82  80  80  79  79  79  80  81  76  74 
113 151 124  99 119 113 122 147 136 111  89  77 102 145 146 122 139 175 200 222 236 241 178 119 133 155 115  71  45  44  47  49  48  45  40  36  37  38  38  36  34  33  34  34  36  42  54  70  85  93  86  80  79  79  73  67  63  58  48  39  36  34  34  35  39  52  66  73  71  64  55  56  65  70  70  67  64  74  86  95  98  97  95  91  86  85  84  85  85  84  82  88  88  87  84  81  81  82  82  76 
 76 144 145 116 113 139 181 163  92  80 106 108 141 197 192 163 157 174 196 189 184 208 229 196 150  91  46  53  46  43  43  40  39  37  38  38  37  38  40  42  48  57  64  71  77  84  92  97 100  98  79  66  54  45  35  33  34  36  36  36  40  43  46  48  52  65  75  76  68  60  56  60  69  75  77  76  74  77  90 102 102  96  94  93  88  85  84  84  84  83  82  83  85  85  83  81  85  89  89  83 
 67  93 126 115  94 110 163 173 131 127 150 160 189 210 200 191 203 223 228 215 200 198 197 135  63  33  43  67  63  52  49  46  47  52  61  67  77  80  79  77  77  84  90  98  98  96  88  77  68  58  46  45  44  41  36  35  38  42  44  44  43  45  50  54  60  69  73  73  70  69  67  68  74  80  83  85  84  84  91  99  96  93  93  91  92  90  88  86  86  84  83  81  82  84  82  81  86  92  90  89 
121  74 101 137 113  70  88 165 210 177 177 211 201 183 184 197 230 254 250 248 250 217 145  85  73  93  90  84  81  78  77  80  88  96 103 108 116 115 110 100  89  84  82  77  73  66  56  46  39  36  39  48  59  60  51  44  46  50  48  45  42  46  55  59  61  68  73  73  71  72  71  72  78  83  85  87  87  92  96  99  97  97  97  96  94  92  90  89  88  86  84  85  85  84  82  83  88  93  90  92 
173 135 137 187 178 126  98 162 228 166 177 231 170 162 203 232 248 249 249 247 251 226 175 140 147 153 114  97 105 115 111 111 118 118 112 108  98  90  79  68  59  52  47  51  50  49  48  47  49  51  52  57  67  68  59  52  52  55  53  50  47  50  55  59  63  67  71  73  71  68  67  72  82  87  88  89  93  93  96 100 101 101  99  98  94  92  90  90  89  88  86  86  83  81  83  87  91  93  91  91 
169 190 203 234 245 212 166 186 228 208 200 206 177 162 191 224 247 247 244 253 250 231 177 130 108 130 131 106 126 125 112 101  94  85  74  69  61  55  49  48  46  42  38  42  45  49  53  58  65  67  61  66  73  73  64  57  56  59  60  56  49  49  53  59  65  68  71  70  70  69  73  80  86  90  90  90  92  93  96 102 102 101  98  97  94  93  93  94  94  91  89  84  82  83  87  91  94  94  94  93 
153 208 248 252 255 245 202 154 154 198 221 185 150 153 166 191 235 253 250 243 243 219 174 150 128 123 118  99  94  86  73  62  59  55  51  50  51  46  46  51  57  55  53  53  55  56  57  60  63  65  61  64  70  70  62  57  58  64  68  65  56  53  58  65  70  72  74  74  78  81  83  86  90  92  91  92  92  92  96 102 103 101  97  95  94  93  94  95  96  94  91  85  84  86  91  95  96  96  95  93 
160 221 252 253 248 250 223 113  40 132 236 178 101 134 169 167 198 238 245 236 245 195 160 159 169 150 109  95  77  66  56  50  53  57  60  64  59  55  53  57  61  61  60  65  64  62  58  56  57  58  56  58  64  64  59  56  60  68  73  72  65  63  69  75  78  79  78  76  80  87  89  89  91  93  93  91  90  91  95 100 101  99  97  95  93  92  93  95  96  94  92  88  89  90  94  98  98  97  94  94 
183 238 253 253 246 254 245 143  49 127 235 194 125 153 183 163 170 188 217 246 246 189 114  69  74  94 102 124 123  99  85  75  72  70  67  67  71  68  64  61  59  60  61  68  67  64  62  60  61  61  57  58  63  65  61  62  66  70  75  76  74  73  80  84  87  87  82  77  78  84  90  91  92  93  95  93  92  92  95  99 101  99  99  99  96  93  91  92  93  93  92  93  93  94  96  99  98  98  95  94 
180 239 246 247 252 254 236 159 102 170 242 242 207 182 190 194 197 167 195 241 205 171 151 114  69  60  95 119 116 104  93  84  83  81  79  79  83  82  76  68  65  67  73  74  74  73  70  68  69  69  62  63  67  68  65  67  70  73  74  75  77  79  85  88  91  91  86  79  79  85  91  92  93  94  95  95  94  96  98 100 101 102 103 105  99  95  92  91  93  94  94  98  97  96  97  98  98  97  98  95 
171 218 242 247 251 233 196 144 153 216 234 212 201 199 208 218 216 169 186 238 186 122 146 181 157  98  75  81  91  88  83  84  92  95  92  87  84  82  81  79  77  79  84  81  79  73  68  68  69  67  64  66  68  69  68  70  73  76  78  74  74  80  83  86  90  89  86  83  85  91  97  96  93  94  97  99  98  98  99 101 101 101 103 104 101  97  92  90  91  94  96  99 100 100  98  99 100  99  99  96 
146 201 212 209 249 231 163 114 174 243 223 166 165 214 242 228 220 192 207 255 205  98  68 121 157 134  98  80  82  86  83  86  92  91  85  83  83  81  82  85  84  85  89  88  85  76  69  69  69  66  61  61  64  68  70  72  74  77  79  75  74  81  84  87  90  89  87  85  87  92  96  97  94  94  97  98  97  98 100 102 101 101 102 104 103  99  95  91  92  96  99  99 102 101  98  99 102 101 100  98 
116 176 138 145 242 245 159  90 122 206 233 204 207 242 242 212 203 185 194 242 217 116  55  86 127 139 128 101  88  87  85  85  86  82  79  82  84  82  85  88  89  90  95  97  91  82  74  73  71  64  51  51  54  62  71  73  72  77  79  77  78  83  86  89  92  93  91  88  88  91  95  96  95  96  97  97  96  98 101 102 102 100 102 104 102  98  95  93  94  98 100 100 102 100  98 101 104 103 105 102 
124 123  76 137 241 243 178  91  68 145 224 240 237 250 243 210 165 123 141 215 227 134  84  97 105 113 126 118 100  94  88  85  87  87  87  89  91  89  91  93  91  90  93  92  82  70  68  69  62  49  38  37  40  54  70  73  71  77  78  79  81  84  88  91  92  95  96  93  92  94  97  99  99 100 100  99  98 100 102 103 103 102 103 104  99  96  93  92  93  97 100 103 104 101 100 105 106 105 106 107 
132  77  68 168 242 211 154  97  54 104 211 251 243 239 243 228 174 135 170 237 228 127  74  95  99  92 108 118 115 108  96  88  92  96  97  98 100  96  93  90  80  74  74  69  59  49  52  55  44  31  29  30  32  48  70  75  74  78  79  82  83  85  90  91  93  97  98  97  96  98 100 102 103 102 101 101 102 103 105 106 104 103 104 106 101  99  96  95  95  98 100 104 105 103 102 106 107 103 104 109 
109  73  83 154 193 141 106 102  80 106 202 250 241 238 248 237 206 194 218 248 217 127  72  90  98  89  96 111 128 119 104  93  92  91  89  89  88  82  76  70  59  49  47  45  44  41  40  39  32  26  30  32  33  48  71  80  79  81  81  86  89  87  92  96  99 100 100  97  97  99 100 102 104 102 101 102 105 106 107 108 107 106 106 108 106 105 102 101 101 102 104 106 107 105 105 109 107 100 100 107 
 93  79  84 106 107  76  89 112  90 104 195 248 246 244 238 232 205 167 178 230 213 127  84  92  96  97 100  97 103 116 109  95  84  74  70  71  60  56  53  48  39  32  31  33  44  46  39  34  32  32  37  40  40  52  73  83  83  85  85  90  92  89  93 100 103 104 102  97  95  98 100 101 102 101 100 102 106 108 108 110 109 107 107 108 109 107 104 103 102 103 104 107 108 107 107 110 107  98  98 104 
 84  77  94 120 115  88  94 110  92  99 185 247 251 248 244 235 198 127 123 211 219 122  75  91 100  91  88  86  73  77  84  84  73  59  48  42  34  39  44  40  32  27  26  35  55  65  52  37  36  44  48  46  44  58  80  86  83  85  86  87  87  89  92  97 103 105 101  95  93  98 103 102  99  98 100 104 105 107 108 109 107 104 106 109 111 110 107 102 100 101 103 104 107 106 105 110 112 107 104 101 
 72  69 100 130 129 109 102  99  89 101 183 248 244 236 240 239 202 131 136 223 218 113  58  75  87  74  58  56  58  47  44  57  66  46  27  30  38  42  44  39  34  33  34  45  68  77  62  44  44  53  55  51  48  59  81  87  84  87  87  87  88  91  95 100 106 107 103  96  94  97 102 101  99  99 102 105 106 107 109 108 107 105 106 109 111 110 104  99  97  99 102 105 108 108 108 111 112 108 103 104 
 71  67  95 115 102  94  96 101 103 107 183 250 241 229 236 242 208 145 161 239 212  93  40  59  66  43  27  30  38  42  47  50  44  39  46  59  61  61  57  48  40  38  40  50  72  79  61  43  47  57  58  52  46  55  76  84  84  88  89  88  89  93  99 104 109 109 104  98  96  99 103 104 102 102 105 107 108 109 109 108 107 107 109 111 112 109 102  96  95  98 103 107 110 112 113 114 110 104 103 110 
 83  79  99 119 101  97 100 107 108  99 176 252 244 235 243 241 211 159 178 247 208  83  29  53  57  32  30  44  40  28  35  32  30  51  78  88  70  71  66  56  45  40  39  47  67  72  53  38  44  56  55  50  42  50  71  81  84  91  91  91  92  96 101 106 107 107 105 101 101 103 107 107 105 106 108 109 109 109 109 108 109 110 111 112 114 110 103  97  96 101 106 109 111 115 117 112 104  98 104 114 
 88  85  97 110  91  77  76  74  72  72 161 250 245 241 250 238 208 161 177 246 210  89  25  47  56  37  41  52  38  10   8  23  49  64  62  59  50  54  58  54  46  41  40  47  65  72  57  41  45  55  59  53  45  51  72  83  86  94  94  95  96  99 103 105 105 105 104 103 104 107 110 109 107 108 109 109 108 108 108 109 112 114 113 112 114 111 104  99  99 104 110 113 111 112 113 108 100  98 106 112 
 71  75  87  83  64  48  56  53  38  47 155 250 238 239 249 242 212 154 163 239 215  95  28  44  60  50  46  56  64  70  87 101  87  54  31  28  35  44  50  50  44  39  40  52  71  81  68  52  47  53  65  60  51  55  74  85  88  96  97  99 100 101 103 104 104 103 103 103 105 108 109 109 107 106 106 106 104 105 107 110 115 117 115 111 112 109 105 101 101 106 113 116 107 103 102 101 102 106 108 107 
 54  57  62  58  47  41  51  42  22  38 154 249 234 235 244 244 224 153 148 229 214  97  35  48  62  59  67 103 138 176 206 185 104  39  26  35  38  43  49  47  41  39  39  57  74  86  83  63  46  52  71  64  53  55  74  85  86  96 100 103 101 101 102 104 105 104 105 105 106 105 107 108 105 104 103 103 102 107 109 111 115 118 116 113 113 109 104 100 101 106 111 117 106  97  96  98 104 111 109  98 
 47  50  59  54  40  42  51  38  21  31 142 243 236 231 238 238 234 158 139 222 213 101  34  44  51  43  80 153 191 208 200 147  74  35  37  45  41  38  45  48  43  44  45  59  73  78  88  75  52  57  72  65  47  50  76  88  85  94 104 104  99 101 101 105 111 108 109 110 108 102 105 107 104 102 102 105 106 112 114 112 113 114 116 119 116 111 106 102 104 108 110 105 103 100  98  99 103 107  99  93 
 42  48  57  52  42  45  52  35  16  27 136 236 230 227 234 237 229 150 133 216 213  99  27  40  54  45  50  78  86  77  63  42  31  40  51  52  45  46  49  60  62  55  53  59  82  75  72  79  70  62  67  58  42  49  80  94  90  94 101 102 100 104 107 114 119 114 111 109 106 103 105 105 101 103 107 110 110 111 112 111 112 113 116 119 115 112 111 112 113 114 113  98  97 100 101 101  99  97  95 106 
 45  54  61  56  48  52  54  33  13  22 129 233 229 224 229 231 224 147 116 192 202  98  24  39  65  57  41  31  12  14  20  31  46  51  50  48  52  54  53  64  66  51  46  64  86  80  69  75  72  64  67  55  38  47  82  97  92  93  98 100 102 108 114 120 121 116 111 107 107 106 109 107 101 104 112 114 111 110 110 109 109 111 114 118 116 114 113 113 113 112 109 112 101  94 101 110 107  98 108 119 
 52  62  70  65  57  58  56  36  16  20 127 235 233 224 225 227 226 155 108 165 191 105  30  35  57  57  52  57  50  63  70  77  76  59  43  38  48  48  44  43  44  41  43  74  80  90  85  73  69  70  70  57  37  46  79  95  90  90  94 101 106 112 120 123 120 117 112 110 112 115 115 111 105 107 114 115 111 110 110 107 107 109 113 117 115 114 111 111 112 112 110 119 114 108 107 111 114 117 145 149 
 57  69  77  71  63  61  59  45  24  21 126 234 234 224 223 231 233 161 107 158 192 112  39  38  52  52  48  56  53  55  51  47  47  47  44  42  34  42  60  58  65  93 100  94  73  93 101  80  70  74  75  62  40  43  74  89  86  86  91 101 110 115 122 122 116 116 113 113 116 122 119 113 111 112 115 115 112 111 109 106 105 106 110 114 112 113 114 116 117 117 115 112 121 121 105  94 106 126 163 162 
 61  72  79  73  64  61  61  55  35  25 126 231 232 223 225 236 231 153 102 159 201 111  33  32  48  51  45  45  40  33  37  41  48  62  71  69  54  78 133 138 144 187 186 118  71  84 103  84  68  66  78  65  43  42  70  85  83  83  89 103 114 116 122 119 110 113 110 110 114 122 118 113 114 114 115 116 116 113 110 106 104 105 109 112 113 115 119 122 122 118 114 107 110 105  92  96 127 154 138 128 
 63  76  79  73  67  60  61  59  41  27 119 225 228 221 225 235 232 152 101 172 193 100  26  21  32  43  49  54  56  64  86 115 130 139 140 126  81 123 195 189 187 208 205 126  78  84  95  92  74  68  75  68  47  43  68  87  88  87  93 102 112 119 118 113 106 103 105 110 112 117 113 111 116 118 117 118 121 113 110 111 106 103 103 109 113 120 124 122 121 117 110  98  95 106 134 158 168 162 113  94 
 65  81  84  74  68  60  61  58  44  32 117 223 227 221 228 234 233 160 111 175 181 104  49  45  60  83 103 116 125 144 163 184 187 187 186 168 100 121 193 193 173 162 165 131  91  93  92  89  72  69  74  70  50  43  68  86  92  97  96  99 109 118 115 108 105 102 104 106 107 113 116 116 116 118 121 122 121 115 111 107 103 103 107 111 123 131 128 112  93  91  99 116 129 156 185 189 152 107  94  90 
 71  86  87  72  66  58  58  60  50  37 120 225 230 225 235 242 237 167 119 162 167 128 109 115 138 164 176 179 181 180 176 175 175 186 188 165 103 102 181 193 149 132 158 152 102  86  88  91  76  68  77  75  54  46  69  88  96 107 104 104 110 114 107 103 108 108 108 103 102 110 122 120 111 115 128 132 128 113 106 105 109 114 112 105 118 116 104  93  89 109 135 165 181 181 161 133 105  87 114 136 
 73  84  82  71  67  54  49  59  56  38 120 229 238 233 243 250 242 170 119 148 158 152 159 169 187 196 182 164 161 158 146 139 152 184 190 159  98 104 192 194 136 134 190 179 106  67  83 102  88  72  79  83  62  44  64  88 101 111 112 112 112 111 103 106 114 109 108 104 103 108 128 129 114 113 124 130 129 113 105 104 106 111 113 115  98  95  97 111 144 174 186 187 157 122 103 104 127 153 183 217 
 72  80  78  74  73  50  39  55  60  39 117 231 248 242 247 252 242 171 119 146 155 155 150 147 151 144 123 113 125 129 131 137 146 174 189 167 100 114 201 199 143 140 193 186 113  67  87  97  84  72  82  88  62  36  50  82 100 109 111 110 110 115 118 117 112 106 105 104 104 107 126 130 116 112 116 121 123 121 122 123 113  98  86  79  99 130 157 172 182 177 156 128  98  98 134 171 198 221 236 249 
 70  77  78  76  79  55  40  56  68  45 113 230 252 247 250 251 240 166 113 145 153 137 115 107 116 119 113 114 135 136 148 158 156 171 189 176 100 111 197 200 149 144 187 189 118  74  97  90  75  69  77  80  53  31  51  88 103 102 108 112 120 127 125 116 108 105 104 102 103 112 120 117 110 111 117 120 117 116 112 103  96  99 119 140 176 194 196 169 127  96  84 102 133 179 215 229 234 241 251 242 
 68  75  74  73  82  64  49  66  78  52 112 227 253 249 250 251 242 160 100 139 153 124 104 107 135 163 164 154 159 162 165 165 164 184 199 178 106 113 198 196 139 138 194 203 116  68 103  98  78  70  70  68  44  32  62 105 113  97 109 124 139 137 115 103 107 109 107 100 102 116 123 117 113 115 118 111  99  86  92 108 129 155 184 206 194 161 126 100  76  90 134 171 212 240 242 246 251 244 210 185 
 64  71  66  68  81  64  50  64  83  67 122 218 253 253 251 252 244 170 106 139 164 140 130 142 160 172 173 170 167 172 172 157 164 182 196 187 110 110 198 194 135 126 191 197 107  63  98 100  85  80  81  84  56  29  57 101 112 115 122 120 129 138 118 101 109 118 117 107 104 120 128 121 110 102  97  94  90  98 131 174 198 196 172 145 110  84  89 127 156 182 212 223 236 253 246 244 229 185 135 106 
 61  71  66  69  83  65  49  61  85  75 127 220 253 251 246 250 249 181 108 125 152 146 143 152 167 176 176 173 171 175 174 157 162 180 198 190 110 111 208 213 154 137 194 210 126  63  91 101  85  79  87 106  76  32  47  89 104 112 119 115 113 121 123 125 123 117 125 131 124 117 112  97  87  96 107 122 145 178 192 190 167 135 114 106 120 145 175 197 217 237 251 250 251 237 213 178 126  97  94  91 
 64  77  72  74  86  66  49  62  92  85 133 225 253 247 239 247 245 180 108 125 151 149 151 160 173 180 180 176 172 181 181 162 165 185 204 196 113 114 216 229 171 142 187 226 159  73  86 100  82  81 102 110  71  31  57 105 117 114 108  97  96 111 136 148 136 120 117 111  98  94 101 116 134 153 174 195 208 196 171 141 120 117 137 163 202 231 241 236 246 251 240 228 199 141 106  91  92 109 110  90 
 70  86  83  82  89  66  50  65  95  84 132 227 254 250 244 246 243 183 116 132 157 154 153 161 173 182 182 178 173 184 186 168 171 192 212 202 117 116 216 231 172 133 168 228 187  95  86 100  86  86 100 104  70  41  77 120 119 105 102 111 124 128 126 118 108 107 103  96  99 119 149 185 205 204 203 201 182 153 135 134 155 182 209 231 241 248 251 250 245 217 178 140 100  64  59  98 164 159  89  58 
 73  90  89  87  92  66  49  67  89  71 123 223 253 251 251 248 247 198 125 127 150 162 160 163 174 181 184 181 178 184 186 168 169 192 214 203 120 116 215 230 170 126 156 220 198 114  90 102  97  91  92  96  67  40  69 109 116 114 112 125 136 126 101  85  90 108 128 150 175 195 208 206 194 180 162 148 142 162 180 200 224 237 243 249 250 243 236 220 178 125  93  71  73 110 153 201 237 153  34  25 
 73  88  86  87  93  65  45  62  84  65 116 218 249 246 245 249 252 192 114 115 141 162 169 168 171 174 178 181 180 183 185 163 161 187 215 207 119 117 220 239 179 134 162 219 200 126  91  99 102  89  89  79  56  43  73 110 121 130 122 110 106 115 125 142 168 184 196 212 222 214 178 145 131 134 146 164 188 217 232 240 243 243 242 238 224 192 154 116  73  59  77 123 168 207 232 241 250 174  55  28 
 75  87  85  86  93  64  43  57  82  71 118 215 246 233 231 247 250 179 102 114 145 157 165 166 168 173 177 178 182 191 188 162 161 187 217 213 119 116 222 243 183 142 173 225 202 130  93  99  95  80  83  74  73  88 116 121 107 105 111 113 122 155 190 212 227 226 206 185 168 141 121 128 147 170 201 228 248 246 248 247 243 237 215 183 142 107  77  74  94 134 173 217 248 247 229 220 242 216 100  27 
 78  85  84  91  99  66  49  59  77  75 125 219 245 205 190 232 250 182 106 123 154 160 157 162 173 189 191 180 186 200 192 168 171 196 222 219 130 118 220 234 170 136 171 230 214 139  88  85  86 101 121 116 106 108 121 120 108 105 133 169 186 205 210 182 152 138 129 123 122 130 155 195 224 234 243 244 242 242 244 225 195 166 128 103  91  97 123 167 217 245 247 241 227 219 206 224 244 221 108  16 
 84  84  74  99 110  70  50  60  76  69 118 213 232 181 152 208 248 183 108 126 153 164 167 170 175 190 195 184 185 195 193 175 180 202 226 223 135 124 224 237 175 134 160 223 227 158  93  95 110 119 128 121 106 100 120 154 181 197 201 196 177 165 144  95  52  63 117 163 181 207 227 244 249 240 242 240 218 191 170 137 107  91  94 120 174 206 233 245 244 230 214 219 218 216 215 222 234 228 141  36 
 90  94  80  99 109  68  45  62  88  75 106 179 183 146 141 187 230 181 111 127 148 165 178 176 173 183 192 187 187 202 201 181 182 201 225 225 136 116 217 238 182 143 169 217 223 164 109 121 117  89  88 102 125 162 200 206 203 192 161 161 180 173 124  85  85 117 178 222 232 238 239 227 225 234 217 172 135 100  94 100 124 158 188 222 241 242 238 230 226 216 204 209 213 226 232 210 208 243 210  85 
 97 106  93  95 110  72  43  62  93  77 106 153 134 111 126 159 196 167 113 118 134 159 182 185 180 189 199 194 191 206 204 180 181 203 234 238 151 119 212 234 185 147 172 199 183 130  77  74  94 114 146 171 184 199 208 183 143 113 112 159 220 216 162 151 182 186 186 208 232 225 211 176 146 139 116  99  92 115 149 178 207 238 249 250 247 239 227 223 229 232 227 216 218 217 214 208 215 239 201  88 
 98 109  97  97 109  72  44  59  81  77 131 178 150 133 147 166 187 172 127 108 117 148 176 182 183 192 201 195 189 204 201 180 184 210 240 240 157 135 215 225 179 130 129 123  93  86  90  96 130 173 197 214 194 154 136 133 126 120 123 152 206 227 225 234 247 228 174 157 174 160 130 101  87  84  81 118 158 195 229 243 243 243 238 235 234 235 232 228 229 234 235 221 220 203 196 226 238 203 106  36 
 95 100  93 101  97  55  43  58  72  79 155 208 183 179 191 189 187 179 142 102 112 150 175 182 177 181 191 190 192 205 203 181 188 209 226 220 155 131 179 161 133 102  83  71  84 119 161 190 196 177 155 153 138 114 109 143 181 186 149 124 177 237 247 240 244 238 179 106  79  86  74  58 100 145 146 180 232 246 245 237 235 237 232 238 229 226 223 221 226 228 223 222 216 223 226 230 199 119  39   4 
 86  89  87  93  81  48  45  61  68  86 145 197 189 183 184 164 159 160 140 104 106 162 184 181 179 182 193 200 202 211 203 187 192 205 202 181 138 123 113  83  75  89 106 127 159 197 210 203 175 139 122 117 120 134 157 190 215 202 156 156 202 204 174 190 238 233 149  76  62  96  99  75 132 203 165 134 207 254 251 244 245 242 234 236 235 230 229 234 230 222 219 229 236 249 239 171 109  68  41  20 
 81  83  89  96  77  43  42  68  81  99 120 161 200 188 157 134 138 157 146 102 103 154 186 192 199 205 205 203 201 199 186 168 160 154 134 109  96  89  88  99 117 155 193 208 197 193 173 148 130 124 143 164 183 195 209 230 225 174 148 172 204 165 132 169 231 216 118  67  90 112 123 129 170 191 104  39  89 158 185 217 244 250 248 249 249 246 247 251 249 242 237 248 238 189 123  60  59  65  48  89 
 84  87  95 107  88  52  48  55  67 123 140 138 177 190 181 162 136 151 149  94 100 150 178 189 200 200 189 182 182 165 148 122 104  96  92  89 118 123 147 184 209 207 195 168 142 129 120 124 149 173 202 218 234 242 240 224 205 181 156 171 190 163 167 198 178 138 114  99 105 140 183 184 159 116  52  24  33  61  87 119 153 177 200 218 226 229 232 236 243 245 242 214 150  73  21  10  38  35  50 154 
 87 100 108 105  87  64  61  50  52 148 203 140 117 175 222 198 142 140 143  90 100 143 165 174 176 167 147 127 115 104  98  89  88 105 134 159 189 209 215 202 180 154 130 105 111 138 159 176 209 232 235 242 244 236 215 174 162 183 167 174 184 165 184 195 131 112 153 148 123 171 212 167  83  27  29  62  65  62  66  65  63  65  81  99 125 145 154 151 151 158 162 113  46  22  32  36  34  18  67 178 
 84 100 112 106  84  52  50  55  74 161 209 146 113 189 222 180 158 146 103  68 104 136 142 135 122 111 102  94  89  87 104 132 156 176 199 216 187 172 160 131  96 104 139 144 166 208 226 229 240 249 250 230 205 174 140 107 110 147 148 160 164 140 136 163 185 211 216 154 102 129 126  93  72  37  26  50  62  64  75  85  78  59  41  28  44  71  85  70  48  42  43  41  30  44  49  36  21  26 122 204 
 84  91 100 111  93  48  42  75 121 167 173 168 184 211 189 162 185 151  68  61 108 131 115  99  87  90 112 139 157 183 194 203 200 182 163 158 137 107 109 133 139 159 195 209 222 243 247 245 241 226 193 148 128 129 121 105 108 125 123 142 149 117 111 165 225 232 169  76  30  60  96 137 184 164  96  50  26  26  46  67  77  78  71  64  48  55  63  52  32  22  21  33  46  55  43  25  14  63 199 230 
 92  94  96 103  91  58  72 142 179 177 165 200 228 185 152 169 200 152  91 107 113 103 112 122 137 160 184 201 209 210 193 168 143 119 109 113 128 147 173 196 216 229 236 246 243 238 224 209 179 142 122 112 135 157 138 115 118 123 116 147 155 108 106 175 231 184  68  19  54 111 150 192 247 250 210 147  81  28  24  31  41  60  81  96  80  63  51  46  42  41  47  44  47  55  44  21  39 156 243 238 
118 117 118 118 101  87 117 187 214 186 178 208 204 162 151 176 189 160 173 195 135 111 144 180 201 191 186 183 163 138 125 110 102 113 143 174 198 219 236 242 248 249 241 223 211 193 159 131 120 114 136 171 208 227 147  90 120 130 142 146 142 138 134 195 238 132  24  30 138 217 188 171 233 249 254 235 204 142  83  46  37  36  43  68  83  75  53  36  40  54  59  55  56  46  26  45 139 239 245 232 
129 128 132 141 134 122 135 163 185 193 183 168 174 187 177 158 163 190 215 192 148 150 172 170 149 122 105 104 105 111 131 157 180 202 222 234 240 251 242 230 241 232 196 153 136 137 128 120 158 200 211 232 250 206 102  73 105 121 161 156 147 183 206 229 248 173  69  67 164 238 185 160 226 235 245 253 253 232 204 172 128  71  31  26  49  63  64  51  43  55  76  76  56  15  26 128 226 250 226 222 
126 116 104 106 116 145 170 169 165 156 129 128 170 204 192 172 159 149 119  91 103 111 102  92  92 107 125 151 180 193 211 229 238 246 249 245 236 229 213 187 161 137 122 108 124 163 189 205 232 253 252 246 230 142  42  48  82  93 158 186 190 226 253 253 252 225 167 122 136 193 180 183 242 239 234 242 240 246 252 251 230 174  98  44  29  34  38  37  35  54  84  82  46  22  84 202 251 225 217 225 
103 104 117 134 154 180 200 205 174 119  98 121 138 131 141 163 173 132  61  45  74  90  83 106 157 202 227 238 246 247 251 251 243 231 210 187 161 136 128 118  86  95 140 178 199 229 245 254 254 245 253 235 146  62  39  49  68 114 175 169 157 208 244 243 252 242 196 136 125 172 182 202 244 242 235 235 230 232 237 243 252 249 212 164 130  93  46  14  11  41  81  82  70 106 189 242 239 223 216 230 
158 178 202 214 220 213 189 161 143 124 114 125 117 100 111 142 165 132  96 104 108 127 168 203 235 249 252 251 247 240 232 217 196 166 127  97  86  82  97 122 146 189 234 247 246 253 246 241 249 250 238 177  87  48  45  70 128 186 180 130  90 120 213 254 254 216 110  76 140 179 197 227 232 233 239 245 243 244 239 233 235 249 252 245 246 216 157 102  76  93 124 151 171 212 244 243 236 240 219 228 
226 223 197 158 136 126 111  95 105 137 151 148 150 160 158 155 145 101  93 134 152 166 200 223 241 244 235 224 212 194 154 113  97  92  99 111 133 168 205 232 247 247 242 248 251 250 241 247 253 236 159  78  69  62  42 118 218 224 160 138 109  57 158 254 236 169  66  50 129 182 223 250 228 235 245 244 240 244 242 239 238 242 243 242 247 251 247 229 218 224 234 238 248 250 237 226 233 246 250 245 
144 130 111  87  74  73  75  86 101 141 186 183 174 192 199 175 155 130 119 149 189 210 225 225 206 179 157 127 117 123 118 119 140 173 192 211 219 228 243 244 239 243 246 245 252 241 237 252 243 163  65  35  55  50  74 185 252 222 167 164 139  49  89 178 159 108  80  75 108 181 231 241 228 240 248 242 236 236 239 242 244 244 241 236 229 241 251 253 254 251 244 248 247 236 227 233 245 249 241 225 
 97 102 111 121 115 109 101 104 123 147 176 187 180 192 183 150 136 146 145 127 137 161 165 154 132 111 122 110 117 144 180 208 223 249 246 254 244 230 234 231 226 234 235 243 244 234 246 253 191  72  21  36  33  62 156 236 253 232 199 184 132  59  48  70  84 114 121 112 138 197 235 239 239 237 239 240 239 230 237 243 237 236 242 242 239 240 243 241 232 228 231 232 235 237 243 251 237 210 171 141 
170 174 187 204 207 184 145 129 138 146 161 169 159 151 131 118 124 140 116  72  90 127 134 118 107 100 107 144 155 153 180 233 253 247 230 234 236 233 222 220 235 241 237 237 242 241 247 217 100  38  36  26  26 124 233 248 243 249 229 186 137 114  92  47  89 184 156 104 136 200 240 248 241 238 239 240 241 242 243 243 241 236 235 238 241 241 242 238 232 234 245 247 249 248 227 190 166 162 149 145 
233 231 238 240 238 212 167 150 165 168 161 143 109  99 120 124 125 153 129  62  84 157 193 195 145  81  64 117 118  63  82 182 247 245 227 224 235 238 220 223 239 238 238 233 240 255 231 130  41  52  54  29  77 196 253 244 239 251 246 197 155 182 180 124 157 222 163  77 101 196 246 247 240 238 239 242 245 242 235 239 246 241 236 241 247 245 245 245 241 238 240 237 211 187 160 125 124 156 201 212 
241 240 232 220 201 173 149 162 201 206 155 108 119 160 180 141 100 147 192 114  74 159 237 224 124  48  40  80  95  46  51 158 241 249 232 221 219 226 226 237 240 228 232 243 245 243 166  48  35  56  47  66 171 244 245 244 246 246 252 218 172 191 211 194 197 195 148 110 144 222 250 240 236 240 243 243 245 247 238 236 244 241 234 239 246 245 250 254 245 214 188 138 100 105 152 183 194 207 200 175 
200 200 186 163 132 113 113 148 178 173 127 106 185 249 226 165 157 193 194 116  80 153 203 137  61  58  69  67  79  45  62 165 236 246 238 235 224 219 216 222 230 234 240 249 212 144  63  13  35  28  43 135 232 250 244 249 245 248 250 212 156 155 194 201 176 153 157 194 231 246 244 236 234 242 244 241 242 241 233 234 244 248 246 251 252 232 210 200 185 155 129 119 124 159 205 219 208 200 159 128 
161 130 112 110 119 143 144 127 117 118 109 128 197 231 222 215 229 192 118 101 137 205 159  48  48  87  81  58  44  26  81 197 247 240 229 238 232 224 221 219 237 253 238 181 112  41  28  46  23  12  96 209 250 245 248 245 236 244 253 207 146 134 167 185 154 140 192 245 250 242 245 241 237 244 243 235 234 234 236 244 254 252 235 219 208 174 138 131 142 157 168 210 231 234 209 179 174 184 165 132 
 96  65  71  75 121 197 193 132 106 114 141 150 129 154 222 244 189 107  84 149 219 250 178  76  52  95 100  61  33  65 169 247 252 241 231 236 246 246 247 244 245 217 160  83  46  25  54  60  17  64 186 248 243 242 249 243 243 246 249 224 182 161 160 163 160 155 183 216 237 244 242 235 235 242 242 239 244 253 248 240 231 205 168 143 134 140 150 174 216 240 237 243 238 222 207 206 216 224 207 149 
 47  66  71  51  65 137 180 152 114 127 179 158 100 156 230 230 166 101 117 198 249 240 217 169  95  91 109  74  54 109 193 240 244 247 242 241 244 237 231 205 158  96  45  58  53  41  39  16  58 164 235 253 240 239 245 244 250 249 247 248 235 202 167 168 184 168 148 178 233 247 230 230 244 249 247 243 248 238 202 163 144 139 141 148 171 203 228 232 232 234 233 242 231 217 213 215 216 216 218 190 
 55  83  74  59  35  65 162 197 134 120 186 163 109 190 234 195 167 140 160 220 233 210 222 222 143 103 119  84  61  81 107 130 152 169 161 155 146 128 117  88  40  16  15  42  52  32  19  32 141 236 252 241 241 241 237 242 250 238 236 244 252 216 146 167 211 180 130 164 235 254 245 245 251 245 221 197 185 173 154 144 159 184 200 210 216 227 240 235 218 209 214 200 177 158 153 154 163 180 209 206 
 89  75  55  63  37  39 152 234 181 122 164 186 160 217 227 174 174 176 186 217 209 197 216 211 139  97 117  93  51  32  36  44  54  62  55  44  39  23  18  12  10  30  49  36  35  15  26 116 219 255 247 234 247 246 240 246 245 238 243 245 254 220 123 155 234 226 191 215 250 251 246 221 190 179 170 158 158 165 178 203 232 244 240 236 225 221 217 213 217 225 231 202 166 138 132 136 156 181 187 185 
 89  76  60  37  18  41 156 244 229 145 135 208 228 238 217 184 190 190 195 217 214 209 228 209 134  78  95 101  47  23  30  39  38  39  41  36  28  20  20  24  42  59  57  31   9  19  83 202 251 252 246 245 253 246 247 253 241 237 249 243 250 232 154 175 243 253 248 247 229 208 191 148 117 141 176 195 213 227 237 247 246 231 219 220 211 215 217 220 235 246 241 211 189 178 183 188 195 203 177 176 
 53 116 109  44  28  99 198 251 243 162 121 199 254 246 215 204 203 194 196 214 220 212 229 214 148  94  90  89  80  62  40  41  51  55  64  62  43  37  39  48  63  65  46  20  23  88 190 252 249 237 245 249 249 240 246 251 245 248 249 243 249 251 227 234 248 228 203 177 153 142 150 149 159 196 224 230 231 223 226 233 230 222 214 211 220 223 226 236 245 233 209 153 151 165 190 201 192 178 174 163 
 61 123 145  77  74 170 240 248 241 184 135 181 250 245 211 203 201 203 204 208 220 222 229 208 149 125  96  71 151 178 110  75  81  77  66  55  48  48  61  68  58  36  11  49 121 200 251 246 246 241 240 247 248 245 248 249 246 250 247 253 254 243 233 205 174 152 139 139 156 175 189 213 237 242 235 227 217 220 216 208 211 224 235 237 241 242 238 216 173 142 138 151 155 164 181 190 172 144 142 138 
 77  82 122 102 104 186 240 245 248 199 141 174 236 248 212 199 195 200 207 203 219 228 213 182 147 149 129  87 160 240 220 174 163 146  84  35  28  46  64  53  24  30  65 158 227 255 242 245 249 241 245 247 250 248 248 254 255 249 244 239 204 182 170 148 135 142 176 206 221 238 242 234 229 224 214 208 207 217 226 219 221 241 243 233 221 210 183 160 138 131 159 207 200 171 174 223 181 115 104 120 
 57  57  99 108 103 158 223 252 243 193 148 175 230 240 212 197 193 202 207 204 219 224 190 148 144 178 175 124 131 191 234 250 242 224 166  96  65  68  63  42  44 113 194 247 251 245 238 241 247 246 245 249 250 251 251 242 228 205 185 162 135 140 169 181 199 228 237 234 231 227 214 211 215 214 213 217 219 227 238 237 229 223 208 190 173 159 138 149 194 222 219 194 142 105 133 189 166 131 121 134 
 88  87  95 103 100 141 208 251 239 202 159 174 227 238 219 204 193 203 211 205 215 226 171 103 119 179 193 167 149 156 193 238 249 247 240 215 201 184 170 169 185 223 255 246 234 236 244 243 242 246 250 247 242 242 227 181 143 135 137 160 197 219 226 221 213 213 217 223 223 215 209 210 210 211 228 245 242 237 232 214 189 173 171 169 189 202 207 192 187 179 140 120  95  77  87 113 129 154 188 195 
170  95  69  89  73  97 176 244 245 221 160 159 225 243 226 208 182 189 210 200 201 222 201 132 122 146 175 197 176 130 150 216 248 242 247 254 255 252 248 248 247 246 248 248 237 239 248 250 248 247 235 214 184 169 168 158 157 191 213 230 243 240 227 226 229 228 228 215 202 205 211 222 233 239 245 232 198 171 163 170 178 189 212 225 212 193 181 154 118 104  86  82  91 107 142 179 170 131 169 231 
178  58  78 157 124 106 172 242 248 231 148 134 222 245 220 199 175 185 215 202 196 216 224 181 141 118 156 193 150 128 179 236 241 230 238 246 245 249 248 243 242 244 248 249 247 250 250 235 204 179 168 176 167 150 160 200 230 246 251 231 210 216 226 210 207 218 196 188 212 234 244 247 229 196 174 172 172 162 155 179 205 210 220 220 177 139 118 109  96 103 122 127 153 175 209 242 218 129 120 218 
130  86 154 229 197 169 191 235 246 233 138 122 226 246 207 179 171 195 225 215 207 212 207 180 156 144 161 154 126 157 223 252 237 232 234 229 234 237 238 243 251 249 241 244 243 242 219 168 123 109 131 158 183 181 182 217 243 226 209 179 179 219 217 169 153 145 138 172 223 236 222 205 174 144 134 149 174 179 159 165 165 135 122 105  85  97 108 119 140 162 185 207 231 225 204 193 199 154 126 202 
129 164 203 208 189 182 191 223 241 237 142 124 230 249 208 166 163 206 228 213 212 206 195 177 177 193 172 125 143 217 244 239 226 229 233 239 236 240 246 251 252 243 228 195 190 170 126  99 115 153 163 146 142 154 166 190 201 178 172 150 157 206 185 128 119 128 156 183 173 141 100  93 132 172 180 162 130 104  92 104  96  60  39  35  79 112 106 131 197 228 232 235 219 187 160 143 146 126 132 204 
194 207 177 151 154 148 175 219 231 236 163 134 211 248 214 160 144 204 230 198 205 214 203 195 193 184 138 122 196 237 229 229 237 239 244 254 250 246 242 225 191 155 135 139 172 149  77  92 152 205 193 125  81 116 153 145 134 152 183 170 140 142 122 111 125 146 203 194 106  43  18  36 105 143 117  86  57  31  74 125 120  67  55 119 175 145  95 145 227 229 196 173 157 136 134 151 140 113 138 224 
206 143 111 136 153 160 180 220 236 233 176 119 150 228 227 152 116 180 238 209 195 219 214 199 193 147  93 136 232 245 240 237 233 229 218 208 183 177 166 144 125 124 135 163 207 203 141 140 169 171 135 109 128 157 148 129 133 148 147 139 104  82 112 165 162 149 203 208 121  43  22  44  62  53  27  12  28  71 128 169 180 119 129 192 194 120 109 167 192 179 143 119 114 101 111 153 178 167 157 181 
173  94 103 168 199 211 221 229 236 221 159 110 113 167 184 126  89 163 243 222 194 224 209 182 203 193 156 191 231 231 218 204 189 162 138 128 132 126 127 143 172 207 236 240 225 237 224 185 136  91  73 120 188 176 127 130 151 128  81  77  85  77 132 206 194 157 176 207 177 113  51  23  12  10  31  73 114 153 149 141 160 139 152 154  97  81 149 185 148 121 114 110  99  97 112 140 182 218 177  84 
184 146 162 193 195 209 235 239 224 180 133 141 146 118 100 106  98 153 220 208 187 216 209 178 209 237 217 209 186 160 143 135 134 123 125 147 189 195 207 225 233 234 238 241 213 228 223 157 107  96 124 142 134 116 142 152 124  94  76 104 133 104  85 136 183 186 189 180 165 159 111  55  39  33  60 138 191 146 113 136 136 129 149 134  88 117 170 164 131  89  81  91 117 161 190 185 165 155 130  66 
218 199 172 151 158 199 239 242 208 139 112 158 178 151 142 139 121 156 197 179 153 165 191 175 166 163 148 142 132 136 139 152 167 174 188 212 222 219 221 224 221 219 218 216 228 218 175 113 131 191 223 187 141 151 211 223 182 134 114 132 164 145  84  71 146 209 187 159 186 202 196 168 160 163 156 168 154 101 105 145 123 110 137 122 104 127 131  99 108 106 119 162 195 225 237 224 157  79  70 140 
233 235 170 113 163 232 247 225 168 101 124 175 181 197 190 130  95 146 200 179 125 111 138 166 157 135 136 144 158 176 190 194 195 210 228 229 217 203 201 210 205 182 166 197 232 230 198 124 129 196 245 240 210 212 243 249 242 214 167 127 118 132 121  69  93 149 102  85 160 225 232 203 175 179 175 139 113 127 155 137  94  86 130 112  58  75 120 125 162 184 205 230 234 234 234 215 148  77 118 191 
240 254 202 164 209 242 234 191 130  75 108 180 191 203 158  87 107 172 215 205 142  98 115 168 193 192 203 201 203 209 211 200 186 193 212 218 211 203 211 229 227 184 133 158 185 199 228 181 110 127 217 255 235 218 228 235 242 244 195 126  94 101 124 106  71  65  27  18  93 185 182 121 104 108 103 117 145 169 158 101  95 131 159 107  28  64 155 208 228 237 242 228 215 210 211 195 156 129 181 194 
236 236 234 235 238 207 188 174 148 117 104 133 174 186 140 123 185 226 230 226 180 126 145 198 221 224 226 209 209 205 205 203 197 192 197 204 217 222 231 231 223 197 159 145 129 112 170 187 110  83 178 245 241 223 227 241 244 236 191 144 128 126 133 138  95  40  27  64 118 123  77  44  62  67  65 112 162 157  99  76 147 224 186  86  48 118 205 241 239 231 226 214 196 185 190 195 193 190 189 201 
224 207 209 221 210 191 191 202 214 207 167 112 102 152 186 214 238 222 222 240 194 141 154 202 215 221 232 204 196 194 192 194 198 202 212 225 227 226 219 197 185 186 179 162 112  52  77 124  94  59 133 225 251 232 234 252 250 239 200 156 145 161 141 123  97  52  91 180 213 135  47  49  76  54  50  88 131 125  90 108 164 199 127  54  94 184 241 239 225 202 188 192 193 193 189 186 195 208 200 198 
184 175 179 181 185 211 227 239 251 245 239 170  80 136 233 246 223 191 213 226 160 130 168 209 199 194 222 211 197 198 207 214 217 221 222 216 210 196 184 177 183 192 187 187 142  78  54  74  73  57 114 212 254 235 231 249 246 250 226 162 134 171 156 103  62  73 164 222 191 110  70  73  67  65 105 118  94 113 152 155 113  70  45  72 157 217 224 203 196 184 189 193 198 191 165 152 178 217 208 176 
178 195 210 200 208 233 229 233 236 230 240 220 175 176 212 219 211 209 231 225 160 128 169 222 220 196 207 211 206 212 219 212 202 208 212 201 180 170 182 206 214 186 144 128 141 137 107  80  82  95 134 195 231 232 231 239 232 240 241 201 145 139 159 118  33  66 195 199  92  51  76  59  32  75 166 181 138 165 181 111  52  24  63 143 208 228 210 197 190 173 181 187 180 166 149 148 178 212 185 154 
230 242 231 212 213 236 233 226 230 234 222 227 249 228 208 217 222 224 231 234 201 137 136 197 246 243 229 220 211 214 197 174 167 180 202 217 209 196 199 201 175 118  62  75 131 166 138  85  89 133 152 153 175 226 244 242 229 223 241 243 184 114 128 133  49  55 166 196 135 121 110  71  60  88 136 150 158 164 120  59  67 113 171 228 220 220 220 212 190 160 146 165 170 176 177 167 156 153 153 149 
245 237 226 218 212 220 234 238 245 241 239 246 238 242 239 225 220 218 210 208 203 154 113 143 210 237 219 203 189 192 184 194 214 202 179 177 183 170 165 158 146 134 120 144 163 162 135  86  72 113 140  96 110 209 253 247 230 218 237 254 222 139 115 139 104  66 102 169 210 184 145 128 132 140 136 119 117 124 117 145 175 209 220 214 210 209 207 191 174 171 166 182 186 185 169 144 130 129 141 153 
