 88 105 123 134 143 167 192 201 208 212 210 208 205 142  97  77  98  97 104  96  57  32  50 125 166 165 179 163 104  91 130 137  99  52  32  47  71  79  59  63  95 140 130  69  47  99 136 120  72  62 103 148 104 102 167  99  75 102  69  77 134 184 175 174 161 124  98  85  60  45  57  61  97 130  85  69 123 139 102  53  43  74  90  79  57  34  16  15  26  47  57  73  73  50 141 215 175 165 183 146 
173 195 182 178 199 228 236 228 230 229 179 154 157  98  59  48  53  93 141 133  78  43  77 134 151 146 130  98  75  87 122 123 102  93  82  68  52  51  45  34  46 127 160  89  44  90 113  93  97 118 142 153  95  79 144 156  92  73 115 144 170 194 206 209 195 166 152 144 119  98  76 106 147 152 101  79 114 134 102  75  68  66  55  33  14  25  47  75 100 119 136 157 143 108 159 207 184 192 207 172 
240 225 222 223 226 225 218 208 214 219 172 121 109  95  95  77  70 123 162 133  84  56  70  98 113 126 123 117 128 164 198 175 139 155 169 143 109  96  70  53  66 141 148  83  48 104 151 134 131 137 134 120  80  52  95 189 142  59 117 189 172 107  98 131 153 170 190 196 173 152 145 132 118 105 105 122 132 117 100 103  91  55  49  67  86 125 168 191 189 178 180 194 184 157 167 190 192 220 221 186 
154 130 187 238 235 212 202 200 190 185 183 128  82 123 166 143 124 149 150 114 101  92  56  73 109 113 131 172 190 210 232 189 130 152 197 177 136 125 109  94  84 125 135  86  46 103 186 173 123 103  77  42  48  72  99 160 193 132 111 160 126  48  44  75 111 131 140 144 129 113 104 101  93  90 116 132 120  98  72  85 126 146 150 162 190 209 221 214 201 193 192 195 194 182 169 181 206 224 198 166 
 78  61 131 207 225 209 192 183 178 159 183 152 103 158 209 206 168 160 144 116 119 133  89  55  85 105 158 207 181 154 173 174 136 135 158 156 115 110 162 151  88 126 165 103  41  91 167 170 141 136  96  36  45 116 139  98 137 190 157 141  96  60  76  86 100 104 101  93  75  66  66 107 123 107  93  90  88  82  67  61 124 219 236 216 227 225 212 198 197 207 208 198 195 191 172 190 233 210 157 147 
101  94 102 136 172 169 144 132 146 158 175 177 152 180 208 202 167 157 156 123 117 156 138  68  81 144 218 228 157  84 107 168 154 118 117 127  97  89 152 165 110 136 154  98  67 104 130 140 167 173 142 110  93 110 126  86  90 149 168 148 114  83  93  96  75  86 118 107  75  76 107 130 124  99  70  65  92 109 108  84  99 174 224 222 214 212 205 204 209 209 202 192 187 190 175 205 246 189 134 158 
143 147 113  97 102  81  52  47 107 158 173 184 182 175 172 139 126 147 159 128 125 162 168 129 136 201 248 235 169  81  90 153 135  97 109 129 107  89 100 125 130 126 103  88 108 116 101 121 154 135 131 168 141  77  92 127 119  87  97 113 103  70  74  67  36  52 117 122  99 118 147 100  55  66  73  97 150 166 150 122 109 130 195 234 212 210 210 217 218 207 197 190 188 192 181 205 232 185 150 178 
144 153 146 139 123  83  50  47  83 119 147 179 190 143 131 103 106 141 155 144 145 161 202 186 135 169 240 247 182  85  71 100  85  69  69 110 149 135  65  42  81  82  76 106 142 127 118 175 210 159 144 189 170  84  91 156 167 132 106  96  48  20  39  84  97  81  84  72  57  60  72  57  70 137 134 127 160 200 193 161 156 163 195 221 211 215 221 219 206 195 200 202 198 196 192 196 208 216 210 200 
138 148 130 116 143 157 127 104  95 126 152 193 170 102 128 168 157 134 142 150 137 182 227 187  82  88 167 170 112  55  53  86  99  89  62  92 184 185  64  19  50  74 100 147 191 191 153 140 175 206 199 195 165 110  93  99 139 189 172  84  13  17  57 121 148 126  73  53  37  20  41  88 114 126 107 110 130 144 135 128 165 225 228 204 217 227 227 220 215 210 211 216 208 208 210 194 184 211 216 196 
152 149 131  86 101 158 147  97 101 155 175 169 140  81  85 143 171 182 193 179 116 134 175 126  61  64  79  82  96 106 132 156 152 122  76  77 148 171 106  96 116 122 140 193 236 244 205 122  87 111 127 131 147 167 126  35  53 120 123  68  35  61 111 121  96  89  80  79  62  45  68 131 137 102 111 141 134 100  73  72 127 227 251 226 222 215 214 218 221 222 212 209 210 216 226 191 161 194 203 182 
166 169 192 147 106 141 140  83  74 105 128 114 122  97  42  55 145 231 245 212 126  78 103 108  98  89  80  97 154 178 170 178 187 163  99  59  70 114 166 192 156 114 123 165 166 162 190 158  93  52  23  29 134 239 189  56  35  72  85  75  40  60 154 159  87  66  90  87  54  32  62 153 202 187 218 214 140  98 109  95  92 186 234 228 228 213 209 206 202 211 210 207 206 209 223 200 178 206 210 189 
181 178 186 159 122 146 165 124  52  38  67  83 117 119  72  85 160 207 191 191 192 128  79 108 144 143 121 123 157 144 115 138 187 206 169 115  65  63 164 218 126  38  34  50  57  63  70  72  74  82  71  63 120 208 205 119 118 168 143  73  24  45 126 189 154 112 116  98  74  47  60 155 238 213 223 224 153  75  84  81  44  76 136 191 226 244 248 228 207 199 206 217 208 202 213 208 191 184 169 150 
143 149 118 116 113 119 153 151  86  25  24  73 126 116  75 109 172 130  81 133 220 167  93 133 172 150 138 154 171 142 129 133 121 152 207 206 147  81 143 201  92  26  48  65  92  68  27  68 124 143 149 141 126 139 171 175 209 221 147  69  32  25  59 118 148 113 116  97 109  94  57 122 232 216 206 220 179  94  58  55  29  22  49 112 159 206 216 212 220 212 203 211 216 219 222 204 151 104  89  85 
 78  99  87 102 130 126 128 157 142  61  17  65 130 101  54 111 163  95  24  74 146 131 127 190 199 125 102 167 195 181 189 159  88  98 181 222 180 117 155 192 122 118 167 184 164  98  91 164 191 186 183 183 170 145 157 202 232 179  84  50  46  27  36  68 103  82  94  88  87  99  59  90 196 226 222 214 207 159 111  66  55  93 113 108 108 114 108 123 183 220 212 202 206 202 184 167 130  85  56  54 
 43  77 117 150 176 169 142 155 151  97  50  84 143 104  67 124 168 109  34  23  44  82 150 206 198 113  81 148 179 160 162 173 155 139 139 143 137 128 175 215 193 202 224 187 127 117 173 221 210 194 207 212 203 202 203 194 192 122  43  19  36  69  93 119  95  61  76 101  94  66  49  83 179 215 219 206 223 233 177  94  86 174 218 191 145  78  31  30  94 183 211 190 168 132 111 137 159 137  93  74 
 53  81 145 175 182 178 149 137 151 138  93 122 210 155 100 131 167 111  61  35  24  65 131 153 137  93 107 150 150 125 126 171 196 180 125  89 124 178 211 220 208 201 173  99  67 149 228 230 211 211 223 218 204 210 192 139  88  54  43  22  21  95 161 129  53  34  85 145 165 106  58 105 176 178 171 175 198 217 188 121 112 168 195 210 212 121  50  32  62 137 172 129 113 146 153 127 122 123 111 105 
102  70 117 138 146 157 140 127 146 163 111 110 205 175 141 178 174  97  58  97 127 124  92  64  68 100 143 153 127 113 141 180 187 173 135 119 169 221 225 204 195 191 148  74  70 181 249 220 213 227 219 203 192 174 132  89  39  41  56  41  23  76 155 138  87  68 122 199 212 129  60 130 188 174 154 158 176 169 148 143 173 179 169 186 185 122  75  84 101 118 158 140  94 126 133 102 115 156 165 146 
149  59  94 145 162 155 144 136 135 125  84  67 112 129 154 195 168  96  43 114 209 202  84  23  78 149 151 139 147 132 146 191 183 154 141 165 202 201 192 202 212 202 150  88  84 176 238 209 201 218 208 196 192 171 119  65  50  60  52  41  22  36 106 176 171 141 148 158 130  86  99 148 191 197 189 183 183 165 134 150 202 205 191 180 128  91 109 168 181 165 192 197 146 120  95  82 116 203 234 190 
155  90 111 172 177 148 154 151 129  86  92 112 111 128 130 126 123  91  75 147 228 216 102  60 130 177 152 149 186 160 143 177 169 139 139 169 196 162 134 186 218 174 105  75  92 170 233 213 209 203 194 190 191 179 129  69  38  42  47  42  22  38 108 162 161 161 156  95  76 124 174 172 173 184 193 191 183 171 165 174 175 162 166 171 128  98 150 220 222 184 183 199 190 184 147  96 100 161 210 198 
118 107  95 127 123 120 172 181 125 117 183 219 183 174 117  99 103  72 111 211 236 199 143 129 155 155 150 157 174 156 160 171 148 131 126 139 177 134  76 150 221 181 110  83  88 156 227 217 207 192 179 183 189 175 140 115  61  24  32  42  41  86 140 160 152 153 156 139 158 183 179 171 158 169 175 176 173 162 163 183 166 144 167 186 144  94 104 148 175 160 125 154 204 183 141 116 128 153 189 183 
 80 101 104  74  56 131 202 173 126 156 214 199 174 151 130 110  91  60  99 212 246 233 198 159 131 122 139 145 133 141 151 145 131 114 110 135 182 119  44 134 227 192 113  65  77 145 221 200 185 180 167 184 185 166 173 163  84  34  31  21  59 133 156 144 141 146 156 161 168 176 168 170 158 146 149 157 158 159 160 163 159 149 176 210 170 120 110 113 118 140 138 144 175 167 156 166 173 170 183 201 
100 137 140  77  72 166 191 139 131 188 180 103 109 149 131 121 103  83  83 139 212 247 218 171 146 123 145 151 112 116 128 117 104 106 127 173 208 128  66 158 238 185  97  43  61 133 204 194 171 178 179 167 149 149 161 149  70  52  55  23  63 137 144 117 134 144 144 144 146 146 156 162 153 137 137 147 154 160 153 152 155 152 167 192 175 144 146 141 139 178 198 174 159 169 173 165 168 199 227 238 
149 174 177 138 150 180 141 115 163 206 169  77  60 141 172 149 130 114  91  96 158 182 180 185 200 176 169 155 101  77  98 127 128 110 136 192 208 150 128 197 235 176  98  44  49 110 190 196 181 190 195 145  98 114 128 112  74  55  57  37  66 120 132 114 132 140 133 134 140 140 139 151 153 147 144 146 145 147 153 154 152 141 139 155 163 148 143 159 189 221 228 191 166 184 166 123 134 192 229 240 
172 142 132 158 195 166 113 108 173 230 222 119  34 120 225 200 123  98 119 133 153 124 120 156 201 224 186 126  91  68  94 157 173 122 114 145 155 148 184 236 224 167 111  65  40  94 202 197 181 190 167 123 108 112 107 123  96  44  36  45  76 115 137 133 131 130 127 125 131 138 137 142 145 149 148 138 128 136 145 150 151 136 120 132 158 142 129 157 186 172 178 175 155 197 203 155 134 156 178 190 
124  97  70 107 156 163 148 114 143 234 236 134  69 122 183 137  83 117 169 150 129 112 114 142 168 204 164 120 154 170 137 117 102  77  64  76  94 108 177 247 229 172 123  75  39  85 185 161 143 156 152 149 134 116 112 106  68  26  13  22  73 115 129 131 121 122 131 130 128 134 137 131 129 136 144 144 140 141 130 130 145 143 131 133 149 162 146 120 103 125 189 202 174 200 229 222 201 188 184 182 
 99  90  60  64 101 154 179 139 155 224 224 167 160 140 102  57  85 183 230 172 115 135 182 199 194 181 148 155 218 247 200 133  94  72  48  49  81  86 137 229 240 199 154 102  87  97 111 101 142 138 146 183 142  90 102  65  26  19  17  14  62 109 123 123 122 126 134 138 133 128 132 133 130 128 134 152 165 151 130 125 134 129 137 148 157 184 165 113  78 137 216 222 202 187 195 222 247 242 227 217 
124  89  60  47  73 130 159 156 191 236 242 224 210 134  81  73 101 171 227 229 182 194 242 223 201 189 179 187 207 212 222 217 183 136  77  64 101  85 102 213 250 225 188 145 136 113  64  73 175 148 111 162 155  85  70  56  20  35  56  50  75 106 134 135 137 131 126 131 129 120 133 140 138 124 120 140 158 157 151 136 125 116 132 160 181 197 178 148 120 138 178 198 188 160 176 216 240 233 210 193 
134 102  74  49  55 104 119 132 182 240 248 246 216 136  91  82  78 100 170 234 223 215 198 137 114 187 240 237 218 160 165 198 168 136  91  90 120  75  72 202 252 248 203 146 118 122  93  82 161 131  71 117 144  91  39  43  25  58 109  98  97 122 145 145 142 133 131 136 138 133 135 138 137 128 123 127 135 157 171 163 146 128 128 145 168 205 208 174 140 134 166 212 193 153 190 231 230 222 199 171 
161 155 125  71  54  95 127 112 151 225 252 237 235 189 105  52  72 141 198 188 164 189 165  97  95 186 229 216 229 177 133 145 117  64  55  94 136 100  89 178 225 251 208 121 104 139 123 102 119  90  65 107 118  56  49  71  41  57 125 104  95 150 156 140 139 144 152 155 150 143 138 139 140 139 135 126 123 132 148 183 188 153 125 117 136 186 224 209 159 141 185 222 204 192 210 229 227 226 210 188 
197 222 143  65  88 146 173 126 108 188 249 241 249 226 115   9  53 162 183 135 150 192 161 119 142 186 150 112 193 229 165 115  74  15  42 124 181 162 153 194 210 223 211 172 167 153 115 120 111  80 110 135  87  33  88 111  36  48 135 125  93 133 157 152 142 141 151 152 151 152 146 143 143 145 143 132 124 124 128 154 186 207 169 111 105 150 225 244 192 177 216 210 190 218 233 230 232 234 222 205 
177 202 126  58  96 163 182 120  85 153 238 253 252 213 101  11  27  84  72 105 206 204 131 140 172 180 121  69 144 234 184  96  86  65 101 183 227 208 199 215 221 218 210 191 177 133 101 133 131 105 157 174  97  41  99 106  33  56 152 182 137 110 141 155 142 135 139 140 144 150 147 148 149 150 146 136 130 134 132 133 154 207 217 174 121 118 196 252 231 217 239 202 177 231 246 231 242 237 219 211 
100 110 129 121 107 117 130 114 121 158 228 255 244 183  93  63  71  55  19  95 197 157 103 142 180 205 196 151 149 176 138  99 145 167 188 222 229 203 196 211 231 225 183 117  74  91 144 160 126 121 150 162 114  59  59  55  47  57 124 194 193 128 114 136 134 132 131 131 135 140 143 148 155 160 157 148 139 133 141 144 139 162 218 245 189 129 154 226 245 245 253 220 202 242 251 239 246 242 232 229 
 90  62 121 178 183 184 176 196 204 202 220 249 238 174 118 146 177 117  39  37 108 134 139 152 178 197 216 236 217 140  89 138 195 216 221 216 208 194 202 218 241 207 171 134 100 147 215 170 103  91  86  91  82  74  53  50  58  66  99 123 143 129 117 118 127 124 116 119 126 129 129 132 140 155 165 163 159 159 159 160 157 146 175 234 247 202 181 214 249 251 250 247 244 251 251 248 245 246 248 247 
124  59  60 156 229 250 245 245 236 220 202 214 242 218 162 161 173 125  53   3  49 174 219 190 174 175 206 239 215 120 107 189 229 229 215 203 206 205 217 241 216 163 155 167 164 176 182 135 125 119  72  68  76  60  57  70  64  85 117 105  95 114 125 122 123 125 123 113 113 123 121 117 118 127 140 156 169 188 203 201 196 183 166 178 219 238 235 238 248 249 251 253 252 249 248 251 250 250 251 251 
108  71  57 139 184 181 205 223 219 216 191 184 227 231 173 118 100  70  67  72  75 123 191 223 215 212 236 196 113  81 150 224 239 237 222 215 203 199 233 231 144 122 155 155 115 117 137 100 116 143 124  98  73  66  77  73  82 115 143 134 117 121 124 122 120 128 130 119 115 121 119 115 116 120 123 130 140 163 184 196 212 216 202 190 204 235 246 251 251 248 248 251 249 248 248 250 252 253 252 253 
 65  77 111 152 121  97 181 232 228 229 209 192 204 184 129 120 109  77  86 138 129  58 113 222 255 246 222 128  41  79 190 235 230 231 221 213 204 217 242 177  76 111 181 171 107 126 181 112  71 100 120  93  61  88 111  85 102 138 145 135 130 125 121 115 118 119 120 121 121 119 116 113 117 120 117 110 107 105 109 117 144 172 195 208 221 244 246 248 252 250 250 250 250 250 250 251 251 252 253 252 
 90  68  99  89  42  72 206 245 221 216 222 221 200 159 118 120 147 151 133 162 186 103  86 178 230 209 143  83  78 145 211 226 226 222 210 210 233 252 203  95  53 133 217 199 111 106 175 153  95  69  83 102  90  91 119 109 118 138 124 116 128 123 116 115 116 110 108 116 119 113 109 111 115 116 111 108 110 111 111 112 115 113 117 150 213 246 252 247 246 249 251 249 250 251 250 252 251 252 253 252 
 79  69  50  12   9  80 200 246 232 223 232 222 183 171 178 150 149 203 218 191 189 146 116 136 148 136  98  97 142 188 206 217 228 216 212 229 240 210 113  33  77 171 233 209 115  73 137 187 148  87 105 170 139  80 119 133 129 132 115 112 126 121 109 111 114 113 111 116 113 103 102 110 118 116 109 109 120 138 136 145 164 167 169 184 217 246 251 252 250 247 248 250 250 250 251 252 252 253 253 253 
 88  73  42  32  63  98 128 175 202 217 221 195 187 219 238 187 135 172 230 230 195 167 160 146 102  99 122 152 176 187 191 194 204 203 220 224 180 104  40  34 125 209 238 211 117  56 102 160 157 107 126 193 157  84 112 129 121 115 109 107 108 106  99 102 105 107 108 109 106 100 102 109 117 120 120 129 140 157 180 210 238 247 238 236 247 253 246 249 253 250 249 250 249 249 250 252 252 253 253 253 
156 100  76  95 150 159  78  59 132 185 194 174 209 242 229 198 142 106 145 218 206 185 203 189 115 101 146 181 194 199 187 166 169 192 225 201 120  45  24  61 163 222 222 202 116  64 100 120 136 114 111 152 150 106  94 100 103  95 100  95  84  94  97  93  90  89  91  94  98 104 109 107 111 122 139 163 178 191 224 237 230 207 189 197 230 250 252 252 252 250 250 250 248 248 249 251 253 252 253 254 
208 162 162 166 209 208 108  40 107 192 178 142 187 181 160 184 192  98  36  87 149 210 196 142 118 122 156 193 203 205 183 158 161 190 225 207 117  44  40  88 201 234 217 205 122  66 105 131 134 109  91 118 163 146  87  76  88  88  92  97  97  92  88  81  76  81  90  92  93 101 111 121 137 154 175 193 203 206 207 180 129 108 145 191 216 231 246 252 252 249 250 249 247 252 252 251 252 254 252 252 
172 191 226 193 172 209 200 165 178 186 140 128 180 159 130 197 224 119  14  44 156 186 130 112 137 159 169 192 207 210 189 169 175 197 215 197 129  65  74 143 226 236 224 213 134  77 107 125 128 113  83 101 167 165 102  81  98  96  91  90  92  93  93  92  93  94  95 101 118 133 149 166 176 172 163 151 140 122  99  84 104 147 175 167 159 208 242 251 247 250 253 253 249 246 252 253 251 253 239 225 
137 182 212 169 139 193 236 240 217 167  99 105 169 175 157 198 177 104  87 165 200 120  97 148 197 207 201 206 211 214 199 184 188 201 207 177 118  57  95 204 245 220 229 228 142  70  90 111 118 125 100  86 121 142 119 100  96  90  83  80  86  94  99 113 128 140 147 160 173 177 178 167 146 120  95  70  54  42  47 102 170 180 144 107 129 216 239 220 223 246 251 251 241 221 241 252 251 251 218 188 
180 210 210 177 162 178 193 209 204 194 133  77 105 179 207 135  76 115 206 205 128  95 137 206 241 234 223 219 215 221 215 206 211 218 221 183 110  33  91 232 246 211 231 242 153  59  76 112 122 125 118  95  86  98  97  86  82  89  96 108 126 144 151 161 179 194 200 195 166 132 103  86  77  66  43  37  47  74 129 179 151  85  77 123 201 239 178 128 185 246 251 253 231 196 220 247 252 251 212 174 
210 237 236 222 208 195 192 207 230 215 154 105 145 222 213  99  64 167 251 167  69 130 209 226 241 242 232 227 226 223 226 223 225 228 226 193 129  49  90 220 245 221 235 245 159  55  64  97 103  96  94  92  93  94  95 110 122 136 149 160 177 190 193 186 174 156 142 124  90  61  53  51  60  56  39  54  95 135 138 120  85  88 139 195 234 204  97  74 183 252 253 253 221 185 211 245 251 239 207 186 
199 224 226 229 227 209 191 193 218 201 151 111 142 189 134  61 103 206 219 136 125 185 239 244 238 244 245 239 234 230 229 223 223 216 200 169 143 105 116 196 242 237 242 241 155  63  66  83  93 100 109 119 136 152 160 175 191 198 193 176 166 158 147 123 101  78  63  52  50  56  55  55  60  66  76  96 114 106  90  77  91 133 173 189 177 128  70 102 203 253 253 240 199 178 210 248 245 206 183 188 
173 175 173 199 222 209 189 188 206 186 144 123 157 182 118  61  91 192 212 162 187 213 235 253 245 243 250 245 239 240 234 225 221 203 171 147 162 153 139 191 244 248 248 241 155  70  82 116 140 154 173 189 196 205 200 185 180 174 152 122  99  82  70  54  55  58  58  55  59  67  69  69  71  83  98  95  82  73  71 101 142 159 157 147 116  78  74 136 215 252 250 214 168 170 217 251 237 175 151 186 
167 144 144 194 221 195 192 208 225 212 153 151 213 226 192 116 100 174 208 195 202 229 238 246 251 248 248 249 246 244 238 230 225 202 166 165 209 163 114 191 242 240 248 244 152  66 111 185 202 208 215 213 196 168 141 121 105  92  76  64  59  57  59  65  71  70  68  70  69  62  66  85  96  91  82  74  68  77 105 128 131 129 133 121  84  73  83 150 225 254 239 178 127 158 224 251 238 161 120 183 
204 177 151 198 235 209 206 217 241 243 192 199 237 232 235 201 177 203 215 196 192 220 236 243 246 246 250 250 248 248 245 238 231 208 176 187 239 153  75 182 243 231 248 237 145  86 144 201 200 173 153 125 100  90  86  82  76  73  69  68  72  76  77  80  79  72  67  71  75  76  86  99  96  76  63  69  79  98 115 114 104 109 112 101  91 100 101 146 220 255 237 158 102 146 216 250 243 162 104 146 
241 234 202 200 225 233 231 233 240 221 211 238 226 204 238 248 241 234 214 182 171 209 237 242 246 247 250 247 243 247 252 249 232 197 170 187 237 149  62 169 246 244 250 239 171 105 116 140 131 103  87  72  64  73  86  91  90  87  85  84  84  82  80  71  69  67  69  77  85  90  97  92  81  72  74  82  88  89  92  89  92 103 106 103 109 117 116 156 226 255 249 175  93 129 208 253 242 181 120 122 
203 231 242 204 203 240 243 246 242 208 231 254 233 226 245 253 252 231 202 176 165 202 229 240 249 252 252 247 243 247 253 250 224 185 172 196 237 172  96 166 243 253 251 249 198 112  76  82  81  75  86 100 104 103  98  89  84  84  84  84  82  78  74  77  76  77  80  81  83  85  80  79  83  90  90  83  77  73  75  87  97 100 109 120 119 113 128 172 215 229 224 170 106 126 191 237 218 158 117 119 
164 186 233 218 207 236 241 251 249 234 246 248 247 253 249 251 248 236 224 203 166 177 221 237 251 254 254 252 249 251 252 245 221 187 183 218 254 191 130 189 246 251 252 249 195 103  63  84  93  89 100 108 103  96  91  88  87  87  89  90  90  86  82  80  78  79  81  79  78  80  79  80  83  83  78  77  80  77  90 106 106  94 101 119 116 111 134 159 157 146 130 115 119 144 171 162 122 101 115 131 
197 185 204 233 241 242 248 248 251 251 248 247 251 249 249 250 246 252 252 234 189 183 220 240 253 253 252 253 253 252 249 248 232 197 186 212 241 156 112 216 249 242 254 250 198 101  64  97 109 110 114 108  95  88  92  95  94  94  93  95  95  92  89  82  76  75  77  75  78  85  85  78  76  77  75  77  85  99 105 113 113 104  92  92 106 117 135 133 108  90  78  85 111 133 143 100  59  98 155 141 
199 206 217 241 252 251 252 250 248 250 251 253 252 249 251 248 250 253 251 249 228 209 220 238 253 249 248 254 253 253 247 246 235 201 183 196 211 139  94 182 250 244 246 254 201 101  61  98 116 106 107 106  98  95  96  95  92  92  93  97  98  94  90  86  79  72  74  81  87  88  77  71  75  86  88  87  93 111 113 104 101 107  91  80 103 123 135 121  99 101 106  93  96 130 141 114 108 155 157 108 
185 211 233 250 252 252 252 249 251 251 253 253 252 251 248 248 252 252 250 254 248 223 211 228 250 248 250 249 237 247 253 250 229 194 186 195 206 165 108 143 220 250 251 252 191  95  63  98 114 106 106 104 100 101  97  90  87  89  91  92  91  89  86  82  80  76  81  93  97  91  74  70  77  90  95  96  96 100 103  91  87  98  95  92 103 110 121 115 104 111 122 122 138 160 152 140 161 164 126  97 
208 214 238 254 253 252 252 250 252 251 250 252 254 252 250 251 252 250 250 253 248 227 189 208 241 246 234 194 195 234 249 249 229 201 199 210 217 185 153 164 192 233 254 252 192 101  66  96 112 102 100  98  98 101  97  87  87  91  93  90  84  84  88  89  89  90  92  96  93  85  76  77  82  91  95  93  90  89  89  85  85  92 105 111 104  95 101 105 101 104 116 143 171 166 145 137 147 124 103 105 
240 228 245 254 251 249 253 252 247 250 252 253 253 252 252 251 250 249 252 252 245 233 181 192 240 250 205 126 147 222 251 253 235 217 228 235 189 126 156 199 187 203 241 253 204 114  70  93 108  96  96  96  95  97  96  92  94  98  98  92  86  86  91  93  94  93  92  92  87  78  80  89  94  89  85  82  82  87  87  93  96 100 116 125 107 100  99  96  89  92 108 130 143 140 131 123 108  96 102 111 
205 242 251 253 252 250 251 252 250 253 254 253 250 250 251 251 248 249 252 232 216 233 212 194 236 254 199 118 133 191 227 240 243 240 243 221 133  60 127 201 174 165 222 254 210 125  87 108 107  95 101 104  99  97 100 102 101 100  98  94  90  88  89  90  90  89  86  87  83  77  81 101 103  89  82  81  82  85  89 103 112 110 118 121 110 114 108  95  91  98 114 123 119 123 123 116 107 108 113 115 
188 226 224 234 250 253 249 250 252 249 245 245 248 249 250 252 250 250 240 184 165 220 238 192 208 245 212 147 146 184 201 223 253 251 212 126  50  42 109 181 172 153 195 246 214 129  96 124 119 104 110 114 109 106 105 104 106  99  93  94  96  92  85  92  94  91  86  84  80  74  84 104 105  90  86  86  82  76  82 103 120 121 116 111 112 119 103  94 110 122 126 122 115 120 117 109 113 123 123 119 
196 181 175 202 243 254 250 251 249 236 226 233 247 251 250 249 251 254 234 160 151 221 234 178 172 222 216 160 138 183 209 216 214 176 107  64  88 109 122 162 174 149 158 221 213 121  77 113 126 112 115 119 116 113 107  97 109 100  91  96 103  96  84  87  90  91  89  91  89  83  88 103  99  89  89  86  74  68  76 100 122 126 114 107 115 113  91  92 123 138 123 103 103 114 119 113 110 119 121 118 
132 101 156 225 237 221 233 252 249 231 205 210 245 245 230 237 248 252 244 221 220 207 213 191 169 184 200 175 133 157 180 157 111  63  77 147 198 174 134 160 178 141 136 180 196 133  66  95 121 111 101 103 116 115 107 108 115 107 101  98  92  94 107  90  69  80  83 106 111 106 112 108  90  85  98  85  62  80  99 120 119 104  98 109 119 113 113 110 110 123 109  87 100 104 112 127 123 110  97 102 
 94 145 196 216 182 180 225 252 251 231 212 212 215 191 195 234 252 248 244 243 230 176 160 201 197 172 172 175 139 121 132 118  78  79 151 187 129  93 142 182 176 151 141 184 211 148  68  91 123 113  99 101 114 108  97 106 103 111 120 112  98  95 103  94  92  90  79  79  97 117 117 110  95  96 108  91  66  86 109 120 108  95 100 113 113 109 119 123 118 134 120  86  92  96 107 122 119  87  59  63 
129 188 210 177 117 144 222 251 248 240 234 212 156 128 181 241 255 248 241 241 225 179 140 142 158 175 189 184 130 115 171 196 142  99 113 123  92 111 178 190 179 157 156 205 221 146  71 102 129 119 110 109 113 103  93 101 102 114 121 117 114 109 100 104 115  99  91  75  95 125 113 101  97 107 108  89  75  94 119 117  91  81  93 108 112 112 124 129 122 126 118  97 100 104 109 112  94  71  53  58 
163 182 168 121  92 152 234 252 244 238 230 190 104  84 180 241 250 249 229 192 176 194 168  94  98 180 235 202 115 116 193 234 212 131  62  77 162 214 184 164 186 163 166 222 225 136  70 115 138 126 131 129 116 105  99  96 103 115 117 116 123 124 110 121 119  91 102 103 115 125 104  87 101 117  99  87  91  99 120 110  82  73  84  96 111 123 122 121 119 102  93 102 114 118 113 104  72  51  45  56 
156 148 121  95 107 178 244 254 250 220 189 162 100  82 176 250 247 252 216 130 105 174 208 152 112 148 192 158  91 105 133 152 194 183 141 152 218 206 118 135 188 173 162 208 219 137  70 116 142 129 138 137 121 110 105  95  95 117 129 121 118 121 119 131 111  82  99 123 128 116  98  85 104 121 101  96 109 101 108 100  85  81  85  89 106 126 117 115 123  96  74  92 111 112 111 114  84  44  27  36 
145 118 107 106 126 186 242 253 250 202 150 145 127 110 182 250 250 247 203 116  85 168 240 218 149 110  88  65  59  81  75  59  99 173 220 228 210 130  72 137 188 174 161 177 179 130  80 111 138 125 123 127 127 116 101  98 102 121 133 123 110 111 117 121 108 100  95 121 118  93  87  86  99 111 109 108 113 107  91  85  89  89  86  85 101 118 114 121 135 114  82  86  99  91 109 145 133  74  32  30 
134 111 114 122 132 171 225 245 230 180 133 140 136 131 184 212 201 205 176 127 123 185 234 212 165 121  53  32  79 108  73  26   7  64 138 145 100  46  67 150 184 172 172 164 151 121  90 118 134 117 109 113 127 117  97 100 123 130 121 109 106 111 117 104 110 118 104 118 108  78  77  82  84  94 108 110 109 113  88  77  83  84  79  84 107 123 122 127 137 128 102  96  99  82 107 159 161  93  41  32 
136 125 125 130 137 150 167 175 152 119 115 141 130 139 164 153 126 138 126 103 129 153 163 177 186 171 113  92 135 137  93  70  50  45  39  25  10  17  88 157 173 164 172 175 176 135  98 128 131 112 108 109 121 120 103 102 134 137 106  81  90 107 119 109 115 114 111 111 102  87  79  79  70  80  96 100 105 113 104  80  65  65  76  99 126 136 127 122 126 110  94 107 109  81  91 136 135  74  37  30 
125 130 125 121 139 150 133 124 111  85  97 132 140 155 160 161 146 118  97  81  89 125 154 172 178 171 139 117 132 123  96 103 148 179 129  65  53  75 110 144 172 170 158 171 190 153 108 121 116 103 105 109 129 132 114 108 130 128 102  83  80  86 101 122 121 120 112  97  90  93  92  88  78  87  99  98 101 114 114  86  66  71  85 106 130 128 114 117 124  92  72  98 109  85  92 130 117  70  46  36 
108 128 121 108 137 159 144 152 158 126 127 145 154 174 158 142 138 110  90 100 135 178 207 188 184 176 141 128 145 122  71  69 135 200 203 174 175 195 169 135 157 162 155 172 184 150 114 120 102  93  97 103 126 137 125 121 126 118 104  97  90  81  90 115 115 119 118 105  90  86  91  89  87 102 111 104 104 117 108  79  75  89  81  80 112 129 115 105 117 116  97  90 107 121 131 132 107  72  53  46 
110 125 118 111 146 166 134 124 145 149 168 164 147 158 142 126 121 125 102 115 171 195 189 189 202 205 185 176 186 174 137 117 107 115 167 223 245 239 174 115 147 181 180 185 178 136 103 112 114 107 101  93 100 111 112 121 117 105  93  99 101  94 101 113 112 113 121 124 104  78  79  83  93 118 127 114 108 114  98  66  71  91  77  66  99 122 104  84 102 131 123 101 114 138 154 144 104  69  58  55 
122 123 110 104 136 155 128 102 114 145 167 152 125 140 148 127 110 134 120 108 144 167 163 151 148 164 176 148 124 144 172 188 155 113 151 222 236 199 140 112 149 190 187 185 176 129  83  85 107 110 102  84  72  72  80 101 112 101  82  86  97 102 115 128 120 115 123 130 110  81  75  77  89 117 128 113 106 112 109  80  70  87  96 106 124 116  93  81 100 126 134 131 130 130 146 152 106  62  55  54 
118 113 107 106 112 125 133 128 127 137 132 129 124 149 168 120  89 108 128 102 112 165 170 128  95  79  74  58  39  54  95 154 192 183 177 198 179 131 115 135 159 166 167 171 170 142  93  62  64  73  82  77  65  56  56  72 115 115  94  83  89  98 113 134 122 124 133 124 101  86  83  75  78 104 114 103 100 110 120 101  86  98 122 149 152 117  91  90 108 127 142 142 128 124 135 138 103  58  47  50 
111 107 113 116 118 119 125 139 144 125 109 120 136 151 154 113  92 109 121 106 123 154 148 146 132  68  30  24  38  74  74  62 133 195 206 176 140  85  80 143 167 159 158 162 168 151 102  60  44  49  56  64  61  51  44  65 119 128 105  90  82  89 102 129 129 128 136 124  96  91  86  78  81  98 106  98  89  95 120 115  97 103 131 152 142 112  98  99 107 122 144 137 116 124 129 119  96  65  40  38 
119 120 114 113 122 130 132 134 143 120 106 114 132 139 134 113 107 125 115  99 118 135 139 145 166 129  70  26  67 152 131  38  40 122 178 170 157  94  48 109 165 180 167 168 164 135 100  64  48  47  42  49  49  42  43  82 130 124  96  90  80  84  98 127 128 113 118 125 108 100 100 103 111 109  91  84  89 102 118 123 118 119 123 128 127 117 114 107 104 119 136 127 114 117 119 116 103  74  41  37 
127 129 118 121 124 132 142 130 121 107 104 111 126 138 133 118 114 130 123 113 123 128 121 109 145 165 103  46 115 184 182 127  79 101 142 168 191 128  40  84 166 186 170 171 171 147  90  37  41  50  39  41  40  35  44  98 137 118  86  89  90  97 112 123 116  96 103 129 125 109 113 121 135 127  93  79  92 109 113 124 128 119 113 111 113 122 122 108 102 116 129 122 108 101 114 132 113  74  44  42 
129 123 118 135 132 128 142 128  96  94 106 110 124 146 143 114 105 112 109 110 118 106  91  90 120 155 112  88 184 191 157 198 202 156 121 153 196 130  42  91 173 176 160 170 177 135  83  85  75  50  37  41  39  30  33  84 137 133 100  96 105 119 127 121 103  89 106 133 132 114 109 118 129 129 115 100  94  98 107 116 106  92 105 118 107 115 109 101 103 114 126 121  96  86 118 150 119  68  41  44 
130 120 112 130 137 136 139 122  97  99 115 106 111 135 129  99  90  89  69  59  69  67  83 120 144 139  91  77 151 137 118 199 244 185 120 152 184 107  39 101 175 173 156 166 178 115  86 152 114  50  38  44  45  35  28  62 125 150 127 109 120 140 139 127  99  92 109 127 132 124 113 123 116 105 110 112 105  97 104 108  94  80  97 119 121 116 103 104 117 122 115 104  91  86 116 147 125  68  35  45 
125 127 118 128 141 136 123 112 112 105 117 102 103 125 108  75  68  71  51  35  43  48  74 119 137  94  48  34  82  97  62 100 207 205 142 154 181 106  48 103 162 169 154 157 184 153  90  91  79  58  49  49  49  48  42  60 108 144 137 123 129 145 142 124 105 104 110 121 132 126 117 127 113  93  96 107 110 109 106 104  93  84  88 104 127 130 121 122 132 127 104  86  88  96 117 137 126  73  36  47 
116 135 135 139 143 122  99 107 116 102 111 102 110 130 104  64  45  56  57  48  43  40  55  71  78  37  34  57  88 131 122 117 206 205 153 142 159 113  64 107 151 163 150 153 172 158  95  41  42  62  55  46  41  47  47  58 106 143 142 132 127 128 124 109 111 119 115 122 132 116 110 114 112 107 104 103 105 113 110 100  86  80  85  94 116 142 142 135 135 119 102  88  82 100 127 137 120  74  42  50 
105 130 133 141 146 132 114 107 107 105  99 101 123 142 106  62  42  50  53  40  37  44  51  46  29  10  55 107 116 160 212 227 224 200 162 133 124  94  83 121 146 153 155 156 157 139  89  46  49  62  56  45  39  40  48  56  97 140 145 123 115 128 106 102 115 126 125 114 108 106  96  96  99 108 111 102  96 119 122  97  74  73  92 101 100 128 138 132 124 115 119 115  89  94 133 147 116  64  44  50 
111 125 124 129 142 145 131 112 104 103  95  99 128 151 113  61  41  48  50  39  40  51  62  57  36  22  57  99 103 141 205 232 241 213 167 141 122  80  70 117 149 154 159 156 154 138  94  57  58  65  60  50  42  41  51  62  85 121 126 110 108 129 123 112 111 118 125 118 106 100  87  75  81 110 130 118 104 120 113  95  81  76  94 113 107 111 111 114 123 129 133 125  99  98 130 140 109  61  42  47 
122 124 125 125 128 132 117  95 109 116 105  93 113 146 120  70  49  52  53  42  42  49  59  60  41  32  45  54  73 155 198 172 191 209 196 168 127  68  55 112 152 156 155 151 149 134  92  58  57  64  63  55  42  40  52  67  79 112 118 108 102 118 125 129 116 117 137 146 124  97  83  82  91 113 127 128 121 106 100 102 102  85  96 125 129 116  99  95 109 128 134 123 102  99 124 133 105  63  47  49 
132 132 130 126 127 131 120  97  98 110 108  97 109 139 119  76  57  60  58  46  43  42  41  49  37  36  39  29  51 161 196 128 132 184 205 180 127  58  45 108 151 155 151 150 155 136  89  52  48  58  62  55  39  37  52  67  97 128 122 105  90  97 109 136 138 132 136 142 115  75  77  98 118 116 105 107 119 121 115 124 122  88  84 122 147 131 102  77  83 117 133 123 108 104 123 127 100  65  50  48 
134 141 127 118 133 151 141 115 101 105 115 125 132 136 104  74  58  62  60  47  44  44  51  54  40  36  48  42  36 119 181 139 117 133 161 159 114  47  38 103 146 155 152 157 167 147  95  53  46  53  58  53  37  36  53  66 117 145 119  92  80  89 107 132 152 148 130 124 110  83  76  96 121 128 109  89  92 122 121 127 116  83  82 119 144 123  93  67  73 111 134 131 123 117 125 123  94  60  45  42 
133 131 118 115 129 141 138 130 120 119 136 146 134 129 102  79  60  61  57  47  45  47  60  60  47  35  59  54  32 115 199 165 104 101 141 145 102  45  40 101 139 152 156 162 169 150 102  60  47  52  57  52  38  41  58  67 115 146 110  85  89 106 127 131 130 126 127 133 129 119  92  88 106 131 125  94  72  81 108 120 109  90  99 128 132 101  82  78  87 101 113 120 120 120 126 119  90  59  44  38 
130 110 106 114 123 126 135 145 127 124 139 143 123 120 109  84  67  65  59  49  45  45  53  52  41  35  65  62  25 114 239 234 170 130 126 123 102  51  46 100 137 148 152 157 165 147 101  63  48  51  57  53  41  44  61  66 102 139 118  96 100 122 143 136 102  91 112 131 133 127 106  87  93 117 118  96  73  62 100 116 111 103 112 131 123  92  82  96 100  90  91 106 113 115 123 120  93  63  46  40 
126 104 106 122 126 127 141 147 134 120 127 134 124 110  98  78  65  68  65  55  48  45  52  47  30  36  62  60  28 120 231 252 246 197 151 118  95  52  46  97 142 151 148 154 166 147  97  65  49  47  56  55  43  46  58  58  91 140 146 117  92 113 146 146 107  84  89 112 134 135 114  93  94 109 102  84  75  74  87  96 107 109 109 116 115 100  91  95  90  91 105 114 122 125 132 128  99  68  45  38 
117 106 122 139 128 118 128 134 129 119 121 120 117 113 102  81  61  61  63  60  55  45  45  50  38  38  58  55  30 119 200 185 200 231 200 131  89  44  42  99 144 153 150 154 165 146  98  66  49  47  56  55  45  48  56  49  83 142 156 126  92 106 136 139 112  85  78 105 136 137 118 101 102 110  94  77  75  81  76  85 106 113 106 111 116 105  92  81  79 107 136 135 129 132 140 131 108  70  39  34 
109 121 132 135 116 107 117 119 120 114 113 111 119 126 116  89  67  60  58  56  53  43  43  51  44  46  65  63  45 123 170 115 112 187 220 159  94  47  47 106 144 146 144 147 157 139  98  68  51  47  53  54  48  53  57  43  74 133 145 126 114 122 123 106  99  95  88  96 111 112 112 106 110 102  76  73  89  88  76  83 108 113 110 120 128 110  82  73  83 109 133 138 131 126 133 130 108  68  37  32 
118 136 132 127 120 120 123 113 110 108 108 107 121 132 122  93  73  62  53  49  49  42  43  47  43  52  74  75  50 100 166 150 120 153 188 160 105  51  55 112 144 142 144 148 153 136  97  70  53  48  51  51  50  61  61  43  62 119 129 120 129 139 121  89  85  98  95  80  86  98 102  98 110 111  85  77  87  80  79  97 118 111 107 127 137 109  75  79  95  87  90 117 130 123 130 134  96  59  39  32 
134 131 120 124 134 135 128 109 103 103 108 109 118 125 115  92  72  58  49  48  48  40  40  45  42  51  71  75  49  80 173 225 204 192 184 153 103  47  54 113 146 148 154 156 155 135  96  70  53  49  50  46  48  63  64  42  53 105 122 123 127 136 129 103  90  92  83  68  87 115 109  96 115 137 115  88  78  67  74 106 129 110 101 119 124 100  76  89 105  87  91 122 117  97 110 132 108  65  40  34 
135 127 115 129 144 135 120 107  95  97 110 116 118 118 112  97  72  55  47  50  46  32  38  47  47  49  61  67  43  69 173 250 251 242 217 161  95  39  45 108 145 158 163 157 152 130  93  70  54  51  49  41  45  61  64  39  55  84 105 132 132 128 132 109 103  95  73  68 102 130 116 103 121 138 116  89  84  69  64  95 125 111 102 121 124  98  80  84  93 111 136 137 100  71  94 129 122  74  39  35 
125 130 126 130 133 129 124 122 108  91 111 123 117 119 111  92  70  53  50  51  45  34  44  59  51  46  62  65  51  56 148 247 240 233 218 160  87  39  47  97 143 155 150 152 157 137  96  70  57  52  51  43  42  58  61  39  49  80 117 139 129 124 138 126  98  87  84  85 107 126 113 102 124 126  90  73  85  87  66  84 123 116 104 123 132 117  97  86  94 119 138 135 109  87  93 118 122  85  43  37 
127 120 116 119 128 132 130 130 122 102 114 125 121 122 115  92  70  54  55  54  38  28  47  63  55  51  68  71  63  64 141 220 200 203 208 163  91  41  51  96 142 151 142 150 163 144  98  71  60  54  54  46  42  56  63  41  44  84 129 136 120 125 148 133  89  83  87  79  96 119 112 100 122 126  93  70  70  90  99 105 116 107  98 108 111 120 136 125 105 115 139 134 105  87 100 128 128  84  40  35 
126 112 103 104 118 129 133 136 129 122 112 121 125 117 113  93  70  54  59  59  36  19  41  57  56  56  68  71  63  59 128 188 157 164 192 174 106  42  49  99 142 154 147 152 163 144  99  72  63  59  55  49  45  55  65  43  42  78 117 128 122 130 149 123  83  88  84  67  94 122 117  97 107 122 116  97  79  84 113 127 121  98  84  88  99 130 159 146 114 122 141 127 104  95 108 128 119  76  36  34 
125 111 108  98  94 114 136 140 131 130 106 114 125 103  94  90  69  53  56  60  44  27  36  54  59  60  67  71  62  43 112 195 161 132 163 179 121  44  42  99 146 163 157 154 158 140  98  72  65  63  56  54  49  55  68  45  37  73 112 124 123 127 134 115  92  98  85  77 113 134 121  88  80 102 129 133 113  92  96 121 132 106  81  83 114 146 143 122 121 133 125 109 116 124 114 103  97  72  42  43 
132 103 111 102  87 107 132 133 129 132 107 116 126  95  82  89  74  55  50  54  49  34  28  47  60  65  68  75  69  41 108 220 198 131 136 170 132  50  38  98 148 162 158 150 150 134  99  77  71  67  57  59  52  54  70  46  34  90 139 131 107 106 120 119 117 113  94 102 131 137 119  89  74  89 122 138 126 109 106 112 114 115 105  97 119 137 127 110 113 123 112  98 113 130 121 103  98  72  45  52 
127  99 105 103  97 107 119 119 127 134 122 125 125 100  89  88  78  59  48  49  43  29  20  37  56  61  62  69  72  48 101 210 218 167 143 150 124  55  40 104 151 154 150 148 151 137  99  76  77  69  56  62  56  54  71  43  44 115 164 135  91  90 111 130 138 124 115 125 128 125 112  99  93  94 109 121 116 112 123 115  94 107 124 115 112 118 122 111  97 104 110 105 111 116 123 129 112  68  42  56 
105 106 101  99 104 104 104 109 123 136 134 131 124 108 102  82  76  61  52  51  38  22  26  40  58  62  57  64  68  47  86 174 212 207 171 136 104  54  44 111 158 150 146 153 161 146  98  71  75  69  54  64  59  53  71  41  60 125 160 130  92  90 104 135 143 126 131 137 118 113  98  98 100  93  95 106 107  99 110 120  98  94 117 122 115 116 112  97  89  98 107 118 124 107 117 142 112  59  41  58 
