202 230 225 122  36  39  35  37  82 118 104 124 133  70  82 126 139 174 212 219 202 185 155 121 118 152 187 207 218 203 183 167 144 154 151 143 179 201 191 171 160 173 170 153 164 221 237 206 207 192 155 143 150 181 224 216 168 151 181 209 227 211 168 181 232 213 157 174 204 209 201 200 204 205 207 200 192 178 177 200 210 189 158 188 231 221 201 184 183 206 231 219 177 166 198 205 184 172 199 220 
206 226 213 153  80  26  42  46  55  78 121 143  98  67 121 161 163 190 203 185 161 181 187 147 114 149 183 196 214 198 176 166 158 172 164 148 174 194 190 175 165 172 161 139 150 214 240 204 208 192 148 138 151 180 217 214 168 146 171 203 223 194 157 175 232 215 159 175 203 207 197 195 200 199 203 200 188 178 179 201 208 190 157 179 227 223 202 184 186 206 226 211 172 161 191 202 176 161 194 223 
215 210 198 189 132  43  34  52  45  63 161 180  78  64  99 124 170 221 194 137 122 178 221 173 120 149 193 195 194 179 175 180 176 173 162 151 174 191 189 174 162 170 164 144 148 206 237 201 213 193 138 130 149 177 221 218 172 143 163 190 210 193 157 175 229 210 150 163 198 199 189 189 193 195 198 196 187 177 177 196 207 193 153 172 228 225 198 182 189 205 219 208 174 165 194 206 173 152 188 221 
210 189 216 218 133  52  24  53  71  93 183 184  71  68  50  46 117 206 217 170 138 180 199 143 111 151 201 197 179 167 180 191 178 160 151 147 169 189 186 167 154 169 174 159 153 201 230 198 215 195 135 126 147 174 216 214 170 146 169 193 210 191 157 174 227 211 152 166 197 198 188 188 191 192 193 191 189 178 168 186 210 196 149 174 234 225 192 179 189 202 215 209 179 171 201 208 173 153 186 211 
190 158 207 200 109  61  22  56  97 120 176 168  72  62  33  30  92 183 232 198 152 182 183 121 110 157 195 190 187 176 179 180 162 156 154 143 159 181 185 166 151 167 175 159 147 194 230 193 209 194 140 131 148 174 213 213 171 152 176 196 210 196 160 175 228 214 157 170 204 204 193 192 193 189 186 186 190 179 162 177 210 199 149 178 235 223 190 178 189 200 212 207 176 164 193 200 168 152 184 207 
193 161 158 127  75  67  49  80 112 123 161 163  82  59  62  85 122 184 224 174 123 176 198 134 116 155 192 189 195 183 176 169 149 158 162 145 159 185 192 171 151 163 172 156 140 188 231 186 201 192 148 139 152 178 209 214 177 157 172 190 207 205 171 182 231 214 153 163 202 203 192 194 196 190 184 180 189 181 164 175 208 199 152 176 229 222 195 181 186 197 210 206 172 155 182 191 160 146 183 208 
213 198 136  60  37  54  94 119 119 116 157 162  97  84 111 132 146 183 221 163  99 170 199 129 102 148 197 198 194 179 173 168 150 160 164 150 165 194 201 174 150 160 169 154 139 185 231 183 191 190 155 144 155 181 198 209 177 154 171 194 214 206 172 181 231 217 155 160 192 193 189 193 194 191 183 176 185 183 167 177 204 197 156 174 220 218 201 186 182 190 208 203 167 151 177 188 158 144 182 209 
187 179 136  60  23  34  92 143 146 140 168 172 152 156 139 126 166 206 204 139 100 183 200 124  86 141 197 205 200 179 167 165 157 165 167 151 164 193 200 170 144 148 160 151 143 185 225 182 179 184 160 146 154 179 193 204 170 149 171 199 221 208 167 171 223 216 159 162 189 186 186 190 187 189 177 173 181 182 163 175 202 194 158 173 212 211 203 190 179 185 208 200 160 151 176 185 163 149 179 204 
141  85 110 101  31  11  44 126 185 189 181 186 195 193 137 109 165 227 190 104 112 191 207 132  79 130 184 202 204 183 166 163 159 172 168 145 157 183 188 166 134 142 160 152 148 190 218 178 180 182 157 147 153 174 194 200 169 153 172 196 220 204 161 169 220 208 154 165 189 189 189 190 187 187 177 173 178 173 155 171 204 194 152 169 210 209 199 188 177 183 207 202 161 149 174 191 168 151 178 202 
164  70  66  77  36  19  47 118 165 167 158 149 142 146 136 122 154 209 180 107 136 193 197 136  78 123 172 194 203 184 169 169 165 173 162 138 153 177 180 164 136 144 155 142 143 189 214 183 188 187 155 141 149 169 200 204 174 159 174 194 216 194 156 172 225 208 150 164 192 193 191 189 184 186 178 175 180 169 146 166 207 196 150 169 210 204 191 181 176 183 204 198 155 143 172 188 166 152 178 203 
228 161  67  26  29  32  81 141 153 100  62  70  95 121 144 148 151 193 177 139 185 198 191 141  83 119 167 193 202 185 174 174 165 166 157 139 157 180 183 167 139 145 153 137 136 181 205 181 191 188 148 133 144 164 200 208 179 163 177 196 216 193 157 172 225 209 152 163 190 192 189 184 178 183 178 179 186 170 142 164 210 195 146 167 209 202 186 178 181 188 204 194 149 138 173 186 166 152 176 203 
230 200 106  48  45  28  65 144 162  86  32  74 134 123 124 140 160 202 171 139 183 181 185 140  89 117 164 188 200 180 165 163 151 159 159 144 160 184 189 169 140 148 163 151 143 180 205 172 183 182 144 134 144 157 191 208 182 160 179 200 217 199 161 166 216 211 159 164 185 188 184 177 173 181 178 180 191 172 138 159 205 190 139 164 209 203 186 181 186 190 204 194 148 136 175 193 172 151 170 194 
213 214 170 108  62  25  53 135 161 130 118 140 137  65  68 123 177 221 175 124 142 158 184 139  89 114 159 184 204 181 161 157 147 156 163 149 157 180 188 163 137 144 162 156 144 179 214 168 176 178 146 144 147 146 182 210 182 153 173 197 210 198 165 166 216 217 160 158 185 188 183 175 171 186 180 178 192 171 134 153 197 186 141 165 212 202 185 182 182 182 201 193 145 134 172 199 177 148 157 180 
214 227 228 152  63  43  77 117 147 164 188 184 129  40  29  93 180 225 188 131 119 158 193 138  87 116 165 175 201 190 159 152 157 165 153 136 151 174 183 162 132 139 157 145 137 177 211 173 175 175 153 147 142 151 183 206 177 154 166 193 207 193 159 163 211 215 162 156 182 187 182 179 178 184 180 171 187 176 136 149 191 183 141 166 211 204 187 182 180 183 193 191 155 128 165 197 174 141 158 182 
221 231 236 163  75  63  91 107 148 179 159 139 143  89  21  61 171 234 197 134 117 150 196 155  94 125 169 169 197 187 152 149 160 163 141 125 149 174 183 164 135 142 156 140 135 177 205 175 173 170 152 147 141 157 186 203 171 155 165 193 209 194 156 162 209 213 165 160 179 181 174 177 179 176 174 166 181 179 143 155 198 184 138 161 205 200 189 188 189 189 190 188 159 129 164 195 171 138 161 189 
221 220 220 159  86  65  53  94 153 172  90  59 119  93  36  70 170 233 190 113  96 115 172 160  93 129 168 170 202 181 145 151 161 159 138 123 148 176 185 165 138 141 152 136 135 177 200 175 171 163 146 147 145 158 191 203 167 151 165 193 209 194 156 161 208 213 166 160 178 176 168 173 173 168 166 163 176 177 147 163 204 188 138 161 207 200 185 185 191 189 185 182 158 139 170 195 171 136 160 192 
217 220 224 146  54  32  23  69 127 150 104  75  87  80 104 135 173 208 169 109 120 128 166 147  80 122 165 176 207 178 142 156 163 163 143 124 146 173 184 166 137 140 147 128 135 179 196 174 169 158 142 147 146 157 199 205 165 148 161 189 207 190 151 155 202 209 162 156 174 178 172 173 170 163 165 166 175 175 147 164 202 188 142 165 214 202 177 173 186 181 176 181 162 148 173 196 173 134 155 192 
219 238 233 127  32  35  39  59  81  96 121 123  82  72 139 167 176 206 174 126 152 163 179 137  71 114 164 182 211 179 144 159 164 164 146 126 144 165 176 162 133 138 143 124 134 183 197 172 168 156 139 146 146 156 203 208 166 149 158 184 205 186 148 151 199 205 157 150 168 181 180 176 168 163 168 168 176 174 147 166 205 189 136 157 207 195 172 177 191 173 171 185 164 146 166 195 178 136 151 187 
220 232 220 122  57  85  97 113  99  49  29  59  85  75  84 106 163 229 206 133 114 145 180 136  78 113 168 185 208 178 146 158 160 157 143 128 145 162 172 160 131 138 143 120 133 184 198 168 167 158 139 144 145 153 201 207 169 151 156 183 206 187 149 154 201 205 156 148 164 178 177 174 170 167 171 168 176 172 143 163 207 191 132 149 200 190 171 184 199 169 167 192 164 140 162 190 180 143 151 182 
221 228 220 138  72  84 104 137 142  89  15  56 169 141  45  33 128 230 225 149  99 138 195 155  90 108 166 184 203 177 145 155 154 150 138 132 151 166 174 163 132 140 144 119 131 184 198 164 166 160 140 144 143 151 196 205 171 153 155 183 208 190 152 158 204 206 157 148 163 171 169 171 171 169 170 167 175 168 136 155 200 190 137 155 207 195 169 180 199 165 163 195 165 139 167 188 180 149 154 180 
223 218 202 153  82  48  91 156 184 132  83 109 157 124  34  32 129 225 215 148 112 146 201 155  85 111 155 167 203 178 135 156 157 151 135 131 147 163 171 164 136 146 144 115 134 182 187 153 156 152 146 141 139 151 190 202 179 151 152 178 204 190 155 157 203 200 152 156 169 175 165 164 168 166 165 163 179 177 136 146 196 188 136 152 200 189 161 178 201 173 167 180 148 137 174 194 161 132 156 181 
217 203 189 154  91  50  64 157 200 149 102  89  65  43  65  98 157 218 201 136 108 145 195 152  85 109 149 159 192 181 151 166 158 152 142 135 146 167 178 160 138 151 143 107 123 175 185 158 159 151 143 139 142 156 177 192 176 153 158 180 202 188 152 155 202 202 156 159 176 177 164 164 169 166 166 167 183 182 144 152 197 186 134 151 192 181 160 178 202 173 157 174 156 137 165 183 156 136 165 186 
213 208 202 155  76  38  47 143 187 118  70  61  31  35  97 151 187 206 189 143 116 139 184 149  86 111 147 152 185 184 164 169 156 150 143 136 141 168 184 154 129 147 142 110 129 178 180 164 165 151 138 135 141 156 171 188 176 155 157 178 199 188 150 155 198 200 157 156 176 175 165 167 169 165 164 164 180 181 147 156 195 184 140 156 189 178 168 188 205 169 149 172 165 140 159 182 166 149 176 192 
211 219 219 137  40  30  61 131 154  95  83  96  72  89 113 147 188 203 192 161 136 133 181 162  90 109 144 154 188 185 162 161 155 141 133 128 130 161 181 146 126 144 140 120 151 195 179 161 163 146 130 130 139 153 173 194 181 153 152 176 204 195 155 159 193 195 157 150 167 169 166 170 167 160 158 156 172 176 146 155 191 176 132 150 181 174 172 198 204 160 145 173 167 143 162 191 179 150 164 181 
202 213 220 127  41  70 106 124 110  90 137 143 103 155 156 148 181 208 185 148 139 128 181 175  92  90 131 161 189 180 161 162 156 137 132 130 131 159 181 152 132 141 128 113 156 200 173 156 162 147 134 137 149 162 176 196 181 152 152 180 211 201 160 164 189 191 160 150 158 166 169 171 165 155 155 154 170 174 143 153 191 179 137 151 177 165 159 185 196 149 141 174 158 144 167 198 189 145 145 171 
200 209 219 130  55  96  96  91  84  90 119 104  87 161 150 135 177 204 179 139 143 140 184 182 104  84 122 164 179 171 172 182 162 136 135 137 137 159 180 163 136 138 121 105 155 202 170 152 162 151 137 142 152 163 183 196 178 154 158 183 208 195 156 163 181 184 162 154 159 169 173 171 162 154 158 157 172 173 138 149 189 184 142 154 181 163 150 173 196 143 139 177 150 147 172 198 195 141 136 179 
205 211 218 128  39  56  34  53  95 115  93  58  56  97  80  90 163 202 184 153 166 162 186 180 117 102 131 161 171 171 176 185 165 136 133 133 134 148 167 155 133 135 122 117 170 210 177 151 156 143 130 132 140 149 184 198 174 154 161 179 199 184 148 152 173 178 161 156 163 174 173 171 160 154 160 159 172 173 139 149 191 177 132 141 175 163 149 178 204 148 140 177 155 152 174 192 189 141 139 183 
205 209 215 129  20  12  26  75 137 158 143  98  56  51  39  77 159 200 175 167 195 167 174 159 110 123 160 169 179 187 154 142 151 140 133 126 132 142 156 147 133 129 116 125 175 202 178 159 155 137 127 129 134 146 179 201 170 149 161 176 195 180 146 143 178 186 163 155 162 172 168 165 158 150 157 158 167 170 148 160 206 180 137 140 169 161 143 172 205 160 138 169 168 157 172 191 182 149 152 175 
207 216 214 136  37  18  57 123 178 171 151 107  50  38  36  93 171 189 170 173 188 165 186 162 103 133 178 174 181 195 151 120 143 138 127 129 136 149 163 152 144 138 119 117 158 188 176 163 161 147 141 141 143 153 183 199 165 141 160 182 200 188 150 148 188 197 168 153 159 164 163 159 147 147 159 156 164 164 139 153 203 178 139 152 180 167 150 171 209 159 127 162 164 157 171 183 178 150 152 171 
214 223 209 141  61  34  57 129 184 162 133  88  27  24  46 104 173 193 174 160 163 168 201 164  96 128 173 160 165 201 172 134 144 137 128 135 137 153 168 150 143 137 117 116 156 187 178 167 160 147 144 142 141 153 186 201 166 133 149 178 198 189 148 144 185 194 164 150 159 157 159 161 148 145 160 158 166 162 133 144 194 169 135 153 180 171 161 183 210 153 117 149 153 147 166 180 173 146 155 176 
210 222 206 132  55  33  39 109 180 180 141  85  26  17  51 118 185 196 171 157 174 186 200 144  89 124 164 156 161 196 174 143 142 140 137 142 130 152 172 143 141 136 110 106 153 192 183 169 157 142 141 138 134 148 181 197 172 132 137 173 197 184 143 136 173 182 154 144 156 152 158 166 154 147 154 151 166 167 139 150 204 170 124 142 171 167 161 188 208 150 120 148 140 133 161 190 179 147 160 188 
205 223 217 130  35  24  52 111 181 209 164  76  21  22  42 115 187 189 161 162 195 208 212 144  94 126 155 152 161 185 154 132 151 149 143 144 116 148 179 137 137 139 110  96 146 193 181 173 158 145 147 142 136 153 173 189 180 144 139 173 202 184 141 133 170 178 150 138 148 152 157 164 156 148 151 147 164 165 134 145 201 171 124 139 174 172 161 185 205 152 130 155 134 124 159 199 187 152 164 191 
203 216 229 135  25  30  72 120 176 229 201  96  35  35  41  80 151 183 166 157 184 197 206 138  94 132 159 148 153 179 148 126 154 152 145 145 103 146 188 136 122 138 122 103 151 196 176 166 151 142 150 145 136 152 173 184 187 161 149 177 204 192 144 137 180 189 154 134 141 157 160 160 154 154 156 147 163 159 124 137 194 169 122 138 183 184 162 176 201 157 137 161 135 119 154 193 183 150 161 183 
200 216 225 139  31  31  75 122 173 211 194 120  51  44  50  82 134 171 168 153 154 169 189 142  88 122 154 143 147 182 157 127 151 152 136 127 100 139 186 145 121 144 134 112 148 190 174 162 151 144 146 139 135 146 178 189 185 162 149 172 206 199 152 143 181 194 157 128 145 168 163 156 155 156 159 154 163 164 136 138 192 170 121 140 183 176 149 168 200 150 133 156 132 120 154 179 170 142 152 175 
199 216 207 151  50  14  72 148 179 158 135 115  73  68  77 105 137 155 158 155 154 175 183 133  80 105 146 147 148 188 160 122 151 138 121 118  98 131 176 143 133 155 130  93 132 182 166 173 161 149 141 131 133 148 178 187 175 155 147 167 202 196 151 142 176 189 156 127 151 174 166 158 159 159 160 157 168 167 139 138 186 174 132 142 158 124 125 180 199 132 121 154 140 125 150 176 169 142 153 177 
186 221 210 163  71  19  65 152 173 123  97 113 112 111  81  91 143 159 150 152 160 180 168 113  80 111 153 154 150 186 157 116 142 136 126 125 108 126 143 123 136 143 121 108 141 178 174 177 159 142 134 125 131 150 173 183 169 148 144 164 194 184 139 132 166 179 148 124 152 174 167 161 164 166 164 158 170 158 126 134 189 177 133 136 135  91 112 183 205 132 112 153 146 121 141 176 173 148 161 185 
144 206 223 148  49  28  76 151 173 135 113 124 121 111  63  89 167 166 140 141 142 171 171 121  79 100 136 141 138 169 149 119 135 138 133 127 120 128 125 120 137 121 122 153 161 160 183 174 150 137 141 136 137 151 168 182 167 140 136 160 189 181 137 132 164 174 147 126 148 171 166 160 165 168 167 159 164 145 114 132 198 175 125 129 149 145 141 175 208 140 109 147 144 118 144 181 178 154 167 190 
131 186 232 152  30  18  92 189 207 160 147 155 126 100  65 104 177 165 135 136 133 161 178 131  71  80 120 133 132 161 145 122 134 128 133 134 117 135 152 142 132 114 118 141 145 149 176 170 145 137 148 145 139 146 172 193 178 144 137 165 196 183 142 138 169 174 149 132 148 172 165 158 161 161 160 156 162 149 121 137 198 170 117 122 168 197 166 172 202 141 112 148 146 117 146 185 179 153 164 185 
111 154 220 157  27  19  96 209 235 188 168 164 133 120  93 113 159 165 142 133 135 152 164 117  62  85 128 135 139 171 143 108 129 133 138 146 118 126 154 139 116 117 108 101 127 164 178 168 143 131 137 130 126 140 180 203 185 147 144 171 198 180 141 139 166 168 143 128 148 174 168 159 160 159 159 154 161 158 133 138 189 162 112 125 160 155 140 171 201 148 121 152 153 119 137 178 172 145 154 176 
 82 139 217 157  42  61 101 182 229 210 162 126  96 117 137 148 147 153 142 119 122 149 157 102  50  72 107 109 122 170 136  91 130 147 130 137 122 103 113 109 113 124 112  99 135 178 180 172 145 127 124 114 119 145 174 194 171 135 136 161 185 179 141 141 167 164 139 126 146 172 170 164 166 164 165 158 158 156 132 131 178 161 115 141 151  87 102 174 200 149 121 151 160 131 147 172 162 135 147 176 
123 195 217 137  90 133 127 152 196 193 134  71  59  83 130 149 150 156 140 115 113 137 135  88  67  83  93  85  93 145 130  81 126 141 129 135 122  99  96  94 127 139 112  94 128 167 181 176 139 119 124 121 125 148 171 179 157 119 117 153 183 175 146 150 170 158 140 124 150 171 170 166 163 158 158 154 162 159 130 130 168 164 124 149 149  81  84 167 193 131 115 151 144 136 151 168 167 129 144 188 
207 228 211 138 103 161 145 124 137 120  64  37  70  97 100 113 142 162 145 111  91 115 163 169 142 147 161 143 102 134 112  57  93 109 114 130 129 116 114 107 123 139 117  92 120 160 178 165 127 108 114 112 115 136 169 192 185 151 143 162 175 164 133 140 164 156 145 130 150 180 171 150 141 140 145 147 171 174 122 137 184 163 112 123 139  97 100 175 199 127  95 128 132 133 148 173 182 137 139 178 
226 205 175 112  85 144 144 103  81  51  32  48 109 137  85  64 116 177 169 121 118 171 211 217 187 180 206 217 179 188 138  69  86  99  98 102 119 131 134 118 107 130 126 103 126 160 173 152 112  97 109 105 120 162 196 215 216 197 188 198 207 173 121 125 156 145 136 132 150 163 147 138 143 141 138 134 163 176 114 119 181 159  92 108 155 159 167 206 224 170 134 139 118 109 134 162 176 131 124 162 
191 167 119  79  96 137 118  92  96 109 112 106 108  85  80  82 117 159 163 161 196 207 162 116  88  76 106 158 199 223 202 165 170 160 113  78  85 121 141 122 104 126 120  97 113 143 154 149 138 139 150 157 185 226 222 190 160 148 157 198 236 215 164 149 166 157 138 108 115 148 156 166 179 183 168 142 147 132 101 110 166 167 131 169 217 230 229 224 229 218 219 213 158 111 112 141 161 127 118 152 
174 184 154 142 137  92  69  84 154 195 160 112  91  39  64 120 154 143 136 141 128  96  60  46  39  37  38  55 106 129 161 186 199 219 195 134  85 100 133 116  96 117 119 106 116 135 144 205 220 206 183 182 182 168 134  98  77  78  83 106 143 198 212 215 223 232 208 144 145 208 231 216 195 195 211 223 204 164 170 196 217 228 221 218 189 145 120 110 111 126 167 205 214 205 207 210 197 168 173 208 
113 117 133 181 185 118  55  73 134 158 116  74  76  55  52 106 160 153 121  88  39  26  41  52  52  50  47  44  41  50  80 101 103 143 202 190 102  85 136 127  89 104 113 107 111 134 160 220 184 144 136 130 107  85  57  58  66  71  64  56  60 100 135 157 162 175 200 197 203 198 174 145 121 121 149 181 202 219 213 196 185 194 180 140  93  64  55  58  58  62  75 104 156 191 200 203 206 217 214 192 
 68  54  84 135 157 134  74  51  63  90  86  57  51  48  49  80 133 154 118  59  28  41  54  46  44  47  48  50  44  54  64  52  35  60 169 212 101  55 106  95  79  91  87  66  72 105 166 205 108  54  84  79  54  65  74  82  85  76  74  78  78  74  71  75  64  69 158 211 169  89  37  27  28  36  49  54 124 213 187 114  89  96  81  56  55  66  71  73  80  80  62  50  77  97  93 102 143 220 190  74 
 95  59  76 107 120  95  74  52  67 105  94  59  46  42  69  86 109 139 123  53  30  44  45  44  40  37  39  41  52  50  49  47  30  53 152 201  81  31  90  97 100 116 123  84  76  79 140 205 107  35  60  70  59  68  75  72  83  79  67  69  74  82  71  64  37  50 161 176  99  51  55  66  64  56  48   8  56 170 165  82  42  59  68  65  69  68  65  72  71  75  74  68  72  64  49  51  81 187 165  40 
110  63  79 120 139 118 104  97 132 157 110  65  59  56 107 108  93 129 130  59  27  31  39  43  36  28  33  38  45  48  43  31  19  56 145 182  96  85 169 191 195 206 216 192 165 125 137 220 122  23  21  47  62  72  73  61  62  68  67  67  70  62  44  46  17  49 163 160 116 128 166 198 190 165 140  62  60 147 162  74  22  51  69  69  73  73  69  63  60  64  67  64  59  42  25  18  74 187 187 117 
 74  48  75  88 103 116 102 109 155 185 144 109 110  99 119  98  81 129 129  49  23  31  39  38  31  36  43  36  42  43  36  42  65 126 184 208 174 174 208 189 178 163 163 183 207 195 200 242 162  79  60  52  47  60  65  65  52  48  60  66  65  48  49  75  76 107 192 206 204 202 194 193 185 178 194 172 163 185 191 128  54  48  50  49  60  65  60  58  66  55  43  50  57  62  62  73 140 235 236 181 
 45  43  51  35  48  83 104 132 143 164 186 172 152 132 110  80  81 122 117  47  23  28  34  34  31  41  40  37  41  22  47 116 162 192 206 213 205 176 140  97  65  47  50  78 121 161 206 215 193 182 177 144  85  41  57  63  59  60  51  49  69 114 149 162 171 185 204 208 194 152  96  78  87  96 134 179 205 205 218 204 151 122  81  43  46  59  53  52  57  40  52 102 136 153 156 169 188 211 197 142 
 74  81  46  34  53  84 173 196 151 132 178 176 131 109 107  99 112 125 113  69  49  46  46  53  58  53  47  48  42  35 112 196 178 134 118 111 112  84  67  72  60  70  85  79  63  79 113 120 156 196 213 214 162  80  67  70  85 105  82  66 107 181 212 190 172 172 147 128  98  76  67  78  91  78  84 109 136 151 183 208 217 213 159  96  79  85  77  69  67  61 110 188 211 209 202 189 150 111  89  76 
114 122  47  32  56  72 115 112  77  59  79  97 100  98 112 102 115 114 109 102 109 112 106 103 106  97  95  93  92 101 143 158 117  95  95  95 115 110 117 130 123 128 130 124 110 112 109 101 112 116 117 144 152 127 116 125 118 131 130 108 126 151 139 123 110 109 105 111  94  98 122 128 130 124 120 109 111 118 128 133 133 152 155 139 119 113 117 122 122 108 142 183 153 129 135 129 115 106  96 100 
118 115  74  82 110 109  89  83  79  84  94 111 128 134 130  98  83  85  91  96 102 109 104  96 107 108 104 102 105 119 115 103  95  97  92 109 130 121 105 115 130 119 108 109 114 119 119 104 105  96  85  89 108 129 127 123 117 109 106 111 112 107  91  87  93 100 109 103 106 114 125 122 123 113 115 113 107 110 110  96  77  86  99 105 112 104 105 117 117 104 110 112  84  75  89  96  99 111 113 117 
183 171 160 178 195 190 174 176 171 169 176 180 179 179 175 170 132  76  72 118 129  95  88  91  94 103 106  95  79  88  86  91 102  97  90  98  86  69  68  92 130 108  91  99  94  84  90  89 110 120 116 109 108 125 117  97  92  97 105 107 100  93  90 106 125 121 108  85 105 128 121 101  93  93 108 103  98 100 114 116 102  82  79  96 112 112  99  82  83  94  90  90 105 107 101  94  78  86 110 124 
203 195 195 196 196 193 184 184 173 161 161 164 162 162 183 218 171  54  54 157 194 127 107 105  85 115 135 111  76  75  76  88 112 106  97  84  59  68  96 103 129 104  94 117 103  75  81  87 107 120 119 113 111 123 126  99  75 111 145 125 101  81  78 119 151 126 104  93 124 150 118  81  69  86 126 119  96  84 100 115 102  75  81 104 113 124 114  82  83 115 108  94 125 140 123  94  68  73 117 134 
130 138 145 130 120 126 122 115 111 103  95  99 101  98 132 150 109  35  55 149 202 149 116  95  65 111 139 111  79  75  75  89 118 112  85  58  61 115 145 119 103  96 113 134 105  73  81  84  92  94  95  98 102 116 135 110  72 115 160 128  96  79  74 114 133  95  86  96 120 133  90  60  53  70 128 130  83  59  69  84  85  71  72  81  84 103 110 102  99 120 125  95 108 153 144  87  61  62  94 101 
122 147 157 138 133 147 142 137 147 150 134 130 133 134 138  87  55  80 109 127 163 147 114  92  72  99 109  87  74  69  65  84 114 124  93  58  82 135 150 122  87  96 117 116  83  62  74  76  79  77  82  90  93 103 131 121  78  99 133  99  74  78  78 101  98  58  60  74  87  99  70  44  36  55 119 125  77  50  52  61  65  56  47  56  70  89 110 121 105  99 111  91  95 148 133  74  66  70  78  70 
153 176 185 177 179 191 193 198 211 217 210 198 191 202 197 110  65 138 162 119 129 145 127 109 102 101  92  85  97  84  65  79 103 131 122  91 104 125 136 137 109 101 101  92  72  62  69  65  76  85  92  95  90  94 120 128  90  83 100  79  63  74  84  94  84  60  61  55  62  73  70  49  32  47 106 121  82  50  50  67  62  48  40  58  82  98 132 136 101  90  89  83  99 118  94  71  78  97 100  83 
135 142 145 145 148 151 150 161 159 163 177 167 148 171 203 138  67 125 154 100  99 143 137 111 108  99  95 106 136 114  76  74  85 117 124 101 106 114 132 149 126  95  79  85  83  72  70  58  77  93  99  95  88  92 108 127  98  77  86  80  70  73  87  90  88  88  84  59  53  53  68  60  37  39  85 113  82  42  50  91  87  56  40  57  74  89 141 139  84  83  71  66  92  81  75  69  71 103 115  95 
169 155 149 144 122 121 135 123  80  81 103  86  57  77 148 136  80  87  88  60 121 195 124  71 102 107  89 100 140 115  78  79  80 104 109  91  98 114 136 155 111  77  79  99  98  85  73  57  71  86  95  90  78  80 102 137 109  80  85  82  81  83  88  88  96  94  79  72  63  67  89  84  41  34  87 148 114  45  49 109 125  97  72  67  64  71 135 149  97  74  88  81  61  83  94  76  65  92 106  85 
209 197 180 180 140  89 106 100  73  50  43  68 105  98  94 112 126 126  89  68 144 185 124  78  92  93  76  86 128 129 103  85  78  90 101  93  89  91 115 146 102  87  99 102  94  91  87  67  70  80  91  86  75  82 102 143 118  83  85  84  85  99  96  83  82  80  71  72  76  78  95  87  46  48  98 151 129  58  47 103 138 118  91  87  74  75 137 145  85  88 116  95  66  79  90  81  64  73  79  76 
209 176 114 114 117  76  82  96  91  79  85 119 152 121  74 105 157 158 126 115 142 123 131 135 103 108  91  84 126 149 122  80  79  91 102  96  83  77  97 122 107 114 120  98  84  92  90  76  71  74  94  95  82  88 112 137 117  98 100  89  79  95  95  79  73  76  72  73  74  73  89  86  53  52  93 138 121  57  39  82 118 106  84  84  73  80 147 152  78  87 142 121  68  78  98  81  60  71  80  76 
190 124  43  46  97 108 100 111 111 125 149 135 103  88  88 123 154 149 128 136 142  78 148 200 135 110 101 100 128 156 136  84  80  98 104  88  82  90 108 106 118 126 113  82  76  90  80  71  66  69  94 108  96  90 111 114 110 109 103  83  72  83  87  73  69  78  77  72  65  66  81  91  69  52  74 125 122  74  52  76 105  94  68  68  64  77 148 159  85  69 145 144  62  80 112  78  56  91 118  89 
156  81  56  75 108 142 128 107 110 130 141 107  64  83 121 145 157 152 128 143 181 119 162 214 166  91  84 114 119 144 149 106  79  92  99  76  78 106 129 114 112 104  83  66  72  84  69  57  66  68  81 109 110  95 100 103 108 100  81  75  80  90  92  69  63  77  75  66  64  69  74  84  78  54  55 103 127  94  62  70 111 114  84  81  82  78 129 146 100  64 122 136  60  84 109  74  57 107 150 110 
163  76  79  81  69 124 127  90  81  84  87  76  61  94 126 148 170 162 126 137 213 174 149 175 173 104  84 122 115 120 137 115  89  94 104  81  76 104 134 127 100  78  67  68  73  73  57  51  82  79  69 106 129 114 112 114 108  85  73  87  95  97  99  77  73  86  78  62  70  84  68  61  68  62  52  79 108  85  53  62 115 134 109 111 119  90 111 140 115  74  88 100  72  94  94  66  51 106 161 136 
178  80  79  76  77 136  96  62  59  71 107 126  97  87 122 160 187 171 123 128 199 162 112 130 168 142 101 116 132 113 109 114 101 103 113  93  82  97 123 128  93  70  70  75  72  64  51  58 104  93  66  99 134 135 132 136 105  70  85 106 103  96 106  91  90 108  81  64  83  99  72  50  60  69  60  81  99  72  59  68 107 136 117 126 135  89 102 148 125  86  71  72  81  91  84  59  44  93 161 158 
181  79  77 123 176 172  88  41  71 119 182 203 149 112 117 150 170 165 135 138 163 102  69 105 162 190 129  97 151 132  99 118 101 107 107  89  88  96 110 122  90  74  80  82  70  62  54  70 118 109  77  88 112 130 129 153 106  57  90 107 101  98 114 103  99 127  77  70  89 100  80  57  57  69  63  99 115  83  86  74  74 115 113 117 112  65  89 142 125  96  89  86  73  68  84  63  40  80 146 151 
175  90  86 166 223 174  90  50  83 132 187 227 211 155 107 140 181 172 145 156 177 125  92  99 135 208 181 112 133 146 125 103  86 113 107  75  74  91 113 126  93  81  92  94  74  60  53  65 105 118  95  94 109 107 103 137 107  60  84 102  96 103 113 104 105 123  87  65  79  95  84  58  54  67  72 110 120  95  84  68  55  85 116 114  86  56  71 111 117  91 112 132  95  81  85  67  51  91 112  88 
162  96 108 167 203 177 138 110 117 121 154 218 232 147 105 156 204 182 143 157 200 188 162 135 136 208 215 128  99 132 145 110  89 120 114  71  56  81 120 136  85  77 104 107  82  68  68  61  81 111 103  96 116 113  83 124 113  70  85 101  96 103 105  98 109 125  98  67  71  91  91  60  50  79  88 102  99  74  62  63  57  69 119 125  77  54  56  84 112  97 103 131 127 108  73  62  70 104  91  47 
154  90 118 156 171 196 192 181 166 145 154 203 212 129 114 163 195 172 140 162 216 202 168 162 159 173 171 131  93  89 123 126 102 104 106  70  47  78 129 137  79  75 107 117  93  81  87  70  67  97  98  90 114 119  93 126 129  91  89  99  96  99  87  71 100 130 113  89  77  89  95  64  54  98 108  99  88  59  50  68  75  70 104 114  75  66  55  58 103 128 102  83 104  98  69  54  68  98 100  74 
155  88 116 168 173 191 190 186 182 189 195 205 197 133 130 168 184 163 138 171 224 170 110 139 165 129 112 150 147  93  94 105  83  83  93  67  54  88 132 128  82  72  98 118 105  92  92  79  68  94 103  85  91  96  88 105 121  98  89  98 101  93  68  44  91 142 117 111  86  75  82  56  51  96 105 103  94  63  53  69  74  68  84  98  84  74  56  44  82 143 130  79  87  89  72  59  62  88 113 102 
136  90 128 194 190 163 159 148 162 207 215 209 210 148 127 154 170 158 141 171 221 169  77  91 128 100  95 154 181 147 122  88  77 102 100  69  70 102 130 124  86  65  77 106 112  99  84  68  63  98 118  89  65  65  68  70  96  84  72  80  90  85  64  41  99 156 102 110  98  58  65  49  46  81  86 106 102  67  60  69  68  69  80 112 116  74  44  46  76 124 129  94 102 121  94  66  57  92 107  84 
 74  91 152 203 186 133 140 131 129 144 182 217 222 182 131 117 123 136 152 180 213 195 122  72  76  63  59 118 176 201 160 108 121 139 110  68  66 101 133 131  93  48  67 116 112  95  87  66  61  98 121  94  63  48  59  47  66  66  52  62  79  87  64  47 116 164  77  86 102  71  50  45  47  71  86 101  99  73  55  66  76  74  88 134 136  69  37  62 102 103  76  70 117 158 114  61  45  81 102  70 
 50 109 178 208 187 137 132 136 107  78 143 230 241 208 146 101  91 117 157 176 196 211 151  90  97  76  33  63 150 201 186 167 165 153 115  73  60  87 132 136  90  52  95 147 113  80  87  64  54  88 121 109  82  55  53  43  48  49  46  60  76  86  65  62 115 130  61  56  85  79  51  51  61  81  94  91  72  50  46  72  87  61  60 118 137  74  30  63 114  91  41  36  90 141 117  54  31  65 106  88 
 68 154 204 201 174 142 130 129  86  55 138 230 232 206 158 107  90 115 154 173 194 207 147 119 156 121  51  44 125 182 202 209 177 150 111  75  52  65 121 140  90  71 125 167 112  55  51  54  51  81 117 120 106  90  58  61  46  44  62  73  80  86  72  71  90  84  57  44  62  80  69  67  79 100 101  78  42  32  47  69  64  43  35  57 101  91  42  46  94  86  45  28  46  82  84  44  23  53 109 109 
112 196 191 148 128 121 123 120 101 103 170 205 177 171 163 118  80  88 139 181 203 204 152 121 159 162 100  48  86 161 192 210 213 160  95  62  56  74 116 121  84  72 105 130  95  55  44  40  54  93 123 119  99  86  88 100  71  62  84  83  72  71  78  73  85  94  58  49  61  85  85  74  77 111 111  57  27  34  52  50  37  32  38  45  78 100  66  26  50  76  66  33  22  36  54  54  51  68  97 104 
142 190 129  70  71  95 119 123 122 131 156 168 170 180 157  98  64  75 130 178 191 198 162 114 132 179 158  86  73 149 162 168 223 199 115  51  60 103 126 102  74  67  61  54  56  76  97 111 100  87  94 103  98  94  96 115  92  74  87  81  60  54  79  74  95 131  64  62  81  85  84  64  61 110 127  77  34  40  39  23  23  43  80  97  88  88  76  44  36  75  99  70  34  23  28  59  90  88  64  54 
141 164  98  41  51 101 158 152 131 136 136 149 194 202 148  87  81  96 130 170 178 179 159 127 142 176 157 105 106 166 158 138 192 217 162  73  57 108 128 105  87  80  54  30  30  59  94 112  95  66  73  89  74  60  64  91  91  68  69  81  78  71  75  69  91 128  80  72  82  80  79  60  59 101 106  65  35  32  28  32  56  87 106  99  69  60  75  75  38  46  82  98  82  42  29  49  75  61  27  25 
139 158 115  61  66 115 148 139 119 145 129  94 123 157 150 116  90  76 114 169 187 196 165 127 143 162 130 104 154 200 177 128 138 176 175 123  84 108 115  98  95  90  66  43  32  28  31  49  59  59  78  88  57  32  45  77  93  60  48  77  92  85  68  79  96 104  84  59  65  74  82  72  71  87  69  48  39  33  32  50  71  73  63  58  47  31  45  61  64  48  37  68  78  34  18  37  41  23  22  41 
137 156 142 116 112 126  91  67  89 116  95  77  94 137 170 148  68  44  99 158 200 205 178 132 123 143 129 110 162 213 191 157 119 115 133 165 165 134  94  73  85  78  77  64  43  40  27  36  43  43  48  68  64  27  27  75  99  86  72  69  74  70  64  67  81  64  49  45  62  71  69  50  53  80  90  61  29  22  41  54  46  54  85  85  45  27  35  80 130 117  62  42  68  70  54  54  55  84 108  77 
 87 120 152 153 131 109  54  41  57  68  71 119 167 167 167 122  52  49 111 164 196 196 176 138 126 143 134 120 163 201 201 194 147  96 103 172 208 190 135  76  59  64  76  68  50  47  40  25  35  30  17  26  44  36  21  33  61  98 114 109 106  71  46  41  47  37  43  46  59  70  59  39  40  73  95  61  24  28  49  42  47 118 188 147  37  23  90 175 212 174 134 117 124 150 144 113 117 177 188 107 
 86  62  77  93  81  62  49  54  70  67  72 111 142 133 101  54  27  68 139 176 188 186 180 152 136 149 136 131 184 202 196 211 178 127 109 142 172 198 199 131  66  62  70  57  42  46  52  33  29  26  35  60  74  68  40  30  21  56 110 132 130 104  60  43  44  57  85  70  49  51  51  57  49  44  46  48  82 119 125  69  43 118 174 131  42  35 113 197 222 189 181 177 151 156 154 146 163 194 171 111 
121  79  64  63  61  54  71  84  95  84  93  99  85  86  70  32  22  85 160 181 177 180 184 160 136 141 124 131 200 209 185 208 203 164 121 109 112 164 219 189 135  99  68  63  79  95 107 110  90  77 101 114  99  94 102  87  44  29  64 106 128 109  57  58  77  85 100  76  42  28  49  79  57  17  13  62 156 175 149  90  48  73  81  82  83  84 127 152 152 175 176 135  96  79  76 111 140 120  97 119 
131 137 137 129 127 113  88 100  96  73  99 139 120 107 133  85  41  87 154 171 174 183 185 155 125 121 110 125 193 207 187 210 210 169 124 113 101 114 173 206 215 154  90 101 139 150 153 199 181 146 125  88  62  92 152 142 115  77  41  49  91  85  45  70 100  77  69  58  27  31  84  98  48  17  33 101 146 104  69  67  69  79  79 104 131 142 161 140 115 179 160  57  37  34  33  62  80  63  70 114 
118 130 140 143 155 143 101 110 117  77  77 125 133 149 184 125  64 106 155 162 183 195 192 153 120 117 111 133 199 206 185 210 195 156 154 156  99  66 112 181 204 155 108 118 122 107 125 195 187 136  98  65  48  82 142 144 157 140  73  39  63  83 101 119 119  90  72  54  32  49 122 100  38  66 116 121  99  70  73  91 101 128 167 174 160 166 136 101 120 188 156  69  67  57  52  59  53  54  52  59 
129 126 139 153 170 158 117 126 136  91  58  72 100 172 189 124  82 142 175 163 182 198 189 156 135 134 121 141 204 204 184 196 177 148 169 176 108  65  89 135 117  87  72  70  51  29  59 116 102  66  57  50  36  49  75 109 112 110 100  64  60 142 187 124  66  96 121 110  68  65 107  68  37 117 160 107  91 123 152 151 138 144 188 195 172 168 117 109 160 178 157 137 124  91  82  78  58  57  36  30 
106 106 123 136 149 145 129 137 129 106  89  99 125 162 168 118  76 101 143 156 163 177 177 175 174 173 158 139 139 162 177 167 167 153 145 159 160 114  71  82  95 104  99  79  90  98  86  73  76  77  52  21  14  12  35 114  59  28 104 123 123 182 200  95  27  83 122 142 109  70  49  24  38 102 108  92 118 162 180 175 155 144 156 160 161 149 131 145 167 126 119 144 123 114 113  88  60  50  66 114 
102  96  94  97 111 128 138 152 163 160 158 175 179 153 162 155  91  38  93 167 174 171 189 198 193 198 201 157  91 130 166 165 184 169 152 181 214 152  69  72 122 181 188 162 178 210 160  86 150 173  82  22  39  39  49 126 106  75 137 180 195 183 136  88  59  51  78 118 124  54  17  18  53  96 100 124 149 160 177 162 140 155 164 141 129 141 140 134 122  85  84 101 104 124 119  92  78  78 104 169 
180 173 168 168 172 186 197 206 214 214 214 220 221 208 219 213 159 112 145 200 204 193 204 209 201 203 209 192 150 173 196 198 207 197 195 213 226 188 143 144 164 203 211 203 200 231 192  98 155 213 152  80 103 126 103 131 143 157 187 174 151 109  92 117 102  40  56  86  97  49  11  38 109 147 137 156 166 162 153 134 143 175 182 160 139 149 165 162 142 128 118 113 117 120 106 107 109 115 115 108 
234 220 222 231 227 230 240 241 239 234 229 226 223 232 245 230 201 193 206 221 226 224 222 220 222 224 223 225 233 230 224 216 205 219 234 233 222 217 225 235 222 222 214 217 200 223 219 112  86 123 138 122 142 156 112 120 140 162 163 108  58  50  81 131 118  61  79  94 102  89  53  65 129 172 159 159 174 165 135 145 176 175 146 135 175 208 206 194 194 207 187 165 164 141 141 148 124 103  95  86 
226 214 216 225 226 223 229 231 229 226 224 222 215 217 231 223 201 194 212 224 226 236 228 225 231 230 231 232 238 233 226 220 217 230 232 230 232 234 242 252 243 237 224 218 208 225 232 168  73  26  52  88 106  95  76 101  96  83 102  98  89 107 127 141 127  99 108 139 161 151 126  99 113 154 151 147 177 177 159 179 184 150 115 143 224 229 191 204 237 234 215 199 170 141 157 181 161 112  78  90 
212 217 208 201 207 205 209 217 220 222 225 222 213 209 219 219 191 166 188 213 218 226 224 220 221 216 216 231 215 207 208 224 237 224 215 215 228 226 217 221 227 225 223 217 213 208 218 228 136  61  62  73  61  46  63  96  89  78 110 137 167 182 167 154 145 113  95 164 185 164 180 141 103 142 159 158 170 187 204 178 135 122 138 193 222 161 129 187 225 175 171 185 122 107 124 159 186 162 104  81 
215 225 221 210 210 212 212 218 221 222 223 225 223 220 221 214 191 177 195 216 219 217 216 222 220 219 220 223 214 215 217 221 225 213 211 213 213 217 221 221 215 213 221 227 220 207 212 223 203 197 195 156 103  79  95 122 151 190 180 131 121 113 117 134 163 109  76 121 144 140 160 157 137 155 174 154 155 204 209 145 102 110 137 174 168 116 102 144 171 108 135 177 103  94 115 116 146 181 156 100 
232 226 221 225 233 233 226 229 228 222 219 220 225 229 219 208 195 195 211 236 244 225 225 240 237 228 230 232 238 243 238 229 229 235 237 235 231 233 238 236 235 230 230 235 229 225 231 236 231 238 243 216 172 147 150 146 153 180 153 106 112 130  96  81 144 158 119  84 102 140 157 174 181 162 138 126 166 206 192 151 126 105  79  96 121 120 111 108 124 118 152 172 128 121 146 113  75 131 175 126 
214 206 202 214 218 210 213 216 215 207 203 206 212 215 201 187 181 189 206 224 227 209 217 242 240 221 203 197 200 199 197 200 209 213 217 227 229 221 216 220 232 226 218 214 207 202 209 212 202 195 193 184 164 148 144 119  98 104  92  76 101 143 123  88 128 192 174 104 108 173 199 194 177 161 152 153 155 146 168 182 161 117  51  55 111 136 152 151 149 150 136 147 170 142 119 100  57  85 168 158 
134 131 139 152 154 150 160 161 156 148 147 156 162 159 152 138 130 138 149 150 151 150 147 163 165 141 118 121 142 153 155 154 159 157 162 178 186 172 162 169 185 188 188 181 166 156 157 166 165 157 146 138 130 121 102  88  70  79  86  78  79 101 136 147 167 201 194 152 139 169 208 199 141 131 185 208 138  92 135 181 170 138  70  69 133 153 186 215 203 169 118 121 159 133 104 108 107  71 130 191 
 58  65  88  99 101 106 104 100  95  89  92 102 109 108 107  92  77  76  73  70  88  95  61  46  50  38  42  84 133 152 139 127 131 144 139 129 136 139 135 131 135 144 153 151 142 139 145 150 143 132 131 142 149 146 136 141 129 118 126 130 123 122 127 154 195 213 191 173 155 151 184 188 138 134 192 216 148  87 117 172 173 136  59  72 159 190 210 212 187 177 169 144 125 136 161 172 158  88  77 150 
 55  75 105 110  98  90  88  86  85  88  96 106 109 105 103  85  72  70  59  52  72  76  35   7   9  16  35  74 111 118 102  98 111 130 121  99  97 114 123 121 100 100 111 117 124 136 146 143 135 128 134 150 169 182 195 192 179 161 160 167 165 163 149 141 173 199 174 169 162 163 175 176 161 177 207 183 128  91 118 167 174 130  60  94 198 239 239 208 174 189 224 199 147 154 191 219 193 150  85  72 
 94 109 129 138 123 106 106 104 106 112 119 124 123 120 113  94  88  95  87  70  77  79  53  26  17  32  55  72  84  91  95  98  94  96 100  94  83  86  99 107  86  82  89 102 121 132 137 126 132 139 132 125 145 177 198 173 167 174 174 170 160 174 182 146 149 183 155 147 148 151 164 183 181 172 168 126  89 107 126 133 142 138 111 154 238 252 243 227 209 213 240 231 171 153 210 224 202 198 147  68 
