138 128  95  68  73  85  80  74  80  85  85  82  88  90  91  91  87  82  79  76  78  81  84  85  86  85  85  85  89  94  97  98  95  85  84  76  73  82  89  88  90  99  98  88  85  95 102  97  93  95  97  94  93  91  94 103 109 108 104 101 101 108 114 111 105  98  90  88  91  89  88 102 113 110  96  94 100 107 105 102 103  96  89  85  88  92  92  90  91  93  97  91  90  92  86  87  86  86  88  87 
148 129  88  73  71  67  71  79  81  81  81  77  80  82  85  85  83  80  77  77  79  82  85  86  85  83  82  80  80  83  87  91  90  81  82  78  77  82  86  84  85  93  92  82  77  84  91  87  85  91  96  95  98  96  96  98 103 105 102  95  99 105 103  95  91  94  95  94  97  95  91  99 108 107  98  96  99 100  94  88  90  95  95  94  93  91  88  85  85  87  91  84  84  89  83  83  92  94  92  91 
160 135  85  78  75  58  69  81  76  75  75  71  70  72  74  76  77  76  75  77  79  83  85  84  82  79  79  75  72  71  74  76  78  78  80  81  81  82  81  78  78  82  79  69  66  72  80  82  81  88  94  96  99 100  95  94  95  97  95  89  90  95  95  91  90  97 100  99 100  96  93  97 101  99  88  89  92  91  85  83  86 100 103 104 103  97  91  86  83  84  84  75  75  83  78  84  97  90  80  85 
152 135  81  68  72  69  79  80  69  68  72  66  64  65  66  69  71  73  74  76  79  82  84  83  79  76  74  71  68  68  68  68  68  76  78  81  82  80  78  77  77  75  69  61  62  69  78  81  82  89  94  95 100 101  99  97  92  86  83  82  81  86  94  95  97 100 101 101  99  94  93  96  93  84  74  78  84  85  86  90  94 102  99  98 101 101  93  84  81  82  81  71  71  81  78  82  93  83  71  78 
121 118  82  63  74  85  84  76  66  66  70  66  62  63  64  65  68  71  73  74  76  80  81  79  76  73  68  66  66  68  71  71  72  76  76  78  79  77  75  78  82  76  68  62  64  73  79  79  81  88  92  94  99 103 104 100  91  80  74  74  77  84  90  90  92  98 100 101  98  95  95  94  86  75  66  70  74  77  85  91  92  93  87  86  93  98  90  80  78  81  83  73  76  88  87  85  96  95  90  91 
108 104  99  77  77  86  81  75  71  70  69  68  67  66  65  65  68  70  72  73  74  76  77  76  74  73  74  71  68  70  73  76  78  79  74  75  76  74  75  82  85  78  70  66  66  69  75  79  81  85  86  85  89  98 101  95  88  80  77  75  77  83  87  85  84  88  89  87  92 100 103  97  89  84  77  77  77  81  93 100  97  95  93  95 103 106  99  90  91  95  95  85  87  99  99  94  94  99 100  94 
131 111 111  89  70  77  74  72  75  73  69  71  68  66  65  64  67  70  72  73  73  74  74  74  73  72  82  77  72  70  72  75  78  78  72  71  72  70  73  77  79  77  72  67  64  63  70  81  81  85  83  80  83  91  93  88  90  93  91  86  80  83  91  95  95  90  85  78  89 103 106 100  98 103  97  97  97 101 110 112 105 100 102 106 111 111 105 100 101 104 104  92  91 101 100  91  83  87  90  80 
163 124  99  82  70  71  66  64  72  73  69  68  67  65  63  63  64  66  68  68  70  70  70  72  71  67  78  77  73  69  68  71  74  67  63  61  60  61  59  60  68  71  73  73  69  62  66  82  89  96  98  99  99 101 100 102 114 120 115 111 105 101 107 123 129 120 113 104 111 116 110 102 104 113 110 112 112 107 103  95  84  78  81  83  84  81  77  74  72  76  83  78  80  91  94  92  96 108 117 115 
185 148 100  63  66  64  61  67  70  71  68  63  60  61  61  61  59  57  55  58  62  64  64  68  69  67  74  75  75  74  74  77  80  78  76  75  78  81  83  87  93  89  95 104 104  92  85  90  96 102 104 103 102 104  98  95 100  97  87  91  97  93  89  91  93  92  94  88  93  99  95  88  89  95  97  99  97  93  93  94  92 103 108 115 122 125 124 124 127 133 147 148 152 162 164 171 186 195 201 210 
140 162 147  83  50  55  67  77  77  78  78  69  69  71  73  75  76  77  75  76  81  85  85  89  91  90  89  92  93  91  88  90  91  88  86  84  86  89  90  91  93  87  86  92  98 101  93  81  83  84  88  91  92  94  94  93  97  94  92  97 113 114 100  92  91  97 106 105 114 130 140 144 147 151 146 145 148 155 165 176 180 190 197 208 218 225 229 230 236 236 244 242 242 247 246 248 250 249 248 250 
 58 122 160 102  48  63  82  88  88  90  93  86  87  87  85  86  88  90  93  87  92  93  90  89  91  89  79  85  88  84  79  79  81  79  78  76  76  77  76  76  81  84  82  77  82  98 106 104 113 121 130 138 143 146 153 161 168 178 190 194 195 194 191 191 195 202 208 209 215 225 233 238 241 242 247 243 242 246 250 251 251 250 251 252 252 251 251 251 251 245 246 240 235 237 238 240 232 233 229 216 
 94 107 105  65  54  70  73  73  73  75  77  77  71  68  65  64  65  69  72  65  70  70  65  63  61  60  59  69  78  81  83  90  96 101 106 117 130 140 145 149 156 167 170 163 162 173 187 199 209 221 225 227 228 234 235 232 238 247 252 249 246 247 251 252 254 255 250 252 253 248 247 247 247 247 242 240 240 240 240 239 240 239 239 236 233 228 225 223 212 195 193 184 173 172 169 156 146 149 145 121 
193 161 143 124 119 115 100  90  91  93  93  98  98  97  99 102 108 114 119 123 132 135 133 134 136 137 138 149 162 167 171 181 189 190 197 207 218 226 228 228 231 238 240 238 240 244 246 250 254 248 242 241 246 244 219 208 233 246 238 239 246 245 237 227 225 225 218 211 205 198 193 187 178 169 158 157 159 154 145 145 153 157 156 154 154 156 157 158 146 130 131 127 121 122 122 128 126 130 139 136 
247 233 239 237 224 202 185 173 169 173 177 180 184 186 190 196 205 213 217 225 229 232 233 237 240 237 237 241 244 243 242 245 248 249 250 250 252 251 247 246 244 228 238 251 244 233 228 207 204 226 209 185 197 202 172 133 141 173 189 200 207 183 153 145 151 156 153 135 137 140 144 144 130 121 125 119 117 112  94  92 109 116 120 120 120 128 138 144 141 128 137 145 135 129 136 151 159 169 180 186 
250 250 244 245 252 246 242 242 241 242 244 245 245 246 247 250 251 250 249 249 243 245 251 249 243 242 244 231 221 220 224 225 225 225 220 227 227 222 213 203 199 195 207 205 178 158 151 139 136 165 184 139 125 172 186 126  59  75 136 162 149 113  85  98 127 129 114 116 133 148 163 175 175 181 193 184 172 158 153 160 159 159 171 179 177 177 187 197 187 174 181 187 171 160 166 171 174 177 178 172 
203 203 164 144 145 148 170 206 231 233 225 215 216 217 215 214 210 202 195 192 180 181 186 176 165 168 166 154 143 144 157 171 180 176 169 180 179 175 168 150 155 171 184 168 141 139 150 142 127 158 186 128  76 117 184 197 120  88 110 104 112  97  93 148 180 142 121 132 147 147 137 135 153 187 203 179 162 155 165 181 168 160 174 190 193 184 189 203 201 194 202 210 203 198 205 208 195 183 178 178 
103 100  71  71  70  55  66  91 108 112 109 107 109 111 111 112 114 117 117 124 121 120 123 125 125 127 140 145 148 148 159 185 203 185 180 185 182 197 205 186 174 179 187 178 162 174 196 173 152 182 186 161 130 126 162 199 159 131 125 109 120  99  94 157 187 139 137 161 143 100  75  89 118 151 157 140 161 188 196 206 203 196 193 203 213 209 211 222 214 210 215 221 216 213 218 221 215 204 196 195 
 40  35  31  63  83  66  64  71  77  84  90  98  94  93  94  92  96 108 120 132 140 137 133 146 158 155 159 161 164 165 169 177 181 173 172 167 164 179 194 192 181 165 156 143 126 120 138 173 173 135 124 147 166 159 154 172 139 123 123 117 132 114  76  91 136 140 135 163 139  89  78 104 125 138 133 168 216 228 226 239 249 244 226 222 231 233 230 232 232 228 227 223 215 208 206 208 215 208 194 186 
 74  73  63  65  71  75  97 130 154 160 157 154 153 158 156 145 137 146 161 162 166 162 154 160 167 164 157 152 150 154 155 146 140 157 156 153 147 120 113 143 163 148 108  80  83  76  90 169 188 130 109 112 123 148 179 197 161 118  96  94 117 121  90  72 112 140 111 123 133 124 121 119 107 100 125 185 211 200 195 196 209 212 206 205 210 211 206 204 212 216 219 219 217 214 213 215 211 193 177 182 
 94 110 107  85  77 101 122 137 137 127 126 132 134 143 149 139 128 136 151 163 162 164 165 164 164 168 178 183 189 193 195 197 199 209 207 213 207 132  94 145 192 185 115  75 113 142 125 120 162 199 184 151 132 131 148 164 175 149  97  73  82  94  93  85  98 119 106  98 111 127 156 164 128  86 113 158 182 207 200 152 143 182 202 217 220 220 220 219 218 225 229 230 230 228 225 224 212 189 177 187 
 87 123 129  97  89 128 171 184 181 172 172 179 181 176 185 185 176 184 186 194 193 200 205 197 195 205 211 219 224 224 223 226 230 225 222 236 241 179 117 116 150 175 157 107 119 179 164 105 102 159 156 165 182 131  90 126 203 190 113  63  35  56 106 131 137 117  92 100 124 160 210 228 190 164 159 135 143 208 209 129  92 161 216 230 231 234 225 229 225 228 232 235 235 231 229 225 215 204 191 195 
 94 126 136  86  81 154 215 233 226 217 224 236 224 215 217 226 229 228 223 221 223 231 236 229 224 230 228 224 223 225 226 224 219 219 237 233 228 220 179 125  95 141 156 115 108 153 194 177 134 111 100 120 166 145 103 135 207 223 171 108  41  37  98 149 146 101  79 112 168 209 226 239 241 244 219 164 140 167 152 116 128 197 218 222 226 229 223 223 223 225 229 234 234 233 230 226 223 217 206 204 
112 137 127  70  89 190 243 230 203 197 211 212 209 208 204 216 228 218 215 219 221 227 231 224 218 220 218 221 221 216 214 218 222 220 229 232 231 239 221 160  95 107 128 119 101 116 185 225 210 177 130  89 127 175 174 174 194 219 224 203 114  56  59  88  97  88 104 149 217 226 173 178 226 243 243 222 199 156 111 141 218 244 226 221 225 228 228 227 226 226 228 231 231 230 226 222 224 226 219 216 
133 142 107  87 116 202 247 221 184 184 201 196 195 204 200 206 211 202 211 215 213 216 217 213 211 212 213 221 224 218 216 228 238 206 183 208 234 223 179 138 128 107 126 143 111  87 109 156 204 238 198 142 163 224 245 214 170 175 217 240 199 103  36  56  80 101 156 217 248 216 122 102 165 210 224 246 246 193 162 203 252 242 227 230 235 231 232 231 226 224 223 224 225 224 224 221 223 226 222 224 
104  76  52 110 156 183 229 234 206 197 211 213 212 218 220 220 218 215 227 220 218 216 217 219 224 227 225 221 222 227 235 240 243 214 155 161 213 230 189 150 147 117 148 208 196 140  75  84 167 216 190 178 202 228 245 220 167 160 189 208 232 185  96  71 106 173 230 244 239 224 171 109 111 152 165 173 170 181 222 241 222 203 222 236 238 233 229 228 227 225 224 227 230 233 233 230 227 227 223 225 
 84  78  85 126 156 175 219 230 206 191 205 220 222 216 222 225 223 226 224 221 218 215 216 220 224 226 225 219 218 227 240 245 245 239 164 125 164 202 197 179 144 105 119 171 218 212 165 134 150 158 172 192 189 201 228 223 180 157 158 178 236 249 196 130 117 170 210 188 183 221 239 201 156 130 114 107 110 159 197 177 157 191 235 238 225 226 226 231 230 226 225 226 231 236 237 230 228 229 224 223 
111 179 198 142 116 187 234 221 191 188 208 227 222 211 216 228 231 229 220 221 224 221 216 216 223 221 218 217 222 228 222 223 248 245 183 122 115 122 135 158 137 116  84  71 148 222 235 177 122 141 200 210 186 200 233 237 201 156 135 167 227 236 229 214 150  97  99 114 127 170 225 249 222 141 103 142 186 205 166 118 130 209 254 236 213 224 226 232 224 221 219 220 224 227 226 223 225 231 230 225 
136 235 241 128  95 199 242 223 191 194 209 218 215 214 213 227 235 224 223 220 227 226 220 216 232 227 225 229 238 223 152 137 233 249 223 182 146 101 110 161 167 179 142 112 158 193 160 126 156 219 226 184 177 204 235 245 236 207 177 195 206 185 198 238 205 104  53 110 137 142 175 204 176 122  92 174 241 212 130 127 195 238 227 201 207 233 234 229 224 223 225 228 230 227 224 224 225 233 235 226 
180 245 216 108 111 212 233 227 213 200 211 222 221 219 214 220 228 225 227 229 220 217 225 222 232 232 238 248 247 213 117  81 177 229 243 247 218 137 106 146 173 193 214 203 181 136 108 164 233 245 205 170 181 218 242 237 224 235 240 233 203 186 206 229 188 114  85  99 134 149 140 113  94 125 151 176 189 152 112 154 241 233 131 138 205 231 240 231 226 227 230 232 233 231 232 235 229 224 224 223 
229 223 164 108 160 236 222 219 220 202 216 228 222 222 215 216 224 225 227 234 225 219 224 221 234 231 205 191 217 223 158  86  97 160 209 215 181 136 110 111 113 140 195 193 145 123 162 234 254 234 197 166 195 239 246 229 213 232 241 203 181 205 220 179 115  96 116  87 106 156 155 101  92 141 154 147 123 111 156 209 217 153  86 146 227 234 231 222 224 226 229 231 231 230 229 232 224 217 220 228 
243 225 149 115 186 239 210 212 223 207 222 223 213 221 219 216 225 225 224 229 234 227 219 219 239 231 136  97 183 242 211 147 102 113 132 113  87  88  90  83  81  98 112 118 133 183 229 245 233 218 216 195 192 221 236 236 234 237 222 162 151 190 187 109  55  90 131 103  71 139 188 133 121 156 113 108 116 140 193 201 139  84 135 215 246 225 215 220 222 225 226 226 226 226 226 228 226 220 226 235 
238 230 140 108 184 226 207 217 226 214 224 212 204 220 223 221 228 228 224 224 233 229 218 217 239 235 135  60 143 233 242 221 190 139  97  68  56  55  71 100 144 129  72  88 180 240 240 235 237 223 224 216 194 204 226 236 241 243 237 197 156 130 109  82  78 119 145 114  65 120 179 138 130 164 131  91 108 153 163 127  68  93 186 247 242 218 212 228 226 227 227 225 224 225 226 233 236 225 221 228 
246 212 118 113 188 218 217 228 222 212 225 212 200 221 227 224 232 233 227 231 232 230 225 215 232 235 171  92  85 137 193 224 236 172 103  85  87  85 117 172 221 170  79 112 224 246 224 228 241 231 215 217 217 222 235 243 233 234 250 229 149  55  50 131 165 143 115  89 115 153 153 130 130 155 141  88 115 171 162 136 117 121 165 218 234 225 222 225 229 229 228 223 221 224 227 236 244 223 202 211 
244 199 102 140 221 226 226 233 220 204 215 214 207 221 226 219 224 233 231 230 222 215 223 223 223 227 204 149  81  76 116 142 157 125  91  74  94 143 191 222 231 178 113 110 170 228 230 221 225 243 225 208 216 218 229 245 248 241 221 177 100  23  59 190 195 122  91  87 156 169 115 104 121 128 115  84 140 209 193 169 174 156 150 203 236 228 228 225 229 230 228 225 224 227 230 233 235 213 190 196 
236 189 103 165 246 229 224 230 213 195 209 214 215 220 218 209 213 225 232 225 212 213 230 225 210 216 231 224 164 106  82  60  49  68  64  50  90 182 224 221 212 163 133 105  84 159 235 244 236 241 222 192 202 217 234 245 219 208 172  97  80  95 140 197 157  95 113 109 115 109 108 142 161 146 122  80 128 217 224 203 207 197 155 200 248 234 225 230 232 233 231 228 227 229 231 232 234 215 193 192 
234 171 103 178 243 221 225 229 206 192 210 218 220 219 214 210 211 219 228 227 220 230 238 218 211 232 237 221 180 125  83  56  54 101  87  56  93 197 233 214 193 147 127 135 103 112 191 244 252 229 206 184 205 237 236 218 162 146 128  91 134 178 181 175 140  96 111 123 103 106 153 208 226 207 165 103 110 182 217 224 236 218 172 198 239 229 221 226 226 226 225 222 221 222 223 224 222 204 187 184 
228 156 102 183 236 217 232 236 210 199 212 222 220 218 218 221 219 218 221 228 229 235 227 216 228 243 183  97  76  94  96 113 137 142 119  75  75 142 203 219 187 135 110 159 196 137 127 202 252 245 208 201 226 229 193 167 153 118 115 168 199 175 127 118 127 124 119 121 125 151 167 166 196 228 219 158 104 108 147 183 205 214 205 206 203 206 211 205 203 203 203 205 206 208 210 212 203 185 176 182 
226 158 115 189 236 217 235 239 218 207 209 217 224 222 218 219 222 223 226 225 225 225 219 235 238 196  97  44  76 122 142 182 193 141 152 139  96  82 154 223 177 136 143 176 192 136  88 128 221 253 226 220 231 199 158 134 147 100 113 201 198 147  93  87 121 165 141  99 107 149 159 124 142 207 236 193 113  85 132 176 183 199 200 193 189 200 207 201 199 199 200 203 208 211 213 214 205 193 192 200 
227 172 134 192 233 217 232 233 219 208 198 204 224 221 209 205 216 228 231 229 223 217 214 243 235 152  65  98 180 197 193 215 194 154 190 209 160 101 129 190 174 138 174 189 135 110 107 113 172 238 249 232 228 201 159 109 104  95 109 157 156 139 111 110 138 167 141  95 105 135 153 151 161 193 225 211 157 148 201 227 215 196 190 190 207 221 222 224 221 217 216 218 224 227 226 222 218 210 211 217 
215 174 147 199 236 221 229 227 217 206 188 196 215 215 204 197 213 228 226 232 223 210 196 219 223 158 127 171 243 234 209 209 177 187 210 236 223 180 161 179 191 125 126 164 128 126 150 139 124 186 234 196 185 194 158  91  86 130 115 102 111 125 119 119 117 121 160 165 189 169 140 177 215 214 229 236 212 212 243 246 234 226 231 229 234 241 238 237 232 225 220 220 224 227 227 224 219 211 211 217 
174 165 187 225 236 233 226 222 218 201 189 194 209 210 202 198 212 226 225 218 218 219 206 201 209 207 204 213 222 221 213 205 201 212 227 233 230 226 218 213 188 113  88 109 126 138 156 144 113 126 120  91 102 150 177 178 177 177 156 108  88  87  88  90  91 132 210 235 234 214 196 217 236 221 219 234 238 230 226 225 219 232 240 236 225 224 225 221 221 218 216 220 223 224 223 220 215 217 219 216 
191 207 231 251 251 240 235 234 223 204 196 201 214 215 209 204 217 229 228 215 228 240 224 210 222 232 246 220 199 205 222 230 229 228 229 225 223 229 242 239 199 157 142 147 133 112  96  84  87  79  61  73 126 183 220 242 243 230 208 180 143 128 129 138 162 199 236 238 231 232 236 233 227 224 218 228 233 228 227 223 215 223 231 229 221 222 224 222 224 222 222 227 230 231 231 231 228 229 227 222 
225 236 238 228 216 216 231 242 233 215 207 208 221 224 219 215 225 233 233 230 236 244 235 227 233 231 239 231 227 233 240 241 238 233 230 233 237 236 242 240 221 226 236 234 198 148 110 101 121 130 150 193 229 243 238 226 223 237 248 240 220 215 220 233 249 245 222 224 231 234 234 230 230 233 241 243 238 235 239 243 239 236 242 243 240 242 245 242 239 237 237 240 242 242 239 232 234 235 232 227 
188 198 196 183 177 195 220 238 236 224 219 216 228 231 227 226 231 235 235 240 234 233 233 237 240 227 222 238 247 243 236 239 243 232 230 242 252 244 230 229 243 245 250 252 247 236 224 225 235 238 242 247 244 234 228 227 227 231 236 235 241 239 234 238 244 243 241 232 237 238 232 237 246 248 251 245 235 232 239 246 246 232 236 238 237 239 240 238 235 233 232 234 236 234 231 230 237 241 241 238 
192 200 199 192 189 211 226 232 231 226 225 228 233 233 233 232 233 234 234 230 228 231 229 233 244 241 229 231 230 227 227 235 242 240 234 238 244 242 235 230 227 236 244 246 243 241 245 250 245 242 236 231 238 236 235 242 236 224 223 236 242 241 244 244 236 230 236 228 222 233 246 242 234 235 240 237 233 233 236 237 235 231 233 235 235 235 233 232 230 229 231 235 237 237 233 227 232 236 240 242 
223 228 230 228 230 238 233 228 232 231 227 229 232 234 235 235 232 230 230 227 229 234 227 228 241 242 233 231 231 235 238 233 230 239 242 237 231 233 241 241 233 235 237 231 224 229 243 245 234 230 223 218 219 226 230 235 247 247 236 227 232 241 239 231 233 240 236 226 230 243 251 247 237 234 240 239 240 241 238 235 232 230 230 233 235 234 230 228 224 223 225 230 233 231 229 225 221 219 223 232 
243 242 242 242 247 243 232 229 236 236 230 228 231 234 235 234 232 230 230 236 232 232 230 229 233 230 235 237 240 244 245 237 230 233 244 240 231 231 238 240 229 234 239 237 232 240 239 230 239 242 233 217 219 235 238 235 245 248 239 233 230 233 232 228 241 245 231 224 238 249 237 234 247 237 239 240 239 237 235 235 235 235 235 237 240 239 236 234 230 229 230 234 236 234 233 233 226 215 216 226 
243 240 238 238 240 231 230 234 237 239 237 232 229 231 233 234 234 234 234 236 233 233 238 236 228 226 231 233 233 237 242 238 230 227 232 229 233 235 233 236 232 238 236 237 242 243 234 232 234 231 232 220 224 242 240 208 182 197 216 216 199 172 174 205 228 218 222 238 230 238 242 230 237 237 237 235 239 243 239 234 233 236 235 236 238 239 239 239 235 235 237 241 244 242 241 243 236 224 222 228 
246 243 238 233 229 235 237 235 235 237 238 240 229 226 229 234 237 236 233 232 231 234 239 235 227 223 228 228 228 231 237 236 228 223 229 231 239 239 229 232 238 237 239 244 245 237 230 238 242 227 225 238 233 210 177 119  84 116 148 139 113  86 102 167 207 204 214 224 216 207 223 239 231 237 236 229 235 243 235 226 228 231 227 224 221 222 222 225 232 228 229 232 232 225 221 222 212 210 213 206 
239 239 238 234 229 236 238 234 233 234 234 234 231 231 232 235 236 236 237 238 233 233 236 237 235 235 238 237 237 240 244 240 232 233 237 237 242 236 226 229 230 235 243 248 244 229 224 230 228 224 228 234 197 131  81  65 101 120  96  99 132 142 137 145 161 188 204 192 203 191 171 194 223 226 219 231 225 203 205 222 226 218 212 202 194 190 190 192 192 184 178 178 176 168 159 157 167 173 158 134 
238 239 243 243 243 231 231 240 248 250 247 240 244 246 245 241 238 241 247 249 244 241 243 243 241 242 242 243 242 243 243 235 228 245 246 241 236 224 221 229 225 231 234 231 223 219 215 202 202 213 210 186 130  81  75 112 169 182 147 150 188 225 228 187 145 162 178 136 128 149 140 128 176 222 192 190 172 152 159 179 182 165 161 154 147 143 146 148 144 134 126 124 123 118 113 112 130 138 116  91 
216 216 219 220 219 206 199 200 205 214 223 230 232 231 228 226 225 228 231 226 221 219 221 217 210 207 204 205 202 202 204 196 190 210 209 202 195 182 183 196 192 189 181 170 166 178 183 182 201 192 141  99 100 139 166 156 169 220 236 201 163 187 202 171 114 137 187 108  61 124 170 113 103 166 163 139 131 141 144 139 138 139 141 143 141 140 143 148 156 151 145 144 143 142 143 148 152 157 149 138 
160 160 163 164 161 150 144 140 139 145 155 162 162 156 153 161 169 168 161 156 148 144 145 143 141 141 146 144 141 142 147 145 140 147 148 147 148 137 136 149 149 142 136 127 129 146 169 184 169 135  88  73 133 207 210 151 136 190 215 177 141 149 134 101  60 121 195 143 121 158 195 146  90 110 169 177 190 204 201 190 185 201 208 210 208 203 203 206 214 215 214 209 205 203 206 211 207 210 211 206 
168 174 176 165 164 167 165 166 173 174 159 138 126 123 123 130 135 131 124 128 121 118 120 120 122 128 137 138 135 135 146 157 161 156 152 164 175 166 156 165 184 188 188 185 174 161 169 166 117  69  96 154 189 209 168 119 108 119 136 125 108 140 153 123  85 120 176 169 145 152 175 170 160 166 210 226 229 234 246 248 243 234 233 245 248 240 232 229 231 230 228 226 223 219 218 219 214 214 212 212 
209 211 214 210 215 229 224 212 212 214 201 177 166 174 184 186 181 180 183 183 178 178 182 182 182 187 196 200 200 201 207 214 217 213 213 226 241 238 218 209 221 216 225 240 227 179 139 112  79  75 152 213 206 163 118 107 104  92 101 113 114 163 198 173 129 133 161 147 125 132 150 176 220 237 231 245 228 193 187 202 217 211 221 238 228 207 212 223 228 217 210 210 208 198 188 185 195 196 181 173 
239 238 238 239 242 249 252 246 239 238 237 230 224 230 238 241 237 235 235 245 242 243 246 244 241 240 246 249 249 248 247 241 235 246 251 246 238 240 242 238 220 196 191 219 227 186 133  99  68 109 178 179 156 119 112 126 133 128 125 131 142 179 194 171 147 158 156 128 119 141 163 178 215 242 237 242 222 159 107 116 156 176 195 209 181 155 178 216 229 204 185 183 182 170 159 158 167 162 141 130 
250 246 237 242 243 232 239 251 252 251 249 249 247 238 229 230 237 240 237 234 234 236 240 241 236 232 237 237 235 235 239 239 235 243 229 198 167 172 210 235 220 185 136 135 183 192 152 107  93 135 155 116 100 122 150 156 149 158 162 149 157 161 142 137 157 184 152 102  94 156 208 178 165 201 206 200 193 148  91  99 147 179 187 195 177 160 181 208 203 177 157 155 160 159 157 156 143 130 121 119 
190 173 167 197 213 200 192 197 211 215 208 205 209 216 225 231 233 231 231 226 225 227 230 232 230 223 218 214 209 211 222 230 232 221 173 143 147 171 199 210 204 201 155 127 160 163 117  91 127 158 154 128  96 124 180 207 190 174 164 132 119 103  98 142 191 209 148  88  92 161 206 158 127 151 159 174 177 131 106 148 188 178 175 193 207 206 203 197 188 177 167 166 168 168 166 158 147 147 147 145 
126 120 130 173 183 138 103  94 107 109 108 124 155 185 216 228 219 211 209 222 221 217 215 217 213 204 207 207 201 198 201 205 202 173 137 125 157 189 194 176 161 195 191 151 136 106  60  61 107 139 151 169 156 143 156 168 148 136 154 149 101  61  71 126 166 194 175 110  97 125 135 120 138 171 167 187 193 141 122 169 190 158 158 188 217 222 210 193 186 183 179 176 171 164 156 141 141 158 158 145 
120 147 168 193 165  98  68  67  72  58  70 126 169 173 171 169 174 186 199 201 199 194 195 202 202 194 194 201 203 199 197 196 189 164 170 161 158 173 181 170 155 173 167 112  92  97  92  93  88 102 108 131 172 131  71  66  94 143 195 190 142  86  58  68  79 147 212 168 117  92  75  82 136 189 177 174 189 164 129 137 143 135 139 161 174 169 163 156 151 144 140 141 144 143 137 113 104 121 124 104 
 94 137 138 165 159 116 119 151 140  84 100 176 222 202 154 168 196 195 206 203 192 195 208 221 226 219 216 214 206 202 212 220 221 217 201 184 170 189 199 176 175 163 127  92  92 126 152 161 145 133 125 102  93  58  44  91 149 170 179 191 196 137  47  24  87 155 193 180 141  85  62  92 117 123 130 121  96  90  85  82 114 158 153 137 123 124 130 131 132 140 140 144 156 152 140 136 117 109 117 112 
 89  81  57  77 145 163 152 157 159 142 132 154 163 147 154 181 189 172 180 195 201 198 194 189 187 193 194 199 204 203 191 166 154 181 163 145 157 159 134 120 129 157 162 141 127 136 150 150 152 186 170  96  41  28 108 192 161  81  83 170 214 151  73  58 102 127 134 153 117  56  56 123 156 140 162 115  70  58  62 102 159 215 181 158 168 185 187 183 190 193 192 193 197 192 186 184 160 134 131 147 
117 117  93  59 103 162 158 128 122 137 120 117 105  84 140 176 166 141 153 181 197 184 169 161 155 174 181 179 178 170 150 132 127 127 111 101 135 140 109 105 129 165 196 183 148 134 130 106 118 183 193 147 106  90 132 181 157  98 103 183 212 148  81  58  69  79 106 165 147  83  64 118 159 154 163 112  99  91  79 138 202 216 186 182 203 209 207 215 211 208 210 211 209 209 210 196 178 168 148 147 
126 177 181 110  68 123 161 135 109 112 104 135 130  89 143 171 157 144 164 190 201 177 167 172 170 190 195 183 164 136 119 137 159 121 106 109 136 159 151 137 151 163 193 193 159 139 140 127 131 156 168 187 183 139  93 115 166 165 172 199 185 131  77  43  38  57 106 181 206 170 104  83 114 157 126  95 137 152 128 166 201 173 169 188 202 186 184 205 201 193 195 199 196 198 200 173 172 183 160 141 
 98 138 151 112  73 113 172 176 143 121 116 168 188 141 161 178 172 172 189 215 216 192 188 200 203 210 209 205 182 145 125 144 169 135 116 127 139 161 159 137 162 170 185 189 175 158 151 157 174 153 137 162 152  94  46  87 150 157 164 152 116  93  73  51  58  72  88 142 203 219 158  82  86 157 136 109 140 171 173 188 193 164 164 178 188 178 177 190 188 177 175 180 177 178 177 163 165 161 153 158 
 73  66  72  74  96 160 199 196 165 139 130 166 191 164 169 191 191 195 197 214 216 206 198 202 204 198 199 205 196 171 152 148 148 129 104 105 130 140 129 123 158 193 180 165 178 165 137 155 194 162 119 104  70  55  55  75 114 146 138  92  66  85  98  77  90 100  81 100 153 202 192 124  96 146 173 144 114 127 158 166 168 172 166 165 174 182 180 173 159 151 149 157 166 167 164 161 155 141 147 158 
 61  50  54  68 122 193 197 162 131 115 110 146 181 168 159 191 214 214 198 190 192 198 192 189 189 179 181 186 184 172 166 159 145 117  85  90 141 153 140 133 129 193 178 146 164 149 119 139 183 159 122  99  72  84 100  90 123 166 123  64  80 142 158 107 101 125 117 113 128 169 191 156 119 130 186 174 120 105 127 142 152 167 170 162 163 179 183 167 151 148 149 163 177 173 163 166 161 151 155 155 
 63  79  81  88 131 182 178 129  91  89 106 146 168 162 134 146 198 206 189 161 151 161 163 149 143 144 148 136 135 138 136 132 127 101  68  82 134 163 161 136  98 156 177 156 151 119 133 184 208 163 137 142 134 134 137 130 174 192 121  59 109 186 185 118  93 128 149 129 121 158 180 160 124 118 171 182 156 125 109 133 150 162 178 172 161 175 179 163 157 163 175 195 202 183 160 160 170 178 188 186 
 84  98  96  90 107 150 176 159 107 109 148 125  94 125 130 111 125 153 175 161 149 160 156 125 120 141 149 130 126 143 130  96  96 125 106  92  98 115 115 106 117 147 158 153 132 120 142 184 213 183 156 160 169 170 158 139 155 167 124  86 143 180 149 108  97 114 125  98 107 139 151 142 128 155 173 161 143 135 117 132 162 190 184 174 169 164 152 139 129 139 159 182 193 181 160 143 142 166 189 178 
 92  99  99  96 108 126 148 169 136 124 158 116  60  99 142 144 131 144 178 185 189 210 207 182 186 209 218 208 185 183 164 136 151 185 186 172 149 136 118 114 159 156 138 148 143 146 152 158 164 170 164 158 183 198 175 140 120 115 105  96 175 211 175 150 158 165 144 117 135 134 114 128 142 173 175 129 113 148 154 169 201 221 188 161 152 141 136 140 136 137 144 157 165 161 155 155 139 130 136 142 
 74  68  75  97 135 137 113 130 138 117 121  98  72 116 174 190 179 172 167 173 195 213 201 190 192 186 186 172 151 140 117 141 213 208 206 216 228 219 192 177 204 171 112 134 172 187 165 136 120 145 173 180 175 186 190 175 146 123 104  78 138 202 209 201 220 216 152 120 150 165 152 134 100 103 188 171 145 169 199 219 215 187 150 129 128 121 122 135 141 135 132 133 136 136 141 156 152 129 125 148 
101  86  82 100 145 148 102 100 126 109  82  74 107 162 196 178 171 174 143 133 151 155 139 143 138  97  60  45  51  50  22  77 183 163 146 162 201 216 206 201 222 201 139 125 156 189 185 161 132 120 149 198 199 176 171 180 160 142 121  69  96 166 193 184 197 197 148 103 110 143 158 129  88 101 187 211 182 159 180 197 162 114 105 108 116 113 111 117 120 119 119 118 117 120 127 137 138 127 132 154 
175 168 134 113 129 149 131 101  93  79  61  88 158 199 199 135 105 136 142 121 118 105  97 112 100  43   6  15  39  26   0  31  90 103  94  90  97 114 142 167 180 178 169 150 151 177 200 213 191 133  98 154 211 190 153 162 147 149 143  77  93 149 166 150 139 141 139  97  82 108 132 153 157 157 158 166 140 116 113 118  97  81  93 100 101 101 102 103 106 105 106 104 103 113 123 113 111 116 115 116 
199 201 181 129 116 154 152 101  52  41  69 130 182 201 176 126  92 107 131 123 118  99  85 104  80  24  42 107 116  84  37  21  55  77  79  77  68  66  86 108 102  95 132 187 197 181 180 201 218 181 113  83 123 164 176 187 177 177 160  88  77 122 165 174 138 106 125 118 112 147 182 189 168 144 113  91  83  81  75  82  82  81  89  90  86  87  91  89  87  87  89  88  89  99 105  96  98 108 102  84 
143 154 171 139 120 141 133  93  66  80 117 146 155 140 127 120 110  99  96 102  90  79  70  78  48  15 114 195 194 173 125  47  33  60  75  75  71  70  72  78  77  69 102 149 144 144 167 177 187 181 136  60  46 100 178 220 197 184 180 119  63  77 153 226 206 147 153 162 180 216 208 143  97  93  77  49  52  63  65  75  73  80  78  77  83  92  89  80  83  93  98  93  91  98 108 112 106 107 118 124 
144 156 144 131 147 155 146 126  99 103 134 148 110  76 122 150 135 115 114 110  93  85  86  97  63  21  80 133 143 164 137  52  36  85  93  81  99 118  94  81 133 164 124  78  74 100 148 192 177 138 107  83  73  88 131 172 160 151 159 133  72  59 115 188 191 157 163 185 175 169 141  81  66 103  86  69  86  95  89  98 103 113 116 117 120 127 131 131 135 139 144 150 152 149 148 160 155 141 159 201 
174 207 172 163 193 202 175 133  81  74 120 133  90  78 186 219 170 136 149 150 146 138 132 148 107  38  11  17  25  63  50  27  86 149 153 132 140 152 132 117 151 189 151 116 114 106 119 199 228 141  97 136 148 123  98 109 139 153 151 134 106  96 106 110 103 104 101 118 106 112 119  91  99 153 136 106 118 141 149 158 156 160 162 161 159 159 163 166 168 170 169 169 168 158 152 165 154 132 176 242 
160 225 229 228 224 184 120  74  56  94 171 175  86  62 170 222 183 129  98  88  95 106 104 113  93  65  30  15   7  19  14  27  87 123 133 118 106 120 135 146 140 117 135 169 144  98 113 205 230 132  76 122 148 128 119 136 143 163 196 166 108  88  96 105 104 102  79  82 111 126  94  75 119 172 160 102  85 110 128 132 118 106 115 123 120 109 108 112 104  99  90  87  89  81  72  83  77  69 142 224 
172 230 249 251 226 161 105 103 117 149 211 199  85  27  83 175 201 156  68  41  51  63  54  50  50  61  47  39  31  27  34  41  43  59  59  57  70 132 174 174 183 132 102 103  82  58  91 157 151  93  59  62  67  95 155 190 140 131 206 192  92  38  48  74  71  62  44  45  82  94  73 108 175 190 139  95  79  72  50  49  51  31  46  61  58  47  52  63  49  35  23  33  54  57  50  98 156 179 204 185 
187 231 251 253 234 166 123 156 191 204 234 193  79   8  17 115 194 179  79  29  40  41  24  35  43  45  58  56  60  44  47  54  28  27  35  40  61 154 213 193 182 134  71  45  37  43  66  79  64  53  53  35  27  63 128 171 125  87 139 144  66  22  28  36  22  26  26  27  32  38  63 130 175 153 105  86  96  93  61  50  57  74  43  28  51  70  59  42  55  72  66  46  57  90 124 199 246 249 227 148 
175 237 252 250 249 200 138 170 225 241 244 206 114  33  11  52 139 160 113  66  64  63  49  59  70  47  44  60  59  50  78 121  99  52  49  70  99 172 212 202 141  99  60  30  50  66  50  32  37  47  53  45  33  39  70  97  85  67  64  60  42  35  36  33  30  34  39  31  30  31  53 104 116  72  45  80 102 132 139 111 121 166 140  49  57 119  98  71 109 164 176 111  69 117 205 231 214 239 178 126 
182 233 234 233 249 213 158 188 240 246 243 235 189 109  66  58  64  92 157 177 154 156 142 123 130  81  46  41  57 112 156 197 199 115  78 113 155 170 177 192 160 117  54  36  62  69  59  42  50  58  59  53  50  45  46  52  45  33  29  31  36  39  40  40  42  44  47  42  42  39  47  73  76  46  35  91 106 127 179 184 174 222 224 128  66 105 123 115 155 225 244 189 102 138 229 186 156 192 163 144 
196 201 201 214 214 188 186 221 239 247 251 246 229 178 151 142  86  58 131 229 242 233 227 186 155 132  86  52  93 187 205 212 224 157 105 131 155 117 117 185 208 148  66  44  62  59  60  59  65  66  58  52  55  58  54  47  41  36  35  42  43  41  42  45  48  47  42  48  48  45  47  55  56  46  77 118 107 116 190 224 213 217 243 189  88  75 113 138 177 224 238 218 159 184 215 145 137 205 182 114 
226 214 209 203 166 166 218 246 210 206 237 250 246 218 195 206 176 112  94 158 216 228 248 216 169 180 149 141 187 216 189 170 146 122 125 142 123  74 110 191 180 116  71  46  55  59  58  63  67  64  54  50  56  56  58  60  53  48  50  50  44  40  41  44  46  43  35  51  48  43  47  48  48  49  93  91  81 116 175 203 218 224 219 167 113 125 170 184 172 185 198 168 123 145 119 113 176 214 158  89 
240 244 224 187 173 198 236 245 169 113 149 229 253 250 220 218 227 182  97  59 111 204 253 234 184 153 187 234 237 192 174 165 105 111 127 123 103 102 153 169  86  54  64  54  61  68  65  70  71  63  52  48  48  50  64  75  67  60  58  50  44  43  44  45  46  43  38  53  47  41  48  52  52  58  61  38  55 121 154 159 185 218 159  95 121 211 233 184 120 106 134 107  57  65  40  81 149 151 108  94 
239 238 222 187 211 237 238 238 157  51  46 123 190 231 233 229 243 215  96  26  67 180 237 234 163 117 184 235 213 207 227 193 137 167 152 104  67  93 151 125  49  45  59  64  66  65  71  71  69  61  56  54  46  49  61  65  65  59  51  45  49  53  52  50  46  43  41  51  48  46  52  57  62  70  65  45  58 106 132 133 141 139  87  48 107 186 164 100  52  43  70  89  90 103 102  87  80  68  86 117 
243 238 235 209 220 245 245 246 164  46   3  29 106 192 222 229 247 212  97  26  52 106 151 160 104 120 218 208 140 182 240 237 199 157 178 163  90  58  82  66  55  57  57  67  66  59  64  59  57  57  62  63  55  56  56  54  61  59  51  51  58  60  57  50  44  42  43  53  51  49  51  52  56  63  63  59  52  59  82  97  93  75  57  57  86  94  71  53  58  59  50  59  89 113 135 127  81  37  61 137 
244 243 243 219 216 239 254 249 141  29   6  57 138 218 234 242 226 133  60  52  64  65  90  83  64 109 201 203 113  92 143 226 219 129 112 137 100  48  47  50  54  53  56  59  60  59  57  58  56  61  63  58  54  54  50  46  48  51  52  51  59  59  51  45  43  45  48  50  49  50  50  47  47  53  52  60  56  42  45  56  60  61  68  85  75  59  68  75  81  72  56  45  59  83  98 141 165 120  59  97 
247 238 233 220 222 246 244 198  80   9  57 159 232 251 255 240 141  56  51  80 101  87  70  74  80  92 131 153  99  48  51 127 167  96  49  58  77  70  61  54  55  52  49  49  52  57  59  60  66  68  61  53  53  59  53  43  45  50  49  46  50  51  46  45  47  49  50  46  49  57  59  51  45  48  52  46  49  55  50  45  53  73  81  78  76  85  93  94  84  83  86  79  58  47  48  87 190 217 138  92 
246 239 241 238 231 250 222 120  24  52 157 229 247 248 219 141  57  62 100 118 100  80  77  89 100  98  78  63  69  78  66  52  66  76  67  55  56  66  72  66  52  57  57  54  51  51  53  58  68  74  69  60  61  65  61  54  54  54  48  45  47  45  44  47  53  55  54  51  54  62  66  60  50  47  48  40  46  60  57  53  61  76  80  65  68  79  79  86  91  94 113 127 109  81  65  64 118 202 228 184 
241 242 252 248 229 202 165 108  95 160 234 254 226 185  92  30  74 156 158  94  71  78 105 123 116  91  67  50  69  85  82  58  54  75  92  76  58  57  66  72  60  65  66  61  57  55  57  60  67  76  76  68  65  67  68  69  67  58  48  46  50  50  48  52  58  60  56  58  56  58  66  67  59  51  47  44  43  51  60  66  69  75  70  59  66  66  57  67  80  89 104 127 148 161 163 135  98 125 208 246 
238 238 238 223 191 149 149 174 222 236 210 173 145  99  30  63 158 174 105  71 107 135 125 111 104  89  79  83  83  69  81  91  81  84  79  77  77  68  65  74  74  70  65  63  64  68  70  69  68  71  72  68  65  66  69  73  71  59  49  51  57  58  57  58  60  59  56  58  52  51  61  67  62  55  56  59  55  53  64  72  69  71  64  62  66  62  61  71  73  76  75  82 111 154 189 200 174 147 182 245 
238 226 200 170 136 141 205 240 228 167 121  90  91 113 113 170 181 108  76 129 153 140 105  86  83  84  89  83  83  81  80  95  80  79  79  79  72  73  79  78  75  68  64  67  73  77  77  74  67  63  61  61  70  73  70  69  67  60  55  59  64  66  66  62  58  55  54  52  48  49  59  65  63  60  65  66  67  67  68  70  69  63  61  62  53  59  80  82  77  64  65  68  67  78 102 132 155 187 223 249 
231 232 177 139 115 123 193 236 173 108 124 159 172 198 214 196 153 137 169 155 110  81  87  89  85  92  85  84  89  96  94  92  81  75  79  76  69  70  75  73  69  67  67  71  75  77  78  74  65  60  61  63  63  64  65  67  69  68  65  64  67  66  59  55  53  51  50  47  47  50  59  65  66  65  69  71  73  73  70  66  64  59  61  61  54  58  75  86  83  71  82  97  91  86  86  86 110 155 225 252 
195 215 160 132 140 122 131 203 221 201 218 242 246 245 249 230 195 167 146 126 110 108 113 105 101 108  99 100  97  95  98  92  82  75  73  70  68  68  71  73  70  69  69  75  77  77  73  68  64  62  64  63  58  57  63  70  74  72  69  67  65  61  53  48  46  45  45  46  47  51  57  65  66  64  67  70  71  72  69  64  61  61  64  64  64  65  71  80  91 102 109 110 124 148 171 199 190 180 214 248 
175 189 156 148 163 145 133 201 254 253 253 252 251 250 251 251 229 185 150 160 173 168 143 125 118 114 115 108  97  91  89  84  77  74  71  66  64  67  75  81  79  72  72  80  81  73  62  59  61  63  64  62  60  61  67  77  79  73  67  67  66  64  58  49  42  42  45  48  48  50  55  62  62  59  65  68  70  69  65  61  59  62  66  71  74  77  78  81 100 112 105 102 130 160 166 151 136 149 202 248 
169 180 184 196 191 194 205 234 246 251 252 247 249 250 251 254 239 195 157 134 136 130 121 122 120 109 105  98  91  88  85  78  73  74  69  64  63  69  78  86  86  76  76  83  83  71  58  56  63  67  65  63  62  63  71  81  82  72  66  65  71  73  67  54  42  41  45  46  45  47  53  60  62  60  70  74  75  70  64  58  56  60  66  73  76  79  84  88  90  90  88  97 108  92  63  54  86 144 195 227 
140 173 212 222 230 239 247 243 211 204 203 225 248 252 247 251 249 199 143  99  89  81  79  86  93  97  88  85  87  90  88  78  73  72  69  66  65  70  79  84  81  75  75  82  84  77  68  65  70  68  61  56  53  60  71  79  81  74  71  72  73  74  70  55  42  39  42  42  42  47  56  66  72  72  73  77  78  72  64  58  57  61  67  70  66  66  78  87  82  80  83  81  66  52  49  85 156 185 177 197 
144 173 202 197 219 252 253 246 180 117 129 188 224 253 250 237 240 219 198 186 174 148 115  93  87  88  89  85  88  93  89  81  76  73  74  73  73  74  79  81  75  74  74  77  81  82  81  77  74  67  60  56  55  60  69  75  76  74  71  72  72  71  67  56  45  40  41  46  46  50  58  68  74  76  67  71  76  72  65  61  62  66  67  64  58  59  71  83  84  75  69  60  64  98 144 184 162 116 129 192 
184 176 179 169 185 202 193 218 168  99 136 170 193 242 236 198 194 187 180 194 210 209 190 166 139 115  99  90  88  90  86  80  78  78  80  83  83  82  83  82  75  77  75  72  73  81  86  82  75  68  64  65  67  67  68  70  70  66  63  62  69  72  68  61  54  49  48  54  54  54  58  63  66  65  55  62  69  68  64  64  68  70  65  60  59  64  76  81  72  61  63  85 118 152 171 148  87  77 166 214 
