 56  64  75  73  63  57  59  66  72  75  81  89  86  84  84  77  80  95  89  92  96  86  65  56  65  56  59  65  67  69  71  73  76  77  75  73  76  77  83 103 124 137 137 131 126 120 115 110 111 116 122 120 123 129 142 161 183 216 244 247 242 230 216 202 189 182 185 172 170 164 151 159 157 158 158 141 140 150 142 155 204 226 128  41  44  49  42  31  28  30  30  31  32  31  30  29  27  28  30  31 
 59  63  79  71  60  51  52  60  68  70  80  88  84  80  76  72  81  95  84  83  88  82  64  55  60  58  65  75  77  77  76  72  76  76  71  72  76  91 115 130 138 133 126 125 126 126 123 121 119 121 124 124 129 135 150 169 188 220 245 248 245 234 218 200 184 176 177 167 165 161 150 158 160 147 134 134 144 145 135 147 196 229 142  43  25  33  33  29  31  34  32  27  28  31  30  27  26  25  27  25 
 60  58  70  71  58  45  50  66  70  62  73  79  77  79  77  74  85  93  84  81  81  76  64  54  51  57  69  82  84  82  80  79  76  72  73  86 102 120 137 144 140 126 118 122 129 130 129 128 127 127 126 130 138 145 159 175 190 218 244 248 244 233 217 199 183 174 173 167 166 161 156 162 167 156 138 141 147 139 140 144 182 220 156  47  13  29  32  26  29  31  28  27  29  30  27  25  25  25  25  25 
 63  55  57  60  55  49  55  69  75  71  71  69  71  84  87  80  85  90  92  91  83  71  62  54  45  55  68  78  81  77  77  83  77  79  93 117 139 148 145 139 131 126 126 129 132 132 132 132 134 136 137 142 150 156 167 179 188 212 238 242 236 225 214 202 192 180 174 171 167 159 158 159 162 162 150 154 155 144 147 137 164 206 169  58  12  35  36  29  28  27  26  28  31  29  27  26  27  28  28  28 
 69  62  58  56  67  70  57  53  65  77  78  68  68  89  92  77  77  83  97 100  86  70  60  56  48  57  65  72  76  75  75  83  92 108 127 143 150 154 148 136 129 133 136 134 134 134 137 140 143 148 151 153 159 164 172 179 185 206 229 233 229 221 214 207 199 185 173 172 163 151 152 152 151 152 145 154 163 155 142 126 151 198 188  75   9  31  35  32  34  32  27  25  27  29  25  25  29  31  30  31 
 77  70  66  65  73  72  54  49  65  80  83  69  67  87  84  68  72  78  95  99  86  70  61  56  60  66  69  71  78  82  83  95 119 142 151 148 142 140 141 139 136 134 131 129 131 134 141 147 152 154 154 153 159 162 170 176 179 199 219 228 232 228 220 207 195 180 167 171 163 154 160 157 158 162 156 144 153 159 140 131 157 202 203  89   7  26  34  31  32  30  26  27  31  30  26  25  28  31  29  29 
 76  74  73  69  65  47  47  84 107  96  77  65  69  83  81  67  72  76  89  94  84  72  63  60  71  73  70  72  82  87  92 116 141 157 153 143 138 132 129 136 135 128 121 121 125 128 136 146 151 152 155 154 156 158 161 165 172 194 215 226 235 232 222 205 189 175 166 169 166 162 171 172 175 183 176 145 140 153 149 144 159 199 211 104  10  25  36  30  27  25  25  31  35  30  25  26  31  31  26  20 
 61  72  72  64  60  58 105 183 188 124  64  57  71  83  99  85  72  77  87  91  80  67  69  76  72  69  73  79  84  95 115 140 149 150 141 137 138 136 130 127 128 128 125 124 125 127 134 143 142 142 152 150 145 148 150 154 171 194 220 234 235 221 205 196 190 186 182 174 164 160 161 166 172 171 168 162 149 147 155 146 147 186 218 123  18  19  29  26  28  32  33  28  28  31  28  28  28  25  19  12 
 61  70  69  56  63 122 208 253 219 134  61  64  70  76 108 101  72  82  83  83  80  78  78  77  71  72  82  87  97 130 157 154 150 140 131 132 135 137 133 127 131 139 140 136 139 144 149 148 138 131 137 139 141 149 158 163 171 180 206 226 231 210 184 176 181 191 191 183 168 155 150 149 156 150 155 165 167 158 150 149 149 185 216 126  25  24  32  27  28  31  31  28  24  20  22  17  10   9  21  40 
 68  76  74  54  83 175 245 249 196 105  59  74  77  68  92  93  74  85  85  85  84  82  75  71  91  95  83  86 126 164 167 146 137 125 125 133 138 137 131 127 134 143 145 141 143 149 151 145 134 132 141 150 156 163 171 175 176 174 193 211 220 207 184 173 174 177 176 173 167 159 153 151 153 152 157 166 168 160 154 152 152 186 217 132  28  24  34  36  32  22  17  23  26  15   7  10  23  54  93 139 
 69  72  70  51  90 196 246 199 136  90  77  79  74  63  77  80  76  78 100 102  78  64  76  90  99 104  98 114 150 159 140 126 124 119 123 134 139 135 132 136 143 145 142 143 144 146 147 144 144 153 166 166 168 174 180 187 190 189 195 193 191 190 189 186 185 177 167 158 155 157 158 157 153 161 163 155 151 156 163 154 158 190 224 142  37  22  21  32  35  28  18  13  14  12  17  53 109 158 193 215 
 65  64  67  73  87 148 175 122  84  99 102  80  62  54  73  80  82  87  93  84  72  77  94 103  98 106 127 148 147 132 121 123 126 124 124 131 134 136 141 147 152 147 142 148 150 149 151 155 166 177 179 189 191 181 167 160 159 156 148 143 154 178 198 200 197 185 173 158 149 148 151 154 151 160 158 148 144 156 166 157 161 192 225 149  42  23  17  11  10  14  20  21  31  60 100 159 209 220 201 173 
 61  61  72  88  87  76  68  69  84 106 108  88  62  40  59  80  93  90  76  60  69  95 103  96 110 135 146 136 127 126 127 133 138 133 125 127 134 143 150 152 154 149 145 152 156 157 160 169 185 189 176 171 166 143 111  88  78  73  71  77  99 136 163 173 174 182 185 183 174 163 159 161 159 159 154 154 161 165 161 163 163 186 217 142  36  15  15  18  21  30  58  94 129 168 196 206 192 159 113  74 
 54  51  65  90  91  75  64  74  91 101  99  92  64  40  55  79  86  75  77  79  84  91 102 114 140 143 136 125 126 133 138 140 143 139 130 128 138 149 153 148 144 142 148 163 166 164 169 180 191 175 136  93  76  61  41  32  31  34  40  42  41  44  56  83 108 155 187 209 205 192 183 179 171 161 162 173 179 175 169 164 163 187 209 126  17  19  48  85 111 127 150 196 216 217 188 136  85  55  46  41 
 61  51  58  82  97  90  74  88  99  85  74  82  82  77  78  78  73  84  93 101 101 100 115 134 137 134 133 135 135 135 133 132 137 139 136 138 151 159 156 151 146 145 150 155 171 190 194 168 121  80  56  39  33  31  26  25  32  42  46  46  39  26  20  31  47  73 105 141 172 198 209 205 192 178 179 187 183 179 184 166 148 185 199 109  48 109 160 189 211 215 204 194 159 124  86  51  37  38  45  46 
 67  56  58  74  88  81  70  89 103  86  67  84  97  92  81  79  83  99 100 105 111 116 126 130 116 121 127 131 131 124 120 127 133 135 137 144 153 155 155 163 174 185 189 184 178 161 124  82  47  28  26  35  42  45  41  36  37  44  43  46  48  44  39  37  38  38  43  53  77 118 154 169 179 183 203 215 200 187 187 163 165 207 182 105 120 208 228 202 176 150 123  93  59  44  36  35  43  48  41  37 
 63  54  57  66  72  87  97  87  76  80  97 101  88  68  69  90 106  95  91  98 113 122 119 111 114 112 114 119 121 118 116 123 126 127 139 157 164 168 180 187 190 187 175 163 128  75  30  20  36  44  42  35  34  34  31  27  25  25  25  26  28  32  37  40  43  48  48  38  28  36  61  82 100 122 148 164 174 188 196 168 165 162 126 131 189 216 172 108  70  43  32  39  40  47  52  51  42  34  31  33 
 66  54  54  56  74 101 107  85  70  77 100  90  70  66  84  98  94  84  98 111 117 119 117 117 124 118 116 119 126 134 135 129 126 124 148 181 188 180 176 163 134 103  79  62  43  29  30  36  38  32  30  29  26  24  25  29  29  26  28  27  25  28  30  32  32  32  39  45  44  41  42  44  40  49  44  45  86 159 209 201 145 100  97 169 223 173  73  24  35  41  38  45  47  41  42  35  27  26  30  31 
 69  57  57  60  81  93  83  83  93  94  70  62  73  96 102  90  83 103 122 132 124 120 125 132 132 132 133 133 139 150 157 155 148 145 167 187 170 123  88  80  55  40  33  23  19  28  36  37  31  26  23  26  26  24  25  27  27  25  26  26  27  26  26  25  24  27  28  32  40  47  46  43  38  40  25   9  31 123 208 221 172 144 153 197 215 138  35  10  41  51  48  41  35  29  30  33  36  35  30  29 
 64  58  64  67  79  88  88  91  90  80  55  61  99 122  99  87 112 136 138 132 124 124 128 131 144 150 154 154 154 160 164 166 166 170 186 181 126  56  22  28  26  33  39  28  20  28  33  28  25  28  25  24  25  27  26  25  23  23  25  26  26  25  26  28  30  28  28  28  30  32  36  40  42  47  46  21  21 116 217 205 180 174 192 215 195 103  26  22  47  34  33  31  29  29  30  30  27  27  31  32 
 63  64  61  64  76  99 109  84  62  65  73 100 122 116 106 119 141 145 142 137 133 133 134 138 151 163 170 169 171 174 180 184 172 181 204 177  82  12  17  38  35  29  32  29  25  26  26  25  25  25  25  24  24  24  25  24  24  24  25  25  25  24  26  29  31  30  28  25  24  25  29  33  37  42  46  22  26 128 229 204 146 131 156 210 203  97  17  20  38  29  21  30  30  27  23  22  22  26  31  32 
 58  64  66  63  83 102  90  64  58  71 110 113 114 120 129 134 136 141 149 154 151 145 146 150 159 172 182 186 193 197 201 208 194 189 208 167  53   3  23  40  35  24  25  25  24  23  22  23  25  25  24  23  24  23  23  23  24  23  25  24  24  25  26  27  28  28  26  25  24  24  23  24  28  27  30  15  34 135 222 201 133  94 103 195 220 105  20  16  31  26  21  33  31  24  24  22  23  25  28  31 
 50  58  68  88  91  78  56  52  77 106 122 118 119 129 139 139 135 141 153 161 160 156 157 163 171 180 189 197 206 209 202 202 202 184 198 155  53   6  16  31  27  19  22  25  22  21  19  21  26  28  24  22  22  23  23  23  23  22  25  25  23  23  22  21  20  22  22  25  26  26  25  24  28  26  28  14  46 138 197 187 143 108  81 178 232 116  26  13  31  32  23  28  23  21  26  27  24  24  26  28 
 48  65  82  86  76  70  72  76  93 119 122 129 137 139 139 142 147 148 152 154 155 159 167 174 182 187 192 198 205 205 197 203 203 179 194 160  67  15  10  19  18  19  24  23  22  20  19  22  28  30  25  22  22  22  22  22  22  22  23  24  24  22  21  19  18  20  20  22  23  26  29  30  25  27  28  14  64 160 194 169 143 120  65 148 235 142  37  13  30  36  25  23  18  20  27  28  25  23  25  26 
 75  84  79  65  65  85 105  99  97 117 139 139 138 139 144 150 156 162 159 157 161 170 181 189 195 197 198 200 204 203 201 209 193 172 200 180  75  11  15  20  22  23  25  21  20  21  21  24  27  27  25  21  20  21  21  20  21  21  22  22  23  24  25  26  27  23  21  19  19  21  24  28  25  27  22   8  77 186 205 159 134 117  61 134 242 174  51   9  19  31  26  28  23  21  25  26  24  23  24  25 
 88  83  70  79  81  88 102 109 122 138 145 141 138 142 150 157 161 170 177 186 190 195 203 208 208 209 205 200 201 201 200 203 183 165 195 191  95  16  15  28  31  25  21  20  20  21  24  25  24  23  22  21  20  21  21  21  20  20  22  21  20  21  23  25  28  26  24  22  20  21  22  24  27  27  22   8  88 201 201 157 147 128  58 119 241 196  64   9  14  30  27  29  25  23  23  22  23  24  24  24 
 67  72  86 106  94  85 100 128 146 150 139 144 151 155 158 163 169 177 192 207 213 214 219 221 215 214 206 199 196 193 196 205 189 174 189 188 121  36   8  29  31  24  19  19  20  21  25  25  21  18  19  20  21  21  20  20  21  22  23  21  20  19  20  21  20  26  29  26  23  23  23  22  23  28  19  11 107 212 196 155 155 126  39  89 226 205  71  11  19  33  27  20  22  27  24  22  22  23  25  23 
 66  82  95  95  86  90 115 138 147 148 144 151 159 163 165 171 177 192 200 211 218 222 223 223 219 213 206 200 197 197 200 208 197 189 194 187 137  52   5  25  23  22  21  21  22  23  22  20  17  17  23  19  19  20  17  18  21  20  20  20  18  19  20  20  17  23  31  27  18  21  27  25  26  28  10  18 123 214 184 151 152 117  31  79 214 208  82  13  20  31  25  17  19  24  25  26  25  26  27  24 
 89  94  80  80  91 110 127 133 136 141 147 155 162 164 168 180 191 202 208 215 219 220 219 221 221 216 210 206 206 209 207 204 198 192 193 188 137  49   5  26  22  18  18  27  26  19  18  21  23  21  21  21  23  26  22  21  21  19  17  20  26  30  28  23  18  26  29  22  15  19  26  26  26  20   8  37 142 208 168 154 161 111  22  69 204 212  98  20  16  26  29  24  22  24  27  27  25  22  22  26 
 89  87  84 103 117 128 131 128 129 135 146 156 164 167 174 188 202 209 212 215 216 216 216 215 214 216 218 217 213 210 203 191 191 191 189 188 145  54   5  22  19  17  16  26  25  16  17  26  31  23  18  27  32  27  19  15  14  13  13  16  20  23  23  20  19  20  24  24  21  25  27  26  28  18   8  56 151 202 170 155 164 119  33  58 181 209 116  31  17  21  30  32  30  26  25  24  21  20  21  26 
 81  92 115 115 118 124 128 134 140 143 146 155 166 173 179 191 202 209 211 212 211 211 212 213 212 214 214 211 205 200 192 185 188 189 181 188 155  61   5  17  18  20  18  19  22  18  17  25  26  19  22  18  14  10   7   8  16  21  28  22  11   8   8   9  12  14  20  24  27  28  24  21  28  20  10  66 144 194 189 158 150 118  39  40 158 207 127  40  18  18  24  30  24  13  16  23  27  25  28  28 
 97 105 112 109 117 128 136 145 148 147 154 162 170 177 183 190 196 205 204 205 204 203 206 209 212 207 200 194 191 189 188 186 187 187 174 188 165  70   8  18  21  24  19  19  17  16  23  30  20   6   5   8  13  24  37  57  79  92  93  86  76  69  59  41  24  10  11  12  19  25  29  30  25  19  11  71 137 186 205 162 134 109  33  33 159 212 128  36  20  19  20  21  25  27  24  27  23  14  16  11 
103 102 103 116 137 153 153 154 160 163 169 171 175 180 184 188 191 197 196 194 192 193 197 199 193 192 189 187 187 188 187 181 182 181 166 188 176  77  10  24  24  25  18  25  23  17  22  23  11   7  24  51  72  96 121 145 166 175 174 165 159 158 149 121  93  65  47  25  13  14  20  24  26  20  13  83 139 182 214 167 130 111  38  48 182 222 122  25  18  31  33  27  34  37  19  13   9   8  18  40 
109 116 117 124 144 164 169 171 178 184 186 181 178 180 186 188 186 187 185 188 188 184 183 185 181 187 190 191 192 188 181 173 174 169 160 189 182  84  12  25  26  16  21  25  23  17  11  15  27  56 104 133 147 160 167 171 174 172 165 160 159 165 176 181 184 173 142  98  56  24  11  10  18  12   7  78 162 193 187 142 133 123  37  59 196 214 106  24  23  38  35  15  19  13   5   6  14  42  85 141 
118 128 126 143 149 158 178 200 208 203 196 187 180 181 185 184 180 181 179 182 183 178 175 178 183 192 194 187 181 174 165 162 166 160 157 189 180  82   8  19  28  14  16  12   6   5  24  70 117 149 168 179 170 152 136 117  97  88  82  86  95 107 130 164 192 195 191 175 146 113  79  53  26   7   4  63 166 196 140  90 118 130  42  54 186 201  99  21  12  13  15   2   2   7  31  60  95 141 184 199 
116 124 132 152 161 173 197 224 231 219 207 198 187 185 184 181 175 175 173 174 177 175 175 177 183 191 188 177 165 158 154 156 165 161 163 191 170  72   5   7  18  10   8  10  24  47  92 151 192 195 179 144 106  79  67  53  36  34  33  37  41  43  58  92 123 148 175 196 200 192 162 124  85  50  41  79 172 200 119  70 111 126  38  50 182 198  89  12   8  11  28  35  47  74 113 152 188 207 203 174 
112 117 131 147 180 218 234 240 240 234 221 210 198 192 190 184 177 172 171 171 171 175 176 175 173 171 166 160 158 156 157 166 170 165 172 191 153  62   5   7  17  18  32  56 103 145 180 194 174 135 101  66  41  28  27  32  35  41  43  43  40  30  27  39  55  71  93 125 154 175 183 183 175 146 123 136 187 185 123 109 130 111  29  74 210 203  74  18  48  80 112 139 152 160 171 183 184 160 121  86 
116 122 135 155 199 242 253 250 248 245 232 219 207 201 197 190 183 177 174 169 167 168 167 163 156 146 143 148 155 160 164 171 168 162 170 177 140  56  15  40  59  78 110 144 179 188 173 138  95  60  36  35  42  39  34  36  43  44  45  47  48  46  44  43  45  38  38  53  77  96 124 157 184 187 178 191 200 178 163 165 169 119  37  89 188 150  60  67 139 184 188 186 184 169 139 119  97  62  35  29 
126 137 146 169 207 239 247 249 250 245 236 224 211 204 200 192 185 178 175 167 162 162 158 151 150 143 145 153 156 160 162 166 162 156 159 161 143  99  97 137 148 166 188 194 172 123  76  43  35  36  40  38  39  40  38  35  36  38  37  38  41  45  47  48  47  51  44  42  42  41  53  73 101 121 144 159 164 171 183 187 197 151  63  79 125  81  86 145 195 194 151 116  97  77  56  41  35  33  39  40 
130 145 154 178 216 245 246 246 247 245 237 225 211 203 198 190 183 176 174 166 162 163 159 151 156 156 162 165 160 157 158 162 161 155 154 156 159 156 186 211 191 178 165 125  82  43  21  24  39  41  42  38  29  28  33  29  24  31  35  34  32  29  30  34  38  50  53  51  45  41  39  37  44  48  71  63  66 103 121 161 188 170  94  93 128 103 153 200 164  95  50  42  40  39  40  32  31  41  47  42 
122 141 157 186 225 251 247 245 247 244 234 224 210 200 194 187 180 174 174 169 163 163 163 162 163 162 164 167 167 165 164 158 164 173 162 176 188 172 160 145 125 101  67  39  22  27  43  46  36  27  26  28  28  26  25  26  27  28  29  28  27  26  26  28  30  29  29  32  42  51  52  46  40  47  43  32  28  25  48 124 188 180 135 149 177 178 194 200 127  26  18  44  38  52  52  37  27  32  35  28 
122 141 159 189 227 251 247 245 246 240 230 219 206 198 193 188 182 179 180 175 169 169 172 170 163 161 160 162 166 167 174 173 153 169 188 183 155 103  58  41  34  39  38  30  35  41  40  36  29  25  23  26  27  25  24  23  24  25  25  25  25  25  26  28  29  25  24  24  25  28  35  39  41  51  57  54  48  21  23 104 187 202 166 159 166 168 195 194 109  22  21  49  38  35  37  30  25  25  25  23 
122 142 158 189 226 251 248 246 245 238 230 219 206 198 193 187 182 183 185 181 176 176 177 174 164 161 156 156 161 164 165 155 147 182 201 142  59  29  33  37  41  37  33  37  37  30  26  26  28  28  27  24  24  23  21  21  23  24  23  23  22  21  21  22  23  26  30  31  25  22  25  30  39  38  39  44  50  24  26 106 185 193 151 133 125 132 191 187  89  15  20  45  38  28  29  29  28  24  21  22 
126 141 154 184 220 246 249 248 249 244 237 225 211 200 193 186 180 180 184 184 179 177 174 168 163 162 158 157 161 163 158 145 153 190 184  95  19  25  47  39  40  37  31  28  27  26  23  22  23  24  24  24  23  22  20  21  22  23  23  22  22  22  21  22  22  24  27  28  26  23  22  22  30  28  27  29  36  14  17 102 186 178 137 124  91  86 183 190  85   9  11  32  34  29  25  26  26  22  20  20 
132 143 151 178 210 237 244 248 250 247 238 226 211 199 191 183 176 174 180 181 176 171 165 159 157 162 161 164 171 173 166 149 155 190 166  75  20  30  41  31  29  29  25  25  29  29  25  19  17  20  27  28  25  22  20  19  18  17  21  22  23  24  26  26  27  22  19  16  18  23  26  27  26  27  27  23  26   7  17 108 192 172 136 129  76  57 174 196  93  10   8  25  26  30  27  23  21  19  19  21 
137 147 155 176 203 229 237 241 244 244 231 218 204 195 188 181 175 175 179 176 168 162 158 153 154 161 160 164 176 181 170 144 154 197 157  62  14  16  23  26  28  23  19  23  26  26  23  20  19  21  24  22  20  19  17  17  18  18  21  23  23  23  23  23  22  20  18  18  20  23  25  26  24  23  19  14  21   9  26 120 194 168 136 124  65  49 163 194  98  10  13  25  18  29  33  24  19  23  21  22 
140 151 161 178 202 226 234 237 239 239 222 210 198 190 185 181 177 178 178 173 166 162 159 154 156 157 156 160 171 176 166 141 159 201 150  59  20  23  26  15  15  24  27  23  22  22  22  21  20  17  14  15  18  18  17  16  18  21  21  21  21  19  17  15  13  17  20  23  25  24  22  20  19  20  20  19  20   5  22 117 185 168 145 129  66  47 152 187 102  14  13  26  14  23  30  23  19  21  20  21 
147 162 172 190 209 228 237 240 239 237 218 205 191 184 181 178 175 169 170 173 177 177 170 164 166 150 151 156 165 170 157 125 149 192 153  70  20  22  30  22  13  19  22  20  21  20  18  16  14  15  16  17  19  19  18  16  15  17  18  18  18  18  18  17  17  18  18  19  19  20  20  21  19  21  22  23  15   6  38 134 178 148 131 129  68  40 142 189 119  25   8  22  18  21  23  23  21  19  21  20 
157 173 183 199 213 226 229 230 231 229 216 203 189 181 178 173 170 168 166 167 175 179 177 173 171 164 158 153 162 172 162 126 131 177 163  82  16  11  24  24  15  17  17  20  24  20  15  13  14  16  17  18  18  18  18  17  17  16  19  19  17  16  18  22  25  21  18  16  14  14  16  18  27  26  23  20  12   4  47 146 179 128 116 125  62  30 127 196 138  35   5  18  19  19  22  23  21  21  21  21 
154 172 184 199 209 217 218 221 224 225 218 207 192 185 180 176 172 177 165 160 164 169 172 170 164 183 183 162 158 168 170 146 129 166 165  88  16   8  20  23  15  15  15  18  21  17  13  13  17  19  18  18  17  16  18  21  21  17  13  15  17  19  20  19  18  20  18  17  17  19  21  23  24  24  26  23   9   4  52 147 173 115 115 134  66  18 100 192 156  54   6  16  19  17  20  22  21  21  21  19 
145 161 176 196 207 214 218 225 231 234 223 212 199 192 187 183 178 169 165 169 175 171 165 165 171 184 188 172 167 171 167 142 125 159 169 101  24  10  16  17  14  18  17  16  14  13  14  17  21  21  17  18  19  18  21  24  25  23  16  16  17  18  18  16  15  15  15  17  18  18  19  18  19  19  22  21  10  14  79 167 156  89 107 144  71   8  87 180 155  61   9  16  20  18  18  19  21  20  20  18 
141 152 168 185 196 206 214 224 230 231 221 211 200 193 190 186 181 170 165 166 169 169 172 183 182 168 170 172 175 174 163 138 126 159 182 123  33   9  16  16  13  20  19  13  11  13  17  20  20  17  15  16  16  15  15  17  19  20  24  22  18  16  16  17  20  18  18  18  18  17  16  15  18  14  17  16   9  32 111 175 135  74  97 145  85  13  81 167 146  61   9  16  22  19  18  17  19  19  19  21 
140 145 161 173 184 197 208 217 222 220 213 203 193 188 186 183 179 168 163 163 161 157 168 184 176 157 162 166 165 171 167 138 119 142 186 143  40   8  15  17  15  20  18  11  14  19  23  22  15  12  12  19  22  19  16  13  15  19  21  21  21  20  20  20  19  16  15  15  15  15  17  18  18  13  17  15   8  32 113 161 144 109 113 135  83  13  62 155 146  69  12  11  20  22  17  15  17  19  18  20 
139 145 161 167 178 190 199 212 219 214 205 198 189 184 181 176 172 168 163 162 160 149 149 159 160 157 171 166 155 164 172 138 102 138 177 139  52   8  13  20  18  17  18  16  15  19  21  18  13  11  12  19  24  24  21  20  21  19  24  19  16  21  22  19  18  19  17  13  11  15  20  18  18  14  14  15   9  36 109 140 166 174 117 115  95  10  48 147 156  78  16  12  19  21  17  14  17  18  15  14 
142 147 159 162 174 184 191 206 215 212 202 195 185 175 167 161 158 156 154 155 155 149 144 145 150 160 171 160 156 177 192 151  95 129 169 140  59   7  11  20  18  15  19  18  16  15  13  15  19  21  20  16  14  13  11  11  15  18  20  13  10  12  12  12  12  19  24  22  18  19  20  17  18  14  12  17  12  45 114 134 178 197 117 109 103  13  45 146 161  82  18  14  19  16  17  19  17  13  10   9 
146 151 159 162 171 179 184 195 203 201 196 188 176 165 156 149 147 148 148 147 149 156 158 156 162 162 154 147 172 216 225 160  96 121 165 144  62   8  12  18  17  14  18  17  16  14  11  15  21  20  13   9   7  10  13   6   2   8   6   7   7   5   5   7   6  17  21  18  12  12  14  14  18  14  13  18  10  45 119 158 186 181 110 104  91  12  47 148 162  85  19  13  16  14  17  16  12  12  15  18 
146 150 157 161 168 173 174 180 185 185 184 180 172 165 161 155 152 155 152 144 146 163 172 170 173 166 151 155 203 245 241 168  97 129 172 138  62  14  12  17  16  14  16  15  14  17  21  23  18  13   9   6   4  13  27  26  26  42  58  61  49  33  27  21  10   6   6   7  10  16  23  26  16  15  16  16   6  39 125 183 170 133  93 112  91  12  48 149 163  83  17  11  17  16  15  13  14  19  25  29 
139 139 145 157 164 167 168 170 174 178 178 175 173 170 168 164 160 156 153 146 145 155 159 157 167 168 158 165 216 251 247 178  90 126 176 138  60  16  15  17  17  16  16  13  17  24  24  15   6   4  13  16  24  50  80  93 101 116 137 134 120 106 100  89  74  49  29  11   9  13  19  22  14  16  20  19   6  44 139 189 142  84  90 137  95  11  48 145 159  79  17  13  21  18  16  18  23  24  21  17 
135 139 143 159 165 170 169 167 168 170 171 169 166 165 164 164 162 152 149 147 146 143 140 143 161 155 147 165 220 251 234 155  84 124 176 143  64  15  14  15  16  19  20  19  19  17  10   5   8  22  36  56  80 118 151 161 153 143 145 144 144 151 158 158 157 138 105  65  37  19   9   8  11  11  18  21   8  49 144 192 135  65  92 148  90   9  52 146 157  76  17  16  24  16  16  17  17  14   9   8 
141 152 157 170 174 176 173 165 162 162 164 160 155 154 157 162 162 156 149 148 147 141 142 150 144 132 143 190 244 244 189 110  89 135 173 143  70  17  12  13  17  22  23  25  16   8   7  23  55  85  99 110 127 147 160 162 151 136 128 126 133 146 152 156 165 162 155 147 128  90  51  30  12   6   9  16   8  44 134 186 132  57  87 144  92  22  62 152 157  75  13  13  22  13  11   5   2   4   9  21 
143 149 160 178 185 190 197 200 184 159 151 147 143 148 160 164 160 157 157 154 148 146 152 159 136 109 167 240 254 244 142  73 113 129 167 145  56   5  17  30  21  17  15   8  10  31  67  96 111 129 156 172 152 122 106  88  71  65  69  70  76  81  83 101 129 145 146 173 177 143 117 101  97  79  32  11   6  25 105 167 131  59  84 143  91  25  82 150 136  61   4  10  15   7   5   6  24  44  64  84 
147 151 157 164 173 181 185 187 181 171 167 168 162 152 149 153 156 159 162 161 154 151 155 163 150 123 173 236 242 216 112  69 118 134 165 140  48   2  11  13   9   7   4  13  41  84 137 164 159 151 156 141 103  63  40  30  23  22  35  35  36  37  34  45  65  85  96 128 159 166 168 176 176 149  99  69  36  44 119 175 136  62  70 130  94  33  96 168 127  39   4  12  23  34  38  62  92 113 136 154 
127 129 131 132 132 131 129 140 162 180 204 199 182 167 160 157 153 155 158 159 157 155 157 163 168 152 161 168 164 171 101  73 130 138 155 130  46   3   3   2  15  34  46  69 108 139 162 170 157 128  94  64  40  23  24  31  35  37  38  37  40  41  33  28  30  31  48  71 106 132 146 170 176 169 155 149 120 111 158 183 146  96  85 107  87  49  99 157 120  38  12  54  94 107 114 139 155 158 161 166 
 81  77  74  83  96 112 125 135 144 152 165 172 181 190 194 183 167 152 150 152 158 162 161 159 165 164 142 114 109 138  86  63 130 133 134 106  40   5  24  56  80  96 110 134 160 167 153 118  80  52  28  24  26  30  39  42  38  35  27  27  33  40  39  33  29  38  46  38  41  55  71 103 132 151 162 176 174 162 167 158 156 152 142 125  76  34  83 107  61  42  88 142 156 161 160 164 158 154 142 115 
 37  38  40  44  51  67  84  98 111 121 138 157 174 181 182 181 179 174 168 167 177 185 184 178 179 165 124 109 125 142  74  54 135 145 137 109  67  61  95 126 148 171 172 154 131 109  81  48  27  25  29  35  37  36  32  25  21  21  28  27  26  29  32  34  35  38  46  37  27  25  31  47  72  88  91 104 127 132 125 136 158 163 167 157  85  32  88 102  80  98 149 174 162 144 124 108  88  87  80  52 
 27  31  36  35  29  27  29  37  56  80 109 126 139 145 154 165 173 178 172 170 174 178 182 186 209 194 135 114 131 148  77  55 141 157 149 128 124 145 162 159 154 167 152 108  65  36  22  24  33  34  39  35  30  28  23  21  21  22  25  24  21  19  19  21  22  22  29  40  36  34  36  30  31  37  33  34  53  64  63  85 116 139 166 161 119 109 159 180 175 167 157 163 141  80  52  52  35  32  37  36 
 37  36  35  39  39  41  39  33  32  36  40  56  81 109 136 153 158 157 160 158 157 161 160 162 201 215 164 117 123 142  78  55 136 150 147 149 160 171 164 141 112  94  71  47  33  30  36  42  35  23  24  24  21  20  19  20  18  16  16  18  19  18  19  20  19  25  22  27  27  34  45  39  41  41  38  33  31  30  25  21  60 119 176 168 149 170 197 213 188 171 176 165 104  29  19  42  43  38  47  45 
 33  36  36  35  33  33  35  38  38  34  39  40  40  46  62  87 106 129 149 154 164 171 155 139 152 184 169 128 130 146  96  79 152 161 150 146 130 110  87  57  41  39  36  30  28  32  35  31  24  19  17  16  17  18  17  16  17  19  21  20  18  16  18  19  21  17  18  19  22  27  30  34  38  37  39  40  35  34  34  20  31  86 172 192 152 125 105 100 109 151 195 149  55  18  29  43  50  39  36  36 
 24  25  27  26  27  26  26  29  33  36  50  48  40  34  36  47  56  56  67  74  91 105 109 115 127 157 173 147 118 125 113 123 178 176 123  66  48  49  39  35  32  30  28  32  31  26  24  22  20  19  19  15  14  16  17  16  17  18  17  17  16  16  16  16  18  16  17  20  23  23  22  21  27  29  35  35  33  37  44  29  20  67 171 201 142 101  87  67  85 149 195 127  31  15  26  32  30  24  25  26 
 18  17  19  22  24  25  22  22  24  27  29  37  45  47  46  44  42  30  24  19  28  37  51  78 114 148 175 146  96 106 126 150 181 153  76  15  16  37  36  36  35  26  20  23  26  23  19  17  18  20  19  14  15  16  17  17  16  17  16  16  16  17  17  16  15  18  20  22  23  21  19  16  21  23  27  29  26  27  31  22  18  65 166 198 145 112  98  68  89 154 193 118  22  13  27  24  16  16  20  21 
 17  16  17  19  22  23  21  19  19  21  22  25  29  33  36  39  42  45  39  38  42  27  14  33  99 154 177 141  92 110 134 152 171 115  35   7  29  42  28  27  25  20  18  19  21  19  17  17  21  21  17  15  17  19  19  17  16  17  16  17  18  19  18  17  16  19  20  20  20  20  19  18  19  17  20  27  24  18  14  10  16  71 163 184 145 124  80  25  54 155 207 113  11  15  27  21  14  16  21  22 
 17  19  20  16  16  18  19  20  20  19  18  20  22  25  28  31  33  37  36  41  47  31  13  23  94 167 180 137  97 111 128 149 170  99  20  10  29  35  23  17  17  19  20  23  22  19  16  18  20  20  16  17  18  19  18  17  16  17  17  18  19  19  19  18  17  18  19  17  17  16  17  18  19  15  17  24  23  18  14  11  20  85 172 174 135 126  78  17  49 153 205 115  16  14  21  19  15  18  22  22 
 18  20  18  17  15  13  14  17  19  18  15  16  18  19  21  20  20  23  22  24  36  30  16  24  96 166 168 129  96 106 121 151 172  99  19   8  18  22  15   9  10  15  18  21  22  20  18  16  17  17  17  16  15  16  15  15  16  20  18  17  18  18  18  18  18  18  18  19  17  16  15  14  19  16  16  19  18  17  17   6  26 102 179 158 118 122  77  20  44 132 184 126  38  10  14  15  17  16  16  16 
 18  19  19  18  17  16  17  19  20  19  19  18  17  17  18  19  19  21  16  17  20  24  12  25 100 161 151 112  99 117 122 150 175  99  21   6  14  18  17  18  14  13  17  19  19  17  16  15  15  15  15  16  16  17  17  16  16  17  17  17  18  18  17  17  17  18  19  18  18  18  16  16  19  19  19  16  14  19  22   5  26 106 172 142 108 121  78  15  28 114 175 132  51  11  10  15  12  15  16  15 
 17  18  19  17  17  18  18  18  19  19  17  16  17  17  18  18  18  22  16  21  20  24  12  29 104 164 152 112 106 123 119 145 172  99  23   5  13  18  18  20  15  11  14  13  15  16  15  15  15  15  13  16  17  18  18  17  16  14  16  17  18  19  18  18  17  18  18  17  18  17  17  17  19  20  19  16  16  21  22   8  32 112 169 136 107 115  73  13  23 104 173 141  61  12  10  17  11  17  17  16 
 16  17  17  18  17  17  16  15  15  15  15  16  15  15  16  16  17  19  16  20  21  21  10  31 106 162 149 114 110 121 114 138 164 105  29   5  11  17  16  17  14  11  13  12  14  16  16  15  15  15  15  16  17  17  17  17  16  15  16  17  18  18  18  17  16  17  17  17  17  17  17  17  19  18  17  17  18  20  20  10  44 129 169 123  98 113  74  16  19  95 170 152  72  13  11  19  14  17  17  16 
 14  13  13  16  16  15  14  14  13  12  13  14  14  14  14  16  15  15  15  16  17  15   8  43 114 153 133 105 106 120 114 134 159 116  39   4  10  16  14  15  14  13  14  14  15  15  16  16  14  14  15  16  16  16  16  16  16  16  16  16  17  17  17  17  16  18  18  17  16  17  17  17  19  16  16  18  19  19  16  13  58 149 165  99  84 114  82  19  12  86 168 160  81  15  12  20  15  18  18  17 
 13  11  10  14  15  14  13  13  13  12  13  13  13  14  14  15  15  15  15  14  17  14  10  65 136 148 122 100 102 120 121 130 155 129  51   4   9  16  12  12  15  16  16  16  15  15  17  17  14  13  16  16  17  16  15  15  16  16  16  16  17  17  17  16  16  17  17  16  16  16  16  15  17  17  17  18  18  16  13  14  67 153 153  92  85 110  90  24   8  74 161 160  85  18  11  19  15  18  18  18 
 12  12  11  13  14  13  14  13  14  14  14  13  13  14  14  14  14  16  18  14  19  15  12  82 157 146 120 104  97 112 119 124 150 138  60   7  10  19  13  11  16  18  15  14  14  16  18  16  13  13  15  17  17  16  14  14  15  16  15  15  16  16  17  16  15  17  17  17  16  15  15  15  16  19  20  18  14  12  13  21  78 143 142 123 114 102  88  29   7  61 148 156  89  20  10  17  14  16  18  20 
 13  14  14  12  12  13  14  15  15  15  14  13  14  14  15  14  15  14  18  15  20  14  11  87 163 142 118 104  89  98 109 118 144 141  66   8  12  21  14  11  15  16  12   9  12  16  18  16  13  13  16  17  16  14  13  14  15  15  16  16  17  16  16  16  16  16  16  16  16  16  16  15  15  20  23  18  12  11  13  30  89 133 141 167 150  97  82  33   6  50 136 154  93  22   8  15  12  14  18  20 
 12  12  13  13  13  15  17  17  16  14  13  14  15  14  13  13  14  14  15  22  16  11  21  95 152 146 117 100  98 115 112  95 129 138  81  23   6  13  16  17  11   8  12  13  14  16  13  12  13  15  18  19  18  15  12  16  19  12  14  17  18  15  13  12  14  12  15  18  20  18  15  13  15  19  19  17  16  14  12  34  90 134 167 183 143 100  85  27   2  45 126 159 105  28  10  15  15  15  21  19 
 16  15  14  15  14  13  14  14  14  12  14  15  16  15  13  12  14  16  14  18  12  12  36 109 151 129  91 116 171 172 116  83 122 140  90  31   8  14  14  17  14  12  17  19  17  16  15  14  14  14  14  17  20  16  12  14  17  15   8  11  17  19  15  11   9  19  19  18  18  17  18  18  19  16  14  21  28  21  13  37  83 139 179 160 114 101  90  29   1  41 119 155 101  22   7  14  16  16  19  13 
 12  13  14  17  15  13  13  14  15  15  16  17  18  16  14  12  14  14  13  14   9  13  53 119 138 109  85 151 239 228 129  75 120 145 103  42  12  13  13  15  15  14  15  16  14  14  17  18  18  17  16  12  14  15  11  10  13  16  12  13  14  14  13  14  15  15  14  12  13  14  17  18  16  13  13  22  30  21  12  38  83 144 178 124  82 108  93  31   0  35 113 155 107  24   7  15  19  17  18  11 
 11  12  12  13  13  13  14  16  17  17  17  18  19  16  14  13  13  13  14  14   9  13  67 123 130 118 136 200 250 230 137  70 115 146 110  48  12  12  12  12  14  13  12  11  10  12  15  17  16  15  13   8  10  16  15  11  11  15  23  21  14  11  12  17  22  14  14  16  16  13  10   8  10  16  19  19  19  15  11  36  92 143 154  90  68 118  98  31   0  32 111 159 114  29  10  16  19  17  20  17 
 17  14  11  11  11  11  13  16  15  14  15  17  18  16  13  12  13  14  17  19  11  14  82 126 119 140 197 242 242 209 132  66 106 139 111  50  12  12  12  10  14  16  14  14  13  12  13  12  11   8   6   9  13  17  18  14  11  14  21  19  16  14  15  15  16  12  15  20  22  22  18  15  11  22  24  18  14  12  11  32 101 141 124  68  69 122 100  30   0  34 110 154 109  25   8  14  14  16  22  22 
 17  16  17  15  12  10  10  12  13  14  14  15  16  14  12  12  14  14  18  19  11  15  94 128 108 150 221 253 238 186 105  76 104 136 110  50  12  13  14  10  15  17  14  13  14  13  12  11  10  11  12  19  18  16  15   9   6   9   7   5   5   6   7   5   5   7   8  10  13  17  21  23  18  21  20  17  16  13   9  30 100 139 109  60  73 114  92  26   0  39 112 149 101  21   9  15  13  11  20  18 
 13  18  21  19  17  12  11  13  14  13  12  13  15  15  14  13  13  12  17  18  11  14  95 130 110 162 222 250 232 144  72  91 109 136 109  52  11  15  18  12  14  16  12   9  10  12  15  15  14  17  20  22  16  10   7   5   6  11  27  33  33  35  37  36  32  20  12   6   4   4   6  11  22  18  16  21  24  15   7  32  97 141 110  60  71 107  83  19   2  46 118 146  97  23  11  19  13  10  14  12 
 10  13  11  13  13   9   8  14  20  18  18  17  17  16  17  14  11  11  16  18  13  17  88 125 116 188 235 253 208  81  55 110 118 133 105  49   8  13  16  12  13  12   8   6   9  14  21  22  16  11   8   7   4  12  32  43  47  53  77  97 109 109 108 104  94  73  56  40  31  17   6   3  12   7  12  28  34  22  10  36  99 144 124  63  61 105  79  18   9  66 136 142  85  18  11  26  19  19  14  13 
  3   3   6   5   4   4  10  15  18  19  21  19  15  12  11  13  14  11  16  16  14  25  91 120 124 204 245 234 162  57  60 121 117 133 101  42   7  14  17  16  17  15  12  13  19  18  15  15  10   6   6   9  20  53  93 114 114 109 115 135 150 146 137 132 127 109 112 117 111  87  48  17   2   2   8  25  31  18   7  31  95 146 139  73  61 113  98  28  16  80 145 136  73  14  12  18  13  18  14  14 
 50  50  50  40  24   9   4   4   8  16  16  14  15  16  14  12  13  14  19  16  14  31 102 131 127 169 187 166 112  55  83 116 110 130  95  37  10  16  12  12  17  19  16  14  16  14  12  11   7  13  36  68  93 112 120 129 138 138 131 138 141 129 120 123 129 133 138 140 140 140 129 110  77  48  15   5   8   8   8  33  92 145 145  74  56 108  84  20  14  90 153 133  67  12   8  11   9  15  21  22 
125 123 117 101  86  67  49  30  13   4   7   7  14  22  21  16  15  14  20  15  10  26 108 147 122 117 109 103  79  45  83 112 106 130  87  28   5  15  16  11  15  18  13   6   6   7  11  23  38  61  88 123 153 155 124 107 110 103  98  96  88  77  75  84  92 106 112 115 125 146 162 162 152 122  80  49  34  19   6  13  66 133 144  79  59 104  90  24  10  85 148 130  69  14  16  27  21  10  10  19 
135 136 128 133 139 137 124 101  70  41  14   4   3  12  15  13  14  18  21  21  14  22 103 154 139 119 103 100  78  32  63 102 104 128  76  25  10  16  15  10  10  11   8   8  14  23  38  64  97 122 132 136 146 141 110  81  62  43  35  32  28  26  28  32  35  40  60  90 114 128 133 131 151 152 146 134 113  75  40  23  57 124 137  83  58  84  86  31  27 107 154 116  55  13  18  24  27  27  34  57 
121 129 131 128 135 132 127 141 149 136  88  47  17   9   7   5   9  15  15  21  17  14  82 134 145 140 125 105  71  21  53 104 109 126  65  19  11  12   7   8  10  10  22  42  70  98 116 120 127 141 147 130  91  59  56  51  36  35  33  31  32  33  31  30  31  37  35  40  50  63  87 113 130 134 137 145 158 154 135  96  92 137 141  97  70  64  57  19  23 109 147  81  17  13  33  36  62 103 123 139 
 67  73  71  81 111 139 144 145 146 143 140 127 100  66  35  12   4   5   7  16  11   8  62 128 139 123 111 102  66  13  65 122 121 129  66   9   4   7  14  31  50  70  88  96 113 140 158 154 133 109  92  69  46  31  32  36  37  43  44  43  43  41  40  39  41  37  35  33  32  34  45  59  80  98 122 145 161 167 160 118 112 139 148 128 134 148 104  24  15  69  84  54  43  72 113 128 122 129 140 147 
 28  31  30  48  74  97 105 112 124 135 149 155 145 120  95  72  57  51  43  31  12   9  59 120 115 111 113 108  64  19  85 140 128 103  48  28  46  59  78  99 115 136 155 148 143 146 137 115  86  61  41  38  41  42  39  37  35  32  34  34  33  33  33  34  35  31  39  47  46  39  31  28  41  55  79 106 126 141 146 132 131 144 154 151 160 176 152 110 123 147 150 152 161 180 191 163 132 140 151 146 
 31  33  43  35  32  33  41  65  95 116 131 136 138 142 144 143 139 126 109  79  50  51  96 135 118 111 113 115  74  19  56 103  96  79  62  85 122 140 156 163 152 152 164 152 138 124  85  46  28  32  38  40  40  38  35  31  27  24  24  23  23  23  24  27  29  34  38  40  39  37  36  39  37  35  39  54  75  94 105 115 120 128 139 148 149 141 141 188 234 229 218 222 217 205 178 141 129 141 144 130 
 38  40  51  49  41  31  28  35  47  57  76  94 120 140 152 153 151 151 149 134 121 128 154 172 161 135 107 100  76  21  25  60  65  96 125 143 160 163 156 154 140 127 112  93  70  54  39  27  31  39  40  34  31  27  23  23  24  26  24  23  21  21  23  25  27  34  30  23  21  29  45  57  51  43  36  36  42  45  45  50  62  78  93 107 123 122 114 178 205 166 141 140 128 120 122 142 141  95  65  60 
 34  31  36  46  47  47  44  37  31  29  32  48  74  94 106 114 122 137 150 153 148 146 145 146 179 191 140  75  58  75 112 138 126 130 158 166 149 132 115 100  92  77  55  46  35  29  33  38  45  43  27  20  20  22  24  26  27  27  27  27  26  25  25  27  27  25  23  21  23  28  36  42  36  36  38  41  42  37  32  25  27  40  44  47  75 110 136 162 143  87  58  53  65 117 157 154 103  34  11  24 
 24  22  26  29  29  35  44  47  45  47  31  25  27  33  46  65  82  95 108 115 109 102  98 101 155 206 174  89  70 147 213 215 178 144 147 135  95  78  73  51  42  37  31  36  47  48  38  32  35  36  29  19  19  24  28  27  25  22  23  23  25  26  26  26  26  17  20  25  29  29  24  21  22  26  33  40  45  46  46  44  37  39  31  16  23  63 135 170 153 100  49  29  67 163 208 132  41  11  28  44 
 20  22  35  42  31  26  32  40  46  52  52  43  40  39  34  27  25  31  43  56  65  78 100 114 124 165 161 118 109 171 209 176 141 129 131  84  28  21  25  33  47  55  54  46  34  28  28  28  34  35  27  24  24  22  21  20  19  19  16  17  20  23  24  24  23  19  18  19  21  23  25  25  30  29  26  25  28  35  40  42  43  53  50  30  15  26 100 165 164 110  31   8  49 144 199 119  39  23  39  40 
