222 230 209 163 138 151 155 159 205 246 228 161 115 112 120 156 198 226 229 184 131 114 130 183 217 226 228 213 157 110 125 189 228 214 214 211 182 152 144 178 225 219 224 218 193 159 155 182 213 221 211 217 202 166 133 166 213 228 216 206 174 136 108 129 168 208 218 212 204 147  74  77 138 153 141 198 231 229 248 242 225 244 239 160  98 130 156 102  56  49  92 118  88  72 106 115 107 114 122 111 
215 227 219 192 162 150 165 187 211 234 232 184 142 140 150 171 204 216 211 199 164 142 170 209 218 220 224 217 187 156 153 192 223 213 194 188 189 167 173 197 216 198 196 183 153 148 154 158 169 199 221 196 138 138 158 162 160 177 198 187 133 102 113 142 145 159 194 224 214 149  77  85 166 181 135 184 238 241 242 228 219 245 243 164 100 159 215 138  91  96  91  94  84  65 100 121 120 122 129 115 
203 210 207 201 169 158 189 198 197 209 208 180 164 184 191 183 192 203 186 159 160 175 190 181 175 200 204 162 147 171 186 144 142 193 195 146 116 140 176 158 131 164 182 127  84 121 141 117 110 163 206 153  74  81 122 115 102 147 207 172 101  84 114 118  97 108 161 215 201 169 153 180 225 177 107 181 250 227 228 232 230 250 236 165 120 178 238 167 152 148  83  79  96  81  99 107 122 134 133 119 
180 205 182 154 137 157 180 146 154 195 179 134 129 164 160 132 144 188 172 103 110 160 159 105 128 198 184  99  85 144 136  80  93 181 205 130  56 101 144 112  87 157 184 121 101 113 103  81 108 169 198 165 112  93 108 117 125 165 196 181 131 105 107 112 113 122 158 199 179 181 220 244 243 168 107 190 248 226 223 230 232 246 226 156 120 183 234 189 191 158  76  76  99  85 108 108 115 132 127 109 
170 207 166 105 101 129 132  89 118 184 169 103  82 107 104  87 119 182 183 113  90 114 118  98 144 199 183 147 133 119  97 121 161 186 187 158 119 124 132 134 148 184 180 165 181 136  94 102 163 197 186 187 173 161 171 171 148 161 190 189 164 138 122 135 146 146 170 194 179 188 213 230 231 166 126 204 244 224 224 224 225 250 239 161 106 172 228 192 179 142  84  78  91  70 133 147 124 129 120  85 
170 188 178 145 117 118 138 149 152 169 183 154 130 134 134 140 145 164 179 160 147 147 152 174 201 192 167 184 194 169 146 171 194 185 167 159 155 156 153 146 154 186 161 139 128 125 116 103 126 181 202 148 122 121 146 127  86 123 189 174 132 109 110 123 112 116 164 191 184 195 202 221 236 162 103 190 246 216 216 222 225 251 239 157  95 164 227 183 176 154  90  85  99  76 154 158 125 141 109  74 
156 184 207 181 135 113 152 200 174 146 181 191 168 161 155 160 156 163 164 147 151 147 139 131 168 195 176 145 131 145 149 128 137 178 179 132  98  98 108  86  98 182 182 120  55  49  52  62  99 170 210 150  75  45  59  50  64 137 202 187 117  49  31  42  50 100 166 182 183 200 204 223 242 171  85 139 227 235 215 218 222 237 208 121  92 186 233 190 198 170  89  91 112  95 154 125 120 146  91  70 
146 186 185 139  98  88 107 123 134 149 167 145 100  94  94  84 112 170 165 105  76  64  61  57 113 197 200 114  48  46  53  64 107 180 206 141  67  36  38  59 121 195 204 156  84  30  21  83 150 180 189 183 133  62  20  52 131 181 189 189 156  88  41  49  89 160 199 178 187 201 201 224 244 209 138 103 184 251 235 233 234 230 176 111 146 233 231 199 206 160  88  87 111  95 144 131 129 116  79  74 
161 198 171  99  40  37  54  70 125 175 169 117  55  38  56  64 109 176 182 129  66  32  47  93 139 195 212 153  77  44  48 110 165 194 215 187 132  79  83 127 187 214 215 211 170 113 110 168 206 199 187 207 211 149  97 133 203 220 186 190 191 167 135 136 166 202 208 185 179 198 213 222 243 245 216 176 189 231 231 221 230 229 194 195 223 247 229 193 201 153  79  84 101  71 129 170 120  83  76  90 
186 207 197 139  75  54  85 131 176 197 189 161 114  88 111 140 160 194 208 181 144 127 146 181 185 196 215 200 164 141 159 201 210 199 216 219 199 176 183 188 194 209 216 208 190 196 186 172 178 198 209 205 193 183 173 169 183 197 194 187 174 163 158 160 163 171 177 164 168 214 233 234 244 249 253 230 188 173 171 152 160 182 200 237 253 250 246 231 217 141  68  75  72  48 128 158  99  69  60  74 
198 199 213 200 161 145 176 213 212 202 206 200 182 165 177 198 198 211 218 200 190 197 206 190 184 195 202 192 177 172 186 186 187 206 216 192 170 173 181 160 147 183 199 170 151 171 160 126 121 160 193 164 103 117 146 117  95 126 175 167 124 107 135 141 116 101 125 160 183 219 237 246 244 220 190 153 107  83  87  86  78  87 112 149 201 223 246 253 238 164  96  83  65  50 152 122  67  78  81  83 
188 197 196 181 161 168 179 183 196 205 198 180 169 175 178 175 176 185 183 161 157 171 172 141 154 176 159 130 118 124 117 100 120 177 186 133  95 104 109 101 110 139 143 118 106 110 120 110  96 124 168 151  89  80 101  96  90 112 160 164 124 112 150 157 128 113 151 219 238 226 223 215 175 129  83  61  57  53  61  71  57  51  61  65 100 142 175 204 226 209 177 166 137 102 142  70  54 125 164 188 
152 181 150 100  91 106 100  87 130 176 172 136 119 142 145 140 152 146 133 124 132 149 141 124 145 156 131 115 115 110  93  87 114 171 184 136 100 120 127 129 135 148 146 134 134 141 156 158 149 161 187 194 172 157 167 189 188 180 197 199 185 183 202 208 199 202 222 229 206 175 152 127  78  64  61  66  84  84  80  89  91  86  83  69  62  59  68  96 147 173 199 229 220 165  98  35  96 202 229 220 
123 156 137  91  97 119 112  91 116 162 172 153 151 164 166 158 165 169 162 158 170 186 180 166 172 183 184 181 179 176 168 165 179 211 229 213 189 203 208 211 214 217 213 206 201 209 220 226 225 225 227 229 226 228 236 244 240 233 229 225 224 221 219 228 238 251 210 115  78  82  70  66  70  86  91  74  74  88  86  82  86  87  85  85  88  82  68  58  65  66  78 108 191 209  88  53 167 237 168  88 
183 191 187 180 184 198 198 186 195 208 205 201 207 214 217 209 210 218 218 211 214 220 217 211 213 223 233 230 224 226 233 225 212 209 215 224 228 226 224 223 225 224 221 217 216 225 235 234 229 227 227 227 228 232 231 223 223 226 218 213 224 222 208 216 234 239 166  63  53  81  79  75  80  87  84  69  62  74  72  65  66  69  71  73  79  86  85  80  83  81  64  53 130 215 120  89 180 200  90  44 
230 220 216 226 228 228 232 236 233 226 221 220 223 226 226 222 225 224 217 214 215 221 231 231 229 228 228 224 222 223 232 231 224 215 210 214 222 218 217 216 218 218 214 211 213 220 223 217 214 218 222 217 219 219 215 213 221 227 214 207 218 215 195 203 230 222 131  48  65  93  85  76  69  68  74  79  76  71  64  72  82  73  63  65  74  79  86  84  82  80  60  33  98 202 120  91 183 185  79  48 
223 217 213 215 217 216 222 228 224 217 217 217 215 213 210 208 211 211 211 215 211 208 217 219 215 211 210 212 216 220 214 216 222 225 223 218 212 213 213 216 219 221 218 213 217 216 211 209 216 225 230 231 221 214 212 212 216 218 206 207 209 204 201 222 243 221 127  47  64  84  69  66  67  68  75  81  76  64  66  73  75  75  79  81  76  62  51  38  40  55  48  31 110 191  83  47 170 196  92  56 
219 211 209 208 208 212 213 213 216 217 215 217 216 213 213 217 211 205 212 222 219 211 213 224 227 226 226 225 220 211 214 219 220 215 210 212 220 217 212 209 211 214 214 214 224 221 216 217 224 224 217 216 209 214 225 229 222 215 216 225 215 200 202 214 226 223 150  66  65  81  71  73  77  78  75  72  69  65  75  77  74  76  76  65  50  38  47  67  98 117 114 115 166 203  88  26 139 202 113  53 
211 203 210 220 218 218 214 212 219 218 212 213 210 210 213 218 217 214 217 223 229 233 237 242 244 243 243 240 230 214 211 216 218 210 203 207 219 220 214 210 210 213 215 214 218 219 215 215 221 213 201 208 215 234 250 250 242 238 244 246 239 226 217 208 214 235 183  78  49  67  71  73  77  78  74  73  74  74  61  61  69  62  40  36  55 106 163 206 214 201 196 216 234 240 168  89 142 203 123  40 
204 209 222 228 227 217 208 210 211 217 225 218 212 208 207 209 216 225 232 235 231 217 198 187 187 192 204 226 241 240 229 219 209 207 210 211 210 216 217 221 225 227 223 217 212 214 208 207 215 218 215 231 235 233 212 183 168 168 174 178 198 220 230 233 234 251 207  77  25  40  48  59  70  71  72  76  70  53  46  36  34  54  77 114 161 207 231 223 189 166 160 163 183 195 213 183 204 238 151  48 
210 218 226 219 217 225 216 206 210 221 223 217 218 226 217 211 222 232 226 203 167 132 109  94  84  91 119 153 189 221 230 230 217 219 224 209 208 204 207 220 224 230 222 205 199 204 212 223 223 243 239 224 208 169 118  81  70  72  71  76  99 143 189 222 232 249 231 127  69  68  59  45  54  74  70  65  39  43  70  77  86 119 183 225 223 194 158 111  79  70  68  63  73 106 139 173 214 227 203 135 
229 231 230 219 209 212 227 230 222 212 210 215 220 233 238 239 234 204 146  94  68  62  66  65  62  64  63  56  78 121 181 219 232 233 233 225 218 213 189 188 198 189 178 186 203 231 238 237 234 227 181 124 103  73  59  62  74  79  74  67  58  60  87 122 158 202 232 215 192 189 144  94  53  54  66  55  70 126 175 196 217 227 217 177 125  79  61  50  53  67  77  81  62  63  66  76 107 158 201 222 
230 244 242 242 236 218 214 213 212 219 229 238 234 221 201 177 141 100  69  62  69  74  83  88  79  73  77  72  64  63  78 109 145 172 185 199 224 239 207 167 124  94 135 205 240 220 197 177 153 123  84  65  68  71  76  81  85  86  85  83  77  71  69  72  78  87 129 170 184 199 219 202 112  42  36  96 182 218 204 187 170 140 106  77  58  64  68  71  79  84  85  84  78  73  74  71  59  65  90 135 
131 154 171 211 248 227 159 126 168 227 226 183 145 115 103  89  72  62  65  83  88  80  79  85  86  80  76  81  82  71  63  61  77  93  96 110 141 186 222 181  76  44 150 231 188 121  93  90  73  63  66  68  77  85  85  80  75  74  74  72  76  84  82  71  65  63  67  87  95  86 143 222 180  60  19 150 234 178 109  90  83  74  64  62  71  80  83  83  81  75  68  65  76  71  73  80  77  66  60  66 
 55  61  73 112 202 223 112  46 141 218 163  93  64  54  64  71  74  76  77  81  72  62  63  69  78  76  65  70  82  80  77  76  72  63  63  65  47  97 198 183  55  47 187 213  92  57  56  70  83  84  88  81  73  71  79  83  77  70  65  66  67  71  74  78  75  79  77  63  71  39  54 157 200 130  98 202 201  93  54  56  65  74  76  77  80  77  75  74  71  68  69  71  72  70  64  64  72  76  74  66 
 75  67  51  50 148 216 103  24 149 214 108  49  69  86  86  81  69  66  69  73  74  73  69  65  62  62  67  70  69  69  74  72  74  75  89  90  48  66 177 178  47  52 208 186  59  64  82  82  88  81  78  68  64  65  73  76  70  62  59  65  68  66  66  71  72  74  75  72  86  67  61 128 204 216 207 241 170  72  72  80  73  65  64  71  77  78  74  69  64  63  66  69  61  61  66  69  70  71  70  77 
 90  88  63  45 129 211 112  26 154 213  96  35  60  86  86  80  68  63  65  67  72  70  60  57  56  63  74  66  58  69  74  63  63  69  79  76  45  63 174 189  59  63 216 184  59  59  85  79  70  64  73  67  70  69  64  62  66  69  66  66  67  71  75  73  70  60  55  65  68  42  45 125 214 242 231 239 166  79  65  77  85  77  70  69  63  71  69  63  63  65  66  69  66  60  60  66  69  66  63  59 
 58  75  61  47 138 207 111  24 144 210 123  49  46  68  71  60  60  65  69  67  62  61  64  67  69  72  70  62  51  41  40  46  42  33  37  38  28  64 178 189  58  66 204 194  70  45  67  75  65  57  60  62  72  75  69  62  63  66  65  61  63  68  61  46  35  35  38  42  42  11  38 147 206 167 124 185 195  99  46  63  79  74  73  76  68  61  60  65  71  71  67  67  64  62  66  71  69  56  42  34 
 41  34  33  45 149 209  98  33 132 210 152  58  42  71  67  58  66  70  67  56  52  62  72  75  72  62  43  31  36  49  76  87  93  92  78  52  28  73 170 167  56  66 185 188  88  53  62  69  71  67  65  60  67  67  67  70  70  69  66  59  56  45  34  45  70  95 123 138 127  89 111 196 185  61  14 122 211 120  41  60  73  64  62  70  68  62  66  69  69  68  70  73  77  73  71  61  41  43  64  88 
119  64  31  55 164 204  88  47 126 208 180  79  47  75  64  63  68  60  55  56  67  72  62  47  36  35  41  50  86 141 184 188 197 209 192 149 112 155 198 151  55  49 140 183 118  59  58  67  65  61  67  69  63  60  70  80  73  61  52  45  45  54  86 138 185 208 217 228 229 203 209 240 192  74  34 107 203 140  32  48  79  76  67  67  66  68  68  68  70  71  67  57  64  60  54  50  61 105 156 205 
215 189 148 140 201 185  63  35  96 191 195  85  40  71  63  53  59  57  55  59  64  56  39  25  36  71 126 181 214 225 207 189 178 182 187 194 205 229 236 176  88  41 100 177 140  50  44  71  73  64  69  66  67  64  59  50  41  31  26  49  95 167 221 230 207 175 148 132 146 159 180 212 227 197 154 152 202 136  27  29  54  69  71  70  67  66  64  62  61  53  42  36  35  49  80 135 192 217 208 185 
158 200 217 235 245 203 102  51  57 148 186  76  24  56  64  57  56  52  41  34  26  30  45  85 144 200 228 233 201 143 104  98  94  87  85 102 128 166 211 228 203 147 158 208 149  46  25  47  59  60  72  67  57  43  27  24  51  89 135 173 214 237 216 159 106  81  77  67  69  76  85 107 142 193 225 229 235 201 120  73  42  33  37  47  64  77  59  40  32  33  57  95 128 162 202 227 221 178 123  92 
 62 102 135 177 194 211 204 164 143 193 220 122  39  33  48  68  51  37  50  87 111 129 163 206 219 208 175 129  85  60  59  65  69  66  59  55  52  79 120 164 200 206 223 242 210 146 116  81  50  42  53  60  58  89 125 142 163 195 212 212 194 151 102  67  61  70  84  86  80  74  67  64  66 101 142 181 209 229 218 186 164 140  87  45  50  70  58  68 114 146 165 194 214 214 199 164 119  79  59  65 
 61  61  62  73 101 147 194 213 223 237 245 206 133  64  35  52  44  82 151 197 216 224 225 208 157 105  79  60  51  69  86  87  86  85  83  77  71  60  61  66  93 134 174 195 216 226 229 187 123  52  25  53 113 194 228 219 212 189 151 124  92  67  61  73  88  89  86  84  88  91  87  86  79  67  58  79 119 155 182 201 222 246 205 110  49  38  53 148 221 225 210 184 161 135  99  71  61  67  76  83 
 73  75  73  64  62  67  88 121 157 168 190 234 236 162  51  13  62 169 229 202 169 157 132  98  75  62  66  69  70  77  80  75  71  74  78  77  73  76  70  67  68  70  77  90 111 143 194 236 217  86   2  66 194 226 186 136 116 101  79  72  70  73  75  82  86  80  77  77  79  84  88  83  79  77  73  70  73  79  87  92 115 183 227 188  79  21  95 219 211 138 110  96  81  74  68  70  78  86  89  86 
 72  77  79  77  68  58  52  53  69  76  81 135 213 225  88   2  98 219 217 117  70  74  63  44  49  64  74  77  76  75  70  61  55  61  72  77  74  75  68  74  82  69  56  56  58  57  88 192 247 118   8 108 237 173  87  57  53  61  58  66  81  89  85  76  71  72  76  74  70  72  82  76  73  83  88  85  74  63  62  48  43  88 170 213 114  59 168 246 161  57  50  67  69  72  79  87  88  82  76  72 
 69  62  62  69  75  83  80  69  61  63  41  47 149 230 111  23 139 220 156  55  44  67  74  71  72  76  75  67  61  61  67  63  59  62  69  74  74  74  66  67  80  87  84  78  83  58  33 118 222 166 104 184 222 106  45  71  85  79  79  80  83  83  78  67  65  74  77  76  73  71  75  76  73  71  71  76  82  85  92  87  52  50 125 207 184 167 230 234 117  46  68  93  88  84  81  81  79  73  69  71 
 67  65  66  68  67  74  81  84  86  84  47  39 135 228 152  97 201 227 129  63  74  83  82  75  68  69  73  65  56  58  65  66  67  65  63  63  64  70  81  77  66  70  78  76  86  77  48 106 224 230 210 237 204  97  54  87 102  77  76  74  71  72  75  75  72  68  70  71  73  72  69  70  70  67  68  70  75  76  85  89  46  57 152 226 232 201 226 220 110  43  63  92  76  69  66  68  73  77  78  75 
 69  72  73  70  66  65  67  68  71  78  50  31 125 237 231 208 240 225 133  66  62  72  72  60  60  66  69  67  65  64  63  64  66  65  63  60  59  58  76  77  62  58  70  77  63  54  46 117 235 225 172 194 203 122  53  55  78  72  70  73  69  67  72  77  74  66  64  64  68  70  71  64  64  73  78  76  71  65  70  65  33  64 176 229 171  98 152 219 144  50  52  81  77  73  70  69  70  67  64  65 
 79  74  58  42  45  48  45  42  45  54  42  42 134 229 228 182 190 210 150  73  45  63  67  57  67  68  55  56  69  71  64  62  63  67  70  67  63  65  59  55  49  43  44  49  44  21  28 124 236 168  53 109 208 160  69  36  56  72  73  77  69  60  63  67  72  75  69  65  64  67  73  77  77  75  66  53  47  45  51  47  29  58 161 217 108  14  97 220 173  66  53  65  70  69  69  72  73  70  66  60 
 36  34  41  57  66  80  89  81  55  31  20  37 147 238 153  59 110 200 171  70  36  61  67  71  70  59  55  64  70  62  55  63  76  81  72  56  42  36  29  56 102 121 125 133 111  78  60 137 200 110   0  64 210 183  80  40  50  71  70  68  64  74  67  61  67  65  68  73  77  76  78  69  51  38  38  57  92 122 147 148 129 146 215 204  84   3  46 187 190  96  52  65  73  68  65  68  72  72  70  67 
 47  83 124 161 172 173 177 181 156 122  84  88 179 199  67   2  63 194 206  84  27  61  75  65  59  54  62  74  73  63  59  64  67  52  28  31  55  75 108 156 196 216 218 217 210 184 174 201 192  94   1  39 187 186  88  41  56  74  66  64  71  77  71  71  71  70  75  67  65  65  49  33  41  72 118 168 206 222 229 226 213 219 241 224 164  74  47 169 196  95  49  61  78  72  70  72  71  66  63  67 
160 200 223 219 197 189 197 211 223 225 203 196 222 180  61   7  32 165 224 110  31  55  70  54  55  64  68  62  54  54  48  41  34  33  50  93 137 192 224 228 195 169 169 175 183 192 214 230 226 167  83  73 166 181  92  24  42  63  54  69  69  56  66  73  66  60  50  43  41  44  53  81 131 191 229 235 214 184 165 158 159 169 188 208 228 195 142 210 211  96  39  40  63  60  55  59  67  70  67  67 
231 196 156 121  98 101 112 116 136 165 193 219 234 212 148  77  46 143 210 126  31  28  54  62  64  66  61  46  33  31  48  59  74 110 169 211 218 206 175 132  95  82  84  88  87 102 125 149 198 226 203 194 209 201 116  41  36  40  33  50  62  58  66  65  48  39  41  60  78 108 159 204 226 225 190 145 112  95  83  77  76  75  88 122 161 194 208 243 233 163  95  65  47  46  37  37  59  74  67  59 
150 104  65  51  55  56  58  59  56  62  90 128 171 215 233 213 161 190 226 157  60  33  52  64  66  57  40  39  69 103 136 168 200 219 225 201 161 116  80  59  62  65  63  63  60  57  66  75 101 152 188 209 234 243 204 166 137  98  60  41  61  70  55  50  65 103 145 176 194 215 226 212 180 134  87  63  59  61  63  68  69  60  60  68  70  95 148 182 204 224 201 174 153 137 102  69  59  64  63  44 
 52  55  63  75  78  74  72  73  71  57  51  52  69 126 178 208 217 236 239 205 156 116  63  43  53  52  62 110 171 201 223 229 228 203 147  90  60  52  62  82  93  86  81  87  95  92  84  75  59  58  81 116 163 211 224 231 232 214 169 107  67  45  37  80 159 218 231 225 219 205 172 114  72  57  66  82  84  81  91  99  99  95  90  79  61  48  59  79 120 164 197 220 224 220 209 165  88  38  34  56 
 61  75  84  81  79  83  83  79  80  81  78  64  48  58  72  84 127 162 167 192 227 219 130  54  36  51 128 214 234 192 141 124 113  95  66  54  68  74  82  94  95  88  81  80  90  93  85  89  91  74  64  55  70  97 124 139 179 223 242 196  71  12  52 159 231 220 164 127 111 102  81  74  71  68  82  91  88  87  87  89  92  93  93  91  86  87  69  64  73  66  86 115 144 172 232 242 135  26  19 119 
 84  80  72  71  73  73  72  71  70  72  76  75  72  59  50  49  66  75  63  76 137 208 207 100  20  70 198 213 144  85  57  58  62  66  73  80  84  87  80  71  68  71  77  79  78  72  74  84  90  86  79  83  86  62  60  63  74 109 190 229  93  38 134 227 203 111  55  58  64  77  77  83  90  90  85  80  79  82  78  80  84  80  72  71  76  86  90  85  76  70  68  69  60  67 130 219 188 100 111 205 
 67  66  67  67  69  70  69  65  62  61  64  70  77  77  72  72  66  72  64  41  68 162 228 120  35 116 232 166  56  49  78  78  79  83  85  79  70  69  65  63  64  70  75  77  73  75  74  71  68  70  73  87 101  83  72  79  66  50 125 217 169 161 231 239 141  55  57  85  84  82  86  86  84  85  85  83  77  70  72  76  77  76  73  73  75  75  78  81  83  84  90  96  77  52  55 161 229 203 210 246 
 55  58  65  69  68  70  69  67  63  64  65  65  69  71  68  71  68  81  86  61  62 144 227 173 140 205 240 145  62  64  90  88  81  81  82  77  69  68  69  71  73  71  66  62  69  73  74  68  66  72  79  71  68  77  87  86  73  54 115 228 229 217 242 220 117  55  77  98  78  73  84  82  74  76  79  81  78  71  74  74  71  72  77  83  89  79  76  75  73  74  79  86  83  59  45 159 240 203 194 227 
 62  56  59  67  64  65  67  67  67  65  63  61  64  67  67  73  68  74  75  51  45 130 227 232 210 241 240 148  70  51  68  75  82  84  81  75  69  71  74  76  77  73  64  58  61  63  66  67  70  74  80  78  64  84  98  81  54  43 124 231 198 143 173 203 137  63  60  73  74  87  79  75  74  67  65  70  77  82  78  73  71  72  74  75  74  72  73  75  74  74  78  83  77  54  64 182 220 123  94 179 
 66  70  67  58  58  60  64  65  63  61  63  66  70  67  60  59  61  73  69  42  52 149 234 220 144 161 225 162  69  52  68  74  74  71  65  67  72  71  69  68  69  70  71  70  61  61  64  70  71  68  65  67  62  61  70  68  49  44 140 232 126  38 113 203 164  74  54  69  71  75  70  66  68  73  77  78  75  70  66  68  72  76  75  70  64  67  71  75  74  70  69  69  69  44  81 200 187  55  23 140 
 61  66  64  55  58  62  69  68  62  57  56  60  59  48  38  38  39  56  51  34  81 185 223 140  39  75 202 184  87  50  65  70  71  66  63  63  64  66  66  65  67  70  71  70  67  67  69  71  65  50  38  49  50  40  52  48  30  50 161 220  78   0  89 198 184  83  42  75  80  64  68  72  70  78  81  78  70  66  66  68  72  72  72  71  73  73  72  65  55  47  47  51  36  28  99 209 159  26  11 117 
 56  55  53  57  69  74  73  63  52  44  44  53  63  67  66  71  69  68  44  21 105 215 180  59   4  45 182 216 123  44  47  69  63  73  64  63  72  72  67  65  67  67  65  66  70  61  57  50  40  49  70  83  99 109 116  92  66  95 187 196  67   2  78 193 209 110  41  77  88  71  71  76  70  73  73  62  74  77  71  73  73  72  74  73  68  62  53  49  61  74  85  98  87  78 158 233 146  23  11  92 
 55  56  65  68  62  57  49  43  47  61  85 117 147 167 178 176 175 148  80  40 131 228 152  32   4  43 169 230 150  53  46  75  60  71  64  66  73  67  67  67  66  64  69  73  65  49  39  47  77 132 175 184 198 211 217 193 168 183 227 200  82   5  45 175 225 132  48  73  83  70  75  75  65  68  70  61  73  78  70  65  65  69  66  58  56  52  68  99 135 169 195 212 198 190 219 239 182  84  31  83 
 65  72  73  54  41  35  38  66 121 171 204 220 224 229 237 230 234 236 206 176 207 228 136  38   6  32 152 221 147  41  46  78  64  71  73  68  56  62  69  72  71  64  55  45  34  54  91 146 205 238 238 228 202 180 186 197 217 239 243 229 165  71  55 145 206 133  43  67  82  69  75  76  66  62  65  66  66  73  70  67  69  59  37  37  63 102 156 214 238 234 216 194 197 204 199 204 224 213 172 137 
 51  50  35  25  47  86 136 183 222 227 207 177 142 123 122 124 129 152 187 214 236 238 199 130  48  21 128 223 164  47  36  76  74  66  63  63  64  63  55  38  31  40  47  48  96 164 216 232 215 173 134 114 100  95 103 113 124 142 172 212 240 197 167 192 204 123  26  24  40  44  61  69  65  59  69  75  54  36  32  30  35  54  92 144 189 224 228 211 175 136 110  98 102 104  99 105 143 190 217 217 
 33  42  68 111 156 204 237 233 197 149 103  73  60  56  54  60  66  63  78 117 155 189 225 227 177 129 163 227 185  74  35  53  55  66  72  57  51  40  60  70  75 103 142 167 200 222 207 157 110  80  66  66  65  74  75  71  72  71  81 128 175 197 226 243 240 186 115  91  84  66  46  43  60  74  72  56  48  62  91 100 113 154 210 239 225 186 151 114  87  66  60  68  70  71  68  63  70  96 123 172 
101 131 181 218 232 223 185 141  99  73  60  61  77  88  85  84  81  70  58  56  65  93 143 180 210 224 226 236 214 174 120  73  43  68  87  55  38  78 141 189 198 203 213 215 196 147  95  72  73  82  91  98  85  86  77  78  90  84  67  74  78  99 143 176 213 227 225 220 209 172 104  56  56  68  59  60 118 185 202 213 225 226 214 173 118  77  71  74  83  86  85  88  92  99  95  84  76  69  61  80 
212 208 214 189 152 115  90  74  62  66  77  83  85  82  78  71  81  93  84  71  66  63  68  88 115 149 186 200 203 225 225 166  88  56  45  52 108 199 227 220 186 163 149 130  95  69  66  84  89  89  92  83  75  83  80  83  90  86  82  75  68  63  62  80 133 167 187 189 211 228 206 130  48  17  45 137 229 235 211 196 174 146 114  84  61  70  83  88  83  84  90  91  92  94  95  93  89  86  87  78 
161 150 125 101  75  60  67  78  79  79  83  84  78  66  58  57  72  85  83  82  85  85  76  67  61  74  93 104 109 137 200 228 168  49   0  74 197 243 184 119 101  90  74  72  64  76  85  89  91  87  78  64  57  67  79  76  74  80  84  88  89  76  62  64  74  79  88  98 106 169 227 182  63  14 106 218 231 151 103 105  92  72  69  69  71  86  92  93  85  79  78  83  84  79  77  80  86  94  99  96 
 67  59  61  62  71  82  88  87  80  71  65  69  69  66  65  67  69  72  71  69  73  82  86  82  70  65  61  64  51  43 112 219 210  72  30 138 238 197  93  41  61  73  70  76  92  90  83  74  74  78  77  68  63  69  79  78  74  74  74  73  83  85  80  89  87  63  62  66  41  77 186 209 144 123 197 248 173  56  41  67  76  78  86  86  85  77  78  82  81  79  77  77  72  73  75  78  79  77  76  85 
 72  69  74  77  84  82  71  64  67  67  64  64  65  68  69  68  68  70  71  67  66  68  69  71  77  83  84  96  78  44  62 183 226 137 136 219 235 150  55  49  96  96  86  86  84  80  73  68  70  76  77  68  71  71  75  79  75  70  68  65  72  81  82  82  87  93  98  96  50  53 149 225 236 224 233 234 138  59  69  90  94  89  88  82  79  72  71  74  79  82  80  74  69  73  80  81  78  71  67  75 
 81  85  80  74  78  73  63  58  61  69  71  66  67  69  68  64  61  60  64  70  72  69  64  59  70  78  70  84  77  53  74 170 237 212 215 240 219 149  68  69 101  85  74  73  74  69  68  69  71  67  64  69  78  75  70  74  74  72  77  74  65  69  80  75  69  84  94  91  53  61 157 236 226 174 180 229 146  68  86  97  88  71  69  71  78  76  70  67  72  77  75  68  68  73  77  77  75  74  74  79 
 67  71  60  58  66  70  67  63  61  63  64  63  65  68  69  66  61  56  56  65  73  73  70  67  75  80  65  68  57  40  88 188 252 202 151 178 217 172  79  52  77  78  72  71  75  68  65  69  68  62  61  74  80  75  65  66  68  69  78  76  60  62  81  82  71  68  72  72  32  54 180 230 133  53 119 233 155  49  62  79  74  61  63  71  82  80  71  65  68  73  73  67  68  72  73  72  72  76  79  77 
 53  57  58  67  68  66  61  59  60  60  60  64  68  70  70  66  66  64  63  68  68  65  66  66  65  73  76  76  53  35  89 204 227 111  44 116 219 185  76  30  65  78  66  71  66  65  68  70  66  66  71  75  71  66  65  66  68  67  64  68  70  71  70  69  70  71  75  64  28  76 202 213  79   2  83 219 176  65  59  77  81  71  67  68  71  73  66  62  66  72  72  67  68  72  76  74  72  73  75  71 
 38  66  69  62  62  62  61  60  63  67  67  67  67  65  63  64  65  67  71  73  67  61  58  61  52  50  54  66  45  36 109 218 190  43   7  86 198 209  95  27  60  73  59  67  58  61  69  70  64  63  70  69  62  60  62  67  70  68  63  74  86  76  52  43  41  46  49  29  17 105 222 203  72   3  68 210 205  86  51  71  76  71  72  63  62  63  62  62  64  67  69  68  65  70  71  70  68  66  64  77 
 34  76  62  53  50  56  63  64  65  66  66  65  61  60  66  76  76  68  59  53  50  48  48  46  42  42  36  49  24  34 150 242 172  31  10  49 167 221 117  30  56  76  61  52  60  59  63  68  65  62  63  62  61  61  64  69  69  66  70  70  62  50  44  46  49  58  59  47  33 129 232 172  43   4  73 210 221 112  44  60  67  68  82  64  53  66  74  75  70  65  65  66  64  61  55  59  72  78  71  68 
 30  61  58  54  59  67  70  66  64  61  64  67  60  62  73  74  69  50  31  35  54  77  97 109 106 113 112  96  42  39 164 233 132  27   5  40 153 231 143  37  47  71  59  58  70  72  64  59  64  65  61  71  59  61  72  69  53  49  53  37  37  65 108 143 158 156 155 147 121 184 233 145  28   1  50 181 224 127  44  67  75  66  77  71  59  64  63  64  70  70  67  69  69  60  57  69  77  71  61  38 
 35  46  54  71  64  64  65  66  64  66  66  61  57  59  60  49  42  49  69 100 139 173 193 205 202 204 210 201 145 126 195 213 101  20   4  22 132 224 158  41  36  67  61  64  73  70  60  58  65  67  63  66  57  62  64  49  36  38  53  77 117 164 203 229 232 220 212 213 210 233 237 193 121  38  22 125 223 152  44  61  75  68  69  66  64  71  59  56  71  75  70  71  68  65  71  76  64  43  33  44 
 42  46  57  67  58  56  63  71  71  70  65  56  54  43  30  36  62 112 174 212 228 226 211 198 193 189 195 217 222 231 232 221 145  53  12   4  99 207 165  57  43  73  69  67  61  57  62  67  62  57  58  57  51  47  39  37  61  97 142 191 231 230 202 178 163 162 154 157 177 176 196 234 233 167  94 131 220 157  35  35  58  69  65  60  72  74  60  60  75  77  65  60  65  59  53  45  38  49  73 125 
 33  46  63  58  58  55  59  63  62  53  40  40  50  51  67 115 172 216 240 232 198 153 108  84  86  81  81 109 157 200 218 234 233 171  97  42  99 208 169  63  32  54  64  63  61  65  72  66  50  47  56  49  42  40  56 100 165 215 237 235 211 156 104  73  60  64  66  63  69  62  99 167 219 245 220 215 232 170  66  42  45  49  44  47  66  67  66  69  70  58  45  42  46  45  43  51  83 142 190 226 
 23  38  58  58  62  55  45  42  39  31  35  71 125 169 197 225 232 203 159 119  83  59  58  61  59  54  57  56  68  88 114 153 208 241 214 178 184 221 176  75  29  36  48  41  55  74  72  45  37  64  92  90 109 145 185 216 223 205 167 132  92  72  69  75  74  64  73  79  66  61  64  77 100 156 201 226 232 228 183 141 108  81  61  49  40  48  66  75  59  40  46  66  96 119 147 173 202 223 224 201 
 43  29  38  56  61  38  35  56 101 142 163 192 226 242 222 183 146 104  63  49  60  73  81  84  84  84  87  81  71  64  62  79 111 153 180 208 228 241 227 184 160 135  87  45  57  70  53  47 100 178 200 198 218 231 220 181 141 110  80  70  62  69  82  96  94  81  90 101  95  86  82  77  64  70  95 124 157 198 226 232 226 207 178 148  78  32  53  47  33  75 147 187 210 229 238 231 205 162 131  99 
163  80  37  48  41  39  96 167 217 241 233 215 197 173 124  90  73  62  61  70  83  86  76  73  77  80  81  81  83  83  88  78  63  59  83 125 159 176 195 223 234 232 193  95  37  33  36  99 201 243 212 205 190 160 119  85  70  71  80  81  82  81  80  79  77  73  78  87  86  79  83 102  99  73  59  55  73  99 148 174 189 211 232 238 167  53  30  44  87 171 236 232 199 192 168 139 111  79  63  64 
245 171  79  22  13  73 189 242 212 160 132 109  92  77  54  59  68  67  72  75  74  72  70  68  71  73  72  70  75  83  83  82  79  73  69  70  72  84  95 127 138 191 243 167  39  23  64 172 241 189 110  98  85  72  69  75  79  81  83  83  81  78  73  67  68  71  71  76  75  72  78  84  83  82  84  79  72  77  77  76  79 101 158 227 221 135  88 122 196 236 221 145  92  88  71  66  71  74  80  81 
224 224 125  22  20 131 240 217 111  55  64  62  64  68  64  68  75  77  77  72  64  61  64  66  68  68  66  63  63  64  68  72  76  77  76  73  72  60  63  67  54  97 211 214 123 115 166 237 227 117  52  64  66  70  81  89  85  79  78  74  69  65  65  66  68  68  68  70  69  66  69  68  69  81  91  90  78  72  69  71  72  56  63 155 229 213 187 207 249 235 152  64  52  65  70  80  89  85  84  80 
182 242 161  71  83 193 240 147  52  45  74  77  72  80  84  72  64  66  68  69  67  63  59  60  62  64  68  68  66  60  59  62  66  72  78  86  90  90  82  51  36  54 173 242 212 211 227 242 206  87  37  85  86  84  81  82  76  70  70  66  64  63  63  65  64  62  64  67  67  66  65  68  69  68  70  71  72  76  74  84  95  65  32 114 226 252 227 203 230 212 107  43  64  83  90  92  88  75  68  63 
149 233 203 169 186 241 240 128  54  65  86  79  63  67  73  65  63  63  58  58  59  59  60  58  58  61  64  67  68  68  65  62  59  59  64  72  79  81  77  50  44  56 172 245 235 205 197 223 212  84  25  78  82  79  72  71  67  62  64  64  67  67  64  62  60  59  61  63  66  66  65  64  64  64  65  65  63  62  64  74  78  52  34 125 237 225 146 109 186 210 115  49  71  85  80  70  65  61  68  77 
135 219 227 226 221 233 228 143  66  59  66  60  52  54  55  58  59  58  59  60  61  59  58  58  59  59  55  53  57  65  65  64  62  62  62  61  59  59  67  52  36  52 190 247 177 112 128 216 225  85  28  72  72  64  55  60  61  59  60  61  62  64  64  65  64  62  62  61  61  63  61  61  62  64  66  67  66  63  57  67  67  39  39 136 226 171  46  32 170 225 137  51  57  72  67  58  58  64  78  79 
154 238 211 161 131 178 231 159  57  38  55  64  63  61  55  55  57  56  57  58  58  58  57  58  59  60  59  52  52  61  57  61  62  57  60  60  55  57  59  54  32  71 212 221  96  21  57 180 243 107  23  63  64  62  57  56  59  61  61  57  60  64  61  60  61  59  56  56  60  62  61  62  61  59  66  71  68  63  55  67  62  30  44 152 228 134  10  14 148 238 161  61  47  67  72  70  65  62  70  68 
184 243 152  55  34 124 224 163  57  34  58  68  54  53  60  58  56  55  55  55  56  56  57  59  53  50  59  66  64  60  59  58  56  54  55  56  56  55  49  44  39  98 216 192  52   1  31 150 238 128  32  55  63  66  63  62  61  60  58  55  57  58  56  59  59  54  53  55  58  60  58  57  55  55  61  62  57  52  50  53  48  33  71 184 229 123  15   6 114 219 179  87  49  67  72  68  62  56  62  67 
196 232 115  16   0 107 236 190  70  29  47  57  61  59  50  52  55  54  53  53  53  55  56  55  51  51  58  60  57  54  60  59  58  61  59  58  61  61  52  37  31 108 221 184  41   2  25 132 236 156  50  47  61  67  67  64  62  59  57  58  58  56  54  57  58  54  54  55  56  58  58  55  52  52  55  56  56  62  64  62  51  28  77 204 216  88  14  11  96 210 202  99  42  63  72  69  66  60  64  65 
204 219  98  14   3  99 232 219  92  23  35  51  69  67  46  48  55  52  53  52  52  54  54  54  50  46  46  47  53  63  62  56  51  49  44  40  42  50  53  39  32 126 229 176  38   1  20 123 236 180  69  44  60  64  62  60  58  58  57  61  61  58  55  54  59  63  60  56  54  55  55  55  56  61  64  57  47  45  49  52  38  14  80 219 199  62  18  16  79 200 222 110  32  56  68  69  69  68  70  64 
223 208  73   5   3  71 201 235 117  23  41  62  57  56  58  56  53  52  53  54  54  53  52  53  48  48  57  62  54  46  38  35  30  28  33  42  47  46  42  24  32 151 236 156  29   0  12 102 224 195  83  43  57  60  54  53  57  56  54  59  58  57  55  53  53  56  56  56  56  58  60  64  63  58  51  41  33  34  42  49  37  29 111 224 172  31   8   7  58 183 233 123  30  55  66  64  66  64  65  63 
234 187  59  10   6  49 175 244 135  27  48  67  49  46  57  58  52  51  54  56  56  54  51  52  51  54  62  57  41  26  24  41  56  69  96 119 121 115  99  55  51 179 234 121  17   6   8  76 211 212  96  40  57  57  51  51  57  58  53  55  54  55  60  60  51  48  52  57  58  56  56  49  38  38  45  58  75  94 118 129 123 123 170 224 167  38  10   0  40 165 234 132  34  58  66  61  62  60  60  60 
236 164  50  10   6  39 168 246 145  39  44  55  50  49  47  49  50  51  54  53  58  57  51  52  52  47  30  22  38  64  94 128 159 180 206 219 210 201 202 162 135 210 217  98   9   8   6  61 203 227 109  36  54  62  55  52  58  56  55  57  47  53  63  65  60  54  61  59  51  42  36  33  44  76 117 156 185 197 207 215 210 204 218 235 203 123  78  25  27 143 228 146  38  61  72  62  58  60  59  60 
237 142  27   5   4  38 169 241 154  56  42  45  48  57  52  41  49  60  55  51  59  56  48  39  39  38  33  55 114 174 212 224 224 217 207 196 184 185 213 219 216 227 206 153  89  41   4  54 184 220 115  33  51  72  62  52  59  52  55  58  36  47  58  56  61  56  47  39  31  35  50  87 139 187 212 220 220 210 195 183 168 163 182 204 218 223 209 144  85 157 220 139  30  40  61  58  55  62  59  68 
238 143  36   5   2  37 162 238 142  31  30  50  54  58  55  47  58  63  50  44  39  28  31  28  37  76 132 183 216 235 219 184 140 108  92  82  76  83  96 128 162 184 208 232 214 148  72  89 186 210 108  18  35  52  50  47  54  55  60  61  50  47  45  38  35  31  29  40  59  98 153 206 233 229 195 138 102  97  93  80  74  81  85 101 128 184 232 238 205 225 232 146  50  29  28  39  47  53  51  65 
248 214 160 104  43  35 141 230 136  16  23  53  59  53  42  50  48  34  24  23  29  39  65 104 143 194 236 242 212 167 114  82  59  58  60  58  57  53  51  53  58  79 125 173 218 242 215 193 223 208 111  42  40  37  37  40  50  56  54  52  46  32  32  38  42  70 108 136 173 217 240 219 172 121  81  63  59  62  64  59  65  74  61  53  71  92 118 172 218 239 237 209 144 106  72  45  33  34  28  34 
164 200 228 212 169 142 188 241 163  62  43  34  40  54  46  45  30  29  56  85 122 154 186 222 240 230 190 152 117  78  60  55  61  77  85  84  84  79  74  62  48  44  53  66  98 165 207 227 243 237 191 162 153 127  92  56  42  47  41  32  38  68 119 152 163 188 218 233 233 213 172 117  71  45  55  84  94  92  84  80  78  78  75  75  83  82  60  74 120 147 174 213 227 218 192 157 137 121  89  45 
 67 100 146 180 214 225 230 234 205 166 130  73  36  40  40  27  51 111 166 204 229 234 224 202 185 144  83  56  62  69  74  74  72  71  68  67  69  69  63  69  77  68  61  65  48  53  85 143 174 198 212 231 246 243 203 122  47  26  43  60  98 174 234 244 234 219 194 178 151 106  73  69  72  76  85  85  76  71  68  67  64  69  78  81  70  85  81  65  59  67  97 134 173 197 218 225 235 239 210 110 
 75  70  74  90 117 144 154 149 178 223 233 181  82  20  29  67 140 214 231 203 187 169 126  98  83  72  70  68  67  73  76  78  70  58  56  61  63  60  62  64  64  61  62  68  75  60  47  66  76  95 114 145 172 212 246 206 114  71 114 168 194 227 219 164 130 122 105  87  69  60  66  81  88  83  75  67  63  63  61  53  53  67  81  75  59  62  82  82  65  63  69  79  84 102 125 135 167 216 237 198 
 75  75  73  62  59  71  79  78  85 134 215 243 149  56  98 163 223 237 168 105  77  77  68  55  53  61  71  71  63  58  57  58  55  52  52  53  53  55  53  50  52  58  58  54  66  75  69  60  57  60  60  63  66  99 191 230 200 182 206 232 241 212 137  67  53  62  68  74  75  74  74  73  71  65  60  60  62  62  63  58  54  58  65  65  60  57  65  72  76  77  74  68  72  77  79  70  62 111 200 246 
 60  64  74  74  71  65  64  66  45  56 143 234 216 159 190 219 241 201  89  44  45  62  68  65  66  67  64  58  54  50  49  50  51  52  51  48  47  53  52  51  54  56  54  51  49  60  68  68  68  69  67  66  42  30 120 225 252 231 196 203 238 181  76  40  66  73  73  78  78  70  66  62  59  57  56  55  56  57  58  58  57  55  55  59  62  60  57  58  63  68  71  70  75  80  80  78  43  55 153 243 
 50  47  56  65  73  64  68  78  45  33 106 218 251 210 197 198 230 184  70  52  69  73  67  66  62  59  56  54  53  53  46  47  49  51  50  47  44  42  47  51  52  51  54  57  43  50  54  56  58  57  59  87  59  22  95 225 246 167 107 153 226 156  47  42  77  74  70  67  60  54  54  56  55  54  52  51  51  51  50  52  53  52  51  55  62  61  58  54  54  59  64  67  67  71  73  87  52  40 135 239 
 48  47  48  45  52  48  61  75  42  33 112 220 238 161 131 180 237 179  68  55  60  49  46  55  53  49  48  50  51  52  47  47  48  49  49  48  47  44  46  46  45  44  48  51  46  46  47  47  47  45  45  61  48  30 112 235 217  85  20 127 231 151  50  41  60  62  58  56  52  48  51  56  56  54  53  51  51  51  51  51  50  49  50  53  58  53  52  54  55  55  53  53  58  57  54  80  50  38 146 241 
 46  47  47  45  38  38  46  50  22  30 126 230 196  68  40 145 246 187  62  37  45  43  44  50  48  46  46  46  44  41  45  45  44  44  45  47  50  56  51  44  42  43  43  42  45  43  44  46  47  51  54  52  35  29 128 235 185  50   3 113 237 165  51  29  47  56  52  55  53  52  53  54  55  54  52  51  50  49  52  52  48  49  53  53  50  50  51  52  51  49  47  45  54  51  48  70  39  37 156 246 
 42  44  46  46  40  39  42  42  21  34 139 240 174  29  10 119 236 192  64  32  43  51  47  44  42  40  44  47  46  42  42  41  41  40  43  45  46  48  44  42  45  49  49  47  41  41  43  42  40  44  50  44  28  32 150 244 165  38   3  89 231 189  65  29  49  54  47  50  53  50  47  49  51  50  49  49  47  46  49  50  49  51  52  50  46  50  54  55  54  52  50  51  49  47  54  65  30  48 174 246 
 42  43  45  38  45  42  41  44  23  45 166 249 163  23  10  92 220 206  80  31  31  47  49  47  43  41  42  47  45  41  39  39  41  42  44  44  45  42  41  44  46  48  47  44  35  39  45  44  38  39  44  37  25  28 156 241 145  21   0  75 226 211  92  32  45  57  45  47  53  52  47  46  49  49  48  49  47  46  43  46  51  52  49  47  47  44  49  56  58  55  52  50  48  45  54  53  18  53 182 235 
