168 165 165 168 168 171 177 175 170 167 168 177 183 180 175 175 172 168 162 159 167 166 158 161 163 166 174 180 175 175 174 169 169 175 172 161 165 164 168 169 159 156 165 175 171 166 160 156 158 160 155 152 157 161 160 162 165 163 157 155 158 163 162 161 155 154 169 162 146 152 182 190 187 192 191 189 198 192 184 196 201 195 199 190 167 171 182 187 184 180 177 180 184 176 170 177 176 163 173 176 
169 168 168 168 166 166 171 170 167 164 166 175 181 180 178 178 174 172 168 165 170 166 161 166 169 170 176 182 182 183 180 175 173 176 173 163 164 163 167 169 161 159 168 177 173 167 160 156 156 158 157 153 156 161 161 163 165 164 161 160 160 162 163 161 156 157 166 161 148 150 175 187 186 187 187 188 192 191 185 195 201 192 191 185 170 173 180 180 178 175 174 176 176 171 166 170 171 168 177 180 
169 168 165 164 161 162 167 171 169 163 163 168 173 172 172 172 166 166 165 164 170 164 160 166 172 173 173 177 181 180 177 171 170 170 168 162 159 158 163 166 162 163 170 177 175 168 161 158 158 157 157 155 157 161 163 166 166 162 164 165 164 161 166 164 158 161 165 161 155 152 167 183 183 178 179 186 185 187 186 193 200 190 182 182 180 180 179 174 170 170 171 172 168 164 161 159 162 172 179 180 
168 165 162 162 161 162 166 174 173 166 165 168 169 169 171 171 162 159 157 158 167 162 155 163 172 174 170 168 173 170 167 165 165 167 167 168 164 164 166 168 165 165 169 174 174 168 162 163 163 161 162 160 160 161 162 163 160 156 162 167 167 163 169 168 161 165 165 165 165 161 165 178 180 172 174 183 180 182 186 191 196 188 180 185 196 193 184 175 171 171 171 173 167 163 161 154 159 173 175 171 
168 168 169 168 168 166 166 172 175 173 172 175 177 177 181 179 168 161 158 159 167 162 154 160 171 175 171 169 173 170 167 168 171 172 176 183 180 180 180 178 173 168 167 172 173 168 165 169 170 166 171 169 164 161 160 156 153 153 159 170 170 166 171 172 166 165 167 170 171 170 167 174 178 171 173 181 178 178 188 189 185 184 182 190 208 199 185 179 178 176 173 176 171 167 164 158 163 174 167 163 
171 176 177 177 177 173 167 170 175 175 174 177 178 178 183 179 167 162 160 162 170 164 155 158 167 175 175 175 182 177 174 175 177 178 183 193 188 189 189 187 184 178 173 173 175 170 168 174 174 167 169 170 166 163 163 158 153 155 160 172 176 169 171 176 171 164 169 174 172 173 171 173 177 174 175 178 178 175 191 187 173 177 181 193 205 191 175 174 179 177 169 171 170 167 164 163 167 171 161 160 
174 178 177 178 180 176 170 173 178 175 173 175 174 168 171 164 153 155 160 164 170 163 155 156 161 170 174 179 187 181 178 178 177 176 180 189 181 183 187 193 191 183 179 175 177 169 166 173 173 164 161 164 165 167 167 164 160 160 164 172 177 174 171 178 175 163 169 174 169 172 171 171 176 177 177 178 180 175 190 185 167 172 181 191 195 180 164 166 176 173 163 164 165 161 157 162 167 166 160 161 
173 173 173 173 172 171 172 177 182 178 173 179 177 166 163 160 154 159 166 167 170 165 156 156 161 167 174 182 187 184 183 182 179 176 175 175 171 171 177 196 195 179 178 177 176 167 162 164 163 158 156 157 164 168 166 166 168 171 173 171 174 179 173 173 174 169 174 172 163 169 170 168 174 179 179 179 183 181 183 179 167 171 183 184 181 174 166 167 171 169 164 163 164 153 146 155 164 161 161 161 
174 174 174 172 166 167 173 173 174 173 172 180 181 173 169 176 174 172 171 166 170 168 159 161 166 171 176 180 184 188 188 187 188 185 179 173 173 174 179 195 195 179 177 178 177 173 166 158 156 158 156 159 165 167 165 167 173 177 177 175 175 175 171 166 171 183 183 168 159 165 175 174 173 181 183 180 185 189 182 172 169 176 180 177 171 176 180 176 169 169 172 169 165 155 147 152 159 158 162 162 
173 171 175 180 172 171 179 176 172 169 168 173 175 170 166 171 171 173 171 163 164 163 159 162 167 170 171 173 176 183 182 183 186 187 181 174 178 184 188 196 192 179 181 188 181 177 172 160 159 164 161 164 168 166 162 164 172 179 179 179 177 174 169 162 170 187 182 168 165 167 176 174 170 183 187 182 187 196 183 170 173 178 175 173 168 179 189 182 171 172 181 176 171 162 157 157 158 158 165 164 
175 169 177 191 186 180 184 183 178 173 168 168 169 168 167 161 158 166 170 165 165 161 158 162 166 166 164 165 168 170 169 169 175 180 180 175 182 192 195 194 184 176 185 197 182 175 172 167 166 170 168 168 169 166 161 161 168 178 181 185 183 176 171 170 177 182 177 175 179 174 174 170 170 183 188 185 189 195 183 173 175 174 170 172 174 181 185 181 175 175 182 173 170 172 174 172 168 167 173 168 
180 174 181 193 192 184 182 184 181 174 169 166 168 169 169 160 154 161 168 165 168 163 162 166 169 167 163 163 167 165 164 166 171 177 180 180 183 193 192 188 180 176 186 197 184 173 169 167 168 172 180 175 176 176 173 171 174 179 181 185 184 179 177 182 184 180 175 178 181 177 172 171 173 179 185 189 192 192 183 175 175 176 177 180 183 183 183 181 181 179 179 167 165 173 183 180 175 177 177 171 
183 180 184 185 185 179 174 176 178 175 172 172 177 179 178 177 169 166 169 169 175 173 169 173 175 171 165 166 172 173 176 180 183 185 187 188 187 191 185 185 186 182 186 194 191 177 166 167 168 170 180 172 175 183 183 182 181 179 177 179 177 174 180 187 186 183 178 171 167 168 172 177 178 172 177 190 196 194 187 178 178 188 195 196 194 191 189 190 191 186 180 168 163 172 182 177 171 174 174 170 
181 180 180 178 182 182 176 173 175 181 186 188 190 192 188 190 191 186 181 182 187 185 180 181 180 176 173 173 175 180 186 192 195 193 191 191 190 188 187 188 187 186 189 188 188 188 171 162 167 164 168 165 170 171 177 182 181 179 173 170 174 178 177 177 179 181 178 167 158 160 169 180 186 181 179 188 198 199 190 179 180 194 203 200 195 192 191 194 194 188 179 171 162 165 172 167 164 169 169 168 
188 187 180 175 179 184 183 183 185 190 197 197 197 197 192 191 195 195 191 193 194 189 185 183 183 186 190 188 183 182 188 195 195 193 192 193 191 186 187 189 187 186 189 183 185 193 177 164 168 165 164 164 165 161 170 177 175 179 178 176 179 182 174 166 168 177 180 170 159 158 171 184 193 191 188 188 191 191 188 183 182 189 197 198 188 184 183 185 186 179 170 166 162 163 166 166 165 168 171 172 
203 204 195 184 182 186 188 188 190 194 196 194 193 193 188 184 185 187 189 190 188 182 183 182 184 196 207 205 194 187 191 196 192 188 190 195 194 189 187 190 192 191 191 184 190 197 185 175 179 178 177 177 170 163 175 182 174 178 184 186 183 178 172 168 169 177 178 168 161 165 179 191 198 196 191 186 180 177 183 186 181 179 185 191 182 177 174 174 172 164 156 161 166 168 168 174 180 180 180 180 
204 207 199 193 193 199 202 198 198 200 197 192 192 195 194 186 182 183 184 184 182 178 177 176 179 191 202 202 195 194 197 197 190 184 187 194 198 194 193 196 199 198 196 191 198 201 194 189 192 194 191 189 180 171 182 187 174 174 181 183 178 175 174 180 184 179 172 162 161 175 187 195 201 193 182 177 176 175 181 182 176 173 178 183 179 174 170 168 164 156 149 162 172 170 167 180 193 192 183 180 
197 200 195 198 203 210 214 210 209 212 204 198 200 206 209 201 192 189 188 187 185 185 181 179 182 186 191 194 197 200 200 197 190 185 186 190 196 197 197 197 199 199 196 197 200 196 197 197 196 199 190 188 182 176 183 185 175 175 176 177 175 175 180 185 182 175 168 163 166 179 186 194 199 185 170 170 181 187 186 180 176 180 183 182 174 171 168 167 167 164 161 174 180 174 169 182 193 190 182 177 
198 199 200 204 203 205 208 206 206 209 202 197 200 207 207 202 195 190 190 188 186 187 192 194 193 192 193 198 203 200 198 195 191 189 188 188 190 196 198 196 195 194 192 197 198 191 199 201 192 193 187 181 187 187 190 191 186 184 180 182 186 183 183 179 169 166 167 169 171 177 180 189 194 183 171 175 187 196 192 183 182 189 189 180 171 169 169 170 172 173 174 181 182 175 175 183 186 180 174 173 
190 188 197 199 195 195 203 210 206 200 198 195 198 202 197 195 192 188 191 189 187 187 195 195 193 192 193 197 199 199 195 193 193 194 191 188 186 196 201 196 193 192 190 195 196 189 202 204 187 186 181 175 190 197 197 198 196 193 188 193 199 192 181 176 169 162 164 169 173 176 177 185 192 187 182 185 191 195 192 185 185 191 188 176 173 172 171 171 173 175 177 170 165 165 172 178 174 165 156 161 
182 181 190 193 199 198 196 205 204 196 198 195 192 192 192 192 193 195 193 188 187 188 190 190 188 188 190 193 196 199 193 191 196 196 192 190 189 196 199 196 191 191 194 197 198 197 197 193 186 182 181 182 190 196 193 192 191 189 192 198 196 185 179 178 176 174 166 161 164 173 181 187 189 186 185 187 187 184 184 185 187 185 181 176 173 169 168 172 176 175 170 156 147 153 169 170 159 151 142 151 
193 190 195 201 204 198 191 196 197 192 192 192 191 192 196 197 195 193 191 188 187 188 187 186 187 188 191 193 193 195 192 191 194 192 189 189 192 195 196 195 194 194 197 198 197 197 196 192 187 184 186 187 190 188 182 177 180 188 193 196 189 179 177 181 183 180 170 157 157 167 180 185 183 179 180 182 181 170 170 180 187 188 180 172 165 162 166 174 177 169 157 145 146 153 160 159 153 149 146 150 
202 199 203 211 211 199 187 188 191 191 191 190 190 194 199 200 196 191 188 188 187 186 182 183 187 190 192 191 191 190 191 194 195 190 188 192 200 199 198 199 199 198 196 195 195 194 195 193 189 187 189 192 193 188 179 175 181 189 193 194 187 181 183 186 184 180 170 159 160 168 179 181 176 173 179 185 183 174 174 179 184 185 180 176 164 159 160 167 171 166 156 155 160 156 148 152 158 158 156 156 
199 198 204 213 211 198 188 186 190 194 192 189 187 190 195 197 194 189 187 188 187 185 182 185 190 194 195 192 189 186 190 196 198 193 192 199 206 204 203 203 200 193 187 187 188 190 194 194 192 189 187 191 195 191 184 185 188 189 189 188 189 190 193 190 182 175 169 170 174 177 179 179 174 173 181 188 187 184 183 180 179 180 180 180 169 161 157 161 167 169 166 168 171 158 145 155 168 167 169 164 
194 193 197 205 203 195 190 187 192 196 193 188 184 183 185 190 191 190 191 191 190 188 188 192 197 200 199 195 191 185 188 195 198 196 195 200 206 203 201 200 195 188 182 182 182 183 187 191 193 191 186 189 194 194 189 191 194 192 187 184 188 196 197 194 187 175 174 181 186 182 179 179 177 176 181 185 183 178 176 178 179 179 177 173 168 165 166 168 171 173 171 172 175 170 166 176 182 175 177 171 
196 195 195 200 197 194 195 192 196 202 198 192 185 182 181 184 189 195 198 197 195 193 197 201 205 207 205 199 193 190 191 197 202 199 197 200 203 201 197 195 192 191 189 183 179 175 176 184 191 195 193 193 199 202 202 203 205 202 196 187 186 194 197 197 192 184 183 189 191 188 179 177 181 181 182 183 181 174 173 177 180 180 174 168 170 174 176 175 172 173 175 179 184 186 187 190 189 183 177 175 
197 195 195 197 194 195 202 201 202 207 203 198 190 185 183 185 191 199 204 202 199 197 201 205 209 209 205 198 195 195 197 202 206 204 201 202 205 201 196 194 194 198 199 188 179 171 172 179 188 194 196 197 204 212 213 215 215 210 206 194 188 192 198 199 194 189 187 191 193 190 178 175 182 183 186 188 187 181 179 180 179 178 177 173 175 178 178 173 169 174 181 188 189 187 184 181 181 181 173 173 
191 190 191 191 188 194 205 209 208 207 206 200 194 192 192 197 202 206 208 206 202 200 201 204 207 206 196 190 196 195 199 204 207 207 207 207 209 204 198 196 196 195 193 187 182 178 179 183 186 186 190 195 204 210 215 216 216 211 205 196 190 190 195 198 196 188 182 186 192 187 181 182 184 184 188 192 189 182 180 180 180 180 180 180 178 176 174 172 174 180 185 192 186 179 173 169 170 173 172 174 
189 193 192 189 192 199 205 205 206 206 205 202 199 199 202 210 213 210 208 205 202 199 201 202 202 198 189 186 191 195 198 203 206 207 208 210 211 207 201 196 191 185 180 179 181 185 190 191 187 186 194 198 204 209 214 216 216 213 206 197 190 189 193 194 190 184 178 180 187 189 189 192 193 190 188 186 180 173 172 177 183 187 184 178 176 174 173 179 186 190 190 186 178 169 167 171 173 174 180 182 
190 199 202 194 201 206 202 201 200 199 201 203 203 205 204 210 210 206 204 204 203 200 201 201 201 198 192 188 192 194 196 200 203 206 208 211 215 210 203 195 188 182 179 179 185 191 195 196 193 194 201 202 205 209 214 217 218 216 210 202 195 193 194 193 190 187 181 180 184 188 191 196 199 195 190 185 178 171 171 179 189 192 187 178 174 175 180 188 194 194 191 179 175 170 168 174 179 179 183 184 
190 203 210 201 204 205 194 189 189 190 197 203 206 204 198 198 198 198 200 202 202 202 202 202 204 205 199 194 195 195 198 202 205 208 210 213 216 212 205 196 192 190 191 191 192 194 196 199 202 205 208 206 207 208 211 215 215 211 207 203 199 196 193 194 195 194 192 188 184 185 189 196 202 200 196 193 189 180 180 185 190 192 187 179 176 182 190 191 186 180 177 174 181 181 175 175 179 180 178 177 
188 199 207 203 201 195 187 182 181 185 194 202 206 202 195 190 193 200 203 202 200 199 202 203 205 207 203 197 197 199 203 208 212 213 215 217 216 213 208 201 197 199 201 201 201 199 198 202 208 211 209 206 203 203 205 208 209 206 207 208 209 206 200 199 199 199 200 195 187 183 185 193 201 202 201 200 198 193 192 191 188 186 184 184 187 190 190 184 174 167 164 175 186 187 178 176 179 179 177 174 
189 195 201 206 198 189 187 183 181 183 190 201 206 204 197 190 198 211 214 206 198 193 202 203 201 203 199 194 193 199 205 211 215 216 217 217 217 216 213 206 200 199 201 206 208 208 206 206 208 210 208 203 196 193 195 198 200 201 205 212 216 214 207 203 200 196 199 197 188 185 182 186 195 197 196 198 197 201 200 194 183 177 181 189 197 193 184 177 173 170 169 175 184 184 179 185 190 187 186 184 
189 193 197 200 197 193 194 195 191 188 193 199 202 204 205 206 212 215 211 203 199 199 204 205 202 196 189 189 196 204 210 214 215 214 213 214 214 216 216 213 208 206 206 211 210 208 207 207 208 207 199 195 190 191 195 200 201 199 201 207 211 209 205 200 197 200 198 196 191 183 180 185 192 193 193 194 197 198 197 192 183 178 183 193 194 186 175 173 182 186 183 184 185 184 183 190 196 197 194 193 
191 193 196 195 194 192 193 197 195 194 199 203 203 202 201 205 209 209 205 200 199 201 205 207 205 199 193 197 204 210 213 216 214 211 211 212 213 216 217 216 213 211 211 213 211 209 208 208 209 210 205 202 200 201 204 205 206 204 203 206 206 201 201 197 196 203 201 198 194 186 182 186 192 193 192 192 194 194 193 192 187 183 184 187 184 178 172 176 188 195 192 188 187 188 189 192 196 198 195 191 
197 199 201 200 198 197 198 201 203 206 212 214 211 204 198 196 198 202 202 199 199 200 204 206 207 207 207 209 211 213 215 215 212 209 210 212 214 216 217 215 212 210 210 211 210 211 211 213 215 217 216 212 208 206 205 203 203 203 205 206 202 195 196 197 197 203 204 203 199 193 187 189 194 196 193 192 192 191 190 190 189 185 182 179 176 177 177 181 190 195 193 185 187 190 193 194 194 193 190 182 
204 209 214 215 215 214 212 213 215 220 222 221 214 205 198 194 196 201 203 202 202 202 203 204 207 212 216 217 216 215 216 214 210 206 208 211 214 215 215 212 209 207 207 209 210 212 215 219 222 223 216 211 204 200 198 196 196 198 202 206 199 192 192 195 196 200 204 204 201 197 193 195 198 199 196 193 193 188 186 185 185 184 182 176 181 187 189 189 191 192 188 185 188 192 193 192 189 186 183 174 
208 215 220 224 226 225 221 219 219 220 217 212 204 198 194 196 199 204 207 208 207 206 204 205 209 215 218 218 215 215 215 214 209 206 208 212 218 219 217 214 210 209 209 209 211 215 219 223 227 227 220 213 206 201 199 196 196 199 200 202 196 187 185 189 191 193 197 198 197 197 196 196 197 197 195 192 190 187 184 182 182 182 182 181 190 197 200 198 198 196 191 190 191 193 192 190 186 183 178 172 
207 214 218 220 220 219 217 215 214 211 208 202 195 191 190 196 200 204 208 211 212 212 211 212 216 219 220 217 215 215 216 216 213 211 212 216 221 222 221 219 217 218 218 214 215 218 221 223 224 225 224 220 217 214 210 206 204 203 198 195 190 183 181 187 190 188 192 194 193 197 198 195 194 193 192 190 188 188 188 187 183 181 184 187 195 199 200 201 203 201 196 191 190 188 186 185 184 183 178 177 
205 211 213 212 211 208 209 210 211 210 207 202 196 193 194 196 198 202 206 211 214 214 216 220 224 224 222 218 217 216 218 219 217 216 218 220 221 222 222 221 222 224 226 219 220 221 222 221 220 220 223 223 224 223 218 211 207 203 192 187 185 183 186 193 193 189 193 195 196 202 202 198 195 192 191 191 190 191 193 193 188 183 184 189 194 196 196 197 201 200 194 187 183 180 177 178 181 183 180 183 
210 209 210 210 212 213 213 211 210 211 210 209 207 204 202 200 202 208 214 216 216 213 216 223 230 229 228 225 218 217 219 223 225 224 224 224 229 225 221 220 222 224 224 219 219 220 221 221 219 218 220 222 223 222 217 210 207 205 196 189 183 184 194 200 200 199 197 200 205 206 205 202 196 193 193 195 196 200 202 200 194 188 185 187 193 195 197 196 194 191 188 181 179 176 178 185 185 177 175 179 
224 220 216 216 218 223 222 218 214 213 210 208 205 205 204 204 209 218 225 226 222 217 216 222 228 229 228 224 217 219 223 227 228 226 225 224 226 223 220 220 222 223 224 219 218 217 218 219 220 219 216 219 221 221 218 215 213 209 202 194 188 187 195 199 199 200 199 202 208 210 206 202 197 195 195 198 200 204 204 201 197 193 190 189 197 200 200 198 192 184 178 180 182 183 185 188 187 180 175 180 
228 227 221 217 219 225 228 222 217 217 216 214 212 210 207 216 223 227 230 229 223 216 213 219 226 229 231 229 223 223 228 232 232 230 227 226 226 224 221 222 224 224 225 222 218 216 216 220 222 223 219 220 221 221 220 220 218 211 206 201 195 191 196 200 201 205 204 207 212 213 209 205 200 197 196 198 200 202 200 197 197 198 197 195 199 201 202 200 192 183 176 179 186 190 191 190 186 184 184 183 
228 230 225 216 214 220 225 222 219 220 221 222 220 217 213 224 230 226 223 220 218 217 217 222 227 231 234 235 229 228 231 235 236 235 232 231 229 228 227 227 228 227 226 222 218 216 218 223 227 229 227 225 222 220 218 218 216 209 207 205 199 195 197 205 211 214 211 210 214 215 210 207 204 199 197 199 204 203 200 197 198 201 202 199 196 198 199 198 192 184 178 181 188 193 193 187 182 183 189 184 
236 237 232 222 217 220 224 223 221 220 223 225 224 222 218 224 227 221 217 218 222 226 229 231 231 232 236 237 231 232 236 238 238 236 235 234 233 232 231 230 229 227 225 219 218 218 222 227 231 233 231 228 223 219 216 215 213 211 209 208 204 199 201 210 219 218 212 208 210 212 207 204 203 200 199 202 209 209 207 204 203 203 203 202 199 199 198 194 189 183 179 185 188 193 193 186 182 183 187 186 
241 243 239 232 227 226 225 224 223 224 225 225 225 226 227 226 225 225 226 228 231 233 234 233 231 231 237 240 235 239 241 240 237 235 233 233 234 232 231 229 226 221 218 213 215 218 225 230 233 234 233 231 226 222 220 218 219 218 216 215 210 203 205 212 218 216 207 200 201 205 202 199 199 195 191 194 200 206 208 208 207 205 205 207 208 206 201 196 192 189 188 191 190 192 195 191 188 191 193 193 
239 242 241 237 232 228 226 226 227 227 225 226 228 231 233 228 227 232 237 238 237 235 230 228 228 231 238 244 244 246 246 243 239 235 234 233 233 231 229 227 223 219 216 213 215 220 226 231 232 233 233 232 230 229 227 224 225 226 222 219 215 210 211 214 217 212 202 195 198 203 201 200 197 190 183 184 189 197 201 204 203 202 206 211 215 212 206 201 199 199 200 196 192 193 195 195 194 196 199 196 
232 236 236 232 227 223 224 228 230 228 225 225 230 234 234 230 229 234 241 245 241 235 228 227 230 235 242 247 252 251 250 248 244 239 237 238 234 233 231 227 224 225 225 223 225 227 229 231 234 234 229 229 230 232 232 228 228 232 224 221 220 221 220 220 221 215 205 202 206 208 206 204 198 188 180 181 189 193 196 198 196 194 199 208 214 211 207 204 204 205 207 202 198 194 192 193 193 193 195 193 
224 229 231 226 222 218 219 223 229 230 225 224 229 235 242 237 234 238 243 246 244 241 236 235 236 239 243 247 249 251 250 249 245 242 240 240 239 236 231 229 229 232 235 234 233 233 234 234 236 234 229 231 231 229 228 228 229 230 228 225 222 222 225 223 220 222 218 214 214 213 208 203 195 187 183 186 191 196 198 199 194 191 195 202 206 206 205 205 205 205 205 201 196 191 188 188 190 190 193 192 
227 229 230 226 222 219 221 226 229 229 226 227 231 238 244 243 241 243 246 249 248 248 243 241 240 239 239 240 240 243 244 245 243 240 240 240 239 235 230 229 232 235 238 239 238 236 235 234 234 232 231 234 233 228 223 221 221 223 227 227 223 217 214 216 221 225 221 217 214 212 205 198 190 187 191 198 202 206 207 204 199 195 198 204 206 206 206 205 201 196 193 188 186 185 186 189 190 190 191 191 
230 231 232 229 226 224 226 230 230 228 231 233 235 238 241 242 243 244 245 246 247 249 248 246 244 240 237 235 234 236 239 241 240 240 239 241 235 231 229 229 232 233 234 238 238 238 237 235 234 232 231 236 238 232 225 221 221 225 225 222 214 209 207 212 219 221 214 208 207 207 202 196 191 192 198 204 206 211 212 208 204 201 204 208 207 206 205 201 194 187 182 181 183 187 193 195 194 191 190 191 
230 230 231 231 231 230 231 233 233 233 238 240 239 238 240 240 241 242 243 243 244 247 250 249 247 244 240 237 235 236 238 241 242 241 240 241 233 228 225 225 229 229 229 233 236 239 241 241 239 236 232 236 238 237 233 228 228 229 222 214 209 209 212 215 217 218 211 203 203 205 207 207 205 206 208 208 207 206 205 204 202 202 204 207 203 202 200 196 192 187 184 186 189 194 199 199 195 191 191 193 
232 232 233 236 237 237 237 238 239 241 244 244 242 240 241 240 241 244 244 243 244 246 247 247 246 245 242 240 239 238 240 242 242 240 238 237 232 224 217 216 220 222 222 226 231 239 243 244 243 241 236 233 232 233 232 230 226 221 217 214 215 215 215 215 219 222 214 207 207 211 209 209 212 212 210 205 202 196 195 196 198 200 203 204 201 200 197 194 192 190 190 189 191 195 198 198 194 191 192 195 
235 236 235 237 240 241 238 238 241 245 247 247 244 243 243 245 247 247 247 247 247 247 247 246 245 243 242 241 241 242 241 240 239 237 234 231 227 219 211 211 215 219 220 221 225 231 238 241 242 241 238 232 228 229 229 228 222 212 214 222 230 226 217 213 215 218 215 212 211 212 211 206 203 207 207 200 195 189 191 197 200 201 202 204 204 201 196 194 195 195 194 191 189 191 195 194 193 194 193 195 
235 234 233 234 238 240 237 235 240 245 247 248 246 246 244 246 247 247 247 246 246 246 247 247 245 243 242 242 243 243 241 239 239 237 233 229 222 215 211 212 215 221 222 222 221 223 228 233 236 239 242 237 234 234 233 231 227 220 222 232 239 232 224 217 210 210 208 207 208 209 215 209 199 202 206 202 199 194 195 201 203 202 203 205 206 203 199 200 202 201 199 197 192 192 194 192 191 194 196 198 
235 234 232 232 236 237 234 234 240 245 248 250 249 246 245 245 245 245 245 244 244 243 245 245 244 243 244 244 245 241 239 240 240 238 233 226 217 215 215 218 223 227 228 228 224 221 222 228 233 238 245 242 241 240 238 234 231 229 232 237 237 230 226 220 213 212 208 206 208 211 219 213 199 200 207 210 207 204 204 206 205 204 204 206 204 203 204 207 209 206 202 203 199 197 195 193 192 194 196 198 
241 237 233 233 237 238 235 236 241 246 249 250 249 246 245 245 245 246 246 246 244 243 244 244 243 243 244 244 245 240 238 236 239 238 231 223 217 219 224 228 231 234 234 233 230 227 228 232 235 237 240 241 242 241 237 233 229 231 234 234 230 225 223 223 222 220 218 215 214 216 221 215 205 205 213 218 215 214 212 210 208 207 206 207 202 201 205 211 212 207 201 204 203 201 197 193 191 191 192 194 
247 243 238 238 240 242 240 240 245 248 249 249 247 245 244 245 246 247 248 248 246 244 243 243 242 242 243 244 244 239 234 231 233 235 230 223 220 224 230 234 235 235 235 234 233 234 235 235 233 231 232 236 239 238 234 230 230 236 239 236 230 226 224 224 224 224 222 218 214 213 217 217 213 213 219 221 218 217 215 212 210 209 209 209 201 200 204 209 208 202 195 196 199 197 192 187 185 184 190 193 
248 247 242 241 244 246 244 245 248 249 249 247 244 242 242 244 246 248 249 248 247 244 242 242 241 241 241 242 243 237 231 225 227 231 230 225 225 231 236 238 236 234 234 236 236 236 236 232 226 222 228 233 237 237 235 233 234 241 244 240 236 234 230 225 223 222 218 212 209 208 212 218 220 218 218 220 216 215 213 211 211 211 210 209 203 200 201 203 202 195 188 188 192 189 181 180 182 182 191 195 
247 247 246 244 246 247 246 248 250 250 249 246 241 240 241 243 246 248 249 248 246 243 242 241 240 240 239 240 241 237 228 220 222 228 230 227 232 237 242 242 238 236 235 240 239 238 235 229 221 218 228 233 239 240 238 238 239 241 243 239 237 236 231 227 227 223 216 210 207 208 211 218 222 217 214 216 216 214 211 209 210 213 212 210 205 201 200 199 197 191 184 188 191 185 176 177 183 187 193 196 
245 245 246 247 247 245 246 248 250 250 250 245 240 241 244 248 250 249 245 245 247 244 244 240 239 243 240 236 241 238 231 223 222 228 233 233 237 239 241 243 242 240 238 241 242 240 233 226 222 224 236 240 243 243 240 237 235 237 237 230 226 227 225 223 226 228 228 223 217 212 213 217 219 216 211 209 209 210 208 206 210 213 211 208 205 202 199 197 194 190 187 190 190 184 181 185 192 194 197 198 
239 243 247 247 245 243 243 245 247 248 249 246 241 241 246 249 250 249 246 247 249 246 246 246 244 244 243 242 243 239 232 224 224 228 233 236 238 236 234 235 236 238 239 243 239 233 225 222 223 228 241 242 243 241 239 239 236 233 233 228 225 224 219 217 223 225 227 225 222 219 218 220 220 216 210 206 204 206 204 202 202 204 203 199 202 200 199 199 198 198 195 193 194 190 185 187 193 194 190 191 
240 244 247 247 245 243 243 244 245 246 247 246 244 243 247 249 251 250 248 249 250 247 248 251 248 243 244 247 244 241 238 234 233 234 238 240 237 232 228 229 233 236 238 241 236 229 223 224 227 232 240 241 241 240 239 240 240 237 233 230 231 230 225 218 215 218 219 218 218 220 221 221 218 214 208 203 201 199 196 193 193 195 196 195 201 200 198 197 198 198 197 195 195 192 189 191 192 190 188 188 
247 247 246 246 247 247 247 247 246 245 246 246 245 246 246 249 251 251 247 248 248 244 245 250 247 241 243 247 243 241 243 244 243 241 241 241 235 231 227 229 233 237 237 236 235 235 234 234 234 234 236 239 240 240 240 240 242 240 233 229 227 226 224 221 219 220 219 217 216 219 219 218 214 211 207 204 201 197 194 191 190 192 194 196 196 195 193 193 194 194 192 196 193 189 192 199 196 187 191 189 
250 250 248 247 249 251 251 250 247 245 247 247 248 247 247 248 250 250 247 248 247 243 240 243 242 239 240 242 239 239 243 246 243 238 236 237 236 230 228 231 236 238 236 232 236 240 243 242 238 234 232 238 240 241 240 239 243 246 237 230 224 218 216 220 224 222 220 217 217 219 219 217 214 211 210 208 206 204 202 197 194 192 192 193 191 191 191 193 194 194 193 199 194 190 195 203 200 189 190 188 
249 251 250 249 250 252 252 250 247 246 248 251 252 250 248 246 249 250 248 251 251 247 238 234 237 240 238 235 236 240 244 243 237 229 231 237 238 230 225 230 236 239 238 237 238 239 242 242 238 235 238 240 240 240 239 240 244 245 243 239 228 217 215 219 222 223 221 220 221 223 223 221 217 215 215 214 212 209 207 203 199 195 193 193 195 196 197 199 200 197 194 198 197 195 194 199 197 190 187 186 
249 250 250 250 251 252 250 247 246 247 248 251 252 251 248 246 248 250 251 251 251 251 241 231 232 239 238 235 238 244 245 241 234 230 231 236 237 230 225 228 235 238 239 243 240 239 239 239 237 237 243 243 240 238 238 239 240 237 237 236 228 219 220 225 227 228 227 228 230 234 230 224 221 219 218 216 214 209 207 204 201 198 199 199 204 205 206 207 203 198 196 195 198 198 193 190 191 192 187 185 
249 249 248 250 251 251 249 247 246 247 247 248 250 250 249 247 249 252 253 250 249 252 247 234 226 232 236 239 247 247 240 235 238 242 240 233 229 231 233 234 235 238 241 244 243 241 238 238 238 238 240 241 236 233 236 235 232 230 223 224 225 226 233 236 233 231 230 232 236 238 232 227 227 224 220 215 212 210 209 208 208 209 210 210 213 212 211 209 203 197 199 200 202 203 198 188 190 200 191 186 
251 249 248 249 248 248 248 247 247 247 248 246 244 245 249 249 252 253 251 250 253 253 249 237 232 239 243 242 248 241 232 228 237 247 246 239 229 235 240 239 238 243 248 248 245 241 238 237 238 237 233 231 226 226 230 230 227 225 223 226 230 231 236 237 233 231 233 238 239 237 229 224 225 224 221 218 217 212 213 217 220 219 216 213 216 213 208 207 200 195 196 206 208 207 201 194 200 210 194 187 
250 250 249 248 245 246 246 248 248 248 248 243 240 240 248 251 253 254 249 250 253 246 238 234 236 245 247 243 242 235 230 230 237 247 248 244 238 240 243 242 243 248 251 250 246 241 237 236 238 236 228 225 222 225 231 232 231 233 231 232 232 232 232 231 228 228 232 239 238 233 223 219 221 222 220 219 218 217 217 218 217 214 209 206 209 205 203 202 198 193 193 200 201 200 194 193 201 210 192 182 
249 249 249 247 246 245 246 248 249 249 249 245 240 241 247 251 252 249 244 246 244 232 225 228 237 243 241 233 229 236 239 241 243 245 247 248 250 245 241 243 248 250 250 251 248 242 238 237 238 237 231 228 230 235 238 238 239 243 242 239 236 232 229 226 225 227 232 237 235 229 220 218 220 221 220 219 219 217 213 207 200 198 198 198 202 199 197 198 194 187 184 186 186 185 185 189 196 197 185 177 
250 250 250 248 247 246 247 249 250 250 250 248 245 246 248 248 245 242 238 233 228 226 231 238 243 239 232 229 231 240 246 248 247 245 246 249 251 246 240 243 248 249 247 250 248 243 240 238 238 238 236 238 243 244 240 239 242 243 244 240 237 235 230 227 228 231 234 232 227 220 218 217 219 219 218 217 216 210 205 200 195 194 197 200 204 198 193 193 189 181 177 179 178 177 183 191 190 182 176 174 
252 251 250 249 248 248 248 249 250 249 249 250 249 249 248 244 238 238 234 217 212 232 252 255 251 232 216 221 235 241 243 244 246 246 245 245 245 244 245 246 247 248 247 250 248 245 242 239 238 238 239 245 251 248 237 232 237 243 243 239 235 235 230 227 231 235 234 224 215 209 213 216 215 215 213 210 207 206 206 206 206 204 204 205 206 197 189 187 185 181 181 184 181 179 189 200 190 171 166 170 
251 250 249 250 249 249 249 249 250 250 250 249 250 249 250 244 239 243 235 218 221 220 218 212 194 186 204 224 235 234 235 236 237 236 235 236 234 240 246 248 246 244 243 245 244 242 241 240 241 241 243 247 250 246 239 235 237 242 241 237 234 232 229 228 231 233 231 223 213 204 204 207 209 207 203 204 207 210 210 210 213 214 210 205 199 192 187 188 188 186 181 186 187 192 198 195 182 171 163 167 
250 250 250 250 250 250 250 250 250 249 248 248 249 249 248 248 243 247 251 239 211 179 134  85  60 121 215 246 232 230 232 231 228 225 224 224 230 236 244 246 244 243 241 239 238 238 238 239 241 242 243 245 247 245 241 239 239 241 239 237 234 231 230 231 233 232 231 226 217 210 206 204 204 202 202 204 208 213 212 209 209 211 207 202 191 186 185 188 191 186 179 181 186 194 194 182 172 172 168 169 
251 250 250 250 249 249 249 249 248 247 245 246 248 248 247 245 243 245 254 238 180 144 125  59  22 108 222 252 240 236 237 236 233 230 229 229 236 241 246 248 245 243 240 235 236 235 236 237 239 240 238 241 240 239 237 237 237 238 237 237 236 236 236 235 234 232 228 225 220 217 215 212 209 208 211 213 212 213 210 205 204 205 203 202 190 186 186 190 192 187 182 177 181 184 180 169 166 171 176 175 
250 250 250 250 250 249 249 249 248 247 246 247 249 248 248 241 243 241 236 222 183 165 181 162 148 187 231 238 242 239 239 240 239 239 240 242 246 248 251 251 248 244 240 237 236 235 235 237 239 239 235 234 233 232 230 229 231 234 233 234 235 237 241 237 229 227 222 219 218 218 220 221 222 221 220 219 218 213 208 204 203 205 205 205 197 193 191 192 193 191 188 179 175 171 165 161 164 173 183 181 
250 250 251 250 250 250 250 249 249 250 250 251 251 250 248 243 244 231 218 231 227 210 193 211 233 243 245 235 233 235 236 236 236 235 237 240 243 244 247 249 249 246 243 241 240 238 237 238 239 240 238 237 235 233 230 226 226 231 229 227 228 229 232 231 226 222 218 215 214 214 216 219 225 224 217 214 216 215 214 211 209 208 206 204 204 201 196 194 193 192 191 182 172 163 161 163 169 177 185 184 
250 250 252 251 251 251 251 251 251 251 251 252 252 250 247 244 239 229 225 245 250 216 183 204 227 238 246 242 239 237 236 235 233 232 233 235 234 235 240 245 248 247 244 242 241 240 239 240 241 242 242 242 242 241 236 228 224 226 224 222 221 222 224 227 229 225 221 218 216 215 213 215 217 214 211 212 215 222 222 217 211 207 205 207 206 205 203 200 198 194 192 186 180 177 176 177 183 192 195 194 
249 251 252 252 251 251 252 252 251 251 252 252 252 249 245 245 240 242 244 247 245 208 176 201 232 247 248 241 244 237 235 233 231 230 232 234 233 233 237 243 246 245 242 240 240 240 240 241 243 244 243 244 245 246 240 230 223 221 220 219 220 224 228 231 233 231 227 224 219 217 218 215 210 208 211 218 222 225 223 216 209 206 208 212 208 208 210 209 206 199 194 190 193 198 197 193 198 208 208 206 
248 249 249 248 247 247 249 251 249 248 251 251 250 245 239 238 240 244 244 245 237 202 175 198 239 251 245 249 250 246 242 238 233 232 234 236 235 238 241 242 241 241 241 241 241 241 242 242 243 243 244 246 248 247 241 231 223 219 216 217 223 230 234 234 235 233 228 224 221 221 222 217 208 209 219 227 228 225 217 208 204 207 210 210 209 212 216 218 214 206 199 201 213 217 208 205 212 217 217 210 
248 247 246 246 245 245 246 247 249 250 248 246 242 239 237 237 237 239 239 245 244 216 177 196 237 250 245 250 253 250 248 244 242 241 242 243 240 242 243 241 239 239 239 238 239 240 242 243 244 243 237 241 244 244 239 230 224 223 222 222 225 229 233 235 234 231 225 220 219 221 220 215 214 218 225 229 230 218 208 202 203 208 213 215 213 216 220 221 217 213 209 216 222 220 212 211 217 222 216 210 
246 247 247 248 248 248 247 245 245 244 241 238 237 238 239 240 238 237 236 245 251 226 185 201 240 251 243 245 247 250 250 250 249 247 247 246 245 245 244 240 237 237 238 237 238 240 242 243 244 245 245 244 243 240 234 226 224 230 230 228 226 227 231 235 234 230 223 218 215 216 217 218 220 222 222 219 218 214 208 205 206 211 216 218 221 225 227 223 217 214 214 215 215 211 208 211 217 220 212 209 
246 247 250 250 251 250 249 247 242 238 238 239 240 242 244 243 241 238 233 241 248 220 180 195 237 251 245 246 250 249 250 251 250 249 248 246 246 245 242 238 236 238 240 239 240 240 241 241 241 243 248 243 237 233 230 227 226 230 232 231 228 229 234 238 239 235 229 221 216 214 217 221 221 218 213 208 206 212 213 212 212 215 218 218 225 227 225 220 214 212 213 209 206 205 208 212 214 214 208 206 
248 250 249 250 251 250 248 246 245 244 245 245 245 244 244 242 240 234 226 236 242 208 172 190 234 252 246 245 249 249 249 251 250 250 248 246 244 242 240 237 236 238 241 242 241 241 240 240 239 238 233 230 227 228 232 235 232 226 230 232 234 238 242 245 245 241 234 226 220 217 220 221 220 215 211 208 208 210 211 214 217 220 222 223 223 221 218 215 214 214 215 210 206 205 208 207 204 203 204 202 
248 249 248 249 250 250 248 246 247 249 247 245 243 241 240 240 238 230 221 234 244 213 171 187 233 252 245 242 245 248 249 250 250 248 246 243 241 241 240 237 236 237 239 242 242 241 240 239 239 236 231 231 232 236 239 240 238 232 232 235 239 244 245 246 243 237 228 220 218 220 222 221 218 215 215 214 212 211 213 218 223 225 227 229 225 219 214 215 217 216 213 212 206 205 205 199 194 194 197 195 
244 247 249 249 248 249 248 249 248 247 244 240 238 238 238 239 238 232 223 234 251 220 164 177 229 252 245 245 248 245 246 246 247 246 244 243 241 240 239 238 238 238 238 240 240 240 240 240 239 240 241 243 245 245 242 239 240 241 239 238 241 245 242 238 234 226 217 213 214 219 222 222 220 217 215 213 212 214 218 223 228 229 230 232 229 222 215 215 217 213 210 214 210 206 202 198 196 196 196 190 
239 242 245 244 244 245 247 249 248 245 243 241 240 239 238 238 237 242 236 237 245 205 153 161 216 249 244 244 244 242 242 243 244 245 246 245 242 239 238 240 243 242 239 237 238 239 240 240 241 241 240 242 246 243 234 230 234 238 240 235 235 242 235 227 220 213 206 206 209 212 218 220 219 214 210 213 218 221 223 225 226 226 228 229 230 222 216 215 212 207 207 213 213 205 198 201 203 201 196 188 
239 241 240 241 242 244 244 244 244 244 243 242 242 241 240 237 235 241 248 241 205 165 130 126 172 228 246 246 243 243 243 243 242 243 244 244 243 241 240 240 242 240 239 238 239 240 241 242 242 242 237 236 236 232 224 221 223 228 230 227 228 231 225 214 207 201 197 199 203 207 213 215 211 209 211 217 224 230 229 224 220 218 219 221 226 218 211 210 207 203 202 212 210 205 204 208 209 205 192 190 
239 241 242 243 244 244 242 240 240 243 244 244 243 242 240 236 233 234 251 233 156 114  98  82 119 201 246 248 244 246 245 244 244 243 244 245 244 243 242 242 241 240 239 239 241 242 243 244 245 244 239 235 231 225 219 217 217 218 221 221 222 223 216 205 198 195 193 197 202 207 210 210 206 207 212 218 224 227 224 217 212 211 212 212 215 208 204 205 204 200 201 208 204 201 205 212 212 207 200 196 
241 241 242 244 247 247 247 244 244 245 245 245 244 242 241 239 236 230 248 230 136  89  71  46  76 175 244 250 246 248 248 248 247 247 246 247 245 245 244 243 240 240 241 242 243 243 244 245 245 245 244 238 230 224 222 220 217 213 215 215 217 216 210 202 196 194 195 199 204 208 209 208 208 210 213 216 215 212 209 206 206 207 207 205 206 201 201 206 207 205 205 206 201 199 205 211 210 208 203 195 
242 239 240 243 247 248 248 248 246 244 244 244 244 244 244 243 243 237 250 238 152  86  55  33  57 157 241 249 245 246 247 249 250 250 248 247 245 246 246 243 241 240 240 242 242 243 243 244 244 244 244 240 231 226 226 225 219 213 212 211 213 212 209 205 201 200 199 202 206 208 208 209 212 213 211 208 206 201 198 197 200 203 204 201 204 202 204 212 212 208 205 205 198 196 200 203 203 205 202 194 
242 240 243 244 246 246 246 245 243 242 242 243 245 247 249 247 248 247 254 245 173  81  47  35  55 149 237 248 241 244 246 248 250 250 248 247 246 248 247 243 240 239 240 241 241 241 240 240 240 240 241 237 227 224 227 227 221 217 213 211 213 213 213 211 209 207 206 208 209 210 208 211 215 214 208 202 203 199 194 192 195 201 203 200 205 205 208 214 212 204 199 201 194 191 192 189 191 196 195 192 
239 241 245 246 244 242 237 232 232 234 236 240 246 249 250 245 249 249 255 242 154  68  43  39  51 142 238 244 236 236 243 251 251 250 248 244 247 248 248 246 244 241 240 239 237 237 238 238 236 235 237 235 232 231 231 229 228 228 224 217 217 221 223 220 218 215 211 210 211 212 209 213 217 207 201 204 203 202 199 195 193 191 192 192 203 201 205 210 203 189 183 189 183 180 184 187 186 182 175 180 
242 242 243 242 240 237 233 229 229 231 232 237 244 247 248 241 242 243 255 232 121  54  52  35  37 132 237 245 228 230 240 249 250 249 248 244 245 245 245 243 242 240 239 239 234 230 231 234 234 234 235 235 234 233 232 231 231 233 231 224 220 225 226 224 222 218 214 213 214 216 215 215 214 208 208 208 201 198 198 196 191 189 191 193 196 196 198 199 192 183 182 178 177 178 182 186 186 182 176 177 
246 244 241 239 236 233 230 229 231 234 236 239 243 245 246 239 237 239 255 215  90  44  50  35  65 160 238 247 230 231 239 245 245 245 247 246 244 242 240 236 235 236 238 238 231 225 225 230 232 234 234 233 231 229 229 228 228 229 229 224 221 222 221 221 220 216 213 212 215 218 221 215 208 214 218 209 197 193 195 195 192 196 203 202 196 198 197 190 187 188 187 174 179 186 190 188 183 180 186 180 
246 244 241 240 237 234 230 227 231 239 243 247 248 247 244 235 239 247 251 191  76  47  31  38 126 219 248 249 244 236 240 239 236 238 244 246 246 244 240 235 231 234 237 236 231 226 227 230 231 230 230 228 226 225 224 224 223 221 221 219 217 215 213 213 213 208 206 206 210 213 220 211 202 212 213 201 197 196 199 200 199 205 211 208 205 206 200 193 196 198 189 178 182 190 193 188 176 170 179 183 
243 242 241 243 242 238 233 227 230 240 247 251 251 246 240 232 244 254 230 156  76  56  26  31 127 230 255 253 244 236 238 236 231 233 239 242 246 246 243 236 232 233 236 236 234 234 235 235 231 227 225 224 223 222 220 220 218 215 215 216 214 210 208 209 208 205 202 202 205 207 211 206 199 203 198 192 199 204 202 204 209 211 209 206 204 200 195 198 207 205 191 194 190 187 188 189 185 180 176 197 
242 241 241 242 242 240 236 232 233 240 247 250 248 242 237 238 245 255 209 119  76  66  41  35  96 187 222 219 220 225 233 236 233 235 237 237 239 242 243 237 232 233 236 239 238 240 240 239 231 224 222 223 223 222 220 217 215 213 213 215 214 210 209 209 208 206 204 203 203 203 203 200 198 196 188 189 203 206 197 199 213 209 196 195 194 187 185 196 205 201 192 199 196 192 190 192 197 196 187 205 
242 241 240 239 239 238 238 238 238 242 247 248 245 241 239 246 248 254 200  99  75  74  54  53  95 150 160 163 196 215 226 237 239 238 236 232 232 237 240 236 232 233 237 239 239 241 242 239 231 223 221 224 225 225 221 217 215 213 211 215 215 210 210 211 208 207 205 203 201 201 198 199 200 194 187 191 206 204 188 192 210 203 184 185 189 181 180 192 196 190 189 183 189 194 193 188 186 186 193 187 
