104 155 159 131 146 168 158 109  71 102 125 124 154 181 146  51  47 128 136  64  35  50  55 101 139 106  52  49  85 100  82  79 103 128 138 126 125 111  63  41  32  25  32  39  32  34  71 118  99  63  82 139 113  56  64  67 101 153 153 119 112 119 150 197 223 223 220 217 218 225 235 228 225 210 194 191 169 143 122 114  99  64  36  37  68 112 160 185 166 124 128 158 157 129 122 158 166 187 240 244 
109 143 175 176 164 165 167  99  74 103  96  69 121 189 172  90  77 130 142  84  34  19  54 134 155 129  97  60  36  56  99 125 130 131 131 125 121 106  83  72  59  32  13  26  34  32  75 121  98  40  62 144 146  96  77  98 101 115  96 101 153 172 175 205 227 223 218 219 215 218 215 222 224 211 212 223 219 210 200 190 171 150 112  57  25  40  93 109  88 101 156 168 111  64  67  91 105 126 185 224 
 98 101 154 203 178 137 130 129 139 128  77  73 144 196 173 125 104 108 119 110  78  60  96 133 130 140 135  90  55  66  97 107 123 144 131 122 114 102 105  99  82  56  21  26  57  78 103 113  94  56  72 122 114  98 122 136 108  77  62 107 170 183 189 203 232 231 233 242 229 218 220 220 211 216 227 224 225 231 237 233 220 216 196 115  34  49 107 101  97 149 158 100  67  96 132 168 133  96 145 220 
 89  87 136 182 161 125 127 168 179 166 133 143 184 201 176 157 139 103  89 100 105 136 162 131 101 122 146 117  72  82 116 136 160 160 122 104  97  98 102  89  77  68  71  73  94 119 115 114 101  95  96 125 118  87 121 158 128  65  67 120 149 164 158 161 193 204 220 242 233 220 234 235 221 233 242 227 218 218 222 228 234 245 239 169  69  57 111 117 127 155 117  71 101 140 135 157 127  98 164 241 
 93  95 117 139 136 120 116 134 160 168 182 213 207 174 152 147 144 127 109  96 108 156 163 141 129 129 139 148 118 104 131 146 142 120  98  91  93  98  87  75  74  82 100  95 103 129 121 113 116 131 122 137 140 108 128 166 153 111 123 138 122 141 127 120 139 155 174 200 205 207 218 242 243 231 232 236 239 233 222 216 221 226 241 224 125  58  88 129 139 109  77  90 132 134 113 132 104  87 141 202 
146 131 108  96 106 112 104 109 134 138 169 208 186 137 115 109 104 124 138 124 118 132 138 141 133 138 146 163 177 161 136 113  94  74  76  88 105 102  79  83  96  87  72  78 101 124 138 117 128 154 152 116  98 135 186 173 138 141 172 154 122 130 132 125 132 145 150 154 165 184 196 218 217 180 160 178 214 241 237 214 194 175 175 180 139  88  85 115 128 104  75  86 102  93 111 143 121  80  93 149 
220 195 138  85  74 110 150 158 132 127 148 153 145 129 123 116  80  96 139 135 123 119 147 142  93 108 152 146 162 185 161 151 140  94  75  87 118 108  70  91 111  75  31  71 110 103 129 136 136 155 156  86  56 138 209 160 101 128 168 156 145 144 142 141 150 163 154 141 140 149 162 157 150 111  69  62 110 181 212 183 151 123  91  77 112 125  98  90 115 107  81  85  85  62  99 148 124  85 113 161 
234 227 202 143  78  97 181 227 164 137 133 116 126 125 144 169 132  92 105 110 126 117 134 153 109  83 105 105 121 165 182 200 209 180 134 130 159 129  69  85 117  83  28  61  99  78  78 107 132 124  94  55  58 100 124  93 114 176 190 166 162 152 131 132 142 158 160 155 154 162 157 128 130 130  99  45  47  99 139 122 109 104  85  66  90 102  77  66 110 111  96  81  56  32  74 123  87 106 180 184 
223 238 243 218 164 133 153 180 140 124 131 111  78  83 127 176 180 120  79  85  98  97 108 140 114  67  76 114 133 137 140 138 148 178 186 204 196 131  67  51  83  97  76  69  68  69  56  50  89 109 112 109  98  82  80  97 125 154 163 156 147 140 134 132 119 126 136 139 150 166 176 151 125 143 156 112  76  65  63  47  54 109 154 145  86  46  50  58 131 133  84  68  52  39  57  69  66 126 176 139 
235 235 237 248 241 175 107  95 130 143 153 137  64  44  70 107 123  95  86 108  74  96 153 174 147 119 143 185 160 108 105 118 130 151 187 226 230 165  73  40  88 142 117  78  54  52  42  41  49  85 129 168 154 125 160 169 104  57 100 148 140 131 160 161 136 129 129 119 125 145 165 154 115 100 113 116 105  72  36  14  38 143 212 172  83  68  93  89 170 147  62  61  73  56  41  61 118 139 112  77 
225 225 233 242 209 143 105 130 203 206 198 183  88  32  28  52  71  54  71 150 137 158 224 238 233 222 234 231 167 116 148 213 232 221 187 167 194 182 117 120 174 164  98  72  58  29  22  36  41  55  64 111 154 161 202 181 110  60  96 155 164 151 153 170 169 163 146 114 100 117 127 121 113  90  68  83  95  75  35  24  69 155 185 129  98 157 165 111 163 143  84  87  82  59  56 103 147 134  90  71 
225 221 241 235 157 111 144 209 244 236 244 216  91  13  28  47  98 100  96 152 167 203 238 249 250 233 238 240 196 160 185 234 244 245 217 123  93 148 194 224 178  87  42  70  91  57  27  32  56  73  49  57 108 128 141 155 145 135 123 152 188 171 146 160 179 173 147 112  77  62  91 116 119  98  57  51  81 102  67  39  80 125 108  74 116 199 189  95  90 114 129 122  87  74  85  92  93 111 109  87 
238 238 245 215 131 102 151 214 234 243 249 172  74  25  35  65 133 164 153 144 117 140 193 225 232 224 216 221 220 209 188 150 138 174 207 158 134 182 238 243 142  22  21  60  84  78  43  51  79  92  71  63  79  86 100 120 149 196 147 126 188 192 156 148 170 167 158 158 129  62  62 135 133  98  59  35  66 107  92  72 118 124  89  90 104 118 136  74  50  88 116  83  59  80  93  50  37  81 109  96 
235 231 208 157 118 124 148 163 197 236 196 103  73  72  49  56 102 153 175 133  76  53 103 167 216 233 214 210 224 238 193  81  22  77 165 189 217 221 198 197 149  42  18  37  46  69  59  75  94 100 100  88  57  57 109 122 128 157 114  83 166 215 171 132 147 159 178 196 188 123  90 118 122 101  73  45  59  90  81 102 161 142 109 121  81  38  63  63  57  76  71  27  17  70  99  45  27  59  88  89 
190 143 109  98 113 154 175 143 178 183 119  79  99 112  78  41  34  80 134 109  53  20  55 136 207 235 224 219 214 238 220  97   5  67 171 153 159 170 143 182 186 103  27  16  43  75  70  82 112 120 107  72  36  35  68 128 136  95  47  78 169 190 142 121 141 159 174 175 174 172 150  98  73  86  95  84  74  62  75 144 171 123  85  91  64  31  36  38  40  64  59  26  26  82 114  73  37  53  69  68 
 98  54  71 113 117 126 146 130 158 133  84  78 102 110 103  85  36  25  68  82  41  19  64 157 221 229 213 213 207 233 226 108  13  77 174 140  93 106 142 187 199 166  74  37  70  75  59  61  88 110  85  39  31  38  39 111 143  73  15  82 170 161 123 129 147 162 171 160 159 178 156  79  61  98 115 111  91  59  95 186 169 108  78  67  45  36  36  24  15  47  71  70  81 103 113 101  81  73  52  32 
109  36  39  85  78  72  91 114 158 178 132  58  47  99 176 198 171 142 149 154  88  28  58 151 222 227 207 210 218 243 205  90  20  75 161 173  95  78 160 168 165 199 158 153 177 122  75  62  92 111  92  74  95 100  77  78  83  57  39 104 172 133 100 118 139 157 170 159 165 170 122  76 126 162 128 107 116 103 112 165 144 108  87  70  59  55  33  13  28  42  47  71  94  97  91  99 101  76  33  10 
134  44  20  53  63  69  88 112 163 230 189  67  60 157 233 234 231 235 250 249 190  82  32  92 198 240 223 217 225 244 200  87  18  62 142 175 139 118 139 118 125 185 180 200 226 142  87 100 119 115 104 122 150 132  93  54  24  28  44 117 186 119  62  73  99 118 126 130 158 160 102  83 160 212 168 120 126 124  95 104 122 102  75  77  88  88  50  23  71  83  39  29  65 100 105 109 118  82  26   9 
128  92  79  84  94 116 131 130 154 207 198 150 167 217 214 191 194 197 205 226 231 142  54  77 165 215 208 209 212 226 199  92  12  47 121 167 188 166 112  72  86 136 152 156 143  76  58 101 114  97  97 147 184 156 119  73  36  27  35 113 202 152  66  64  97 100  88 110 153 139 101  94 135 197 200 144 103 119 114  88 108  87  65  83  98 116 102  65  87 120  83  53  86 122 126 127 147 103  28  11 
167 156 138 122 126 128 119 158 176 187 172 191 215 203 176 166 197 190 147 128 159 129  72  76 104 140 182 205 201 219 192  89  16  46 110 186 200 137  83  38  48 111 181 185 116  60  64  85 100  87 102 171 221 205 175 106  53  23  48 139 222 192  78  87 154 157 115 128 173 160 130 135 126 157 181 139  87 139 182 113  88  67  53  74 110 138 131  74  75  94  82  96 118 106  89 115 120  71  16  26 
182 145 142 173 173 132 105 153 180 169 169 187 182 167 167 177 193 191  99  42  61  76  79  93  70  95 185 203 192 219 199  90  23  47  91 172 218 160  87  68 105 134 172 166 129 114 109 137 129  76 117 177 191 193 146 101  76  68  60 135 234 219 124  95 139 171 144 128 173 169 146 166 153 140 143 128 117 174 188 104  86  80  46  36  81 129 103  48  41  49  60  81  80  50  39  78  76  35  26  80 
162 156 180 202 179 146 144 165 164 163 167 166 156 152 165 175 194 163  93  48  26  51  95 112  87 113 191 199 195 200 145  70  42  48  63 122 210 196 124 148 196 178 133 110 134 147 142 152 139 126 145 184 176 142 144 164 150  92  71 158 237 239 173  99  83 104 119 143 193 176 151 159 153 137 125 120 130 170 171  92  69  79  66  60  66  72  67  27  17  31  30  32  26  20  32  72  63  50  69 106 
171 214 211 155 135 171 204 171 151 163 169 156 149 150 157 158 177 151 132 127  82  73 108 125 113 131 173 185 208 179  82  46  63  60  55  65 164 219 163 182 221 170  96  89 126 139 150 139 141 183 190 180 160 142 172 220 188  90  82 184 242 246 208 126  68  60  92 149 206 209 170 135 126 125 121 119 113 132 146 108  70  71 103 118  77  38  34  15  25  45  21   6  21  60  84  97  95 104 109  96 
212 212 141  84 137 202 200 148 136 152 155 147 151 149 152 150 162 171 173 177 150 111 100 119 127 125 134 173 213 160  70  74 102  83  48  29 104 185 164 145 147 109  65  91 114 113 170 198 181 198 210 150  99 125 140 141 106  55  85 185 241 245 229 176 111  76  85 122 154 189 191 142 109 110 124 131 101  94 123 133  95 100 137 118  62  29  18  25  57  77  67  51  67 123 155 126 127 127 121 123 
206 189 144 125 154 161 132 124 127 137 135 136 142 143 158 148 141 162 162 164 169 138 108 120 121  99  99 141 164 122  81 116 124  72  37  40  58  80 100  95  71  69  91 118  93 114 216 243 212 204 241 171  68 104 141 117  81  58  71 128 205 248 249 213 153 123 123 131 119 140 154 121 102 108 110 111 106 102 138 168 141 148 150  86  39  26  22  41  68 116 167 146  84  98 153 136 119  90 103 159 
190 197 198 175 135 111 109 121 133 133 136 139 138 141 150 145 132 138 144 158 167 152 128 109  98  86  82 104 118 118 120 145 128  65  52  71  49  39  94 109  53  33  90 138 136 169 229 229 205 206 235 212 139 127 158 161 129  73  37  57 145 234 255 228 178 163 174 180 150 134 120 100  93  82  62  61  92 101 125 170 171 156 131 108  71  39  33  50  85 158 219 200 113  65  79  81  64  56  97 147 
195 181 165 148 128 121 128 127 135 134 141 141 136 137 134 146 147 140 145 162 162 151 127  86  73  87  77  93 138 165 152 151 133  96 110 120 104 130 194 192 109  22  23 113 200 219 226 230 205 182 174 205 212 159 146 157 116  54  17  32 108 211 255 230 177 168 186 196 181 165 153 150 138 110  82  67  73  75  87 135 170 140 112 140 116  58  47  67 114 163 200 209 146  62  35  48  39  56 105 125 
160 139 119 116 125 129 126 125 128 133 136 133 131 133 140 145 147 145 148 166 172 141 102  82  65  70  81 121 172 161 100 100 119 129 166 182 192 229 247 240 195 105  18  45 120 164 234 239 207 161 150 187 220 194 195 166  81  43  59  92 126 192 250 213 156 154 176 181 191 180 174 180 194 210 185 125  70  68  81 107 153 143 134 156 144 102  96 109 122 146 178 176 111  76 118 161 107  65  89 123 
131 115 104 112 124 125 121 122 131 132 128 130 131 133 146 147 149 152 154 155 153 114  76  93  67  49 114 162 140  90  81  99 131 136 142 190 236 253 242 240 240 199  91  15  29  88 177 241 227 194 177 206 213 193 193 138  66  60 128 180 181 206 231 197 173 180 187 185 187 191 192 187 189 205 190 138  83  64  58  83 131 140 146 160 150 137 140 144 133 140 135 109 120 183 215 164  73  57 110 151 
118 111 108 116 123 118 111 121 133 130 122 127 130 129 136 136 141 149 148 135 114  86  89 110  76  69 160 139  75  79 138 175 167 118  82 136 208 245 241 229 238 241 177 103  81  59  78 176 248 242 221 234 222 210 202 132  69  84 131 163 212 248 218 182 183 204 209 198 193 210 207 194 181 179 162 137 120  99  86 101 128 115 109 130 139 134 132 144 136 112  88  91 144 194 168  72  13  73 146 134 
114 118 125 129 127 120 113 121 133 128 119 123 127 124 125 122 121 131 138 131 112  95 103 113  94  97 156  95  71 135 206 244 187  90  47 101 162 215 248 238 236 238 223 197 181 123  56  84 183 247 254 242 235 247 217 135  87  92  97 140 231 234 184 164 173 191 197 202 207 211 207 208 208 196 186 184 183 180 167 164 149 107  67  70 115 144 127 102 105  77  86 143 143  96  60  41  43  91 134 112 
146 151 156 153 144 134 128 130 135 133 127 126 128 126 125 121 113 116 131 138 134 120  99 104 105  89  93 102 156 197 219 239 183  85  61 119 134 159 232 251 234 220 224 225 237 224 139  57  79 182 251 246 240 227 164 110 113 125 146 200 226 151 137 165 182 190 191 198 209 207 203 211 224 212 206 218 225 221 228 233 182 112  63  54  93 146 137  85  92 117 138 155 110  48  47  78  85  71  95 127 
176 174 170 165 156 144 137 134 133 133 130 125 122 123 126 131 122 114 122 129 130 134 119 122 120  76  52 131 195 198 195 217 196 109  70 165 176 126 177 235 246 222 217 225 239 248 205 126  78 104 199 247 232 172 110 124 179 195 231 223 165 123 151 188 188 194 208 207 214 215 212 209 223 220 213 223 226 217 229 219 146 130 146 137 106 103 113 108 140 164 114  78  89  81  74  96  87  72 104 127 
163 154 144 138 135 131 127 122 121 123 125 122 116 114 120 127 123 114 112 115 118 129 133 131 123  95  73 112 160 176 177 174 167 125  85 195 233 141 126 190 246 246 223 221 234 239 217 165 117 100 144 226 229 125 130 191 224 240 230 181 142 116 144 182 190 188 201 211 212 203 195 202 218 223 214 209 211 228 219 147 105 160 236 230 147  69 106 136 148 136  87  55  91 132 103  56  53 129 167 119 
137 125 113 109 111 113 113 111 111 115 120 121 112 105 109 115 117 112 109 112 117 122 118 114 125 122  96  72  98 151 170 143 121 112  99 195 244 185 141 154 197 236 236 227 225 232 219 172 147 142 144 184 197 122 162 228 210 191 200 202 173 118 108 153 189 191 182 191 204 195 194 204 207 209 206 206 224 245 193 104 127 177 203 182 110  70 121 121 127 167 136  45  37 102 120  93  93 170 207 167 
143 133 121 114 109 105 102  97  95  98 107 111 105  97  99 104 107 105 105 108 112 115 106 101 120 125 102  78  84 121 155 143 117 100  91 181 242 214 173 149 149 176 222 233 215 223 225 195 178 169 145 130 143 130 166 196 193 185 220 225 190 159 135 137 161 189 192 188 190 193 199 202 193 198 210 213 211 189 121  79 145 179 128  67  29  69 130  97 148 192 125  45  43  89 123 182 196 199 213 221 
185 177 163 148 132 118 107  93  84  79  83  87  84  83  93  93  91  90  92  97  98  99 103 103 106  97  88 109 143 160 164 131 106 100  94 186 243 207 186 173 131 102 181 233 216 223 230 217 201 181 143 104 105 122 159 187 206 213 183 152 191 227 182 128 122 173 208 201 187 184 188 189 189 205 213 196 146  76  44  74 130 178 166  96  39  88 151  87 100 119  90 110 157 141 111 194 244 213 205 242 
214 205 190 175 165 159 155 138 122 104  96  90  84  81  83  76  71  70  73  78  78  80  92 104 101  81  71 104 175 224 194 105  72  93 107 194 240 202 194 193 140  75 153 229 222 219 228 230 221 196 157 107  78 108 171 191 176 145  80  96 215 251 192  93  91 179 218 198 182 177 176 182 202 218 193 131  70  43  58 105 127 186 232 176  92 101 162 105  74 100 122 152 170 122  77 135 204 203 213 250 
186 181 173 169 172 179 183 177 169 158 147 137 129 119  97  89  80  76  74  73  74  81  85  84  88  84  77  91 145 188 168 108  88  88  98 186 235 205 200 212 171  99 145 217 230 219 224 231 226 205 176 138  92 110 178 187 122  53  13  74 216 254 206 114 112 189 212 179 163 167 163 173 205 221 167  76  32  89 117 114 140 190 228 195 118  94 140 118 121 155 170 145  89  45  49 111 174 198 227 249 
126 129 133 137 140 144 147 153 161 170 171 167 162 156 145 134 120 111 102  92  88  97  92  63  62  83  96  94  98 101 108 115 121  98  88 186 242 200 196 227 192 119 136 206 237 225 224 228 222 206 191 186 147 135 171 174 124  86  59  50 138 222 225 206 183 166 158 156 155 146 140 149 186 207 148  69  52 113 115  67 135 197 218 194 118  99 155 137 133 159 183 170 104  46  52 125 199 217 230 241 
 91  97 104 107 102  95  90  95 107 122 126 128 139 157 172 182 183 172 158 145 135 131 117  92  90  89  82  83  74  67  87 107 120 114 111 194 242 212 201 231 202 136 130 205 247 230 226 230 219 212 215 227 213 185 181 156 170 190 135  57  80 178 231 231 184 101 101 149 147 142 158 152 162 138 107 103 126 124  79  74 134 190 210 179 114 130 195 155  94 127 205 234 187 100  44  84 178 215 223 228 
 90  84  80  81  84  85  82  71  74  81  86  85  87  98 120 135 149 160 172 179 184 189 174 158 153 135 110 104  95  86  89  87  96 110 130 205 244 222 209 225 205 130 118 200 251 241 232 219 213 225 234 232 235 227 198 157 176 237 200  81  63 152 206 200 160  79  70 133 173 211 198 157 142 133 156 199 212 169 134 136 156 187 192 136  86 131 205 174 123 146 211 235 187 102  47  58 119 151 171 191 
116  97  77  70  76  86  90  83  79  78  80  77  73  66  60  65  70  84 112 136 153 164 164 178 197 192 181 183 168 138 119 107 104  84 106 207 248 223 214 233 206 123 108 189 243 237 223 201 203 222 228 210 230 251 206 140 156 240 221 102  76 156 190 174 169 130  99 140 195 235 204 127 136 199 236 235 220 191 157 157 170 182 168 125  98 109 149 177 201 188 184 183 132  78  72 109 118 107 111 143 
130 117  96  79  73  77  80  77  77  80  83  85  83  79  69  72  67  64  68  69  71  78  87 110 140 153 165 190 206 204 191 180 167 116  88 190 249 228 221 237 209 147 127 192 239 227 217 205 212 221 221 200 215 240 201 130 156 224 204 129 123 175 190 212 203 169 166 172 163 193 183  97 112 204 230 189 174 179 144 141 173 183 178 166 145 129 138 173 187 174 167 167 152 116 102 137 159 127 103 128 
115 118 114  98  80  64  60  73  79  82  82  85  88  86  82  84  82  75  69  61  55  56  58  59  68  73  84 109 141 174 196 220 226 171 111 184 246 244 231 226 223 194 152 189 231 222 218 221 222 220 219 203 200 204 178 164 191 203 165 140 155 195 233 252 232 202 203 188 165 198 179 118 132 180 191 187 212 217 199 191 191 176 165 153 154 175 187 184 165 159 161 168 179 136  88 120 145 114 110 141 
105 114 121 115  97  76  67  72  77  77  75  78  78  75  75  75  71  72  78  82  77  75  78  70  69  64  59  63  70  87 112 152 186 165 136 205 248 245 235 229 244 228 152 161 215 221 219 224 222 220 213 203 191 179 170 200 222 199 158 154 171 224 242 204 205 228 208 175 180 196 159 142 179 183 176 200 245 242 217 190 166 147 149 162 173 185 183 168 157 153 162 176 181 124  44  76 110  83 118 184 
108 111 114 115 109  96  83  71  71  71  75  80  82  76  69  71  71  69  71  71  71  82  92  90  89  83  72  65  61  60  58  71 101 122 140 218 251 239 233 244 254 231 156 149 203 225 225 227 226 228 216 199 193 193 193 211 232 220 195 190 200 240 217 170 185 239 232 185 169 178 170 169 205 197 185 205 233 225 174 138 138 155 177 189 181 165 160 158 152 151 160 167 162 118  69 120 119  65 117 206 
111 107 102 103 110 106  94  77  71  72  78  78  81  83  81  83  80  73  70  74  78  83  90  90  84  80  79  81  87  84  77  77  76  80 111 203 251 240 235 252 238 185 177 190 213 235 238 237 233 235 226 196 189 217 230 222 218 218 222 224 229 229 208 200 212 242 244 193 143 169 204 193 211 214 214 221 200 167 144 156 183 203 207 190 164 151 147 149 150 159 157 151 149 141 140 159 127  71 114 188 
109 103  96  98 106 107 102  89  90  90  88  83  81  84  84  84  79  73  72  76  82  88  87  82  80  82  82  81  88  93  95  98  85  73  89 196 250 237 242 243 190 132 188 240 238 244 249 244 243 238 226 198 189 223 251 220 195 206 240 245 228 222 229 235 224 220 227 199 153 162 206 217 226 225 238 238 176 133 175 221 237 216 172 156 155 143 141 150 148 152 153 143 146 161 154 117 100  79  93 128 
108 104 101 103 105 102  97  98 102 101  93  83  78  80  85  86  82  77  74  77  85  95  95  93  96  98  89  75  76  84  89  98  93  86 110 204 247 248 244 206 137 132 211 254 245 246 251 251 245 237 219 195 200 232 242 218 205 223 249 246 231 230 233 224 214 207 203 202 197 197 220 233 239 241 247 231 195 194 233 222 182 156 134 130 139 138 138 144 148 152 158 158 156 160 142  86  88  76  65 106 
111 106 103 104 103  99  96 101 108 107  95  83  78  80  88  93  93  88  85  84  87  94  95  94 100 105  92  79  86  94  98 105 107 110 145 213 244 245 195 144 143 182 222 245 251 253 251 250 248 234 225 216 208 215 220 235 240 248 251 247 243 240 216 214 227 231 214 206 218 242 242 247 247 249 249 237 242 240 215 174 137 143 163 159 158 165 160 150 159 156 149 148 146 147 141 122 118  81  64 114 
111 104  99 100 100 102 103 103 109 107  97  89  85  84  88  94  97  94  90  88  91  98  95  89  95 107 102  94 105 115 120 126 125 125 159 224 251 209 109  99 175 212 220 238 245 242 247 247 246 230 235 235 204 196 209 241 251 250 247 250 249 237 227 237 246 245 237 227 226 247 251 251 246 243 250 250 252 233 195 188 193 196 203 194 181 181 170 150 152 146 136 138 139 141 137 135 116  94  86  98 
105 100 100 104 101  98  99 104 108 104  96  95  94  90  91  98  99  96  93  95  98 101 100  92  98 114 110 103 113 118 121 126 118 107 137 219 251 162  47 100 195 209 219 237 205 188 234 253 239 238 237 224 221 222 210 226 242 251 250 250 248 240 242 248 250 249 245 242 240 242 249 248 250 246 249 247 247 242 237 222 229 215 182 168 153 143 135 122 113 108 119 132 125 119 124 134 110  75  93 135 
105 103 105 106 101  95  91  98 101 100 100 101  97  93  96  98 101  99  95  98 101 101 101  98  99 105 110 108 109 117 117 112 103  89 107 211 222 128  90 162 215 209 227 235 178 148 219 254 244 233 238 232 236 242 206 206 238 252 253 250 245 249 248 247 247 250 249 248 247 246 250 249 250 249 248 248 251 250 247 229 215 196 173 157 147 143 136 124 108  91  98 108  94  87 103 117 110  75  95 176 
115 113 110 108 102  92  86  88  96 101 102 105 102  98  98 100 101 100  95  95 100 100  96  91  86  87 103 108 101 114 122 111 100  87  99 205 193 117 156 226 227 206 237 230 157 131 204 242 237 239 248 250 234 214 204 220 244 252 250 245 237 238 250 249 248 249 249 246 250 248 248 250 250 250 252 252 247 237 220 225 237 223 199 176 166 173 170 163 160 148 144 140 125 115 110  95 112 117  95 106 
127 122 115 111 103  91  81  81  92  99 104 107 106 102 103 103 103  97  91  93  99  97  93  92  84  79  95 105 100 112 127 121 111 103 117 198 167 107 178 249 229 192 225 226 148 113 190 237 238 243 217 208 195 167 185 222 239 248 229 216 218 216 235 250 249 251 248 243 252 253 251 249 251 252 252 255 247 205 168 187 229 230 203 179 168 170 166 172 185 193 191 182 182 178 159 126 160 177 120  78 
131 121 111 108 105  95  87  84  90  96 104 111 109 103 105 102  99  91  86  91 101 101  99 104 100  93  96 102  96 100 116 117 121 129 138 168 144 102 136 207 227 182 166 194 151  97 184 240 239 216 159 137 156 162 163 173 202 231 210 187 199 203 214 246 248 249 251 246 250 250 251 248 248 254 254 248 236 197 162 140 136 146 155 154 153 138 119 123 129 138 144 147 167 181 180 168 208 213 180 170 
121 110 103 106 108 102  93  86  88  92 104 115 113 104 102  98  93  84  78  87 101 109 102 104 108 107 103 100  92  94 104 108 123 139 131 130 145 127  92 138 210 206 122 138 144 101 194 236 202 178 162 149 177 212 179 153 184 223 213 182 175 177 198 227 239 245 251 247 240 243 251 251 248 245 238 220 194 195 211 180 109  83  94 110 133 125 105 102  94  76  76  84  91  96 105 114 133 137 159 204 
107 100  99 110 115 106  93  89  95 101 108 113 109 102 103 102  98  87  79  83  97 110 109 104 106 112 105  94  97 109 115 114 120 118 105 124 168 164 117 123 190 225 129 110 124 112 199 218 166 151 185 203 210 228 200 191 212 232 214 163 143 165 182 187 224 248 251 249 237 230 236 252 249 216 199 196 165 143 181 221 189 127  91  88 110 121 116 115 104  84  83  82  68  56  55  58  53  60  72  98 
 99  94 100 115 120 106  89  94 107 114 111 105  98  97 110 112 110  97  85  85  93 108 121 115 112 118 104  87  97 122 127 118 109  83  75 133 183 183 172 155 195 244 188 153 146 153 225 233 173 138 170 213 203 191 191 214 236 238 199 136 136 195 168 147 210 253 251 253 242 193 198 242 251 199 180 197 163 100  97 164 208 183 138 105  95 104 106 102  95  95 105 108  98  95  97  92  76  81  60  39 
115  96  85 105 129 116  89  98 111 124 116  95  92 103 111 114 111 104  99  96  94  99 114 123 122 125 117  97  94 109 108  91  82  71  79 169 210 178 163 168 198 211 180 149 165 212 236 225 187 166 142 169 215 215 205 219 238 247 189 149 190 222 145 105 195 252 250 251 239 173 170 238 254 214 184 196 178 117  86  97 120 151 171 145 102  90 105 111 100  92  93  96  98 100 101 100  89  94  96  82 
115 102  85  92 120 120  99 104 111 123 114  87  80  99 123 122 107  92  93 103 104 100 109 116 118 125 121 102  97 106 101  84  83  80 100 177 217 177 149 182 196 153  76  47 105 160 167 152 159 167 141 117 172 243 244 243 247 243 202 185 227 244 183 143 206 248 239 224 218 195 197 244 242 193 165 199 219 143  74  80  91 103 138 151 136 108  99 104  92  80  85  92  93  91  91  97  99 101 103  97 
100 106  97  88 101 120 124 107 112 115 104  84  77  88 111 121 111  96 100 112 117 115 111 109 111 122 122 106 101 109 103  89  91  95 104 161 205 174 135 171 187 127  69  62  84  83  91 106 126 117 100  83 102 151 171 160 175 227 243 220 230 250 234 199 222 249 238 188 160 180 224 252 239 177 131 158 205 175 109  93  85  86 109 119 130 124 109  96  89  83  86  91  88  81  83  92 100  95  92  89 
 92 101 106  98  95 113 131 104 111 102  90  91  90  81  84 113 122 114 113 117 126 128 113 106 106 118 123 109 102 108 103  93  99 108 102 156 208 193 142 128 163 182 191 173 101  51  68  82  74  51  33  68  93  75  84  73  98 168 207 184 177 201 206 215 238 252 242 166 112 160 233 248 228 164 108 110 151 181 160 113  91  93  95  93  99 114 117 104  98  96  94  87  81  79  85  92  98  90  86  83 
104  96  98 106 108 111 112 100 112  99  86  95  99  86  81 106 123 122 114 115 124 123 107 101 101 115 126 118 108 108 103  99 110 121 112 182 235 216 148  85 124 212 237 178  90  81  98  61  33  71  56  84 147 104  47  67  99 115 121 136 139 124 134 194 245 247 216 141  96 134 186 192 177 134 106 110 126 152 161 122 110 110  94  91  86  86 106 127 123 109  97  83  78  84  93  99  95  90  94  90 
106 100  92  98 117 119 104 100 113 109  93  87  93  97  93 101 120 123 108 107 117 109  97  92  93 108 126 117 103 107 110 110 118 117 112 199 253 217 142  79 100 155 164 102  65 106 111  63  74 161 156 127 167 140  58  85 143 133 110 151 166 126  97 146 209 200 146  97  86 104 122 145 156 115 104 118 125 124 137 134 120 112 102  97  90  81  95 119 127 118 104  89  86  94 102 108  96  89  95  88 
 96 108  95  86 114 128 111 101 113 119 104  83  85  98  93 100 119 123 111 107 106  96  94  94  93 103 123 104  84  95 106 112 113 102 102 197 253 214 141  95 109 127 127  85  68  86  77  78 127 181 184 152 162 166 129 129 174 156 120 147 175 159 109 115 174 189 141 108 115 123 133 168 176 122 103 117 125 114 122 139 122  98 101 106 100  98  92  90 103 115 114 105  97 100 107 109 101  90  88  87 
 98 108  98  93 117 127 110 103 115 115 102  90  85  86  96 117 126 117 117 120 104  86  94  98 100 103 119  92  67  69  82  93  87  78  95 194 252 214 151 113 141 193 186 124  81  58  45  97 141 100  83 105 154 201 198 168 152 136 111  97 117 143 135 135 180 210 176 152 165 174 191 204 180 132 112 118 116 105 109 127 132 108  97 109 114 113 100  87  90  99 111 117 109 107 111 104  98  91  89  95 
112 105 106 120 128 116  99 103 125 114  91  90  86  79 103 130 138 115 110 124 120  93  83  81  93 109 129  95  57  48  59  64  51  43  89 207 245 189 147 125 146 197 198 140 101  96 101 153 176  96  48  63 115 184 212 174 124 127 133 108 109 126 140 167 183 161 130 129 144 146 159 176 164 125 108 109 104  99  97 112 127 118 109 116 121 118 108  99  93  94  99 103 110 115 112 104  90  97 110 104 
125 119 128 142 133 107  89  96 126 124 104 100  91  73  83 120 135 116 110 124 120  94  81  79  94 118 150 110  50  34  47  50  35  33  92 207 221 159 142 125 115 147 203 190 138 133 154 203 175 103  93 111 112 157 216 190 129 125 128 119 123 111 119 143 145 124 109 101  98 106 122 149 155 132 114 113 112 107  94  99 117 119 116 123 123 115 112 113 108 101  93  88  98 110 110 109  98  99 111 116 
129 137 147 144 126 103  87  93 117 127 118 107  98  89  85 108 119 111 113 121 110  91  86  82  88 111 153 116  49  31  44  46  30  36  93 189 195 148 156 140  95 106 207 222 151 129 132 139 118  96 100 115 122 142 166 137 111 124 116 105 115 105 120 127 129 129 124 111 100 105 113 136 146 133 120 119 121 112  95  96 114 121 121 126 123 115 115 120 115 107  91  80  90 102 106 110 112 103 102 109 
127 137 141 133 120 105  94  98 110 120 116 106 107 115 116 114 108  98 108 118 111  97  91  84  83 100 139 109  54  38  49  46  29  39  94 170 179 153 161 147  91  88 183 213 161 121  75  39  94 139 119  93 116 115  85  57  67 108 107  75  80  96 111 114 120 123 121 124 127 117 111 119 126 124 125 126 118 105  96 102 118 128 126 121 119 117 118 117 113 106  96  88  92  97 102 105 122 119 113 111 
125 117 116 121 118 108 100 102 116 119 110 106 113 122 128 120 105  89 101 118 123 117  98  87  92 109 139 101  51  42  48  41  26  37  90 154 174 160 153 146 107  82 139 172 164 124  64  66 149 203 150 101 125  98  55  33  43  67  71  54  55  72  74  83  91  95 103 117 125 119 109 109 116 120 125 132 123 102 100 113 122 129 128 117 111 111 113 112 119 116 106 100  92  90  99 107 123 123 125 131 
115 110 109 114 116 116 117 114 109 115 123 121 119 126 131 121 100  89  95 110 128 130 116 110 110 124 134  91  37  30  52  48  28  32  86 150 169 154 148 152 124  80  87 118 142 135 127 163 212 198 121  98 144 127  71  30  27  52  52  50  64  48  34  52  70  69  68  84 112 105  98 109 115 112 113 120 122 109 109 117 122 128 127 113 103 102 107 112 125 120 112 106  96  95 104 108 118 117 125 138 
 99 118 121 109 110 122 127 118 105 112 126 122 118 122 123 111  97  97  99 109 125 129 125 127 123 131 129  76  21  20  54  54  33  34  83 144 160 148 154 156 114  57  61 101 145 163 156 146 145 128  92  75 127 153  89  19  16  47  49  41  55  40  28  42  63  56  49  67 105 101  93 112 119 111 105 109 121 114 112 117 122 126 122 109 102  98  99 107 123 126 120 112 106 111 117 113 114 107 105 109 
 95 104 103 107 124 123 107 121 104 100 104 102 103 109 109 101 103 113 110 112 123 124 122 128 127 134 130  78  23  23  51  47  28  33  82 148 164 151 160 153  96  53  74 116 159 188 173 130  83  72  84  59  68 131 118  59  44  45  39  27  35  46  41  45  60  54  50  68 105 103  94 113 120 109 101 107 123 116 109 111 121 120 113 107 102  96  93 100 118 126 119 110 111 122 126 117 108  98  91  86 
 95  93  98 118 133 122 106 121 111 107 102  92  85  89 103 104 116 126 113 106 117 119 112 117 117 126 127  84  34  27  47  39  26  38  84 164 186 154 148 138  90  56  72 108 155 205 226 218 147  84  76  76  69 106 133 128  93  56  38  24  30  57  48  47  60  58  56  75 113 106  96 113 114 102 105 116 125 118 105 106 118 115 109 105  99  96  94  97 108 114 110 106 112 121 121 113 101  97  97  90 
101 104 119 125 117 122 137 123 126 121 106  91  83  85  98 109 120 123 106  96 107 110 101 106 106 114 116  77  31  26  46  42  29  39  80 172 199 149 132 128  99  68  63  88 148 213 243 246 223 161 117 135 142 123 126 123  92  62  51  35  30  52  46  43  58  59  56  75 114 108  96 108 105  94 109 127 129 120 106 107 119 116 106  99  94  95  98  97  98 106 108 110 113 112 104  99  94  96 101  96 
114 107 115 124 119 119 129 127 129 111  86  80  92 102 102 112 112 114 108 100 104 102  91  96  99 110 118  82  34  29  46  41  26  27  68 168 191 139 135 137 108  63  51  79 151 219 232 209 199 200 172 145 118  82  78  69  60  60  57  39  32  44  47  47  66  65  57  73 114 109  91 103 103  93 106 125 128 118 112 116 119 113 103  94  94  97  99  99 101 108 110 112 114 106  94  86  91  96 100  96 
112 110 117 128 127 114 103 108 123 115  90  82  93 105 113 118 109 112 120 118 113  97  81  83  92 114 136  98  39  28  41  38  26  29  68 163 180 136 149 152 109  53  52  91 157 216 217 178 173 196 184 126  61  36  43  49  50  60  50  31  33  46  51  52  72  69  57  69 112 112  89 103 110 100 105 118 121 111 115 120 116 106  98  94  98 100 100 103 113 119 116 116 120 114 101  92  95 101 106 102 
111 118 124 128 128 113  93  90 111 126 118 102  95  98 116 129 116 106 121 132 119  95  77  77  91 115 144 117  43  15  41  44  22  29  79 155 182 155 149 148 112  55  57 114 170 200 182 150 146 177 172 106  45  36  48  51  59  61  53  35  28  43  44  55  72  75  57  68 112 125  97 104 124 122 114 112 109 106 110 117 114 100  91  94 100  96  89  96 118 126 122 118 117 122 119 103 104 101  95  91 
134 130 122 124 132 118  92  92 106 125 128 112 100 100 109 115 105 103 122 131 122 106  84  77  92 120 143 112  43  17  40  43  25  30  75 150 176 152 148 149 117  61  57 139 185 166 145 136 142 172 168 106  51  41  48  49  57  58  50  32  24  37  40  50  69  77  59  69 111 131 111 116 131 132 124 121 114 101  99 111 119 115 106  95  93  97  93  89 105 117 115 111 113 120 120 109 100  97  96  91 
132 125 121 128 130 112  90  91 100 123 133 118 102 103 110 108  97  95 108 118 119 114  93  82  98 127 133  95  41  25  41  40  29  34  73 144 169 148 146 149 120  71  56 150 185 139 151 177 205 218 182 101  46  42  49  50  57  57  48  29  20  32  39  47  67  77  61  67 104 130 122 124 131 135 130 122 111  95  89 103 121 132 126 106  97 107 108  99 101 109 108 106 108 114 114 106  97  96 100  93 
120 115 125 133 113  92  90  88  97 120 129 114 104 109 114 112 101  86  84 101 117 122 102  89 103 129 126  79  36  34  45  35  26  38  75 141 165 145 142 146 122  67  49 146 187 163 200 220 239 246 195 101  44  41  46  56  61  58  50  30  21  32  41  45  64  79  64  63  94 120 119 118 121 127 125 116 106 101  98 103 116 131 133 122 114 115 123 122 112 106 105 105 109 112 110 105  92  90 101 101 
127 120 129 128  96  81  93  89  98 112 117 112 110 113 111 107 100  83  74  94 121 129 109  94 101 123 125  74  27  35  47  32  22  38  77 140 164 145 141 143 120  75  58 131 184 202 238 232 228 238 188  92  40  49  60  62  65  60  49  32  23  34  44  45  63  80  66  62  89 111 108 107 108 114 116 113 112 117 114 108 110 120 127 127 121 117 127 133 117 107 105 106 112 114 112 113 101  98 113 120 
130 125 126 121 103  94  97  90  94  95 101 112 117 116 107  91  89  86  78  95 118 124 110 102 104 114 115  69  22  29  44  32  21  36  75 139 163 145 142 143 121  70  50 102 171 226 243 222 208 225 182  85  39  55  71  65  65  57  46  29  22  34  46  43  60  81  70  64  88 106  97  96  99 103 108 111 114 122 121 112 109 114 123 123 115 114 122 123 114 112 110 106 108 109 111 118 117 118 131 134 
124 124 123 123 122 112  96  85  89  87  99 115 118 116 108  84  81  91  89  92 104 105 110 109 108 108 101  65  22  22  45  36  18  33  74 135 161 146 142 146 123  76  56 106 185 223 189 139 156 206 188 101  46  52  62  64  62  54  45  29  20  35  48  43  56  79  72  66  90 105  88  88  97  97 103 114 115 118 116 113 112 116 120 116 106 112 116 110 108 117 117 109 105 100 102 114 123 122 131 134 
139 127 124 136 134 104  73  78  97 109 121 121 116 119 115  99  83  96 100  78  80  87 109 112 110 106  90  64  26  16  44  36  16  32  69 129 160 147 141 148 129  80  51 119 203 203 145  94 115 191 195 116  47  46  56  62  58  55  53  36  22  35  52  45  49  72  73  67  94 109  85  80  95  97 102 119 124 122 117 120 127 125 115 102  96 102 102  98 107 123 123 113 106  99 100 108 123 116 117 123 
145 116 119 144 132  87  59  81  99 110 119 117 113 118 120 111  87  87  88  69  79  98 110 116 113 103  81  59  32  19  30  27  24  35  66 128 158 146 139 146 130  77  48 123 196 195 175 153 160 199 193 121  49  49  54  58  62  63  59  38  21  32  47  42  45  69  74  74 100 118 103  82  86 104 112 119 127 127 120 126 136 122  99  88  88  94  92  92 108 127 122 110 112 117 113 107 110 104 107 110 
126 105 111 132 121  88  74  92  85  84 103 114 110 112 119 120  88  72  77  73  96 118 120 108 108 110  88  59  32  20  27  25  28  44  71 125 150 139 137 147 131  79  43 116 188 200 224 235 233 223 188 117  50  54  51  55  65  69  64  41  20  26  45  43  43  65  75  81 107 124 113  89  91 110 121 124 120 115 112 123 130 114  94  86  88  95  96  96 109 123 119 113 123 133 124 108  97  90  97 105 
124 108 100 110 119 107  89  96  87  89 111 119 109 110 122 114  79  67  79  81 100 118 119  98 105 127 105  58  22  18  30  24  24  48  78 122 140 132 137 150 132  91  47 110 182 196 217 226 237 231 191 109  41  54  58  57  67  69  63  41  19  22  45  46  44  63  75  82 105 115 105  96 102 107 115 125 113 100 106 120 122 121 118 104  94  94 101 106 112 117 114 116 128 134 120 103  89  80  90 106 
121 106  91 104 135 134 107  94 104 117 129 119  99 102 113 102  76  74  81  73  88 106 107  93 109 131 104  49  15  15  24  18  22  47  74 115 135 130 137 149 134  94  48 108 193 198 176 159 182 221 203 111  37  48  60  62  68  64  57  38  19  19  47  51  45  59  71  75  93 106 100 104 112 107 110 124 116 100 103 103 100 114 131 121  97  91 100 110 116 114 108 111 120 123 112 102  92  84  91 102 
106 102  97 113 142 145 127 120 118 120 129 116  95  90  95 115 108  95  77  67 100 117 102  95 110 112  80  39  17  16  15  13  29  45  61 109 137 135 135 147 136  95  49 107 195 186 119  75 110 191 187 101  45  54  60  68  67  57  49  35  18  17  47  54  46  55  64  65  81 100 100 104 110 106 105 113 107 101  92  81  84 110 132 124 102  97 108 114 115 110 102 100 109 116 115 115 106  96  96  97 
103 115 117 113 121 133 138 132 112 117 133 123  99  90 100 131 135 110  87  92 119 127 104  94  98 106  82  38  19  15  12  13  37  55  62 103 141 142 137 140 132  95  54  97 185 175  81  53 108 153 156 101  52  62  58  61  65  50  50  43  19  19  42  49  47  57  66  64  67  87 101 106 113 104 100  94  90  98  91  85 103 120 119 115 114 112 109 112 114 104  97  95  99 110 120 126 120 105 101 101 
115 131 134 117 107 117 128 114 111 122 129 114  98  98 112 126 131 116 104 114 128 127 104  82  82 110 106  52  20  14  12  14  45  69  71 105 144 143 135 134 128  95  52  90 177 185 137 163 195 171 138  99  52  57  62  59  57  47  55  49  21  17  36  45  44  53  67  74  81 102 112 106 108 106 111 105  97  93  87  86 102 106  95 101 120 122 104 101 108  99  95  96  98 106 117 128 118 103 103 106 
128 132 135 130 116 107 107 103 119 125 111  96 103 113 107 108 116 119 113 118 129 126 100  75  75 111 128  74  24  15  13  17  51  80  77 108 148 143 131 130 126  99  56  93 170 192 191 227 240 193 132  98  59  49  60  60  51  52  56  42  22  18  37  50  44  43  58  77  95 116 122 105 105 115 127 120 103  93  88  82  85  94  94 101 115 115 100  97  99  93  92  93  95  99 107 119 109  97 105 111 
132 120 124 138 132 110  93 103 125 125 103  94 113 124 100  99 111 120 114 113 122 117  96  88  85 105 126  84  32  15  13  18  52  82  74 105 148 146 132 129 125  99  54  83 151 194 198 191 200 196 145  93  54  49  61  58  51  59  50  24  17  22  43  59  50  41  49  66  81 103 119 110 114 125 129 112  93  89  96  87  84  99 113 113 105 103 101 106 100  93  93  90  88  86  92 107 104  96 106 116 
129 122 126 134 124 105  93  95 113 119 111 107 113 117 109 105 106 106 102 110 116 101  94 107 100  95 105  78  36  15  13  17  46  72  66  98 145 146 136 133 129  98  52  67 136 197 184 125 129 179 157  82  41  58  67  55  55  57  43  18  13  17  43  65  56  43  49  59  72  99 114 105 110 118 118 105  87  76  90  97  96 100 109 112 108 108 108 116 113 103  95  90  86  83  86 100 105  99 106 114 
128 133 132 123 111 103  95  85  92 106 119 121 111 107 115 111  97  84  86 100 106  97 100 113 104  97  97  68  31  12  13  19  43  63  60  93 138 142 137 138 135 102  61  75 149 205 168 109 111 154 148  85  45  64  61  55  53  47  59  61  31  14  35  67  63  48  54  71  90 115 112  94  97 104 113 111 100  83  92 101 101  98  98 105 110 115 115 122 120 103  90  87  90  89  90  98 112 109 113 112 
130 132 125 116 115 110  99  85  79  92 117 126 116 108 114 115  97  79  81  90  95 103 110 110 101 107 104  63  23  10  15  22  44  60  60  93 132 137 136 142 139 111  69  78 153 207 185 181 184 168 137  86  46  63  59  60  50  39  87 123  69  17  31  70  68  49  57  85 112 127 113  89  92  98 114 121 113 107 109  99  96 103 110 109 101 107 118 127 116  93  80  81  92  96  94  98 118 122 124 114 
