200 199 200 203 202 199 197 197 199 203 204 203 200 199 197 198 204 210 208 200 199 202 206 205 199 195 197 203 198 203 206 204 200 199 205 210 198 196 203 213 215 208 205 208 209 207 205 204 203 203 207 214 210 206 205 209 211 209 205 203 205 204 202 199 201 205 205 203 203 206 205 200 198 201 206 208 207 205 203 206 206 204 201 199 205 201 196 195 197 201 206 209 209 203 201 205 209 207 203 201 
200 200 198 198 204 201 198 196 198 198 197 195 193 197 200 201 201 202 199 193 198 201 204 204 201 198 198 201 203 204 203 201 199 199 200 200 204 206 210 212 208 203 200 201 210 206 203 203 202 200 200 202 207 203 200 205 208 208 206 207 202 205 206 202 200 201 203 203 206 207 205 200 198 199 199 197 207 208 207 206 203 201 202 206 206 205 204 202 200 200 201 203 211 206 204 205 206 203 201 201 
202 199 193 190 192 194 195 195 194 195 195 195 194 198 201 202 202 202 200 199 200 199 196 194 194 196 199 201 200 199 198 199 199 200 199 198 193 203 209 205 201 204 206 204 200 198 198 201 203 203 204 207 206 201 198 201 202 201 201 202 195 201 203 200 198 200 202 202 200 202 202 202 205 208 207 202 204 206 206 202 199 199 202 204 200 204 206 204 201 199 200 201 199 201 205 209 208 202 199 199 
198 197 194 192 189 195 200 198 192 189 192 196 194 193 194 197 200 200 198 195 199 198 193 188 190 196 199 198 193 196 198 199 199 199 201 204 194 206 210 202 197 204 207 204 205 203 203 202 200 199 203 209 206 202 201 203 202 198 195 195 194 195 196 196 200 204 203 198 198 199 199 200 202 205 201 195 199 200 200 197 198 199 199 195 197 200 204 203 200 198 201 204 195 199 206 210 208 202 200 201 
194 193 194 195 190 196 201 200 194 192 195 199 190 189 191 197 200 195 187 182 191 195 197 194 195 198 196 189 192 195 199 198 196 195 198 201 192 201 203 196 192 197 199 196 208 206 203 201 196 193 199 206 202 201 203 206 206 202 200 201 202 199 195 195 201 205 201 195 201 202 200 198 198 199 197 192 198 200 199 198 200 203 199 192 201 202 204 202 199 199 200 203 206 205 205 205 203 200 202 206 
190 189 191 197 191 190 189 191 194 196 194 192 193 191 191 195 193 189 187 188 186 193 194 189 188 191 190 183 189 189 190 192 193 193 192 191 187 192 194 191 190 193 193 192 201 194 190 193 196 197 198 199 197 197 199 202 203 201 202 205 201 199 195 193 196 200 199 194 199 202 201 196 193 196 198 198 196 202 202 196 196 202 202 196 200 199 200 199 198 196 195 194 203 201 200 202 201 198 199 201 
184 184 188 193 193 186 182 184 189 190 185 180 189 186 185 184 180 180 188 195 182 187 186 178 175 182 186 184 185 185 185 186 188 189 190 189 195 194 195 196 196 193 190 188 194 188 185 189 194 194 193 191 197 195 194 195 196 196 198 201 194 194 191 189 189 192 195 195 202 200 196 191 189 191 194 195 196 200 200 196 194 197 199 197 195 196 197 196 195 196 194 191 192 191 194 201 203 199 197 198 
178 179 179 177 177 177 178 182 183 182 181 182 176 173 178 179 173 177 184 184 178 181 181 177 177 180 181 178 178 182 184 180 177 180 185 187 186 183 186 191 193 190 190 192 188 189 191 189 188 188 190 192 194 192 188 187 189 191 193 193 194 191 189 188 187 186 188 190 195 191 188 190 193 196 197 198 197 194 192 195 197 195 195 198 192 196 196 192 192 197 200 198 200 194 193 200 201 195 195 200 
179 180 178 176 174 173 175 178 181 181 180 178 176 175 178 180 174 177 185 184 180 180 178 178 182 185 182 176 173 177 179 179 178 179 179 176 177 178 180 182 182 182 187 194 188 186 185 184 185 187 188 189 190 188 186 185 186 188 188 188 192 190 188 187 188 187 186 183 181 187 192 193 189 188 191 193 194 191 189 190 192 191 195 199 193 192 192 192 193 193 193 195 202 196 195 198 197 191 191 196 
179 178 176 174 177 178 178 178 180 182 182 180 181 177 179 180 175 180 188 188 182 178 175 176 180 185 185 184 180 183 183 182 182 182 179 174 179 181 184 186 184 180 178 178 179 178 177 179 182 184 184 184 187 185 184 184 185 187 187 187 187 186 184 183 187 189 187 182 190 195 196 191 184 183 187 191 193 190 189 189 189 188 189 193 201 194 193 196 195 190 188 192 196 194 194 197 197 196 199 204 
177 174 173 173 179 180 178 176 179 186 189 187 188 182 182 180 174 178 185 184 185 183 182 181 179 178 178 180 182 183 182 180 181 183 183 179 180 180 179 182 186 187 182 176 180 180 181 181 181 179 177 175 176 176 177 181 185 188 190 190 187 186 182 179 183 189 188 182 185 189 190 186 186 191 194 195 189 188 191 192 190 187 188 191 194 188 188 193 195 191 190 193 196 195 194 194 193 192 194 199 
180 178 179 182 174 177 176 173 177 186 190 187 187 182 182 181 174 175 178 175 176 176 180 184 183 179 179 181 175 178 178 176 177 180 183 183 186 183 178 176 180 186 183 176 176 178 182 183 183 183 185 186 186 185 185 186 187 187 186 185 186 187 185 180 181 186 186 180 178 183 185 183 186 191 190 184 183 185 188 192 190 187 188 192 193 190 188 189 190 189 186 184 187 189 190 189 188 187 190 193 
181 182 184 185 172 179 180 176 178 186 185 178 178 175 181 186 182 182 182 175 183 175 171 174 179 180 184 188 177 182 185 181 177 180 183 184 184 186 186 183 184 187 183 177 173 178 182 182 180 183 190 198 190 189 189 190 192 191 188 185 178 186 188 183 182 187 187 181 182 186 184 177 177 184 186 182 185 186 188 189 186 183 186 191 190 191 190 187 189 193 189 181 183 188 190 188 186 185 187 190 
174 181 183 180 180 181 180 178 179 181 179 173 173 175 179 182 182 184 184 181 186 177 172 175 181 184 185 187 179 182 185 185 183 182 183 183 175 178 181 182 185 186 181 174 178 179 179 177 176 180 187 192 183 184 185 187 184 182 182 184 185 184 183 182 181 182 184 186 183 188 187 178 175 180 184 184 184 184 185 187 187 186 187 189 188 187 187 187 186 188 187 187 185 187 190 187 183 188 190 184 
172 177 178 175 176 179 182 182 182 183 185 187 180 183 185 185 183 182 182 182 186 183 181 182 182 180 180 181 183 183 183 183 182 181 181 181 181 182 181 181 181 183 180 176 185 184 181 181 180 181 181 181 181 179 179 180 179 179 184 190 188 183 181 184 185 182 181 183 181 183 183 178 178 179 180 176 182 180 180 181 183 184 186 189 192 189 187 189 188 186 186 188 187 185 192 195 188 188 192 190 
172 175 176 174 176 183 188 188 182 180 185 191 181 184 187 187 184 181 179 180 180 180 183 183 180 176 177 183 179 178 177 177 179 182 184 185 183 185 184 180 178 181 183 183 179 179 180 182 185 185 180 176 184 182 181 183 183 182 183 186 184 180 178 181 182 181 179 180 178 178 177 177 181 184 182 176 183 183 179 177 178 182 186 189 190 185 183 186 190 189 188 188 192 188 197 203 193 184 188 193 
174 179 182 179 177 179 184 186 183 180 183 188 177 175 177 181 184 181 178 177 177 178 180 183 181 176 176 179 179 178 176 177 178 180 180 180 173 178 181 177 175 179 184 187 176 175 175 179 183 183 178 172 181 182 187 191 192 186 181 180 183 180 177 177 175 174 179 185 175 176 176 178 181 184 184 185 181 182 180 177 178 183 186 186 191 184 182 188 193 193 192 192 192 192 197 197 188 186 189 187 
176 181 183 181 178 176 177 182 185 183 182 185 180 174 172 179 183 181 176 175 179 177 178 180 180 177 174 173 183 181 179 178 179 177 174 171 170 176 180 178 176 179 182 184 182 180 177 178 181 180 178 175 180 181 185 188 188 183 181 183 180 182 186 188 183 178 181 187 183 183 184 184 181 181 185 191 181 186 185 182 183 187 188 185 197 192 190 192 195 194 193 192 190 195 196 188 184 196 200 186 
175 176 177 179 182 175 174 180 182 177 174 177 184 178 177 182 182 177 175 179 172 172 174 179 178 177 177 180 179 176 175 175 178 180 178 177 176 180 182 179 176 177 178 178 180 178 178 178 180 182 183 184 185 187 189 188 182 176 178 184 182 185 191 197 197 191 186 186 194 191 191 192 190 187 190 194 188 194 195 190 191 196 195 190 195 192 190 192 191 188 187 189 189 194 197 189 185 196 202 191 
175 171 173 179 173 167 168 175 177 172 172 178 182 179 181 184 179 172 176 186 173 176 180 179 174 170 173 180 183 179 174 173 176 178 178 177 178 180 179 175 174 175 176 176 183 183 182 180 177 177 177 178 178 184 192 195 189 182 184 190 192 188 188 194 198 197 191 188 189 185 185 190 193 190 189 190 188 194 194 188 189 195 195 190 191 190 190 193 191 190 191 195 191 192 198 198 188 188 193 191 
187 179 175 179 176 174 177 185 186 179 179 185 187 187 183 177 179 184 188 185 181 186 190 187 180 176 176 180 176 177 182 186 185 181 180 182 186 187 183 181 183 181 186 200 193 191 190 191 189 185 183 183 186 187 189 190 189 186 186 188 188 186 179 175 183 194 193 184 183 180 180 184 186 185 184 184 188 189 189 191 196 198 193 185 185 191 190 200 187 191 191 205 197 195 197 195 190 193 197 192 
188 185 185 190 185 182 183 189 188 185 189 198 191 191 189 186 187 188 185 178 187 191 195 195 190 183 174 170 176 176 179 180 176 172 175 181 183 182 177 178 185 184 183 192 192 193 196 198 193 187 186 190 188 186 186 187 189 188 187 186 178 181 179 178 182 188 184 173 181 179 179 182 183 181 180 183 179 180 181 184 186 185 184 184 182 184 184 186 181 177 179 185 191 189 192 191 185 186 184 174 
187 185 188 193 188 187 188 190 184 177 179 185 180 177 173 174 181 186 188 185 179 180 182 183 184 182 179 176 169 168 169 172 174 176 182 189 182 184 180 180 185 180 173 176 174 178 184 189 186 183 182 186 180 179 180 182 187 191 193 190 180 183 184 181 183 188 187 182 180 179 182 188 189 184 177 174 176 172 172 178 175 170 172 181 176 170 176 172 182 178 185 184 189 187 191 191 187 186 181 169 
184 181 181 182 180 181 182 180 176 170 172 177 177 171 165 165 172 179 185 187 174 174 172 170 168 171 175 178 179 173 170 175 181 184 185 187 183 192 194 194 197 193 188 192 181 180 182 186 186 181 176 175 176 180 180 177 175 178 181 181 180 182 182 180 182 187 191 190 180 176 179 191 200 199 189 181 183 174 171 178 179 174 177 186 186 177 179 170 186 182 191 186 189 186 189 190 189 192 191 181 
182 178 174 172 178 175 169 164 161 163 169 174 173 170 168 171 173 174 175 177 172 174 176 174 170 169 171 175 179 172 168 171 177 178 176 174 182 195 199 197 197 194 190 193 189 184 184 188 190 187 180 177 177 184 185 176 170 171 176 178 173 175 178 180 183 185 184 183 185 175 171 178 187 190 185 179 179 172 169 174 178 178 182 188 190 183 181 175 186 188 191 185 181 179 182 182 180 185 190 185 
180 175 170 166 176 172 167 164 165 168 170 171 167 167 171 176 176 170 167 170 172 172 173 174 174 173 172 170 169 165 165 166 168 168 171 176 185 195 195 191 191 188 182 182 176 174 176 181 185 183 181 181 182 188 187 176 172 177 181 180 178 176 175 176 178 178 176 175 180 174 170 173 176 175 171 169 171 172 171 170 170 174 180 183 178 179 175 183 185 196 189 183 177 176 179 176 169 173 181 177 
176 172 169 165 167 168 170 173 179 182 180 176 172 174 178 178 173 166 166 172 176 173 169 170 170 170 169 167 172 169 168 169 170 171 175 178 170 176 174 172 178 181 174 168 169 169 172 174 174 171 171 175 186 186 181 174 172 174 174 172 180 175 169 167 169 171 172 172 172 170 172 178 179 176 174 175 174 176 176 172 169 173 177 181 174 183 179 182 179 192 183 175 175 176 179 175 165 166 173 175 
176 173 172 172 167 169 170 171 173 175 172 168 174 177 178 174 168 167 170 174 171 171 171 170 169 170 173 176 171 169 167 170 176 179 176 170 171 170 168 168 175 181 177 167 166 165 167 170 171 171 175 180 186 177 173 174 175 174 174 178 174 175 174 172 172 177 179 178 179 173 172 175 177 173 171 174 176 171 169 170 172 172 173 177 170 179 179 167 168 179 182 174 170 173 175 174 170 169 172 177 
180 179 176 174 169 172 172 170 171 174 175 173 180 179 176 174 171 169 167 166 175 172 172 171 171 172 172 172 170 171 173 174 173 171 170 169 170 167 168 170 172 175 179 181 174 171 170 173 175 176 177 182 180 174 170 171 172 172 174 177 177 181 180 175 173 174 176 176 173 174 175 174 176 175 171 168 176 171 169 171 172 171 172 173 170 169 166 165 172 180 181 177 172 171 171 174 176 176 174 171 
182 181 178 173 170 175 178 176 175 178 181 181 179 178 175 173 172 171 172 173 177 175 172 172 173 174 173 172 168 167 169 172 173 171 172 173 169 168 171 175 173 170 176 187 175 172 172 176 176 173 167 166 172 171 172 173 174 173 173 173 175 177 177 173 172 173 173 171 168 173 174 171 173 178 177 171 173 170 168 172 174 173 172 172 179 174 171 173 177 177 176 176 175 173 172 173 176 177 174 170 
182 181 177 172 171 176 179 177 174 173 171 170 176 177 177 174 172 172 177 180 174 173 172 172 172 172 172 171 175 168 166 170 174 174 175 177 172 172 175 177 171 163 165 174 173 170 170 175 178 177 176 176 176 176 176 174 173 174 174 175 174 174 172 171 174 178 177 172 172 175 174 170 172 180 181 176 169 167 170 174 175 174 176 178 180 177 177 179 177 171 169 172 179 179 179 176 175 175 175 177 
175 175 173 171 170 173 176 175 175 176 174 170 173 175 177 176 173 173 176 178 170 172 174 173 171 169 171 173 177 169 167 171 173 170 169 171 166 168 172 174 172 169 169 169 176 172 170 171 172 174 178 183 179 179 174 168 165 169 174 176 172 173 172 170 171 175 175 173 174 172 169 168 169 172 173 172 166 168 172 176 173 172 176 182 172 172 174 174 173 170 170 173 176 178 178 176 172 171 174 178 
174 176 179 181 176 177 175 174 176 177 176 172 167 169 173 177 180 179 173 169 171 175 180 179 174 172 175 180 177 174 176 180 178 169 168 173 172 175 176 173 173 176 173 166 172 172 175 177 176 172 171 174 174 179 180 176 173 175 175 173 175 182 183 176 168 168 174 177 173 168 168 172 175 171 170 173 163 167 174 175 170 167 174 184 173 174 170 168 173 182 182 179 174 177 180 180 179 178 179 179 
176 179 179 177 179 182 179 176 177 181 178 172 172 170 173 179 181 176 177 180 175 180 183 181 178 177 177 177 171 178 187 192 189 183 182 184 184 187 184 179 184 193 186 172 170 174 179 180 179 178 183 189 187 186 182 179 179 182 183 180 179 183 184 181 178 176 182 186 181 176 175 180 180 175 177 185 181 178 175 172 172 173 178 181 178 176 176 174 172 179 189 191 186 185 186 187 187 187 190 193 
181 184 184 181 180 180 178 174 172 174 177 180 168 166 171 177 176 170 173 182 171 177 181 177 171 170 170 170 169 175 183 189 192 191 188 185 187 192 192 187 190 194 191 182 180 182 184 183 179 180 185 192 192 192 191 188 184 182 180 178 187 184 181 181 180 180 182 186 184 179 179 184 184 179 179 184 183 181 177 172 170 175 182 186 186 178 176 174 169 173 183 183 184 184 187 190 188 185 185 188 
173 173 172 169 166 163 165 166 159 150 152 161 174 174 178 180 170 156 151 153 148 158 164 161 155 154 157 159 159 157 157 161 165 165 162 157 165 171 179 183 180 175 174 176 170 172 173 173 172 173 173 176 172 178 185 187 183 180 182 186 189 184 179 180 181 181 183 188 188 182 182 186 187 183 182 186 178 186 189 181 174 174 179 183 184 175 174 176 175 179 180 173 174 176 180 185 186 183 182 183 
163 163 157 150 144 144 155 172 172 155 147 151 182 183 183 177 166 153 149 152 153 159 163 160 155 152 150 147 159 153 147 143 141 143 143 142 141 144 154 165 164 157 155 159 163 164 165 164 165 167 164 160 170 171 174 176 177 179 186 195 187 183 182 184 182 177 180 186 195 190 186 183 175 170 170 173 162 174 180 174 169 170 169 163 158 156 163 172 173 176 175 167 177 174 177 186 194 194 193 193 
153 156 151 142 137 135 148 170 176 162 152 153 165 162 158 153 152 158 171 182 175 176 175 171 166 162 152 146 166 163 158 151 148 152 162 171 172 163 156 160 161 157 153 154 168 171 172 169 169 170 167 159 161 155 154 157 160 160 161 165 167 166 169 174 170 162 163 172 178 180 182 179 172 164 163 164 163 169 165 153 154 166 169 161 152 152 160 163 158 159 165 164 163 162 168 179 186 183 176 171 
138 140 139 134 141 138 144 154 155 145 139 141 146 144 141 141 147 159 174 182 164 165 163 158 157 157 153 150 158 158 157 153 153 160 175 187 195 181 166 164 167 167 161 155 158 164 168 166 168 172 173 167 161 153 152 159 161 157 154 155 144 138 141 152 155 149 150 157 152 156 162 169 175 179 181 180 188 188 173 152 154 177 190 186 184 182 185 183 173 173 181 181 178 182 189 192 188 179 171 170 
141 143 147 149 149 152 157 161 157 151 149 154 143 147 153 160 168 172 172 169 155 157 153 147 143 145 150 152 153 153 153 151 153 160 171 180 169 161 157 160 169 170 160 149 151 159 162 158 158 163 164 160 166 157 152 156 156 150 148 152 157 144 139 149 155 149 146 147 150 145 143 149 164 177 183 182 182 186 173 154 160 192 211 212 209 209 215 216 206 204 205 201 202 208 210 204 189 178 180 189 
172 169 163 159 173 173 178 185 181 171 169 174 167 176 175 178 190 186 181 191 180 171 153 162 162 147 155 153 172 173 176 177 176 176 181 188 166 158 175 170 178 166 158 157 156 156 161 150 148 154 149 152 160 150 142 142 145 148 153 157 162 161 159 157 153 148 147 148 154 158 156 150 158 173 177 171 167 168 166 163 171 189 205 212 212 215 213 207 205 207 203 195 201 204 202 207 204 177 161 177 
192 188 183 181 181 177 180 187 189 185 183 187 187 189 181 177 185 185 183 193 192 185 180 184 187 186 189 190 190 189 187 183 178 176 184 194 189 178 183 179 182 183 176 181 180 178 184 175 172 172 158 155 161 156 156 163 159 147 140 142 154 152 151 153 155 151 142 135 149 154 153 149 158 173 176 170 168 168 165 164 167 174 175 173 179 183 186 185 187 189 188 184 183 182 179 186 187 165 152 163 
187 181 178 178 181 177 176 181 182 179 178 180 193 205 212 212 209 196 178 171 169 161 164 154 158 174 173 180 166 164 159 151 143 139 147 158 177 169 164 165 158 166 151 155 176 170 173 166 166 166 151 148 149 144 150 167 169 156 150 154 155 151 146 147 149 149 141 132 141 143 143 143 152 166 169 163 164 159 151 145 145 150 153 153 155 158 160 161 160 157 157 156 163 154 147 154 162 156 154 162 
176 168 159 154 154 154 155 153 150 145 148 152 155 179 204 212 205 188 166 147 150 143 148 129 127 144 139 145 142 140 137 131 122 117 123 132 137 135 133 140 132 146 127 131 145 135 139 136 141 146 135 133 142 133 134 149 156 148 144 149 134 132 129 126 129 136 136 132 132 132 129 129 138 147 146 140 138 140 141 138 135 134 138 142 144 144 148 153 153 150 150 154 158 147 142 147 154 160 165 168 
155 151 140 128 123 130 136 134 129 127 131 137 127 137 150 149 142 146 144 129 121 125 137 133 135 146 143 145 134 133 134 133 127 123 125 131 128 126 128 129 127 142 134 138 134 128 137 140 146 148 136 135 138 131 129 136 137 131 123 121 116 121 122 117 116 120 125 124 118 118 116 121 131 141 141 135 127 130 133 129 122 120 127 138 145 140 144 153 155 148 144 147 156 150 152 156 154 156 157 151 
162 171 163 146 122 128 134 135 132 130 131 132 138 133 131 124 123 142 146 123 121 131 130 134 132 125 130 127 127 126 127 128 129 126 126 129 138 134 144 129 132 135 135 138 134 127 136 140 144 146 135 138 135 139 141 139 133 128 123 121 124 127 124 116 115 126 134 134 123 122 122 131 143 153 152 147 140 138 137 135 130 128 138 152 156 146 145 154 149 129 112 107 120 117 125 126 116 121 128 122 
151 164 163 143 130 137 142 140 133 129 129 129 129 118 119 125 130 147 147 124 127 134 126 134 129 124 132 131 128 121 124 135 129 130 134 138 137 136 145 131 138 137 135 132 144 137 140 143 145 147 142 147 145 152 154 147 139 136 135 131 129 130 126 118 118 132 149 157 149 143 141 141 150 151 149 143 146 151 154 158 156 162 165 169 164 159 157 161 155 135 115 109 109 107 109 107  97  99 110 107 
151 149 151 136 131 142 149 145 136 135 144 153 139 124 125 143 144 150 152 151 146 149 145 157 151 162 147 145 145 133 140 160 140 144 148 152 146 146 137 128 127 136 138 134 141 141 143 148 151 152 148 143 149 155 156 152 149 147 138 127 129 132 139 143 138 134 147 168 172 158 155 142 151 138 144 142 144 154 150 166 166 180 169 171 169 181 184 184 188 185 182 186 183 185 171 163 145 127 139 149 
157 146 127 124 119 128 137 143 147 147 144 140 153 160 157 166 162 170 160 160 165 158 146 155 159 172 164 160 157 154 156 156 161 169 170 159 157 165 162 140 124 130 144 150 142 143 151 167 180 182 171 160 148 152 151 144 142 143 141 135 126 124 137 161 165 156 158 174 184 171 165 150 151 140 145 145 157 153 141 162 175 170 146 148 145 155 160 162 167 168 170 180 179 181 170 160 136 124 156 186 
169 155 114 113 114 121 125 128 130 129 117 104 147 166 152 147 138 151 145 158 148 145 147 164 178 186 178 171 165 168 158 130 147 159 166 151 143 166 180 174 165 165 163 155 151 152 158 171 183 184 174 163 159 165 166 158 152 148 140 130 136 133 140 157 165 160 160 168 169 161 154 146 144 138 137 138 148 149 125 121 141 155 147 151 146 150 147 145 147 145 147 157 151 152 146 146 130 118 147 175 
174 163 112 100 104 106 104 100 104 111 109 101 119 150 153 150 144 152 148 160 174 166 163 168 180 182 188 190 180 189 179 141 150 161 171 158 129 143 162 179 193 196 180 160 139 138 138 138 139 137 134 130 131 145 156 154 142 126 104  85 120 124 129 136 148 162 168 166 161 157 155 161 161 160 153 152 142 143 132 120 126 125 124 128 142 144 144 148 153 146 141 146 148 155 153 154 136 119 138 159 
122 119  97  88  89  97 102 104 110 117 110  96  81 125 176 194 199 185 175 166 183 161 144 125 126 122 136 145 122 139 149 139 141 162 178 172 134 128 133 152 175 185 178 168 148 150 150 148 146 147 150 153 158 165 164 153 138 128 116 105 126 133 133 126 127 136 136 127 142 143 139 148 140 139 130 130 121 112 132 142 134 100  92  89 120 127 134 144 149 141 134 140 131 143 147 151 141 131 146 157 
108 100 107 105 107 111 110 110 121 133 126 108  97 116 170 169 172 145 159 150 142 128 133 129 141 126 131 130 112 119 132 143 122 139 146 140 149 137 132 145 158 160 166 177 181 185 190 192 192 188 186 185 185 190 192 188 188 192 195 194 186 183 174 155 138 125 116 112 120 127 124 130 112 117 116 130 134 116 148 157 147 124 126  99  89 101 109 116 120 118 129 151 153 153 145 157 168 168 164 142 
120 123 139 134 160 163 152 149 150 141 137 132 144 135 143 135 137 147 167 156 154 158 146 132 141 139 146 163 153 165 162 144 120 127 134 130 144 127 138 146 136 138 145 151 154 165 158 155 151 160 156 158 151 167 171 155 147 163 182 186 180 171 158 152 135 123 129 128 130 127 128 139 137 133 128 134 155 162 164 156 165 163 155 145 107  82  80  78  80  86  89 109 136 142 142 145 166 168 134 106 
156 154 162 160 198 193 173 186 201 175 149 138 156 143 135 133 135 159 174 166 174 170 141 126 137 137 134 150 163 173 168 147 141 151 157 151 125 106 124 132 119 122 122 117 122 128 122 129 115 114 119 149 140  96  89  91  80 122 176 178 172 154 161 176 150 136 154 144 146 139 145 164 171 157 139 130 159 174 159 147 161 160 142 141 131 112 109  93  93 115 115 115 107 133 148 138 154 176 163 159 
172 152 151 153 187 210 201 203 204 165 148 167 155 143 138 136 133 140 151 150 146 137 120 121 133 126 119 133 137 135 133 137 148 160 160 154 137 120 133 136 123 120 109 103  96  96  90 104  99 100  99 122 115  99  93  98 104 121 149 167 142 146 197 222 152 103 123 124 115 126 148 165 164 154 154 162 199 196 168 142 146 148 139 137 105 116 139 141 145 163 159 147 173 186 177 138 139 176 195 207 
165 164 172 171 174 193 167 163 189 174 159 169 165 159 154 150 141 130 122 121 109 111 112 114 103  80  78 102 109 104 107 126 148 160 163 161 164 149 151 136 113 100  87  84  84 105  93  78  66  81  74  71  90 143 176 156 127 125 144 158 141 143 175 203 160 110 118 128 124 131 143 152 151 148 159 173 200 204 188 167 159 150 134 125 129 131 146 160 167 173 176 172 185 181 171 144 145 170 175 178 
133 160 177 165 166 188 155 139 166 171 160 156 153 155 154 154 157 151 147 150 134 130 131 129 111  89  94 116 144 137 136 145 153 155 156 159 148 142 146 129 114 112 112 124 132 153 138 111  88 101 103 109 132 167 209 192 137 123 137 131 177 183 179 182 161 123 131 164 169 164 163 168 170 168 165 165 167 170 160 141 132 134 136 135 145 152 158 162 159 158 154 132 123 130 161 178 185 188 174 168 
132 142 148 136 133 153 131 123 150 167 169 159 157 163 153 145 150 151 146 149 133 120 119 126 126 126 137 149 145 140 138 139 143 148 157 164 137 136 140 124 117 121 124 142 140 140 121 120 115 128 131 147 156 181 187 184 175 134 104 116 146 145 132 136 138 119 118 122 131 133 135 135 131 131 139 149 132 138 142 135 133 145 155 153 153 164 159 155 146 146 152 130 132 137 170 185 184 187 177 168 
146 123 123 126 116 120 101 101 124 142 151 143 157 166 152 136 142 143 132 130 123 113 115 126 129 133 143 148 151 146 138 129 126 131 140 145 134 135 138 126 126 132 132 147 141 154 145 144 132 138 137 152 159 159 163 166 159 154 163 179 164 162 162 170 165 167 179 165 166 153 135 126 129 143 162 177 172 174 176 171 168 178 185 177 174 176 176 192 181 163 174 171 172 164 176 176 177 195 189 172 
114 112 127 136 139 144 143 131 114 150 164 178 182 190 181 178 157 158 140 132 130 123 130 132 121 125 137 139 142 153 154 134 106 155 171 135 129 150 141 132 139 166 186 157 188 205 203 201 186 180 143 146 157 157 160 162 136 169 199 208 185 187 182 194 177 188 190 187 183 156 120 119 133 149 176 185 198 202 185 182 202 190 176 193 184 171 196 204 208 181 179 197 183 175 184 179 181 202 196 178 
130 131 138 138 150 147 146 147 155 208 227 239 237 247 245 240 202 178 161 166 160 157 160 152 139 149 159 146 158 160 179 160 144 166 188 152 118 172 184 164 168 214 227 176 196 212 224 232 225 210 162 152 173 170 166 163 137 165 199 216 195 160 180 171 149 190 173 160 183 153 127 133 142 159 182 176 184 187 169 169 189 179 163 176 159 158 191 199 201 176 166 175 171 151 176 173 148 172 186 162 
156 158 163 158 158 153 157 160 170 201 200 191 199 216 229 231 199 168 153 159 171 174 177 162 150 172 196 192 165 166 175 159 163 156 165 154 151 168 173 167 162 175 188 173 173 176 184 190 187 179 151 148 160 157 162 171 158 166 173 172 181 181 182 170 158 166 154 153 163 152 154 161 143 147 169 156 154 171 175 181 191 177 161 172 146 143 160 155 154 147 143 151 149 157 174 165 156 160 157 159 
143 130 135 133 121 113 118 107 107 121 118 109 115 127 141 142 135 121 107  97 105 104 112 114 119 156 198 210 213 211 155 125 134 121 105 140 119 126 134 129 128 143 147 135 124 129 157 173 179 176 169 176 165 165 171 174 168 159 151 138 203 208 203 217 211 174 155 138 129 140 174 202 188 186 197 169 152 160 155 149 149 141 140 155 146 143 148 144 142 144 133 133 127 145 148 138 152 152 137 156 
112  84  87  89  95  90 100  82  80  88  96  97 100  99  99  91 101 103  98  81  85  75  80  92 111 153 196 208 217 224 154 127 138 128  98 143 118 130 145 136 142 168 162 141 107 117 167 191 197 187 186 196 192 187 174 140 123 116 129 136 153 147 147 161 228 196 112 125 118 145 177 188 162 157 177 165 161 149 128 117 121 125 126 131 147 147 154 162 168 186 176 179 128 102 112 114 106 121 130 123 
154 139 152 156 154 149 168 152 154 153 156 150 156 148 152 144 157 150 155 149 153 148 141 123 111 148 191 203 194 200 185 176 181 178 168 178 175 164 179 178 176 183 165 160 133 130 175 185 177 155 158 165 165 168 156 118 121 126 152 159 112  66  93 114 146 150 131 128 126 132 131 136 143 154 160 136 119 119 116 117 120 121 116 112 106 118 140 168 176 198 188 197 205 170 183 187 165 162 150 124 
124 119 130 133 152 149 161 148 152 158 164 161 155 152 160 156 156 141 149 159 134 148 149  94  64  87 160 199 176 181 187 172 194 171 187 183 172 168 185 188 181 168 154 135 127 120 151 157 144 115 114 122 136 138 146 118 129 141 134 121 100  89  91  93 100  96 137 142 126 142 135 143 138 130 121  98 101  97 105 105 105  98  98  99 103 102  98 101  96 110 111 129 213 193 213 236 232 222 191 146 
 77  94 109 117 128 146 157 160 167 181 184 177 166 175 187 193 182 173 181 197 191 183 179  96  66  43 130 190 154 176 161 153 195 142 156 162 148 163 161 172 174 137 145 124 118 120 132 145 133 102  86  91  86  78 100  91  95 105  76  89  90  87  87 100 117 105 119  88  81 101 106 127 113 119 155 158 105  67  72  67  79  69  78  87 110 121 109 110 125 116 117 129 195 173 183 219 219 226 216 150 
 60  68  73  72  70  89 109 123 135 136 120  98  96 109 134 157 169 177 193 208 185 147 118  74  57  43  94 139 135 137 135 163 146 132 147 145 134 160 143 147 149 137 141 138 128 128 136 146 141 121 104  98  93 106 100 101 117 102  88 111 100 103  82 103 135 109 103  82  90 101 122 109  81  87 157 149  68  48  58  56  60  55  66  87 153 172 171 189 184 169 186 180 187 191 180 195 187 197 198 188 
 50  52  51  50  56  58  57  56  58  58  49  37  47  48  52  63  77  94 118 139 108  77  54  45  41  37  58  87  86  80  80 120  94  99 113 115 161 151 143 155 129 154 177 149 142 140 139 142 144 144 141 138 125 143 143 133 148 156 139 138 138 141 143 140 142 137 138 137 136 151 162 146 109  87 112  82  60  52  60  55  53  51  65  98 171 172 185 205 151 138 202 179 198 187 179 190 131 149 173 166 
 51  50  51  54  54  51  46  42  42  47  52  56  54  51  49  48  46  46  51  56  65  60  51  48  36  36  42  56  62  56  49  63  61  58  63  69 116 120 144 181 167 183 165 109 101 103 105 106 110 115 118 120 129 101 125 117 120 149 130 123 133 107 136 122 112 160 154 137 142 159 129 130 123 108  85  55  48  51  55  53  51  57  71 114 185 198 202 217 175 153 200 183 212 205 194 203 145 155 173 169 
 43  41  42  42  32  36  43  47  45  41  41  44  40  43  46  47  47  45  44  42  42  49  51  42  32  33  42  49  64  60  54  51  59  58  57  60  60  83  94 107 128 124  83  57  58  56  55  56  60  69  82  94 126 102 127  96  87 139 127 105 125 103 135 127 107 162 146 109 136 150  96  90 103 114  91  60  46  53  49  48  47  56  61 103 152 181 171 185 192 172 181 186 181 195 176 183 174 171 168 180 
 38  42  38  33  37  37  41  46  43  35  33  38  41  43  44  43  41  41  40  40  46  44  46  36  37  32  40  45  50  50  54  57  43  65  64  58  62  59  63  45  54  53  55  51  55  48  46  51  54  53  58  67  75  87 101  86  85 113 118 115 115 124 121 132 115 130 114  69  95 125 110  87 105 128 129  65  42  51  42  42  43  50  39  76 109 116 149 170 150 144 157 143 156 149 148 156 154 152 157 152 
 29  31  33  33  36  40  40  36  32  32  37  42  36  41  44  40  36  36  35  34  33  32  41  39  58  55  59  51  46  42  45  53  46  51  49  49  55  50  55  49  45  43  47  43  44  48  55  60  61  57  56  58  55  53  54  60  67  66  66  69  86  85  63  82  98 122  97  59  54  82 103 106 114 110  91  46  37  46  32  37  38  48  44  74 120 122 166 206 163 139 163 132 154 141 127 169 158 147 183 129 
 32  32  36  41  46  50  48  39  33  35  36  35  35  39  41  42  45  49  50  47  50  41  44  43  70  77  84  73  64  55  51  56  59  53  53  58  48  46  41  38  38  38  40  41  50  54  59  60  59  58  58  59  61  58  58  63  65  61  55  51  66  62  47  59  76 102  78  51  43  51  64  84 100  96  66  37  31  39  29  40  43  55  60  86 144 176 187 210 203 185 197 181 194 185 180 188 192 191 189 177 
 50  44  39  38  43  43  42  39  41  44  46  45  46  44  42  43  50  56  54  48  47  39  36  32  51  62  75  74  71  59  50  51  55  57  59  63  60  54  49  45  45  46  47  47  49  50  51  53  54  56  57  58  48  51  56  59  56  53  53  58  53  56  46  45  48  64  55  42  51  47  51  71 101 114  94  63  34  36  32  44  52  61  64  81 113 151 178 210 211 195 207 207 214 202 207 196 197 210 201 210 
 40  37  37  40  31  33  35  38  40  46  50  53  46  45  42  40  43  48  47  44  41  43  43  40  43  52  61  65  59  48  38  39  45  49  50  51  61  57  55  55  58  61  61  60  53  55  55  53  49  47  47  48  50  49  48  48  46  46  51  58  50  55  49  40  38  45  43  36  44  43  47  61  83  94  88  74  42  33  28  42  57  64  65  68  85  80 129 185 158 129 165 187 199 199 181 190 157 143 181 144 
 33  33  36  39  28  29  32  32  31  31  34  40  37  39  39  36  35  40  45  46  50  46  39  43  45  58  57  55  54  47  40  40  44  46  43  41  39  40  43  48  53  56  58  57  56  59  60  56  50  45  43  44  50  46  44  45  44  41  41  42  45  46  47  38  41  43  45  37  39  45  49  48  50  59  75  86  53  32  29  39  56  60  64  57  63  52  62  90  85  64  87 129 166 210 203 208 185 159 189 175 
 49  41  31  24  25  25  25  27  27  25  26  31  40  42  40  34  29  33  39  44  56  53  41  49  50  65  57  54  53  51  49  49  51  50  47  42  40  42  44  44  42  40  41  42  43  42  41  43  46  48  48  48  39  38  39  44  44  40  37  37  41  40  44  35  46  45  51  42  37  45  49  45  41  51  76  98  73  47  44  43  52  49  58  49  40  48  37  40  62  54  45  73 131 194 217 218 227 217 212 224 
 44  42  36  32  30  24  23  27  30  28  26  27  38  39  37  31  28  34  40  42  41  54  54  61  46  52  47  51  45  46  48  50  51  53  51  47  47  49  50  46  40  37  39  43  46  38  30  33  43  48  46  41  49  48  48  46  42  37  37  41  38  36  42  30  41  39  46  39  41  45  49  49  48  51  65  79  78  54  56  47  50  45  63  58  55  45  53  57  51  47  46  50  63 104 136 172 187 192 197 165 
 36  40  41  36  30  26  24  25  26  24  21  21  33  43  45  36  32  38  39  33  34  51  56  41  54  43  42  44  38  44  47  44  45  48  50  52  55  54  54  51  45  39  39  41  45  33  31  49  54  54  59  42  74  86  85  65  50  49  51  49  46  53  62  57  50  53  56  48  62  59  58  57  55  55  62  70  69  67  72  56  66  61  70  64  60  56  53  51  49  51  51  51  55  67 102 142 131 122 142 119 
 35  41  43  41  31  24  20  22  25  25  25  24  26  40  47  40  35  37  34  27  25  45  39  37  40  50  38  39  38  38  34  40  52  48  42  49  47  49  54  56  53  48  44  42  38  45  61 106 135 135 136 128 141 143 142 136 134 139 141 140 145 143 151 144 146 148 155 143 147 148 150 149 143 136 134 138 146 144 124  76  66  67  74  59  57  54  49  46  49  54  58  61  69  78 100 102  80  64  91  79 
 39  40  39  36  38  29  21  22  25  24  22  20  27  39  44  37  29  31  33  30  26  41  33  39  42  69  64  66  72  63  39  32  42  38  32  45  39  41  43  42  42  46  50  55 102 134 151 182 207 194 184 188 187 181 179 184 191 195 197 198 195 191 204 196 206 197 199 179 137 149 169 191 205 208 207 208 201 197 159  91  66  80  93  79  60  57  52  50  52  57  61  64  61  70  88  78  78  70  91  77 
 34  29  26  24  34  27  24  27  32  33  30  29  29  40  44  35  26  26  31  32  37  24  22  35  69  90  90  75  94  95  69  41  38  40  38  43  41  43  39  33  29  33  39  42 101 161 171 164 171 159 154 164 161 155 157 163 164 160 160 165 164 161 173 166 166 145 135 110  54  66  91 128 161 179 187 189 198 200 165 104  65  66  71  66  66  65  64  63  64  65  63  60  74  94 116 110 122 113 100  75 
 27  23  25  29  34  30  30  34  38  38  36  36  34  51  67  67  58  52  51  51  57  42  66  79  91  69  76  76  87 104 100  71  50  50  49  36  37  41  42  42  47  50  44  32  54 120 121  97 103 113 118 119 116 117 121 123 117 109 112 121 122 114 113 114 106  96  79  59  44  40  44  62  84  98 104 105 112 135 134 107  64  53  50  52  57  58  61  64  65  61  56  51  70 115 150 152 153 142 114 111 
 31  28  31  36  36  33  32  33  32  30  32  35  38  64  94 108 107 100  97  98  84  78 115 143 105  56  66 104  95 102 114  95  63  67  82  69  69  60  52  61  86 105  98  80  86 121 100  80 107 139 151 140 135 139 143 139 131 129 137 146 135 121 102 119 108 119  90  72  47  42  38  43  47  48  49  49  83 129 144 121  63  46  37  43  50  50  52  52  52  49  44  41  48 103 127 128 110 110  80 112 
 34  29  29  32  30  26  26  28  27  25  29  35  35  60  96 118 122 125 123 117  74  58  76 114  86  53  57  97 107 104 114 102  78  96 127 125 118  98  74  73 107 144 145 121 116 114  71  55  89 133 135 115 137 151 152 146 141 141 149 158 158 143 121 135 123 128  95  76  37  35  38  44  46  43  41  42  57  96 115 101  53  43  44  51  51  50  46  43  46  47  41  36  50  94 110 112  94  99  80 112 
 31  28  27  28  27  26  27  30  30  27  27  31  32  47  75  87  85  94  92  70  46  33  33  47  52  42  50  69 100 106 107  95  87 104 114 103 103  92  71  59  85 130 127  85  94  89  54  48  63 100  85  66 101 132 133 136 145 140 142 142 133 125 118 113 108  94  78  67  42  38  38  42  44  42  38  37  38  40  58  62  44  33  41  45  46  52  41  31  39  46  42  37  51  86 126 138 133 125 125 122 
 27  31  30  25  17  28  33  30  29  33  33  27  28  39  53  52  42  44  46  35  36  26  25  37  42  39  40  48  71  80  83  80  85  86  68  44  56  49  39  39  68 107 104  65  52  62  51  49  50  62  50  43  68  83  79  95 119 123 115  99 102  93  84  81  80  77  68  60  38  37  40  44  45  42  38  37  38  39  46  49  36  25  30  41  55  63  55  42  40  43  46  50  51  85 126 148 150 146 140 138 
 24  33  35  30  22  28  32  32  35  40  38  31  33  40  44  39  32  36  38  33  38  36  37  40  46  47  44  40  40  50  48  53  76  80  58  42  42  41  39  42  63  94  94  66  41  43  37  41  51  55  45  42  54  56  48  66  94 106 105  87  96  89  79  73  72  71  65  58  40  38  39  41  42  40  43  47  48  45  43  45  44  40  45  57  64  72  72  66  64  58  52  53  68  86 109 119 116 109 109 112 
 36  42  45  43  49  37  32  38  43  41  38  37  40  46  43  39  40  41  36  31  21  30  37  39  43  49  50  45  48  53  45  45  63  66  54  50  59  61  65  62  62  70  64  42  41  38  33  33  46  43  38  37  55  57  53  69  85  97 109 101  91  87  78  70  67  66  58  48  38  37  39  40  38  37  41  46  46  43  41  40  46  63  73  70  59  62  61  65  73  68  60  61  89  98 112 118 111 101 103 112 
 53  57  61  64  66  50  39  39  38  33  30  33  31  38  33  31  39  39  32  32  32  43  49  48  46  51  55  54  60  58  54  52  54  52  47  45  48  52  62  64  60  59  53  38  41  45  51  46  56  46  48  51  56  59  62  73  69  70  85  80  80  79  74  67  63  63  53  43  34  35  39  41  39  38  43  49  57  56  55  44  46  86 101  68  50  48  45  51  64  71  81  98  93  95 105 116 113 101  97 103 
 71  69  66  68  70  65  53  40  33  35  34  31  30  39  31  26  35  36  31  39  57  61  58  48  43  46  52  53  57  48  52  56  46  44  46  43  39  36  41  46  47  54  55  44  46  49  54  42  58  50  53  52  50  49  51  59  48  48  67  60  78  80  75  66  62  63  56  47  37  36  35  35  37  44  61  76  71  72  77  55  51 115 137  73  42  45  44  47  56  66  95 137 116 101  93 101 107 103 104 112 
 67  67  68  68  64  66  65  53  34  31  42  48  57  61  59  54  46  38  40  51  50  50  46  40  38  41  44  43  47  49  49  41  34  38  42  39  42  34  30  32  33  33  38  43  46  40  37  36  45  44  44  42  37  37  42  48  41  37  46  54  71  80  80  76  82  81  64  46  41  38  35  35  38  48  67  83  80  79  92  94 104 148 158 110  46  40  50  52  48  83 135 153 147 126 124 136 141 144 146 142 
 61  61  61  58  60  64  72  70  56  51  58  63  73  73  76  77  69  56  48  47  45  46  44  38  35  36  38  38  42  42  40  34  30  29  30  29  35  28  25  30  31  28  33  41  44  40  38  41  43  42  42  44  43  45  58  70  64  45  40  48  56  71  77  85 101  99  74  49  34  33  34  39  45  55  72  87  94  88 102 119 134 162 161 125  65  45  55  61  59 108 161 162 141 126 135 158 168 171 165 150 
 62  60  56  52  58  64  71  73  71  70  69  69  72  67  68  73  73  63  45  32  32  36  37  34  34  40  49  53  64  58  56  58  54  44  35  32  28  24  23  27  29  26  27  31  40  40  41  42  40  40  46  54  68  72  86 102  95  69  46  38  46  59  67  77  92  89  60  36  34  33  35  42  47  56  67  78  89  81  94 103 100 116 120  93  54  78  64  68 115 120 109 135 130 122 133 155 167 168 159 146 
 58  60  59  56  53  62  64  62  65  64  63  66  62  55  51  55  62  63  53  43  27  28  27  26  32  44  57  64  72  74  76  78  80  75  60  45  30  29  28  28  24  20  24  31  32  33  33  32  29  33  48  63  81  88  97 105 106  93  65  39  38  49  53  57  66  62  43  29  34  33  35  41  46  50  58  64  69  66  80  82  65  71  80  65  60  87  82  94 136 124  93 108 123 128 140 153 158 155 151 148 
 44  49  49  47  40  60  61  55  57  54  50  58  55  51  46  47  53  56  52  45  32  29  25  21  26  38  51  57  56  68  73  73  79  85  71  45  26  29  29  26  22  24  33  43  36  34  31  27  21  26  41  57  78  86  87  83  90  95  74  42  34  44  43  40  44  44  40  40  33  29  32  39  47  52  58  62  65  59  74  82  76  87  89  63  68  60  79  98  97 104 112  99  98 120 140 153 159 155 152 160 
 32  36  35  31  35  58  56  45  49  45  39  49  50  49  45  43  45  45  38  29  27  31  30  26  23  33  45  55  60  69  70  65  70  79  68  47  25  26  27  28  32  40  51  58  59  56  51  46  39  35  39  46  65  72  72  66  66  67  53  35  38  45  42  36  38  37  35  39  40  36  34  40  47  52  56  59  66  59  71  81  89 113 117  84  64  73  77  79  86  90  88  86  87 112 130 147 163 162 155 160 
 35  35  30  26  51  68  55  38  44  41  38  48  44  44  42  43  51  58  55  48  26  37  43  35  26  28  41  53  61  60  58  59  66  72  69  62  39  37  37  42  53  65  72  73  81  78  76  73  65  55  47  43  42  47  56  61  55  44  39  39  41  46  44  44  49  47  40  40  39  33  31  37  47  53  57  60  63  65  78  82  89 130 157 140 118 112 117 111 101 113 122 107 111 123 127 139 164 168 156 154 
