126 100 125 144 145 130 143 138 148 155 153 157 158 157 172 174 175 176 175 169 146 165 163 169 166 159 135 110  89  99  94 113 150 162 162 161 164 140  96  71  74 109 156 156 160 163 151 100  28  51  80  67  15 106 152 130 146 152 134  69  33  46 110 119 109  86  94 123 167 171 179 179 181 184 166 103  79  91 148 180 189 190 197 190 143  88  72  89 163 193 191 191 182 186 164 162 137 123 103  76 
 97  85 126 159 172 170 186 174 178 173 168 170 179 170 173 154 126 126 116 113 121 150 152 171 171 168 147 117  81  87 101 145 161 168 162 161 166 138  80  38  32  87 154 163 162 160 155 114  28  58  96  75  27  96 140 124 130 152 143  78  30  38 106 129 128 122 117 135 142 153 151 155 157 162 162 152 143 143 152 159 168 164 161 170 153 139 125 131 155 168 166 169 164 176 168 168 141 131 120 105 
131 104 128 165 167 147 145 141 132 126 136 148 170 164 173 149 121 102  92 101 123 157 161 170 168 170 154 116  56  42  63 129 162 166 164 167 176 154  91  35  30  81 150 162 165 164 160 123  32  49 104  77  29  80 145 132 124 154 144  83  33  46 119 156 153 155 141 146 142 166 164 166 167 164 171 181 186 182 176 173 164 166 158 170 163 178 172 176 169 162 160 166 160 168 167 159 141 125 116 116 
124 105 116 153 158 131 109 107 105 105 135 162 174 164 178 161 125  68  68  69  60 106 162 172 168 173 163 125  53  25  46 121 159 163 164 166 172 155  96  33  26  73 141 161 168 168 163 128  42  33 106  85  25  67 152 132 126 155 141  99  67  80 128 152 143 145 140 127 136 158 179 183 183 177 184 176 193 184 189 179 173 181 176 179 170 185 185 190 186 171 174 178 173 176 178 165 154 127 107 110 
 81 105 114 143 165 148  96  80  80  78 114 173 182 175 180 167  91  38  85  90  33  58 139 147 165 172 167 131  58  28  49 123 162 166 168 167 165 153 101  36  17  67 141 162 166 161 165 141  56  40 110 105  57  87 152 128 109 147 145 137 127 135 142 141 105  76  63  67 125 158 180 169 175 178 192 184 195 185 190 181 181 178 179 181 182 181 181 181 184 177 180 173 174 173 178 167 154 133 113 113 
108 134 116 139 167 130  56  62  78  41  53 148 171 187 175 154  80  36  91  92  33  40 115 130 148 163 166 132  60  27  39 106 162 165 170 167 163 158 111  41  24  53 104 115 124 135 161 150 107 101 132 131 124 138 148 135 100 148 151 158 152 160 153 148 110  53  22  56 130 177 177 161 169 182 170 163 116 116 135 178 190 174 183 177 182 147 151 154 167 180 189 173 182 174 175 167 145 140 130 122 
148 162 124 143 172 124  41  59  98  54  34 134 171 187 172 144  78  22  67  79  37  42 110 118 132 161 168 147  70  35  39  92 145 149 151 155 153 141  99  35  28  31  47  54  79 112 150 154 155 156 153 151 158 162 141 135 106 147 153 155 149 150 143 155 137  97  49  93 139 176 168 165 170 176 152 122  27  30  65 150 186 173 188 174 172 127 133 141 145 167 179 169 176 164 151 139 132 135 134 119 
138 173 136 135 169 144  53  34  50  57  35 126 172 168 182 161 117  39  56  72  36  32  90  83 113 160 157 146  68  34  33  66 113 120 117 140 145 114  82  41  25  28  37  55  84 115 138 153 151 151 149 158 146 156 144 128 102 128 148 133 129 116  97 119 135 136  65 103 150 175 168 176 176 164 174 128  45  43  72 142 170 169 182 177 178 158 163 166 164 170 173 168 156 141 121 103 108 102 105  91 
133 177 140 126 165 147  63  43  73  63  34 115 168 172 174 140  90  39  33  41  36  19  34  40  92 145 133 100  64  33  27  49  95  94  97 130 144 125 101  74  65  68  68  72  90 112 129 142 155 145 144 136 132 140 150 141 106 135 141  86  59  62  44  47 129 145  83  91 152 167 159 171 177 173 169 135  47  42  61 135 175 171 184 184 177 146 142 147 157 166 173 167 158 151 146 142 138 123 116 106 
115 177 155 130 166 148  67  38 124  93  48 104 164 170 160 110  53  32  30  40  38  20  28  48  79 131 110  63  74  60  55  63  98  88  91 118 131 114  91  76  71  70  57  56  85 116 135 151 134  96  88  74  67  70 117 139 101 122 129  57  23  57  69  84 115 125  95  95 154 162 166 170 171 175 169 144  56  43  54 122 173 170 180 185 168 131 115 117 137 151 170 178 174 164 159 157 140 127 125 129 
104 165 157 129 163 160 113  93 143 138 115 139 163 156 158 128  60  44  54  70  50  36  42  52  81 125 108  64  91  86  85  77  81  80  95 115 119  98  62  41  31  37  30  46 100 136 143 147 108  48  45  51  34  18  80 133 114 117 132  60  15  58  89 120 113 114 133 137 149 141 169 173 168 171 158 149 101  93  94 136 143 141 148 163 155 137 128 137 142 151 166 175 165 146 132 130 107  98  98 113 
134 163 154 124 152 166 164 158 154 167 163 165 169 151 156 131  85  63  64  84  67  67  71  72  92 120 113  74  66  52  55  37  40  66 111 129 134 120  70  34  40  43  26  42 108 147 143 140 104  36  43  78  49  19  69 131 118 108 134  74  21  61  89 122 139 130 159 163 155 147 163 153 153 147 129 124 126 126 122 132 132 129 125 139 136 138 134 142 132 132 136 136 126 113 115 125 125 115 103 114 
168 165 155 129 150 163 178 169 165 174 169 158 167 155 160 130 106  90  62  62  52  58  65  92 115 128 130  95  43  22  42  29  28  75 131 140 142 133  74  28  59  54  26  37 103 144 141 142 114  41  38  85  47  27  70 127 124  99 133  72  22  65  84 108 129 139 159 154 148 148 141 130 138 141 129 114 140 138 147 149 153 156 146 158 151 160 144 139 118 110 106  99  86  80 103 133 182 173 158 171 
171 169 155 134 141 160 172 164 171 162 169 158 169 155 152 142 123  91  46  40  33  60  89 123 135 141 134 113  29  37  61  46  21  63 140 150 142 141  81  23  62  78  42  32 102 149 134 124 112  45  32  70  54  30  62 123 117 111 125  92  32  67  91  82  88 100 106 107 114 123 130 142 148 158 152 132 130 138 162 177 175 169 167 160 159 149 147 143 126 122 104  94  72  81 103 135 194 193 188 193 
169 174 157 130 133 161 163 139 134 123 128 122 155 162 158 157 145  99  35  30  32  73 123 153 149 148 139 122  40  48  67  48  32  56 137 152 144 145  94  32  44  70  40  26  94 144 133 123 108  66  55  69  57  35  59 104  99 113 119  95  68  84 102  83  99 113 126 136 143 141 147 161 165 173 171 158 149 160 179 191 196 180 158 125 131 128 151 167 133 136 123 113  82  88 109 145 190 198 197 190 
151 172 167 134 133 162 140  79  56  60  53  47 108 155 160 159 155 113  29  22  32  66 128 151 152 145 146 124  59  46  74  63  32  43 128 153 154 143 104  39  47  77  62  42  71  94  86  87  60  59  66  67  55  57  77  94  79  94 103  81 102 112 126 117 132 152 168 173 169 160 163 179 196 203 204 199 198 201 204 203 194 195 166 131 137 134 140 154 132 139 140 131  89  69  80 114 179 195 200 192 
 90 143 166 140 136 166 130  41  39  59  43  22  87 157 163 160 156 126  39  29  43  62 128 147 152 145 155 122  61  29  72  77  37  43 123 154 148 126  97  40  54  87  93  74  66  55  41  43  33  47  62  60  53  62  73  72  84  89  92  86  98 119 134 127 127 143 156 160 160 155 159 175 187 193 197 197 195 194 189 185 194 199 162 127 139 144 141 157 148 149 150 138  95  51  40  54 137 153 166 168 
 33 107 157 139 130 166 139  48  38  74  57  27  75 155 164 158 152 127  47  22  40  56 125 155 152 152 162 129  74  38  82  93  64  60  93 102  82  69  64  40  46  73 105 131 148 153 151 149 133 132 135 131 126 132 140 138 106 103 104 113  89 112 117 106 102 108 108 109 112 108 109 119 118 122 126 124 121 118 116 115 116 127 106  96 112 119 102 107 113 107 111 110  99  70  61  67  70  72  79  84 
 23  98 159 142 122 156 142  62  26  66  59  29  59 150 166 155 152 127  62  24  43  55 109 143 148 147 154 143 115  90 107  99 100 100  89  87  58  61  67  73  94 102 135 175 198 215 227 228 211 196 186 175 161 158 162 160 159 163 169 179 170 177 174 172 173 164 144 134 136 138 144 156 151 149 145 140 134 130 128 128 120 131 122 131 133 137 119 120 131 122 128 129 137 121 120 118 116 111 105 103 
 25  98 164 150 125 155 146  72  33  71  66  33  48 137 154 137 154 136  96  61  83  89 114 141 155 146 144 154 147 130 114  77  99 119 104 118  92  99  90 100  99  95 117 137 134 141 169 187 185 175 170 162 150 145 146 143 133 145 148 142 167 152 145 154 156 149 136 133 145 153 159 169 178 171 164 160 156 154 153 152 155 160 157 169 159 164 157 164 158 157 168 166 176 159 159 152 159 159 157 155 
 31  71 157 149 136 135 145  75  43 107 116  40  47 107 101 100 150 155 139 124  99 107 117 135 148 146 144 143 142 132 112  92 115 121 167 204 192 184 179 156 152 158 156 133 133 119 137 161 160 154 159 152 146 149 128 109  93  86  91  80 102  78  93  80  85  71  84  69  89 106 102  89 111  99 103 109 101 100 107 105 105 110 119 117 110 116 118 104 104 121 122 121 128 118 110 121 118 120 126 126 
 46  77 146 150 127 116 112  54  54 116 127  52  39  79  83 100 142 153 141 122  85  86  96 117 145 149 153 155 157 159 153 148 142 131 175 226 233 232 227 202 193 215 211 195 212 220 199 174 143 147 164 159 150 150 136 124 122 116 102  86  95  85 103  98  98  86  89  81  82  82  74  84  89  78  79  87  86  82  80  78  81  80  77  73  91  84  77  74  74  78  83  81  75  75  81  83  75  73  78  82 
116 128 156 158 113  91  74  43  39  95 116  67  53  74  82 107 141 151 151 154 142 154 158 168 173 178 180 178 177 180 184 185 159 134 168 220 227 227 230 219 220 177  94  76 136 211 208 182 114 125 154 154 145 148 145 147 170 185 167 155 144 140 143 144 143 142 130 134 148 165 142 135 127 125 126 129 128 121 119 124 112 118 129 121 133 111 113 121 121 123 122 112 105 110 117 115 102  95  98 105 
107 121 140 158 120 102  83  80  99 133 154 144 149 162 164 180 201 200 193 201 201 212 200 194 195 196 196 192 191 194 197 196 176 142 166 215 220 214 221 217 213 186  74   6  67 200 217 174 107 117 144 147 138 140 135 135 166 200 183 173 149 144 140 153 142 156 142 151 166 196 174 149 155 154 152 152 152 159 168 172 155 144 157 152 154 146 155 144 172 188 176 158 164 165 159 164 149 146 155 167 
108 129 150 179 172 175 172 188 201 207 207 209 217 218 214 216 214 215 206 209 202 215 211 213 209 209 207 205 207 210 209 205 175 131 150 205 220 216 212 197 209 197 100  20  69 191 221 184 118 122 145 150 145 142 127 120 143 185 171 156 122  94  74  84  93  82  71 105 136 163 157 125 110 104 103 100 106 142 170 164 165 135 120 119 112 118 128 127 163 186 171 140 132 127 119 126 121 130 158 175 
203 217 214 219 221 221 215 226 226 222 213 216 215 206 205 206 211 219 214 217 207 220 219 225 228 227 224 218 215 214 210 205 178 133 148 200 215 213 209 189 205 202 127  39  78 169 206 180 150 140 150 150 146 147 135 131 150 188 179 169 149 108  81  88 110  77  74 109 149 168 166 100  60  64  82  69  58 113 172 168 165 132  71  75  78  74  64 108 158 166 166 124  72  67  83  76  72  99 148 177 
221 231 229 226 232 228 219 219 219 222 223 228 225 219 224 227 227 231 230 237 233 239 235 238 233 232 231 225 218 214 211 208 204 176 187 216 218 214 217 211 212 188 153 119 120 116 135 157 165 149 149 144 137 138 133 131 145 183 181 179 179 150 142 159 154 143 145 151 160 171 163  75  22  46  80  65  17  82 163 173 169 121  25  45  79  76  20  68 142 135 152 114  30  27  68  59  26  59 136 178 
217 221 228 230 228 228 230 231 230 239 248 248 246 246 246 244 250 245 244 247 244 236 237 244 241 237 233 231 230 229 231 233 224 225 227 226 215 195 182 182 155 133 117 113  99  84  90 111 133 131 138 145 142 140 138 128 129 168 171 170 167 136 118 124 146 149 153 165 166 179 161  85  29  48  77  84   7  64 148 174 173 116  29  49  83 100  22  38 107 107 120  92  28  24  67  82  17  30 129 180 
230 234 237 234 226 220 218 219 225 238 248 250 247 246 246 246 249 244 242 245 243 239 239 244 249 247 241 236 238 241 239 233 233 221 207 195 172 140 113  99  88  84  86  94  94  87  86  91 113 120 134 140 138 142 145 138 129 152 161 159 131  84  66  65 102  92 105 121 144 169 126  41  31  38  76 110  42  31 122 168 150 102  42  44  68  91  40  22  66  90  81  45  26  32  54  79  28  19 107 177 
166 171 180 188 193 200 212 223 235 243 247 243 238 238 244 248 248 243 241 244 246 245 245 248 245 251 252 247 242 235 218 200 176 153 127 109  99  90  82  78  91  93  95  94  92  90  90  89  97 112 129 131 124 127 132 126 124 142 159 152  92  38  44  59  57  87 123 101 102 141 105  33  23  51 118 174 106  27 108 161 128  71  33  49 108 157 113  28  39  68  57  27  20  17  24  52  25   1  78 163 
142 147 160 174 185 195 209 222 240 246 248 243 237 238 243 247 243 242 242 244 245 245 244 245 246 245 235 216 197 177 154 136 107  92  77  75  85  95 100 102  98 103 100  89  82  84  92  96 104 113 128 139 139 138 129 111 111 102 102 105  66  29  35  36  27  66 102  70  53  82  64  27  28  62 122 167 115  22  75 105  94  40  13  50 140 200 155  38  13  27  35  30  18  17  38  65  46  14  57 125 
163 156 154 158 165 176 194 211 233 240 246 245 243 244 244 242 238 242 246 248 248 248 250 250 235 211 176 144 119  96  80  71  94  93  95 101 110 113 108 101 108 114 113  99  87  86  91  95 102 106 120 129 120 107  92  78  81  66  60  72  60  42  48  42  41  45  56  56  52  54  48  40  46  58  78  99  82  35  58  61  55  52  43  62  99 124 105  45  21  21  31  34  23  24  49  73  62  36  39  74 
144 140 147 166 186 200 217 232 240 243 245 243 244 248 248 246 249 253 250 237 217 202 193 188 153 119  90  85  91  92  91  93 106 104 100 103 106 113 117 119 122 121 118 108  95  84  79  80  85 102 122 113  63  35  50  78  72  58  42  48  46  38  48  46  43  46  42  56  56  46  58  61  53  54  51  56  62  58  58  49  54  83  65  65  63  58  56  54  35  46  39  30  35  37  37  49  46  43  28  52 
173 185 205 221 233 240 244 244 251 248 247 250 253 252 247 243 231 210 193 166 149 114 102  96  78  79  83 101 121 128 126 115 108 114 109  91 109 117 124 124 111 130 119 104  90  86  95  81  84 114 158 105  52  13  40  78  84  73  61  54  59  56  43  40  43  41  26  38  55  55  56  48  48  37  41  45  39  46  56  51  46  62  41  51  38  47  36  49  50  44  39  33  47  37  34  32  33  36  35  53 
207 229 244 242 240 245 246 240 249 245 243 244 235 216 194 182 164 133 112  91  95  81  93  99 121 130 132 143 151 141 127 117 124 134 130  99 115 124 116  80  67 114 117 106  91  88 105  91  83 111 154  99  54  19  38  70  91  92 105 102 102  97  62  36  56  62  30  30  70  91  92  89  79  51  41  42  40  61  89  90  84  86  47  34  25  47  34  42  54  67  80  74  72  47  34  30  32  39  56  69 
204 232 250 244 238 243 244 235 211 205 197 187 168 141 119 107  94  87  90  94 111 118 133 139 149 147 141 148 158 139 119 125 127 110 108 100 108 123 113  63  45  98 107 102  90  82  94  84  65  85 109  85  41  17  26  59  79  82 113 119 114 120  88  39  58  91  50  38 110 151 142 134 121  74  38  30  42  82 119 128 132 128  66  14  32  53  43  36  37  99 126 118  99  73  37  32  33  48  81  94 
230 243 250 240 223 206 191 179 150 141 129 115 103  94  91  94 105 115 129 140 149 153 155 155 130 125 126 134 150 138 114 124 119  65  70 101 104 115 116  78  46  95  96  89  85  81  98  95  53  69  76  78  38  23  24  51  70  70 110 121 110 121  93  32  61 109  53  22 104 162 164 169 157 102  49  31  47  93 138 158 159 157  90  12  39  56  46  30  35 121 151 149 130 107  49  30  35  58 107 121 
241 226 211 196 173 142 122 117 102  98  95  97 102 112 125 137 144 155 153 143 131 141 147 152 131 111 120 136 156 151 121 122 117  60  66 105  98 113 114  73  38  93  93  79  71  63  85  97  85  98  93 100  61  40  31  44  63  56 100 120 111 122 104  54  56 113  75  47 110 156 161 169 166 118  63  37  50  92 139 168 174 171 105  17  33  48  48  37  34 117 158 170 165 138  68  29  26  64 125 144 
183 159 135 120 107  92  85  88  94  99 110 127 139 146 152 156 144 162 154 137 114 133 148 161 132  79 100 139 160 155 123 124 121  64  65 106  95 113 110  72  24  85  85  77  78  74  99 120 144 159 152 153 116  82  71  68  74  55  87 110 103 109 102  78  79 121 104  86 114 137 151 161 147 118  76  56  66  92 123 150 162 164 119  52  55  67  71  63  46 107 154 164 165 139  94  61  45  75 121 147 
106  97  87  83  90 103 115 121 135 139 151 161 163 152 139 132 138 160 149 126  97 125 147 166 134  52  78 139 160 148 118 123 140  64  53 109 101 109 108  93  33  75  55  46  59  57  69  78  82 103 105 108  85  54  50  41  47  32  73 114 120 122 117 111 114 143 147 144 144 143 152 155 147 136 115 106 113 121 129 139 154 166 149 117 108 109  99  85 100 134 168 155 147 125 122 112 107 104 111 139 
 73  92 103 122 132 141 153 151 158 161 169 145 169 150 119 131 139 160 150 100  49 118 150 169 138  64  67 133 157 144 132 120 125  83  57  97  95  93  89  84  69  55  34  20  13   8   8  11  11  10  11  17  18  15  12   9  13  10  60 106 114 124 141 154 152 150 155 163 158 145 145 155 148 134 118  92 103 131 153 140 147 153 150 147 111 109 108 118 144 156 156 150 161 131 129 126 113 121 135 141 
126 144 148 154 153 144 145 138 143 147 146 127 163 141  85  83 141 160 158 110  46 109 149 164 141  71  63 132 154 152 133 118 111  81  60  86  76  74  76  71  74  57  38  24  13   5   2   3   3   3   3   8  10   8   8   9  14  11  59 108 113 106 101  89 108 111 113 108 107 120 138 148 127  86  56  68  70  81 101 129 142 154 139 106  62  67  74  82 109 128 140 146 147  98  79  73  70  85  94  97 
153 162 152 142 144 130 130 124 137 155 155 135 164 139  66  59 146 156 160 119  49 103 153 161 141  79  59 132 155 162 119  89  91  80  73  86  75  77  92  89  91  75  53  36  21   9   4   4  11  10   9  11  11  10  14  19  30  21  56 107 118 108  91  59  38  60  72  62  66 109 145 146 128 100  70  73  65  68  83 115 142 158 146 108  66  60  65  73  73 109 133 145 141  96  75  71  91  90  71  70 
150 160 149 129 131 108 125 142 129 159 163 144 164 147  76  69 131 149 166 132  56  89 150 157 155  96  64 134 170 191 135  92  82  86  90  93  81  83 105 100  99  82  60  41  26  17  15  17  23  26  31  36  36  33  36  40  45  34  56 115 143 150 145 107  37  60  67  40  41 107 159 155 155 141 103  34  31  54 112 145 148 148 147 136 103  54  36  53  97 130 136 143 150 133 103  76 127 129 105  91 
129 153 159 130 112  63  96 146 136 156 154 141 156 154  82  57 125 153 172 135  59  76 151 174 171 152 140 170 160 145  95  67  85  89  98  95  85  83 109 101  95  80  59  41  29  25  28  34  34  40  50  59  60  50  42  39  23  20  40 103 138 148 148 103  47  66  72  42  37 107 162 153 151 150 121  26  27  37 112 152 159 144 146 152 128  47  12  34  96 152 161 157 152 152 130 105 127 131 124 118 
137 159 166 137 117  47  83 148 143 154 154 146 148 158  84  40 126 155 171 154 110 117 173 181 172 158 136 117  88  76  73  81  95  92  98  91  86  82 109 100  96  81  61  42  26  17  18  22  15  15  21  27  26  22  13  10  12  18  40 103 130 129 127  74  23  39  54  34  31  95 148 134 156 159 124  33  26  34 103 156 157 151 156 154 138  57  19  34  80 148 165 166 153 156 147 140 149 146 148 155 
146 153 160 135 125  56  83 144 140 146 160 147 144 153  94  52 130 157 177 181 171 160 163 138 106  90  72  68  81  96 107 102 103  95  98  90  84  76 107  96 105  89  64  41  21   6   2   5   3   4   2   2  11   6  11  13  11  22  45 102 135 139 125  70  26  33  42  29  22  90 148 145 143 152 118  42  14  35  97 147 148 157 163 149 135  58  17  21  85 143 154 157 141 147 136 124 116 117 123 120 
140 143 163 138 131  61  65 138 147 139 163 137 153 165 144 132 165 167 159 141 124 109  91  77  81  91  96 109 115 122 126 103 107 100 100 100  85  79 113 101 113  97  75  55  34  13   4  10   5  12   3   5  28   3  11  11  23  25  39  71 110 126 101  72  65  68  72  75  55 102 139 142 140 136 120  73  28  47 103 134 130 143 145 133 135  74  31  29  71 127 136 120  80  91 104 101  93  93  98  95 
139 138 156 137 139  59  45 145 149 152 182 168 177 179 162 156 124 119 105  90  82  87  96 101 111 122 124 128 128 133 139 122 111 104  98  99  85  82 105 107  94  71  68  68  40  14   7   4   4  12   9  13  28   6   7  10  17  18  38  71  92  97 100 108 114 118 130 142 129 135 131 123 128 132 141 134 118 116 118 113 109 125 122 109 126 107  83  76  89 107  91  79  66  90 118 128 116 108 115 119 
150 141 164 147 147  96  80 159 172 171 191 169 153 123  94  83  86  88  95 104 112 118 127 135 146 145 128 113 103 109 122 108 102 105 101 103  91  86  95 109  72  33  46  70  44  18  13   2   3  14  15  18  27  10   2   8   2  14  47  86 104 106 113 127 117 126 139 156 159 155 139 128 117 124 143 162 167 158 138 119 123 138 125 100 100  92  84  88  94  94  83  91  91  96 111 117 107  98 103 103 
155 146 177 170 166 164 162 178 164 142 126  93  86  81  93 103 110 109 118 133 137 128 125 129 135 130 109  95  94 113 134 124 105 118 120 106 102  91  87 104  74  22  33  68  49  27  20   2   4  18  19  20  28  26   3   1  11  20  35  50  63  71  73  71  83  90  99 101 108 109 104  90  82  87  92 100 111 110 102  98  89  95  86  83  81  77  72  84  68  65  70  92  96  72  69  66  82  90 107 113 
173 166 184 183 162 153 139 105  90  89  95  92 108 110 122 120 134 126 130 143 141 118 101  99 114 126 124 125 127 138 143 119 102 113 117  80 100  91  88 104  75  19  22  58  50  35  27   6   4  17  19  28  55  77  34  11   8  20  32  38  53  71  79  75  53  49  61  57  60  68  87  82  97  97  81  66  68  71  72  78  73  68  62  80  85  85  74  78  59  51  63  89  99  66  66  67  71 100 122 134 
183 159 113 111  99  85  96  88 105 109 115 111 130 135 149 141 137 113 106 122 126 109 102 111 138 148 144 136 123 131 142 122 104 105  99  36  86  82  89 100  77  27  26  51  48  34  24   7   9  18  16  34  84 129  60   8   5  22  38  46  57  80 108 125  76  51  65  61  56  64 115 130 115 121  99  75  81  87  80  78  79  75  63  73  61  66  57  66  69  56  66  92 105  69  69  69  47  91 106 117 
103  90  81  91  97  94 107 126 127 142 140 149 148 135 143 121 103 107 110 116 128 139 138 131 145 152 116  66 104 126 139 134 108 103  87  36  66  92  86  99  87  40  23  55  43  36  28   8   5  18  16  32  79 105  57  12   8  21  37  34  49  62  99 126  90  56  56  69  67  70  97 108  82  82  78  79  81  80  87 102 105 101  94  88  81  90  90  82  87  80  97  95 110  71  78  84  72  92 103 112 
 99 106 119 120 125 135 134 134 129 136 121 127 115 101 120 106 106 114 116 133 148 121  99 116 132 147 101  24  86 125 142 133 101 101  86  46  61  94  79  95  91  50  33  66  47  41  33  12   8  22  20  20  42  51  34  17  15  35  58  69  94 105 124 139 122 104 106 114 100  86  78  70  66  76  90  90  72  70 111 160 182 184 188 182 175 179 177 162 167 152 142 111 106  76  91 109 113 103 101 107 
129 140 145 146 147 146 137 122 113 108  95 106 102  98 124 124 130 125 108 120 129  80  57 103 135 140 102  46  91 118 129 121  95 100  85  47  63  93  91 111  97  56  36  64  57  50  42  19  20  31  31  23  22  23  23  29  47  81 109 136 147 153 144 144 143 141 149 148 129 109  97  86  79  90 104 105  95  95 119 149 151 160 173 171 159 159 163 159 154 146 130 111  95  78  81  99 115 100  92  98 
157 155 149 155 147 123 116 112 104  95  93 114 119 115 127 125 106 120 125 130 137 128 124 137 114 102  84  70  94  84  89 101 103 111  92  54  61  79  79  99  88  57  38  53  50  43  49  37  32  37  41  40  33  27  29  37  62 107 130 141 123 122 111 118 130 128 138 153 154 145 146 156 134 134 136 140 142 141 139 137 125 128 135 131 116 114 122 126 122 128 119 125 113 112 101 111 122 115 115 117 
136 141 128 132 126 112 124 125 114 102 105 123 131 128 125 115 102 121 156 173 171 182 184 158  86  82  82  77  84  85 106 125 143 148 113  66  58  61  63  79  74  52  40  47  52  42  50  38  34  27  31  38  34  30  32  32  49 113 158 171 153 156 157 173 172 158 156 170 164 129 111 122 134 138 140 139 144 153 155 151 150 148 151 152 140 135 139 142 146 151 137 145 141 153 143 150 161 156 157 161 
110 126 123 142 142 125 136 127 106  96 100 109 114 122 121 115 104 104 116 120 110 111 106  83  66  70  73  78 103 141 141 106 118 128  92  53  47  48  53  67  65  44  32  43  70  66  68  47  40  33  39  42  31  29  36  35  48 113 170 182 181 178 176 174 178 169 163 167 151  98  59  62  76  86  95 103 118 132 125 109  95  90  98 107 100  93  96  98  96 108 103 108 111 122 116 121 127 120 121 130 
132 127 113 146 140  93  94  92  86  76  80  75  71  78  75  70  69  74  63  55  64  69  60  51  50  39  46  92 162 208 153  54  49  80  77  70  76  64  49  46  38  40  49  51  69  64  94 101  71  72  83  73  39  28  36  36  60  92 115 100 110 111 118 112 118 122 122 127 124  92  66  72  72  89  98  99 109 120 116  99  81  72  75  80  70  61  63  67  59  73  74  69  70  73  73  76  72  69  67  67 
131 135 116 141 119  81  67  81 120 124 137 100  98 156 152 128  93  89  70  91  98 109  88  56  45  38  56  98 181 204 186 149 117 106  95 106 124 107  59  24  32  38  56  44  58  49 114 150 113 118 157 150  73  56  44  44  72  76  78  75  75  74  74  72  80  80  80  86  93  96  94  89  86  86  84  95 125 152 148 127  95  81  84  70  83  79  81  77  76  67  67  53  53  52  69  48  54  56  48  41 
150 153 157 163 133  95  68 111 192 239 224 121  63 152 160 129  90  85  93 103  99 143 126  54  49  47  59  82 140 166 176 169 143 150 154 163 172 149  90  44  45  72  98 103 115 117 156 169 167 171 206 218 180 166 130 109 109  96  88  91  97 100 101 103 106 117 122 115 105 104 115 125 130 146 160 159 147 134 121 113  94  91  98  87  94  86  95 103  98  73  80  73  70  59  59  56  63  71  61  43 
171 160 162 162 149 110  69 106 206 203 173 105  36  73  83  92  98  87  70  55  70 113  99  67  48  53  53  58  92 122 154 174 182 188 186 181 178 157 125 103 133 166 177 179 164 165 176 177 199 197 199 200 195 199 186 182 182 168 152 140 130 123 124 130 118 123 123 118 121 134 150 158 143 145 132 112 108 117 109  91  79  88  89  89  96  92 108 129 137 106 123 119 110  93  75  92 109 138 136  96 
198 213 210 202 167  95  60  74 115  81  70  51  46  65  88  96  75  75  66  59  83  92  75  76  86  97 101 110 132 160 186 208 203 193 178 170 161 149 155 179 201 190 153 154 141 154 162 169 186 195 192 184 188 188 190 195 182 190 194 186 177 171 165 159 148 138 125 122 135 147 142 127 122 131 140 134 111  87  77  80  78  88  83 108 136 139 151 167 172 149 158 140 117 105  82 108 126 177 194 154 
197 234 243 233 191 114  85  57  77  63  69  42  54  57  73  42  52  50  73  78  72 100 144 115 135 153 162 178 187 200 199 205 188 175 167 171 161 137 142 175 194 176 139 143 121 115 123 143 134 149 157 163 182 182 188 182 181 184 182 177 176 181 179 174 144 130 108  96 109 134 146 144 144 149 142 129 132 148 149 137 129 130 105 150 196 194 178 173 189 176 165 141 120 122 111 141 181 210 208 172 
153 161 181 172 176 155 116  46  57  45  49  41  43  44  68  57  68  65  70  69  58 107 212 184 169 188 190 199 192 197 184 189 180 168 164 171 163 129 112 125 144 132 120 148 154 144 142 145 133 133 121 112 128 133 162 152 158 166 180 183 167 141 133 136 131 136 130 121 127 147 165 169 134 108  94 116 153 178 190 198 187 169 111 158 207 193 151 126 142 139 120 128 131 141 143 172 206 218 207 185 
133 118 133 128 148 174 130  49  42  41  46  54  53  61  70  61  64  67  56  54  58  86 201 203 169 182 180 181 174 179 176 184 181 171 165 167 162 140 124 125 139 133 128 139 139 129 137 146 151 149 145 136 130 115 128 115 117 115 120 136 107  84  86 136 180 173 162 140 122 134 153 157 123 125 129 136 152 177 193 192 201 172 105 135 186 180 138 114 143 138 111 124 127 132 129 147 176 178 164 142 
118 125 120 122 129 174 157  99  82  86  94  94  98 110 108  89  85  89  98  90  89  89 184 196 156 158 157 155 156 160 162 159 154 155 156 155 149 143 145 151 161 149 138 133 134 134 132 133 140 133 137 145 138 134 135 138 132 113  94 127  97  98  85 167 193 177 177 154 109 113 148 153 144 152 177 187 187 189 195 186 195 186 157 154 190 192 170 175 187 187 166 159 143 143 130 143 159 156 153 137 
127 130 127 113 114 129 140 131 119 116 111 100  96 112 128 125 122 126 124 106 133 139 170 165 148 148 144 142 143 148 150 147 141 144 148 150 146 140 143 148 135 140 141 137 134 133 129 125 139 138 136 132 126 129 135 139 153 152 151 168 149 130 107 149 168 171 180 158 115 114 148 164 181 189 204 202 218 214 213 200 206 222 211 199 200 183 174 195 200 205 196 212 218 204 182 200 204 205 204 190 
143 145 142 112 101  79  82  85  75  80  85  81  74  79  87  85  80  89 110  82  93 116 138 146 145 145 143 142 144 147 144 139 147 148 150 151 149 145 144 144 136 143 143 135 135 142 135 121 127 132 136 134 127 118 120 133 150 157 158 159 163 154 139 153 142 153 166 161 146 149 166 175 179 187 190 178 209 209 208 197 209 224 216 200 194 180 176 194 206 209 203 214 214 174 141 159 205 217 223 212 
206 199 168 105  85  71  73  63  66  69  77  77  68  68  75  76  71  70 118 107  94 125 149 151 142 142 139 136 138 140 140 136 138 138 138 141 146 147 144 139 142 144 138 130 139 153 147 130 126 118 110 116 121 102  85  93 133 151 147 141 164 172 173 168 142 161 173 176 177 172 166 167 167 174 168 155 186 201 205 197 200 212 213 210 214 210 206 214 203 173 151 171 213 211 199 208 207 217 219 217 
254 176 104  76  75  72  74  78  73  65  63  62  55  58  72  78  64  56 107 131 126 145 152 140 148 149 145 139 138 142 146 147 135 137 137 138 142 145 142 137 132 136 131 124 126 135 130 116 120 103  77  80 100  86  56  49 124 157 151 143 159 172 173 161 148 176 186 185 190 176 159 166 181 188 175 166 172 196 192 179 184 205 223 227 227 222 218 221 208 182 173 186 221 230 235 231 240 236 224 224 
241 185 137 132 119 142 148 143 139 131 130 126 116 102  94  89  88  89 112 140 133 114 108 119 117 124 130 127 123 125 127 126 122 127 126 125 123 126 127 127 131 140 144 130 111  95  82  77  98 107  86  72  88  84  57  44 105 156 153 149 150 166 172 163 153 178 177 174 193 181 161 168 180 197 189 193 170 199 185 160 182 204 226 233 229 227 225 222 207 209 239 233 230 223 234 218 211 213 197 197 
243 230 198 166 152 171 168 144 165 134 132 146 111 104  99  81  86 111 124 117 108 106 105 100  97  99 102 104  91  66  54  63  56  82 112  93  88  89  95  94 106 145 163 147 106  89 100  88  99 116 125 117 130 113  90  70  97 150 159 157 161 170 178 177 163 184 176 180 189 195 178 184 194 193 191 199 188 207 179 178 195 210 221 228 233 227 224 236 222 215 223 234 227 223 226 180 129 111 144 179 
252 235 195 154 141 151 158 153 133  94  87  97  55  69  90  85  89 138 170 160 152 167 179 174 163 157 154 157 140  93  53  46  48  88 147 151 160 154 147 138 114 145 158 148 120 122 148 133 125 133 148 145 159 140 125 108 110 145 149 156 176 182 189 190 190 194 190 210 209 212 202 215 204 199 208 220 214 212 204 225 222 229 226 225 230 223 221 237 235 212 202 209 195 195 192 150  98  74 133 188 
227 224 208 181 161 157 163 166 142 102  89  92  64  73  88  84  86 133 168 167 158 166 175 175 172 171 173 184 186 164 141 136 139 153 184 182 185 180 168 161 155 160 161 155 134 137 158 153 139 148 158 159 177 175 175 174 176 191 183 190 205 200 202 209 213 202 202 218 213 217 217 222 215 225 225 215 204 166 177 199 214 225 227 227 230 228 225 227 199 159 142 130 134 169 174 152 116  91 130 169 
188 189 188 178 163 147 138 135 139  93  84 111 117 111 100  86  71 112 151 161 162 167 169 165 152 163 170 174 173 161 156 164 143 159 173 160 165 186 185 180 179 172 176 171 149 147 163 167 160 168 173 180 196 204 209 217 213 221 216 221 218 206 213 217 228 222 226 228 219 226 227 212 223 193 153 161 187  92 106 189 211 227 235 228 222 221 216 207 164 128 112  87 105 169 180 162 135 104 114 124 
160 150 139 132 129 126 120 116 133  92  88 121 142 120 107 108 110 129 149 160 169 173 169 161 151 163 168 166 163 150 135 130 130 161 172 153 151 189 190 180 192 168 172 176 176 187 197 200 196 202 199 206 210 213 208 216 215 213 215 219 210 220 234 208 201 192 212 230 218 180 157 143 136 152 108  90 182 161 159 190 203 209 196 161 142 158 178 178 169 153 134  96 103 151 155 135 114  99 102 102 
133 128 120 118 126 134 133 127 123 100 101 121 152 138 145 164 162 159 160 166 176 181 175 166 154 160 155 153 162 162 144 128 125 148 146 121 117 175 195 202 203 169 170 178 190 212 216 216 212 216 209 219 218 217 201 205 225 214 214 195 163 197 219 152  74  77 131 189 202 137 101 102 110 176 199 166 207 200 186 188 181 177 151 104  86 127 171 177 164 162 141 116 104 110 115 102 100 107 115 111 
130 133 131 127 132 142 143 138 122 114 115 122 162 159 168 180 189 179 171 174 181 180 169 159 155 167 167 162 169 167 147 129 122 142 142 130 127 177 192 204 202 177 187 191 195 213 214 215 217 221 211 225 222 221 199 201 228 221 223 180 121 167 203 121  56  80 140 192 210 139  94  89 117 166 228 203 180 163 161 170 175 175 157 114  97 137 173 165 159 162 145 142 123 100 110 113 118 131 135 126 
135 143 144 143 149 149 144 143 133 126 122 127 143 157 167 173 172 183 167 175 147 160 145 151 145 166 183 181 177 175 167 155 140 159 159 158 141 158 166 180 164 179 196 201 202 206 211 215 217 229 222 227 222 226 209 208 230 228 229 206 177 189 203 184 171 202 214 213 214 185 149 140 130 171 189 159 110  89 115 158 166 174 165 129  99 114 144 156 148 151 157 148 121 125 109 126 131 134 126 129 
120 128 125 119 121 122 124 130 109 111 116 122 125 125 127 130 123 130 125 132 123 134 128 130 123 127 125 119 125 142 150 148 130 143 143 146 137 148 145 147 149 147 153 164 171 174 182 192 180 195 191 194 185 188 178 183 191 193 206 207 195 194 203 204 206 210 203 198 202 194 174 163 136 163 173 150 118 101 125 164 174 162 159 147 112  95 119 152 159 157 150 146 130 139 135 140 129 116 105 112 
 80  93  96  91  91  92  97 106  81  89 100 108 104  93  89  92  99 100 102  97 100  99 101  98 100  94  81  72  81  99 108 106 109 114 113 119 120 125 115 105  99  91  94 109 119 118 122 130 132 139 125 117 101 106 103 117 130 129 135 142 141 129 129 140 144 142 141 133 123 114 108 100 142 164 176 161 131 106 117 149 159 153 159 154 122 100 115 142 137 143 133 137 125 130 145 136 123 101  95 108 
 81  95 100  95  93  89  88  95  80  81  87  94  93  85  85  91  93  93 101  84  88  79  91  90  93  95  93  89  89  95  95  90  91  90  91  91  97  97  89  80  71  75  82  90  96  98  96  94 100 110 101 102  89  88  75  82 103 104  99  98 101  96  89  92  98  99 104  96  78  75  88  95 147 165 174 164 142 121 125 149 144 152 161 152 132 126 133 135 137 132 115 113 105 102 111  77  53  56  86 116 
 91 100  97  90  91  91  91  98  95  87  85  89  91  87  93 103  95  98 107  89  91  82  96  98  89  99 107 105  98  95  93  91  95  91  93  88  95  90  91  85  63  74  82  83  85  89  89  85  82  89  82  92  85  81  62  64  84  89  90  86  89  93  87  74  78  82  87  89  87  84  88  93 134 148 156 157 154 139 126 127 130 131 141 146 136 131 137 140 147 130 120 105  95  92  90  42  21  39  87 121 
 98  99  90  84  92  98 100 104  95  86  82  86  86  82  89 103 102 106 111 101  98  92  98  97  93 105 116 115 106 100 101 104  93  89  96  93 107  99 102  96  73  77  87  97 100  97  94  94 102 105  93 100  92  89  72  77  92  91 103 105  97 103 107  91  98  98  85  80  88  86  85 100 127 147 154 146 135 126 114 111 133 128 133 133 120 113 117 121 107  95 117 105  99 104  93  46  32  46  89 119 
 92  91  85  82  87  88  89  92  87  81  80  83  81  78  85  97  95 102 106 102  97  95  95  92  86  98 105 107 101 103 100 105  88  81  92  92 107  99 105  99  80  80  91 106 110 101  97  99  99 105 102 109 101  92  72  70  86  83  91  97  90  96 108  99  90 101  98  94  99  89  82  96 132 149 150 127 120 118 126 133 142 147 148 133 110  99 101  98  56  63 126 109  92  90  87  54  20  30  77 110 
 86  84  87  93  88  81  85  94  90  88  86  86  84  83  87  92  80  91  96  92  91  94  93  87  85  97  90  89  84 104  95 102 105  93 102  96 100  90 100  95  80  83  88  93  93  92  95  99 101  99 100  98  95  87  76  67  89  93  84  90  97  96 103  97  95  99  98  93  91  88  92 102 115 122 131 129 147 130 128 116 120 123 111 126 121 104 108 105  68  60 123 105  96  93  94  54  20  18  53  77 
 89  87  90  95  95  90  91  96  97  94  92  92  89  85  86  90  87  90  90  88  92 100  98  90  87  98  90  84  84 108 104  96  95  97 105  95  95  87  90  83  83  85  88  90  88  85  89  95  97  93  88  87  90  93  93  92 101 106 102 106 105  98 103  97  95  97  95  94  94  90  99 120 128 131 139 146 145 109 100  91 109  94  54 106 123 107 110 106  69  59 118 107  95  93  88  51  24   9  27  46 
 87  87  91  95  94  91  94 100 101  98  95  95  93  90  91  94 101 100  97  95  98 102  99  92  95 106  97  91  96 114 103  68  79 107 122 108  98  94  95  93 101  99  99 100  98  94  93  95  96  96  95  94  96  97  99 101 105 111 108 113 108  99 103 101  99  96  93  99 102  97 106 129 164 152 130 123 105  78  92  94 106  96  43 105 125 101 110 109  79  59 107  98  81  80  76  45  22  14  30  36 
 84  88  91  90  85  82  87  96 100  96  93  94  95  95  97 101  95  99 100  99  97  97  97  95  94 100  94  94 109 123 118  63  83 139 160 134 104  97  94  98  98  93  92  98 103 102  98  95  99 103 105 103  98  97 101 105 110 115 111 115 109  97 102 104 109 103  99 104 108 101 105 123 162 143  93  72  43  43  85  92 106 106  51  98 123  97 103  97  80  48  79  71  50  59  66  52  17  11  24  26 
 88  92  93  91  87  85  89  92  97  93  91  94  96  96  97  99  97 101 103 101  94  90  92  94  96  98  91  92 106 115 125  70  76 155 180 146 103  95  88  94  98  93  92  98 101  98  92  89 100 103 104 101  97  98 103 110 118 119 114 118 111  97 100 100  94  95  96  99 102  99 103 119 150 132  77  66  34  41  91  94 106 100  56  81 120  91  90  81  64  35  67  68  42  45  46  37  27  14  22  27 
 81  82  86  90  95  96  94  89  93  91  90  96  98  95  91  90  94  95  96  95  91  89  94 101  94  99  97  96  99  96 119  66  66 159 182 146 102  99  87  93  99  98  99 100  98  94  94  98 101 100 100 103 106 107 106 104 117 119 114 122 117  98  99  96  87  99 102  96  92  90 102 119 154 126  70  79  44  44  92  99 106  90  66  67 108  61  61  70  61  28  61  67  35  42  45  44  37  33  50  55 
 78  81  81  81  89  98  97  89  91  94  97  97  94  92  93  95  96  95  93  93  94  97  98 100  90  93 100  92  99  93 109  93  63 154 198 161 106  96  97 100  98  95  95  99 102  99  98  99  96 102 106 102  99 102 102 100 109 109 109 114 113 103  99  97  98 110 106 101 103  93  92 114 156 137  74  81  40  31  86  96  88  78  48  52  88  60  46  55  51  41  49  51  38  42  57  71  67  48  59  50 
 85  88  88  84  87  95  96  91  91  95  97  97  95  96  98  98  96  95  96  97  99  97  92  88  96  94  96  90  97  97 101  98  81 130 158 132 104 103 109 102 101  95  93  98 101 100  98  99  99 104 103  96  92  98 103 104  98  96  98 101 102 100 100 102 101 108 100 100 111  99  89 106 155 140  77  90  56  25  61  71  74  73  43  49  71  56  42  53  64  65  61  53  47  46  54  62  51  34  43  37 
 86  89  90  91  90  90  92  95  95  94  95  99 102 102 100  97  95  94  95  97  97  95  92  89  98  97  90  96  99 109 103  96  75  82  83  81  90 105 109 102 103 100  99 100 100  99 100 104 104 100  95  93  95  99  99  96  95  97 100 102 100  95  96  99  97  99  92  96 111 105  97 105 149 132  66  80  66  20  32  46  65  73  51  45  48  30  32  52  87  85  78  65  53  46  41  37  44  42  46  43 
 85  82  84  88  92  91  92  95  95  93  94  97  97  96  96  97  98  94  90  87  87  90  94  96  98 100  92 102  98 111  98  92  95  89  86  89  92  93  95  97  97  98 100  98  96  95  97 100 104  98  96 100 105 103  95  90  93  96 102 104 101  94  93  96 101 100  93  95 104 101  96 102 134 130  70  70  71  25  22  31  53  70  59  53  50  36  45  65  75  67  58  49  39  32  35  43  56  61  47  44 
 90  84  83  86  91  93  93  91  97  95  95  97  94  90  92  98  98  96  94  90  88  89  92  95  95 100  96 102  96 104  96  93  96  91  91  96  96  93  95 101  90  95  98  97  94  94  94  94 103  94  92 100 107 103 100  99  98  97  98  98  95  94  97 103 103 102 100  97  96  95  96 100 127 133  80  55  63  34  32  30  47  68  71  74  72  59  62  66  43  37  38  43  37  27  34  48  54  67  33  38 
 95  94  90  86  88  93  92  89  98  94  94 100 100  93  92  96  94  97 100 101  99  97  96  96  94  95  95  91  94  99 103 102 100  98  96  95  96  96  95  92  93  97  99  97  96  98  98  96  99  89  88  98 102  97  99 106 110 105 100  98  95  94  98 103  95  96  99 100  96  99 103 103 123 122  73  35  51  43  55  51  58  73  70  69  62  51  50  41  33  42  52  55  49  39  30  26  66  86  34  42 
 92  97  94  84  83  90  93  90  89  82  83  93  97  90  84  83  84  88  93  97  97  97  98 100 102  93  90  73  83  82  93  89  87  97 104 100  96  96  94  87  91  94  93  89  90  95  97  94  98  93  98 109 109  98  97 105  97  94  95  98 101  98  97  98  99  98 102 103  99  99  99  92 100  99  71  51  77  71  78  65  68  71  56  45  36  34  42  37  48  56  51  31  28  41  41  29  68  96  41  51 
