137 121 123 136 122 102 105 139 132 117 144 144 153 138 115  95  87  84  86  91 136 164 159 138  98  95 131 200 197 180 171 127 133 163 173 143 132 136 138 133 142 176 204 207 212 184 128 144 236 213 218 218 221 219 219 222 222 217 214 213 218 216 221 226 223 225 227 222 210 223 212 217 184 183 163 103  58  51  64  55  41  18  45  67  29  66 148 148 119  95 102 111 109 104 115 105  49  10  17  32 
112 126 137 116  91 104 130 168 148 117 135 138 136 113  94  91  90  85  87  94 139 164 148 120  88 102 139 195 189 176 172 133 136 163 164 130 129 129 128 127 143 180 205 203 203 177 118 151 236 213 209 213 225 220 219 220 220 217 213 212 218 215 220 228 228 230 228 219 218 223 209 205 167 173 162  92  55  48  52  52  38  19  18  24  48  75 133 128 113 103 106 106 114  80  80  93  60  13  10  32 
107 128 120  78  67 112 156 192 166 119 127 134 114  94  82  87  90  84  84  92 133 158 141 113  91 112 143 189 186 175 166 127 125 161 167 139 132 127 125 128 146 184 207 205 205 181 114 162 230 210 197 213 226 221 218 218 217 213 212 213 212 209 215 223 225 227 226 217 217 215 207 198 161 175 171  82  28  34  35  46  33  28  17  22  41  49  89 113 120 110 106 109  90  55  44  59  49  19   8  17 
138 131  91  65 101 153 180 200 175 122 116 120  96  92  88  85  84  86  86  87 133 155 142 122  96 105 128 174 196 188 171 127 115 157 165 142 136 132 128 127 138 169 191 193 201 181 112 168 221 201 182 206 219 219 220 218 213 208 212 218 213 213 221 224 220 221 225 222 213 207 202 192 165 183 183  85  19  29  21  28  21  27  12  18  28  39  66 107 124 115 101  97  62  45  36  43  40  20   7   9 
146 126  84  83 135 183 189 191 175 124 108 109  87  93  92  84  83  89  92  88 136 156 144 126  97 101 128 180 185 191 183 146 123 162 162 139 128 126 127 126 134 162 188 195 189 180 121 177 224 198 179 204 218 222 227 227 220 215 219 227 218 220 227 226 216 215 222 223 217 204 192 176 166 184 187  92  23  33  20  21  35  44  25  19  32  62  74 102 121 125 103  79  55  40  38  52  48  16   4  21 
117 108  94  83 137 193 190 186 177 130 108 111  91  90  88  87  88  90  92  91 128 157 148 123  95 106 132 177 177 192 189 154 124 168 169 150 130 128 129 131 138 165 192 201 193 189 137 178 223 193 185 211 220 222 226 230 228 223 221 222 218 220 228 229 220 219 225 224 217 203 183 168 175 186 184  94  28  53  60  50  69  59  39  27  34  62  65 107 126 119  89  67  51  50  46  52  51  25  11  25 
105 107 102  79 139 197 199 193 184 137 110 112  95  87  83  87  92  91  91  94 120 158 150 121  88  97 118 156 188 196 188 150 118 157 170 157 140 136 135 135 140 164 187 192 203 200 139 170 222 188 188 215 213 211 216 220 220 217 212 214 217 218 225 230 226 227 232 232 212 197 183 166 177 182 174  98  39  88 106  86  81  52  27  25  39  47  49 115 131  99  62  57  51  59  56  49  51  40  26  23 
129 144 116  89 137 190 200 196 186 145 117 116  91  87  86  88  88  88  90  93 118 157 155 133  91  89 110 159 200 194 185 152 125 144 165 148 128 127 130 130 137 163 188 194 207 208 138 171 230 193 191 213 211 206 216 215 211 209 205 217 216 217 220 222 222 221 225 232 217 195 193 171 174 183 183 137  53  93 116 116  74  52  26  22  26  27  51 121 117  80  53  52  52  50  51  54  50  39  30  25 
161 180 134  78 135 191 199 190 181 144 118 116  93  91  91  92  92  89  87  89 116 155 159 137 100  95 118 166 198 194 185 153 129 151 168 147 122 125 130 127 127 153 185 201 203 199 148 179 220 192 194 213 217 211 221 222 220 217 208 214 216 219 224 228 227 225 230 236 221 207 210 197 197 210 218 183  76  76 103 120  69  48  40  32  43  49  93 146 106  64  55  48  53  54  57  57  50  40  35  35 
178 183 135  89 135 190 196 186 179 144 113 105  97  91  87  90  94  93  90  89 112 149 156 131  98  87 114 163 189 187 181 153 131 158 176 151 126 132 138 133 130 155 191 209 200 195 173 198 218 192 194 210 215 209 221 226 229 227 214 218 219 221 225 228 226 225 231 239 225 212 217 211 202 212 217 192  87  82  73  81  53  33  35  71 103 121 138 136  81  48  56  56  58  57  57  55  49  40  35  36 
178 176 135  95 132 185 193 189 186 150 114 103  96  94  92  89  85  85  93 103 128 157 162 130 100  81 108 154 191 192 187 153 128 154 172 148 128 132 138 135 135 161 195 211 205 205 205 219 220 193 182 198 213 207 218 224 228 225 210 212 225 223 223 222 220 218 221 227 226 208 207 212 204 217 224 207 132 129 124 122  71  35  27  53 104 139 124  84  63  48  58  65  68  63  60  60  57  51  45  43 
176 178 143  90 120 174 188 189 186 144 113 110  89  94  98  95  88  93 115 139 136 160 167 135 112  89 115 157 181 188 186 147 117 145 171 152 142 142 143 137 135 158 190 204 206 208 219 225 228 204 174 191 208 202 214 222 226 224 212 216 221 219 218 222 224 223 223 225 223 202 199 214 203 220 226 217 223 216 238 228 128  84  64  33  73 104  84  51  63  56  59  60  67  62  60  62  62  58  53  52 
175 171 140  93 116 169 189 195 182 132 108 120 102  95  86  91  99 110 131 142 138 158 168 134 118  86 107 142 176 189 190 148 114 143 177 166 139 142 143 133 128 153 191 209 219 216 223 221 234 210 157 171 199 194 207 212 214 213 203 209 217 214 216 222 225 221 211 206 201 189 198 227 210 221 219 211 216 229 235 202 119 104  98  76  92  83  67  56  74  67  77  66  73  73  74  75  71  65  62  63 
178 165 135 102 114 178 190 183 175 133 113 130 114  86  94  88 108 132 105 109 138 159 161 141 101  88 106 141 188 190 190 155 118 144 181 171 144 139 138 133 129 152 192 218 231 231 226 217 221 209 185 186 210 208 211 211 207 204 203 209 218 213 211 213 217 219 214 209 201 193 204 223 215 220 222 214 217 221 207 193 188 195 195 198 192 183 176 176 182 184 190 185 185 186 188 188 183 178 178 184 
176 161 142 110 124 179 196 190 175 139 119 117  96  95  90 109 159 111  38  98 124 148 154 146  97  89 108 147 183 183 189 161 127 149 181 172 146 141 143 140 135 155 196 227 234 236 225 213 212 211 210 211 220 221 221 220 212 205 205 208 217 214 214 218 228 234 233 229 223 214 219 222 213 216 228 228 227 223 216 221 239 248 247 250 253 252 251 252 255 255 255 255 255 255 255 255 253 249 250 253 
171 158 152 106 127 166 188 189 165 137 127 112 101  90 102 149 142  63  46 107 126 144 150 138 101  93 115 152 184 187 192 168 138 153 178 168 140 143 151 150 143 158 195 221 223 226 218 210 210 211 209 214 211 215 220 222 217 209 207 209 211 211 213 223 233 237 233 228 231 226 227 224 209 207 216 221 223 226 224 230 244 250 248 250 253 251 249 248 248 248 246 244 239 237 239 248 251 251 250 248 
168 169 172 107 119 165 176 172 161 136 123 120 105  95 130 128  64  36  66  98 138 151 155 144 140 158 187 206 217 215 216 200 182 195 211 201 196 198 207 204 191 191 205 213 209 218 218 214 217 214 209 210 211 214 219 223 219 213 212 215 213 213 217 223 226 224 221 221 222 221 223 220 209 199 195 196 206 213 214 218 230 234 232 236 242 239 235 230 227 224 222 222 198 201 209 222 229 228 224 220 
173 184 179 106  97 160 167 163 171 138 110 117 110 121 116  60  35  43  46  90 124 143 161 169 201 237 251 251 245 244 245 241 238 247 251 239 252 252 253 252 243 234 227 216 212 220 218 216 221 219 214 215 219 216 216 218 218 215 215 216 219 219 222 224 221 215 215 219 218 217 212 211 210 199 186 185 196 204 205 208 216 218 218 224 225 223 220 215 211 209 211 213 209 211 215 218 217 214 216 222 
202 208 192 138 127 178 183 187 200 180 158 157 164 153 128  98  97 110 121 143 157 168 189 199 232 248 252 243 248 248 248 244 243 247 247 239 246 245 247 249 247 245 237 221 222 224 218 215 223 227 223 223 220 212 208 211 218 221 220 220 218 213 214 219 219 212 210 214 216 216 206 205 212 202 186 186 200 209 210 209 211 208 206 212 219 220 220 219 218 217 218 220 228 227 226 224 220 220 228 237 
243 247 244 231 233 245 243 243 248 247 246 242 242 244 232 240 240 235 245 245 244 237 242 238 251 241 251 251 249 249 245 237 235 240 249 252 251 249 250 249 246 248 245 233 228 230 224 223 235 239 234 232 234 224 215 218 226 227 223 220 216 207 206 214 219 213 207 206 215 221 215 215 223 209 190 190 198 210 214 214 217 213 210 216 218 221 224 226 224 223 222 222 230 228 229 227 223 220 224 230 
254 254 253 253 254 254 254 251 250 254 254 254 253 254 254 255 255 254 253 254 254 253 252 253 252 250 251 254 248 251 240 242 241 230 240 250 247 244 245 250 251 246 244 245 236 225 223 231 234 227 229 238 233 229 224 224 230 234 227 218 216 216 212 208 212 223 229 228 237 239 243 244 233 209 185 171 167 185 198 189 175 187 198 190 176 177 191 208 164 160 203 207 203 169 203 203 210 186 180 218 
246 243 242 245 247 248 245 238 234 237 242 244 244 246 249 250 249 248 251 254 244 244 245 248 248 246 242 242 238 238 226 231 235 225 227 231 238 235 236 242 247 244 239 238 234 223 221 230 233 223 216 217 221 224 224 225 230 231 225 218 210 210 207 205 212 225 230 227 239 235 235 233 220 192 160 138  84  98 165 145  70  92 168 152  66  86 145 175 109  73 138 186 156  86 123 178 188 123 101 173 
224 223 224 227 230 233 230 221 217 220 225 230 232 236 238 235 232 233 237 241 232 230 230 233 232 228 226 226 223 220 205 213 227 226 230 232 229 226 227 230 232 230 227 224 228 222 221 229 230 221 212 208 218 222 225 226 228 227 220 212 209 207 203 201 210 224 226 222 227 224 225 227 219 196 166 147  73  87 166 132  50  65 165 160  61  60 138 184 122  52 116 189 155  63  89 176 189 106  66 156 
212 210 212 217 215 219 221 218 216 219 224 226 219 223 224 218 214 215 219 219 230 230 230 231 228 222 220 222 221 218 200 205 217 218 225 226 224 226 227 227 226 227 230 233 228 227 229 231 229 224 223 225 230 229 228 229 233 234 225 215 214 211 203 201 210 224 229 224 222 221 222 224 215 197 176 163  86  93 173 145  71  71 174 189  84  65 160 211 151  53 120 213 179  85  92 187 201 126  71 164 
221 220 219 220 212 217 221 222 224 227 228 227 220 225 224 217 216 221 224 220 224 230 238 240 232 222 221 223 222 222 205 206 214 212 218 218 226 229 230 225 222 223 227 228 219 224 227 223 218 218 223 228 228 224 220 222 229 233 226 215 207 205 199 196 205 220 226 223 223 221 220 217 207 190 175 168  92  90 194 189  77  72 190 209 104  74 183 229 180  70 132 223 201 103  98 212 227 151  81 183 
216 216 214 216 221 222 225 224 228 229 228 224 221 223 220 219 220 224 222 219 222 228 236 237 227 219 222 232 224 219 193 188 198 203 214 216 216 217 215 213 213 215 213 206 197 205 209 207 206 210 214 214 209 208 206 207 213 215 209 200 195 197 196 194 199 211 215 212 214 210 208 209 205 195 182 175 100 111 199 207 119 119 204 219 153 101 197 232 209 109 157 225 221 130 116 228 242 182 104 205 
191 196 197 185 188 199 192 193 194 196 189 178 186 196 196 164 169 192 201 174 182 196 205 193 182 180 204 220 222 211 180 170 182 194 207 212 205 206 206 210 219 224 218 207 193 203 209 210 211 215 216 214 208 209 209 209 209 209 205 199 201 203 202 201 206 215 216 213 212 208 205 207 205 197 182 171 106 132 185 197 140 157 207 224 158 101 195 222 201 103 161 219 220 134 107 216 230 177 105 198 
181 189 187 141 144 191 167 163 164 177 162 127 134 180 180  79  81 143 192 121 123 166 191 164 146 142 194 216 220 211 192 182 194 207 211 216 222 222 222 226 233 234 226 215 211 220 227 227 223 223 226 227 227 226 225 223 224 224 222 220 216 216 213 212 217 223 226 224 225 226 223 216 206 195 181 168 130 147 179 187 106 137 184 199 142 106 182 209 186 106 166 209 201 134  98 195 210 161  98 166 
195 202 190 136 136 195 175 156 167 198 181 126 123 192 179  85  65 125 195 127 115 172 207 179 143 133 186 218 220 216 202 194 204 213 215 219 227 229 231 231 232 232 227 222 217 223 226 225 225 228 229 228 229 228 228 226 225 225 225 226 218 222 223 221 219 222 223 222 228 230 225 216 204 194 184 176 170 184 182 194 173 189 190 204 197 192 209 221 207 184 200 226 216 176 149 216 227 203 146 191 
197 215 204 142 132 200 191 169 187 219 202 136 127 206 202 102  63 144 215 155 114 178 211 187 147 140 186 215 211 213 204 200 209 218 222 228 226 231 235 234 232 233 232 231 221 224 224 222 224 229 230 228 229 227 226 225 223 222 224 228 219 223 224 223 222 225 226 225 225 227 225 216 206 194 182 171 159 173 174 196 199 206 193 202 193 199 206 219 205 204 203 212 205 150 133 214 228 192 146 204 
198 217 207 145 158 217 210 189 209 228 220 164 149 213 233 130  76 180 225 183 140 194 214 198 166 169 201 215 215 217 208 202 210 219 225 232 229 234 236 233 230 229 228 226 225 225 223 221 224 229 230 227 230 226 224 226 224 222 223 228 224 223 219 218 222 228 228 224 220 224 225 221 212 198 179 163 152 163 184 202 185 187 195 200 175 164 197 217 197 181 201 207 210 173 162 214 227 212 175 207 
210 222 214 160 190 232 219 194 217 226 226 183 177 227 250 163  96 202 232 201 174 220 226 211 179 186 207 214 210 211 202 198 208 220 227 235 227 229 230 230 231 233 229 225 227 228 226 224 225 229 230 228 229 223 221 227 229 227 227 231 229 226 222 220 223 227 225 220 216 222 225 219 206 188 170 156 156 167 196 200 173 178 202 209 199 184 216 228 209 183 208 219 220 196 191 224 231 226 201 221 
210 212 209 174 183 218 203 179 209 214 213 162 165 217 225 162  87 180 219 187 152 206 212 197 155 171 198 214 213 213 201 198 210 221 226 233 233 231 228 230 235 237 229 219 225 229 229 226 225 228 230 230 222 213 211 222 230 229 227 229 227 230 231 227 226 227 225 222 219 228 230 216 194 177 163 158 159 182 201 198 191 195 207 212 199 210 218 222 225 215 217 232 224 210 213 230 227 226 212 230 
196 206 198 169 153 197 199 178 195 210 202 172 156 204 214 164  75 149 198 171 144 186 208 190 178 178 199 210 217 216 207 200 211 225 228 224 234 239 237 232 231 231 225 217 225 228 226 220 217 218 219 218 212 206 206 217 222 220 221 226 226 224 225 230 232 229 225 224 222 231 231 216 194 158 167 168 181 198 210 209 209 211 214 218 215 224 224 221 222 223 220 226 227 229 230 227 225 230 229 232 
201 220 211 182 177 217 218 194 203 225 214 190 176 217 229 185 107 178 226 202 179 204 225 210 204 202 208 203 216 218 213 204 208 223 228 222 219 230 236 233 230 233 231 228 223 219 212 206 205 209 210 207 205 201 204 214 217 213 214 219 220 216 216 220 221 217 214 215 221 219 217 208 190 150 163 158 139 149 159 163 166 171 177 181 181 183 185 184 184 187 192 193 196 198 193 184 178 177 182 182 
191 213 208 177 196 221 212 185 196 224 216 187 177 210 214 173 116 183 221 193 187 210 224 210 175 187 204 204 211 216 213 205 207 219 227 227 223 232 238 237 234 234 232 228 223 217 208 202 205 210 208 202 206 203 206 215 218 213 210 211 205 211 213 212 211 213 215 214 218 208 210 209 197 173 165 136  96 106 117 127 136 148 157 160 164 164 165 168 172 176 177 178 177 178 173 160 148 146 150 153 
192 217 210 176 201 217 208 182 188 217 216 189 190 219 219 184 145 194 217 193 172 204 226 210 146 160 195 216 216 218 213 208 210 221 228 228 235 237 237 235 235 235 230 224 227 224 217 213 215 217 214 208 218 215 215 219 221 218 214 213 215 222 224 222 222 227 226 219 213 210 218 219 214 206 172 118  93 108 126 139 149 161 173 178 183 180 180 186 191 191 188 185 180 180 178 169 165 165 167 166 
200 223 217 187 208 217 216 203 204 226 230 209 207 231 235 214 193 220 232 218 189 217 244 235 179 176 197 215 217 214 210 208 215 226 233 232 244 238 234 233 239 241 237 231 236 232 225 219 220 229 234 236 233 230 226 227 231 232 232 231 235 236 235 234 236 238 232 222 217 224 227 224 222 224 172 116 105 125 147 157 160 167 178 185 191 187 187 194 198 194 189 188 180 181 179 177 178 178 174 168 
209 225 225 208 200 202 213 218 220 233 235 219 218 231 235 228 227 233 235 232 223 225 235 231 210 193 199 208 208 208 206 205 213 225 233 236 244 240 237 237 239 239 238 235 242 235 225 221 228 240 248 249 244 239 234 234 239 242 242 240 232 229 230 232 236 236 235 233 229 237 234 233 231 221 153 125 123 141 161 169 171 175 182 188 200 193 191 197 198 193 191 194 186 188 188 187 186 186 179 172 
217 226 231 226 216 209 222 237 236 238 233 215 214 217 220 225 239 239 237 241 239 219 207 194 199 184 199 219 228 227 224 217 210 212 220 225 219 221 224 227 226 224 226 229 229 222 215 215 224 234 236 230 238 233 227 224 227 230 228 223 229 224 222 226 225 222 225 232 226 231 228 236 234 202 124 120 133 148 164 173 178 184 191 195 204 195 189 191 189 183 184 190 182 187 190 188 186 185 183 180 
226 228 232 239 232 232 236 235 230 232 230 218 214 214 214 216 223 232 234 231 227 225 216 203 194 198 213 227 229 232 230 202 126 123 142 148 142 147 138 137 152 155 155 168 156 143 153 159 148 160 185 187 193 163 163 158 163 167 180 158 159 159 159 165 170 169 159 152 154 150 149 150 142 130 128 135 149 161 174 181 185 189 191 190 201 198 196 194 192 190 187 185 181 181 184 187 183 178 182 188 
196 191 194 201 201 206 210 202 188 188 191 184 186 177 172 174 175 174 181 190 191 190 175 155 149 157 161 156 149 145 147 142 102 117 133 130 130 127 115 117 130 132 134 147 140 130 141 151 143 150 162 157 163 143 151 148 150 150 165 149 141 146 152 157 158 153 146 139 150 143 138 140 141 145 157 170 186 190 191 186 183 185 188 190 188 191 194 195 193 191 191 191 181 180 182 187 187 182 177 175 
167 160 166 175 171 173 177 173 170 178 186 182 167 154 149 152 151 148 156 171 164 166 159 149 152 161 155 138 132 122 128 145 143 161 159 136 122 117 114 123 132 129 129 140 141 128 132 141 139 144 149 142 146 136 142 137 128 123 131 122 126 131 139 145 147 145 142 140 150 142 137 138 138 142 150 160 159 160 158 153 153 159 167 172 167 166 165 162 157 156 158 160 159 158 161 168 172 168 158 151 
143 136 145 157 165 152 146 146 157 171 171 154 151 145 139 136 136 138 139 141 144 142 140 143 148 148 141 133 139 124 129 147 163 177 170 143 117 113 119 128 126 117 117 124 133 120 115 120 124 129 132 128 133 129 128 126 117 117 118 116 123 121 120 121 123 124 123 122 127 126 127 127 123 120 121 126 127 129 130 128 126 129 130 129 139 135 129 127 128 130 132 131 125 129 134 138 138 135 129 125 
126 118 121 129 137 120 109 115 132 149 142 118 118 117 113 110 113 119 117 109 132 121 116 119 120 117 119 127 137 131 145 160 181 179 166 139 132 127 132 136 129 127 132 133 127 122 119 124 128 130 127 127 126 127 121 125 120 127 125 130 138 133 125 123 124 128 129 129 123 124 123 121 118 115 117 120 122 127 131 131 130 130 126 121 126 123 120 122 128 129 125 119 124 130 135 133 127 124 124 123 
112 104 102 105 104 101 105 112 121 135 134 120 112 108 106 109 112 114 116 120 125 118 112 108 110 115 124 130 131 131 149 158 179 165 151 128 137 130 134 133 126 133 135 122 121 122 120 122 126 123 120 125 124 133 124 130 122 130 123 133 138 136 135 133 132 132 134 136 135 131 125 123 127 130 127 123 128 131 133 132 134 136 134 132 132 128 124 124 125 125 124 122 121 130 134 129 123 122 122 120 
119 111 109 110 111 114 120 123 123 128 133 128 129 123 122 124 122 118 122 132 127 128 126 122 123 128 132 130 124 121 131 134 148 143 145 139 145 138 138 136 130 130 125 107 124 125 122 121 123 122 122 130 120 131 128 132 123 125 122 132 141 143 144 139 134 134 137 139 139 134 128 130 137 141 138 132 138 141 137 129 125 127 125 120 136 131 123 117 118 122 127 129 122 128 131 129 129 130 128 124 
129 124 124 125 130 125 120 121 127 128 129 130 124 126 129 130 130 131 131 130 121 124 128 132 131 127 125 125 121 123 128 132 132 130 132 137 139 137 135 136 134 125 120 120 117 119 123 124 123 122 122 121 121 125 130 131 130 125 127 130 135 137 134 125 121 125 131 134 137 134 130 127 128 130 134 137 129 136 135 125 120 124 124 119 127 126 123 119 122 126 125 122 122 124 125 125 129 132 129 124 
124 125 127 130 128 126 125 126 129 130 129 127 126 126 128 132 137 137 133 127 120 125 130 130 128 127 128 128 129 127 126 127 128 126 125 128 130 129 131 133 130 122 117 117 113 120 128 131 128 122 118 117 121 119 120 123 129 131 128 126 121 127 130 126 122 123 124 125 132 128 123 122 124 126 128 128 122 125 126 122 119 119 123 126 117 123 127 126 125 126 126 125 126 129 132 130 129 130 132 131 
119 122 125 126 122 126 127 130 133 136 135 132 133 131 130 132 133 130 123 116 128 134 138 136 132 131 133 134 131 126 122 124 127 128 129 130 134 131 131 132 130 124 120 119 120 124 126 125 121 119 122 126 125 121 119 121 127 131 128 122 116 118 120 123 127 131 132 132 125 127 130 130 127 123 118 115 117 120 123 123 118 115 119 127 120 123 122 119 117 122 127 129 126 130 131 130 130 132 131 128 
124 129 132 132 127 130 130 128 128 129 126 121 131 130 128 127 127 125 124 123 127 133 136 134 132 135 138 137 141 133 128 129 130 130 128 128 132 126 122 125 128 125 121 120 123 122 119 115 113 116 124 131 125 125 124 123 126 131 132 128 124 121 122 128 136 136 129 122 120 128 134 133 125 117 115 116 116 119 124 126 122 118 121 125 124 124 120 118 119 126 132 133 131 130 129 129 132 134 127 118 
127 130 131 132 129 132 132 127 126 130 129 124 136 133 129 126 124 123 122 122 117 124 125 123 126 133 135 133 131 126 124 127 129 128 126 127 128 125 123 126 128 126 122 123 121 119 117 116 117 119 123 125 115 119 120 118 121 129 132 129 120 117 121 131 140 138 128 119 123 128 131 129 122 119 122 126 115 119 121 121 120 120 121 120 115 119 122 122 124 128 129 128 131 129 128 132 139 145 140 131 
122 123 125 126 127 132 131 124 124 130 133 130 142 134 126 123 125 124 119 113 119 122 121 118 124 132 131 123 119 118 121 127 129 128 126 128 125 129 134 135 128 119 116 119 126 123 120 121 123 124 124 123 118 121 119 115 119 130 132 127 119 117 118 124 130 131 132 134 131 132 133 132 132 130 128 127 126 130 125 116 117 123 123 117 120 127 131 128 124 124 125 126 129 128 126 126 132 139 139 136 
127 118 118 125 131 128 124 120 124 130 129 124 136 131 128 126 126 122 120 121 126 131 130 122 116 122 133 138 128 125 122 124 130 136 136 134 127 135 141 135 123 115 118 124 129 125 122 125 130 133 130 126 124 125 126 126 127 129 128 124 126 113 116 124 121 123 133 135 136 134 134 136 138 132 125 120 134 136 135 128 127 128 125 119 124 128 130 128 123 119 122 128 129 131 131 126 126 130 133 134 
128 120 121 129 120 120 123 127 131 132 131 130 134 132 129 128 125 123 125 129 128 134 137 132 126 127 131 134 138 135 129 126 128 134 138 139 133 140 142 134 124 120 126 133 127 127 128 130 134 135 134 132 128 128 128 129 130 128 124 121 123 114 122 128 120 120 129 127 134 130 126 128 129 127 126 126 132 133 130 124 121 122 123 121 114 117 122 126 124 122 126 132 134 131 129 126 128 131 133 135 
127 125 124 127 117 120 128 134 132 127 128 135 133 128 125 126 127 128 130 133 129 132 135 135 135 135 130 125 134 134 133 128 123 124 132 139 139 138 136 129 122 119 121 127 129 130 129 127 126 129 134 139 130 128 127 130 133 134 131 127 125 130 138 136 124 123 128 125 129 126 124 123 121 120 124 129 130 131 127 121 117 119 123 123 119 119 123 127 126 123 123 127 136 126 120 125 131 132 133 138 
126 123 120 119 120 120 125 133 131 125 127 134 125 121 120 124 127 128 130 133 134 133 131 127 128 131 133 131 136 135 133 130 124 121 126 133 136 131 128 126 124 122 122 126 131 128 123 118 118 122 131 137 136 137 135 134 131 130 130 129 128 138 141 132 127 130 129 123 128 127 128 127 122 117 119 124 125 125 124 122 123 125 124 120 127 126 127 132 132 128 126 126 131 122 120 130 136 132 133 140 
121 120 121 122 118 119 123 131 134 131 126 126 118 117 119 122 125 125 128 132 137 139 136 129 125 127 131 133 137 132 130 131 128 124 125 130 135 128 126 128 128 126 126 129 128 126 123 122 122 124 127 130 135 136 136 131 126 124 126 129 129 137 133 125 130 136 132 125 130 129 130 128 123 119 123 129 124 121 117 117 123 130 129 125 130 127 129 135 140 140 137 135 130 126 128 136 138 132 130 136 
121 122 125 127 125 129 130 128 129 130 125 117 120 120 122 123 122 122 128 136 134 137 138 132 129 130 132 132 126 121 119 123 124 123 128 137 138 130 124 125 123 118 117 121 122 126 128 129 128 128 131 134 125 124 123 123 126 130 134 137 132 139 131 127 139 143 137 134 129 127 126 125 123 121 125 131 122 123 121 120 124 133 138 139 140 133 131 136 143 143 139 136 132 131 132 137 139 138 134 132 
125 125 122 119 129 133 128 116 117 128 133 130 125 125 124 122 119 120 129 140 127 129 129 126 127 132 135 135 133 126 122 122 119 116 124 136 131 121 116 118 119 116 120 127 120 126 129 127 123 126 137 146 132 126 120 121 128 135 136 134 129 136 130 130 144 143 134 136 123 124 126 129 129 123 122 122 110 118 125 128 128 132 137 139 141 133 129 135 142 144 141 136 133 131 129 132 141 147 143 135 
134 128 125 134 128 135 124 127 121 134 133 132 124 127 124 128 124 121 128 118 118 125 129 132 121 136 129 139 127 121 134 125 126 118 133 133 129 118 119 115 125 114 126 127 120 134 121 138 122 125 137 134 141 133 133 126 122 139 143 129 131 130 137 130 131 138 129 128 123 120 124 126 119 117 124 125 120 117 121 130 135 140 142 130 147 127 120 138 133 136 151 140 137 138 132 135 138 137 143 143 
177 175 172 172 170 169 168 166 176 174 182 168 171 181 170 170 172 163 164 162 167 172 179 172 170 176 166 169 171 165 179 175 176 169 180 172 169 160 169 173 174 159 172 162 171 188 166 177 171 167 173 174 176 174 172 161 163 176 170 164 171 164 170 163 159 166 162 166 163 158 165 170 163 163 167 163 158 158 160 169 171 172 178 168 176 164 153 164 168 167 176 169 176 180 168 167 177 176 173 178 
159 163 162 147 166 160 161 161 170 157 173 151 147 169 155 156 171 160 156 170 155 164 176 160 171 170 161 160 178 164 168 165 158 160 170 159 169 155 161 172 159 149 168 149 150 176 151 159 172 163 167 180 149 164 173 162 176 181 160 169 166 156 168 171 167 171 167 168 178 164 168 174 166 168 172 164 175 176 170 180 177 173 185 176 162 168 161 168 186 174 177 180 170 180 170 163 183 182 170 183 
127 136 140 114 142 139 129 145 131 122 137 122 121 149 133 132 155 139 133 156 128 147 163 138 153 151 145 148 153 134 134 133 120 133 144 129 150 133 124 143 127 123 147 123 119 151 128 130 151 131 134 153 113 138 153 137 150 148 119 142 143 128 144 153 147 147 138 126 149 131 138 146 137 140 148 133 154 151 133 145 145 140 157 145 132 150 145 137 158 138 146 159 127 145 145 133 151 152 133 153 
134 146 157 129 150 149 131 162 132 127 148 136 125 153 137 137 155 136 129 154 140 168 175 144 151 153 144 152 161 144 145 150 127 142 147 124 144 137 120 149 137 133 155 132 131 158 137 134 155 127 131 149 124 140 154 131 139 142 115 147 156 138 152 155 146 155 150 133 154 136 151 164 147 145 148 125 153 149 125 143 147 140 162 148 136 152 146 127 148 131 155 173 130 147 159 142 150 153 133 153 
125 136 154 129 150 141 129 157 138 121 155 134 132 154 142 144 154 134 133 155 152 184 174 145 147 160 143 156 157 142 143 150 119 140 144 118 137 147 123 153 142 135 155 146 137 151 130 129 157 131 142 151 133 133 150 130 141 152 124 151 147 135 153 149 132 151 156 138 156 136 154 166 142 141 146 122 147 148 125 149 149 134 160 145 136 145 147 130 155 143 173 183 137 142 160 143 143 154 137 149 
131 135 158 128 154 143 136 158 150 124 160 133 132 155 142 141 147 133 128 150 142 170 159 132 134 156 137 148 155 136 140 150 125 145 156 133 146 157 131 157 145 134 157 154 146 150 132 131 155 136 143 156 134 131 150 129 142 158 123 143 146 140 160 153 135 153 156 137 156 137 146 159 142 142 154 136 143 151 129 150 150 132 154 143 127 138 146 134 157 143 163 167 143 143 162 144 144 159 141 156 
136 134 160 121 142 144 133 157 146 127 149 135 124 158 140 138 146 148 129 157 146 160 165 130 136 158 140 139 159 132 146 160 142 145 153 127 154 148 135 160 151 132 160 149 143 151 141 139 148 140 133 159 128 133 150 120 136 161 127 148 150 138 148 142 135 150 151 138 151 143 137 149 142 140 154 137 138 153 125 140 154 135 146 144 128 146 154 141 152 145 152 164 139 141 159 141 144 149 127 152 
126 133 155 127 139 144 133 155 146 127 152 141 119 153 141 138 147 144 128 154 152 163 162 130 139 161 138 132 156 133 149 162 140 144 152 127 147 148 135 157 146 125 151 145 131 149 141 137 152 144 135 153 131 133 152 124 136 159 128 146 154 130 143 139 123 143 151 132 149 140 137 144 127 134 161 130 141 155 128 144 155 135 142 138 131 146 151 137 151 145 156 169 139 140 161 142 141 147 122 139 
117 134 154 130 142 147 131 151 146 126 147 140 118 149 139 130 142 138 128 156 154 164 163 131 140 163 143 138 150 126 139 150 130 138 155 136 151 153 133 152 144 121 144 140 123 150 142 133 150 143 130 149 131 131 155 129 135 157 125 139 152 124 146 153 132 150 158 129 154 140 135 149 123 126 162 125 136 153 128 141 149 126 138 138 122 139 147 135 150 142 152 164 139 137 160 141 136 148 124 133 
119 138 158 130 141 147 125 143 146 126 142 138 116 147 142 129 147 137 128 153 148 162 163 125 129 152 138 141 153 128 140 149 128 137 153 135 155 155 127 145 148 127 146 144 120 151 140 128 149 142 130 155 125 124 155 131 134 156 126 135 151 124 150 158 136 150 154 127 153 134 127 159 135 125 165 134 133 154 132 141 144 122 142 148 131 145 150 134 147 141 152 166 138 133 157 137 132 153 135 137 
113 125 147 116 129 139 115 131 136 117 134 134 104 133 132 119 144 127 117 134 138 156 158 120 119 140 128 134 148 123 136 146 125 128 138 115 132 135 107 125 135 116 131 132 109 138 124 114 138 128 117 150 120 115 146 121 115 136 110 115 144 120 138 141 121 131 134 119 137 122 107 142 127 108 143 115 121 142 120 130 133 113 133 142 121 132 134 119 134 133 149 167 131 124 147 126 121 148 133 129 
135 135 167 133 149 168 143 154 155 130 152 162 135 157 150 129 162 147 140 159 155 177 184 144 146 166 151 156 172 141 153 165 145 154 167 142 153 164 136 154 164 138 152 155 135 164 145 135 161 142 127 171 144 135 168 141 134 163 140 147 161 145 162 161 145 150 150 145 156 155 127 157 152 136 172 137 139 158 132 146 155 135 152 154 132 148 154 140 152 146 157 173 151 141 166 143 134 165 149 137 
197 196 206 194 202 213 209 210 205 193 200 206 198 203 203 195 200 199 202 206 199 201 197 194 191 210 200 195 211 200 199 202 201 200 204 203 200 206 203 213 215 202 203 206 196 202 198 197 203 193 189 205 199 190 203 200 191 196 196 204 203 197 199 202 201 202 197 194 201 199 188 198 203 199 206 191 186 195 195 203 205 197 199 199 199 198 203 192 205 196 198 195 190 192 204 196 191 203 203 204 
222 225 224 224 224 226 228 225 220 219 220 223 222 217 222 223 215 219 223 218 217 204 198 213 214 223 220 216 203 209 211 217 223 219 217 226 221 219 223 228 228 227 226 230 228 222 222 226 224 222 223 223 219 214 219 225 217 210 214 215 224 221 218 220 221 217 214 214 213 211 211 210 210 208 204 204 208 215 223 225 226 226 223 222 225 219 221 219 226 219 214 206 206 214 219 223 224 224 227 230 
229 230 230 226 233 233 232 231 229 229 232 235 234 230 232 233 226 227 231 229 225 209 205 213 232 230 227 221 210 214 223 233 237 235 232 232 235 232 232 234 236 234 234 235 237 232 230 232 234 232 230 229 232 230 233 231 221 219 222 220 226 225 227 228 227 222 223 226 225 228 228 225 217 213 215 217 226 233 237 235 234 236 236 233 233 232 229 236 228 222 212 212 217 220 226 232 235 237 237 239 
178 182 178 172 173 179 185 187 184 182 182 184 185 182 186 186 176 173 179 181 164 165 171 162 184 180 180 171 160 157 163 173 178 182 179 170 170 171 174 178 181 181 178 176 172 173 176 177 173 167 160 156 169 168 169 161 149 153 168 175 169 169 173 176 176 171 168 169 166 170 171 166 159 161 164 167 168 178 184 182 177 179 183 186 181 178 171 184 172 175 170 182 180 181 183 184 182 180 185 192 
100 110 107  99  94 105 117 124 122 116 112 110 105 102 108 109  99  93  98 100  76 113 126  94  92  91  99 100  91  78  80  90  96 110 114  99  94  97  96  96  97 101 103 104  81  92 104 106 101  95  91  89  89  89  96  93  79  79  96 109  94  94  98 106 110 105  99  95  98 102 101  96  96 103 107 107 101 109 115 113 103  97 104 114 116 109 101 115 110 115 120 139  99 103 111 112 104  97 102 113 
 81  88  84  77  79  86  96 104 107 104  95  89  89  80  82  89  86  80  78  74  72 112 107  74  63  69  69  76  79  64  66  71  72  87  94  77  86  87  83  72  67  68  73  75  65  76  87  91  92  95  99  99  95  90  98 103  87  75  82  93  73  76  84  94  99  98  96  97 107 111 108 101 102 110 115 114 114 108 106 105  94  80  86 103 106  92  93 104 108  97 102 116  84  89 100 107 102  94  98 109 
113 114 112 107 118 117 120 129 138 139 129 119 115  97  95 108 113 108  99  87 103 116  85  74  87 112  96  95 106  97 105 111 104 117 128 111 109 115 116 106  98  98 101 103 106 109 108 104 104 109 112 111 111  98 102 115 106  92  95 106  99 103 110 115 112 109 111 117 114 119 116 106 102 108 114 115 118 100  92  99  96  85  94 115  97  85  99 113 127 105 108 113 111 108 110 112 107  99 101 112 
153 155 160 160 155 159 159 171 165 162 175 156 135 100  96 137 160 151 128 113 148 134  99 110 140 172 159 155 143 164 150 158 149 161 168 158 155 158 158 153 150 151 154 158 165 158 155 158 155 143 133 132 148 130 123 135 148 150 156 165 165 165 162 159 154 151 154 158 145 139 146 151 139 133 145 158 158 135  92 102 124 109 123 152 113 111 127 149 161 166 165 157 162 150 157 148 132 130 139 158 
169 173 178 175 175 175 171 180 175 171 176 153 131 103  96 139 165 173 161 156 177 158 151 170 185 180 167 166 163 162 142 156 150 154 164 171 167 169 167 163 160 161 166 171 174 175 172 173 174 166 162 173 184 169 160 163 165 164 169 180 177 177 178 180 181 182 180 179 165 159 161 163 154 154 167 176 171 138 109 124 151 142 167 189 180 168 168 176 178 180 178 171 171 169 181 170 153 155 166 182 
175 177 179 174 182 179 175 182 183 179 171 149 114 110 111 149 162 178 172 184 188 173 180 180 185 178 183 170 161 154 133 133 136 151 166 172 170 171 173 176 178 179 181 183 179 191 187 182 183 174 175 195 198 187 178 175 171 168 173 182 186 183 182 186 193 195 187 178 175 170 165 155 147 158 179 187 163 132 137 150 164 152 185 200 208 190 181 181 179 182 185 179 169 171 181 165 151 164 178 190 
176 177 182 180 184 182 181 182 183 176 156 138 104 111 114 150 167 180 175 192 204 186 186 170 176 181 195 175 170 160 144 130 138 158 170 172 182 176 175 182 188 188 186 184 181 197 199 194 193 184 188 209 200 193 184 181 181 181 183 186 190 187 183 187 197 203 196 185 184 179 169 148 136 156 187 201 156 133 155 166 167 164 192 196 208 193 187 189 188 191 192 187 182 173 171 150 144 169 185 192 
180 182 186 183 177 182 186 179 178 171 148 143 148 138 131 154 188 190 186 199 201 176 171 174 182 179 185 183 175 145 140 138 150 151 159 177 195 185 179 184 191 195 199 205 192 200 206 202 192 188 197 207 202 197 190 186 186 189 191 190 195 192 187 185 193 200 196 186 181 174 161 140 128 147 179 195 163 141 153 161 165 192 205 200 194 187 190 195 194 194 194 188 171 154 148 136 144 178 193 197 
198 201 197 187 177 188 197 182 178 175 157 171 184 167 163 162 197 171 172 195 192 183 167 173 175 179 180 199 184 152 156 149 161 154 158 179 188 183 181 186 186 186 195 208 198 188 195 192 169 175 195 192 203 202 196 185 182 190 197 198 196 197 192 184 186 192 190 183 181 170 160 147 140 152 174 185 163 156 156 162 151 198 193 190 187 184 192 199 193 188 187 183 163 145 145 144 157 185 191 190 
224 226 217 202 198 213 218 201 194 185 178 197 204 201 199 193 208 161 183 207 207 219 198 180 174 192 199 216 219 198 196 173 180 177 180 186 183 185 192 188 178 164 175 191 194 184 182 174 163 180 200 199 213 212 211 202 191 195 210 219 206 209 206 198 198 206 207 203 210 192 184 189 184 194 200 198 160 191 194 170 149 191 185 190 209 210 214 212 200 196 196 195 197 181 179 179 186 197 193 188 
233 229 216 206 212 231 221 215 210 195 205 220 222 220 196 212 195 165 206 211 217 227 217 192 192 210 223 229 237 221 205 179 186 186 202 200 200 201 213 197 187 165 185 205 200 209 188 168 184 203 209 219 235 227 232 229 207 205 222 229 222 225 222 215 215 224 228 225 233 208 204 233 223 237 228 211 164 231 226 159 168 202 213 221 222 230 229 218 211 217 224 228 228 220 210 207 210 212 208 203 
229 220 211 206 214 228 217 210 205 200 217 233 233 208 190 216 175 190 208 219 231 229 208 188 197 219 231 235 232 224 208 177 183 197 215 211 209 208 214 202 193 179 192 206 205 210 194 180 192 207 217 231 240 235 232 220 208 217 227 220 222 226 226 222 224 231 235 231 227 207 209 234 229 240 230 207 178 225 203 144 180 216 228 231 229 231 226 216 212 218 225 227 227 222 215 212 213 214 212 210 
231 219 210 208 215 228 220 213 203 201 223 237 237 195 201 221 173 208 214 222 238 228 202 188 202 221 230 234 233 223 205 187 194 210 221 216 212 211 212 201 192 187 200 213 216 211 193 188 203 211 218 237 237 232 223 214 211 221 227 223 226 229 227 224 224 229 231 230 223 211 222 239 234 238 226 195 183 221 193 149 204 225 230 227 235 235 227 212 206 212 220 223 221 217 212 208 208 210 213 214 
235 222 209 205 215 226 220 210 196 199 228 238 223 179 213 205 183 211 222 234 233 220 199 196 214 230 237 245 241 217 191 189 196 208 210 211 208 210 205 196 186 194 208 221 223 205 184 190 211 210 211 231 243 235 224 221 221 218 221 231 227 226 222 218 218 222 226 227 220 218 239 245 237 236 225 187 178 210 185 171 220 229 233 233 234 234 226 212 208 217 230 236 225 221 215 209 208 210 215 218 
235 220 206 201 221 224 216 208 196 207 237 240 208 180 216 189 198 209 218 238 233 216 196 199 220 229 233 240 234 210 184 191 199 214 215 222 205 208 195 190 185 204 213 220 220 195 175 193 217 211 208 230 235 231 221 220 225 221 222 236 229 226 223 221 222 225 230 234 218 219 244 243 240 238 227 182 187 204 177 195 218 220 230 241 237 234 223 210 209 220 230 234 226 221 216 212 210 210 213 214 
232 216 207 206 212 208 203 206 201 212 230 213 160 166 200 178 213 218 207 232 233 209 187 195 221 231 231 239 217 211 196 204 202 222 217 214 202 200 181 183 185 214 213 209 213 187 173 196 227 213 209 241 230 234 220 212 224 226 221 226 225 224 223 223 223 225 227 230 215 213 237 231 235 234 222 165 181 189 161 213 213 216 228 245 246 235 217 205 210 223 228 224 215 212 210 212 214 214 211 209 
231 216 202 202 199 209 205 195 193 200 205 200 176 166 160 188 208 204 200 228 226 204 189 199 218 223 219 221 200 210 195 191 204 207 196 203 210 210 194 192 198 201 194 198 205 176 164 213 200 210 229 235 228 231 221 210 216 227 228 223 217 207 208 215 213 213 222 231 206 207 215 214 221 227 210 166 170 169 168 206 197 211 225 240 242 227 216 206 213 227 222 219 205 214 212 206 210 215 211 207 
239 224 211 213 219 226 216 197 194 204 215 226 226 176 172 214 214 214 225 236 234 218 205 209 222 227 219 208 203 214 200 196 217 208 191 204 225 230 221 212 212 201 196 207 223 182 175 220 196 217 239 230 234 237 232 221 222 232 235 228 228 212 211 218 213 212 227 241 224 221 214 210 219 237 225 192 174 175 195 216 210 219 229 233 246 237 238 228 226 227 210 204 223 233 225 211 213 216 212 207 
242 229 220 225 236 231 218 203 200 212 231 242 217 148 184 219 217 228 243 239 242 228 213 214 228 237 225 205 205 212 207 216 233 219 202 217 232 239 235 222 213 205 205 215 221 177 185 208 213 234 243 235 230 237 238 230 230 236 238 234 236 224 222 223 216 218 236 250 241 231 218 210 222 245 235 199 169 182 214 230 236 234 245 245 245 244 252 246 240 234 213 204 239 244 234 221 224 228 224 222 
241 226 218 226 232 223 215 208 206 217 231 235 182 141 201 224 229 234 240 245 242 224 213 222 238 239 224 210 210 214 214 224 232 214 206 228 236 240 234 218 206 205 210 213 200 171 199 206 229 243 244 235 228 236 240 235 231 233 233 230 228 220 222 222 217 224 241 251 236 229 219 213 228 247 227 183 162 188 227 230 239 233 249 251 242 241 249 244 241 239 219 211 243 247 236 227 231 234 228 224 
239 222 215 224 230 217 210 206 204 220 228 216 149 163 219 227 237 233 227 247 240 219 215 236 249 239 226 223 222 222 223 228 224 207 211 237 245 239 228 212 204 214 219 211 185 185 219 219 241 243 239 229 232 240 243 237 231 229 227 225 220 219 223 224 221 229 242 245 231 228 222 219 233 248 223 171 160 200 237 234 238 231 241 244 242 239 246 243 243 241 218 207 244 245 237 229 233 230 218 211 
230 214 211 224 230 215 208 202 200 219 220 188 149 191 225 230 232 239 238 251 234 222 224 242 248 235 223 223 220 220 223 228 224 216 224 245 245 235 223 208 201 217 220 201 170 199 222 224 242 240 240 229 225 230 232 230 228 228 228 227 221 220 226 227 225 234 242 238 227 227 223 218 229 243 211 156 167 213 237 236 237 243 240 242 236 236 245 242 242 239 219 210 238 239 231 228 234 232 219 212 
227 211 212 229 229 217 214 208 206 225 214 166 171 212 224 228 213 235 244 238 234 233 238 245 245 234 223 219 222 220 222 227 226 221 227 237 243 232 222 208 200 216 218 193 173 217 221 227 241 238 241 230 228 229 230 228 227 227 227 226 219 220 224 225 226 238 244 236 225 229 228 222 228 236 198 139 193 233 235 232 229 247 237 239 240 241 247 238 231 228 213 210 240 238 229 227 235 233 221 214 
