174 179 181 180 181 170 166 170 174 173 175 181 170 173 178 180 176 171 175 182 185 179 174 176 178 176 176 178 173 178 184 182 177 174 177 181 177 175 176 176 174 172 174 179 178 175 173 175 180 184 183 181 183 184 184 182 183 185 182 178 183 181 178 173 174 180 185 185 183 181 179 180 181 180 181 182 182 180 178 175 174 176 180 183 184 186 185 181 178 179 180 179 178 179 188 177 186 179 186 178 
173 175 175 173 175 168 167 171 173 172 175 182 177 177 179 180 177 173 173 178 177 175 175 174 172 169 170 173 176 176 176 177 178 177 175 173 178 176 178 182 183 181 179 180 181 181 181 178 175 174 176 178 176 178 180 182 183 184 181 176 174 179 183 182 180 178 176 172 179 178 174 177 179 180 178 177 175 177 178 177 174 174 176 179 175 179 180 177 176 176 176 173 172 175 180 178 180 179 180 175 
175 178 179 177 177 174 173 174 170 166 168 173 174 172 173 176 177 176 177 181 179 179 178 175 171 164 165 167 176 173 172 175 181 183 179 174 177 176 176 180 179 175 173 173 179 183 184 179 172 170 174 180 174 178 180 180 182 183 181 175 174 181 186 184 179 175 173 169 182 179 174 175 179 182 180 176 174 178 180 180 176 174 175 178 169 174 177 176 177 179 180 179 173 178 175 182 175 183 176 176 
173 177 180 180 172 173 176 176 171 167 170 176 176 171 169 171 172 172 171 174 180 177 173 172 173 175 173 172 176 175 175 177 182 183 180 178 175 174 175 176 173 172 176 183 175 177 178 177 174 174 178 181 169 172 174 174 177 182 183 183 176 182 185 180 175 174 174 175 181 178 171 168 172 178 179 176 173 176 177 175 170 168 169 172 169 172 173 172 173 177 180 181 177 178 169 178 168 179 171 175 
171 174 177 177 173 175 176 175 171 168 171 175 175 170 167 168 170 170 170 173 181 177 171 170 173 177 173 167 176 176 177 177 177 176 175 174 182 180 177 175 171 169 174 180 174 174 175 176 178 177 177 176 171 173 172 169 168 173 176 176 169 176 180 179 175 174 173 171 179 178 173 166 168 175 179 176 176 175 175 172 169 168 168 170 177 178 176 171 170 173 176 177 180 176 169 174 171 176 172 175 
175 174 174 173 176 177 176 172 168 167 169 170 172 169 168 170 170 170 175 180 174 175 174 172 173 174 169 160 172 172 172 174 176 177 175 173 182 177 175 176 177 173 170 168 173 174 176 177 178 176 174 173 176 179 178 172 168 168 169 169 169 174 176 176 176 177 173 169 174 180 179 172 170 176 181 178 177 177 176 178 178 178 174 170 178 181 179 174 171 173 175 174 178 170 172 171 181 174 176 175 
172 172 172 171 174 173 171 167 167 170 172 172 179 177 173 169 166 168 173 177 164 169 174 177 177 176 175 174 168 170 171 173 175 177 177 176 176 172 170 175 183 185 177 169 171 170 174 179 181 176 172 172 174 176 176 174 173 175 173 171 176 176 176 174 175 177 175 172 170 174 177 174 172 173 172 170 172 172 174 177 177 175 173 172 172 172 170 171 170 170 171 172 171 165 171 171 180 171 173 171 
166 165 166 167 174 172 169 166 167 171 170 168 163 170 169 162 161 169 174 171 173 172 175 180 174 166 169 178 169 175 177 174 171 172 175 177 176 178 175 168 172 178 176 167 177 168 167 175 180 174 171 173 174 172 171 172 176 176 171 168 174 172 171 173 176 176 173 171 175 169 171 180 181 172 164 166 169 169 171 173 168 165 171 182 173 164 163 170 174 170 169 174 169 170 172 176 175 172 171 173 
165 163 164 166 168 170 171 169 170 170 166 160 152 164 171 170 169 170 168 165 169 166 169 171 168 163 168 176 173 174 174 172 173 175 174 169 173 179 178 171 168 171 175 175 182 173 167 170 172 169 170 174 170 172 173 172 171 170 169 169 170 166 164 168 173 176 175 172 175 173 173 178 175 169 169 172 167 169 169 167 167 171 175 178 175 170 170 176 179 176 173 175 170 168 168 173 176 175 173 174 
170 169 173 177 163 167 170 170 170 168 164 158 166 171 174 170 168 168 164 160 163 163 165 168 168 167 172 180 171 172 170 167 168 172 172 168 172 179 180 174 168 170 175 177 174 171 170 173 174 170 168 168 171 174 177 177 171 166 165 167 173 172 170 169 171 172 173 173 177 173 170 172 170 167 167 168 161 167 168 166 169 174 173 167 179 174 172 177 178 175 172 171 172 168 166 171 175 176 173 174 
167 166 167 169 154 158 163 165 166 168 168 166 165 164 163 164 167 170 167 163 170 170 171 170 167 162 164 167 171 172 170 166 165 170 174 177 171 175 177 175 172 171 171 171 169 169 171 175 175 172 169 168 165 167 173 178 177 172 171 175 171 174 174 171 167 166 170 174 177 171 167 169 171 172 172 171 166 170 169 166 168 174 174 167 175 171 168 169 170 171 169 169 175 169 167 171 175 174 171 171 
168 167 166 165 164 168 170 167 165 167 167 164 163 163 165 169 172 171 166 162 168 169 169 166 164 163 162 162 167 169 167 163 162 167 171 173 173 174 176 176 176 174 172 171 171 171 171 171 171 172 174 175 174 169 168 174 176 171 169 172 164 168 170 170 165 165 168 172 166 165 165 167 170 171 172 171 175 173 169 166 168 172 175 176 176 172 170 170 173 174 174 174 172 168 168 172 174 172 170 171 
166 164 160 157 163 167 170 166 163 162 163 162 161 164 168 168 165 162 164 168 167 167 164 162 163 166 169 170 169 167 164 162 166 170 168 163 167 169 171 171 168 164 166 169 172 173 174 173 173 175 175 174 181 166 158 164 170 168 167 169 165 163 164 166 168 168 167 165 161 169 175 174 168 166 169 171 167 164 168 174 174 169 170 175 178 176 174 173 175 174 171 167 168 167 170 175 175 172 171 173 
161 162 161 158 155 160 158 164 159 169 163 163 152 160 165 164 161 161 164 168 161 165 167 166 166 169 171 169 167 168 169 169 171 171 169 168 164 164 162 163 165 167 167 167 162 169 176 176 170 169 172 177 179 170 160 160 166 166 165 171 169 171 163 168 165 174 168 166 169 174 172 169 171 172 168 167 163 167 169 171 173 175 172 166 171 176 178 176 174 173 169 164 165 165 170 173 173 169 170 172 
163 164 163 163 164 167 157 161 153 168 164 168 162 164 166 164 164 165 164 161 165 166 168 168 166 166 166 167 165 167 169 169 167 166 167 168 167 166 165 161 164 167 168 165 163 166 169 168 165 163 166 169 167 169 165 164 168 162 157 162 165 169 164 166 163 173 170 170 165 167 162 160 168 169 166 169 170 173 171 165 168 174 170 162 172 176 178 176 174 174 173 170 167 167 170 171 170 165 165 168 
162 160 160 161 166 169 162 162 156 165 166 169 173 170 165 162 165 169 166 161 171 166 165 168 166 161 164 170 167 166 166 165 164 165 168 170 162 165 166 163 164 168 171 172 175 170 165 165 168 169 168 165 165 169 167 168 171 164 158 162 163 163 168 161 166 166 172 170 167 166 161 164 170 167 165 177 167 168 166 164 167 173 173 168 180 175 172 171 170 168 168 169 171 170 171 173 172 169 170 173 
159 157 157 160 162 165 165 167 168 170 166 160 168 167 163 160 162 167 168 165 167 160 161 169 168 162 164 174 166 165 163 163 164 168 172 175 166 167 166 164 166 170 172 170 173 169 165 167 171 172 169 166 167 169 164 163 166 163 163 171 163 164 172 161 169 163 174 171 176 169 163 169 176 168 163 172 170 171 170 168 169 173 172 168 178 171 167 168 167 165 164 167 168 166 167 170 173 172 174 178 
159 158 160 164 163 162 164 162 170 169 167 159 161 165 166 161 159 161 165 167 164 160 162 169 169 164 164 172 165 164 162 161 163 165 168 169 170 168 165 163 165 168 164 158 165 166 167 167 166 164 163 162 164 165 160 161 167 164 162 170 161 163 170 162 169 167 176 175 172 167 161 168 176 169 161 164 173 175 175 174 173 171 167 164 168 168 168 168 168 169 170 171 166 163 164 167 170 170 171 173 
161 161 164 166 164 162 167 156 164 160 167 164 158 165 169 164 160 159 162 164 165 164 165 165 164 163 164 167 164 163 161 162 163 164 163 161 159 160 161 162 166 169 167 162 162 165 169 167 164 161 162 165 164 165 161 165 173 169 162 164 162 164 163 163 163 171 171 171 165 168 166 167 172 168 163 167 167 168 170 172 172 172 171 171 165 174 175 168 166 172 176 173 172 169 168 171 173 170 169 169 
161 162 164 166 160 163 174 159 162 152 164 164 158 165 169 168 165 165 165 164 165 167 165 161 160 165 168 169 162 162 163 164 167 167 164 162 158 163 167 168 167 169 167 163 159 162 164 163 161 162 167 171 166 163 156 159 167 165 157 158 165 168 159 164 157 168 161 161 160 171 171 164 164 162 162 168 167 166 167 168 167 167 168 170 168 180 181 166 158 167 172 169 170 167 167 171 173 170 167 166 
154 161 161 172 169 167 165 163 164 167 168 169 163 164 168 172 172 167 162 160 158 168 172 166 164 168 171 169 173 169 166 164 163 163 166 169 160 163 165 166 166 167 162 155 160 160 160 160 161 164 165 164 163 158 157 160 163 162 162 163 164 164 162 160 159 162 164 164 168 170 171 168 168 168 165 160 164 166 169 169 167 166 169 172 167 169 169 167 163 162 166 173 168 166 167 171 173 170 169 170 
162 159 160 164 161 161 161 162 163 164 163 162 165 165 167 166 163 159 161 166 159 165 166 161 159 164 166 163 166 164 164 164 165 164 164 165 165 165 163 162 163 165 164 161 161 160 160 161 162 161 157 152 157 158 161 165 166 163 162 164 163 164 165 163 161 161 164 166 159 166 170 168 165 165 167 167 164 164 165 164 163 163 164 166 168 170 171 173 172 168 165 163 163 160 159 160 159 158 162 168 
172 162 166 163 157 159 159 162 164 163 160 158 162 161 162 161 157 156 162 169 163 166 165 162 162 167 166 162 164 165 166 164 163 163 161 159 163 163 159 156 157 161 164 163 165 162 161 162 163 163 166 167 161 160 162 166 166 163 162 163 169 168 167 168 165 163 162 162 154 162 167 163 158 157 161 166 167 164 161 162 164 167 168 168 166 167 168 169 173 175 173 170 161 160 162 165 165 163 165 169 
172 162 169 166 161 161 161 162 163 163 162 160 160 158 159 162 164 161 161 162 159 160 160 162 165 167 164 158 162 165 164 161 162 165 166 164 162 164 162 159 160 165 169 168 166 164 163 160 156 155 162 172 170 163 159 160 163 164 164 166 166 160 158 164 169 169 164 163 163 167 169 165 161 162 163 163 167 162 158 159 163 167 168 166 168 171 170 167 166 169 171 169 179 177 177 180 179 174 168 166 
163 158 162 164 164 162 160 159 160 160 160 160 165 162 162 167 171 167 160 156 158 158 160 164 167 168 165 160 168 170 167 160 159 164 165 162 161 163 164 162 163 166 168 167 157 159 163 165 159 153 158 169 170 162 156 157 161 165 168 170 166 156 153 160 167 164 159 156 166 167 166 165 167 169 168 164 171 166 162 161 164 165 165 162 160 168 172 169 166 167 167 162 177 172 169 170 171 168 166 166 
160 161 158 165 166 164 160 160 160 160 158 157 163 160 160 164 166 163 160 160 163 162 162 164 165 165 165 165 168 171 169 160 159 164 164 158 160 164 165 161 159 161 162 161 162 158 160 166 165 161 163 171 164 164 165 164 162 158 161 167 166 158 157 163 165 159 157 160 161 163 164 164 166 170 167 162 171 169 166 165 166 166 163 161 160 165 165 162 165 170 168 161 160 162 166 167 163 159 162 169 
161 167 164 169 162 164 166 165 162 159 157 157 156 156 158 161 161 162 163 165 162 163 161 158 158 160 163 165 159 164 164 158 158 165 168 166 163 166 166 163 160 160 160 159 170 164 161 165 166 160 157 163 162 163 170 170 161 154 157 158 160 159 160 164 164 161 164 171 162 164 167 168 168 167 166 166 169 166 164 162 161 159 160 163 171 172 166 159 161 168 166 159 165 170 173 172 168 164 164 166 
162 166 169 167 155 161 166 164 161 159 161 164 158 158 157 156 159 164 164 160 155 162 164 158 158 163 164 160 162 165 165 160 157 160 164 165 160 161 162 163 162 160 158 158 158 162 163 166 169 161 153 159 168 158 164 170 160 160 165 158 162 163 163 161 160 161 163 166 165 162 163 167 166 162 163 169 170 164 161 164 161 157 158 165 164 169 171 167 167 170 169 164 167 165 160 158 165 174 172 165 
164 162 162 164 167 163 159 155 156 160 165 168 164 159 153 152 157 163 162 157 156 161 163 160 162 166 165 159 164 164 165 165 164 161 159 160 158 159 161 159 157 157 160 163 163 164 160 160 163 160 157 164 166 159 162 167 160 161 166 164 165 163 163 163 163 164 164 163 163 161 160 162 164 161 160 162 160 157 158 164 168 166 161 160 163 164 166 170 171 169 165 162 161 166 168 167 164 165 165 164 
161 152 151 156 165 160 154 153 154 158 164 169 167 167 166 167 168 168 161 151 155 157 156 153 155 161 166 167 163 160 160 163 162 157 155 156 152 154 155 152 148 150 157 163 165 165 160 158 162 161 159 164 164 159 160 164 162 161 162 162 167 166 163 164 164 163 161 158 163 164 164 164 162 163 164 164 167 165 163 161 163 165 166 166 168 163 163 169 170 162 156 156 164 168 169 165 161 161 164 166 
151 140 139 146 152 153 156 160 161 159 164 171 165 170 172 170 164 159 153 147 141 145 146 144 143 146 153 157 157 155 155 155 154 151 151 153 149 151 151 148 145 146 153 160 154 158 154 154 161 162 159 161 165 164 162 164 167 162 158 159 160 159 160 162 167 168 168 166 161 169 171 164 159 161 162 162 165 169 169 161 158 162 169 170 166 157 155 163 169 167 165 166 165 162 161 159 160 162 166 170 
147 141 142 147 154 154 160 166 163 154 152 156 167 168 165 156 149 147 148 149 142 146 150 152 152 150 149 150 151 157 157 149 145 147 150 150 150 152 152 149 146 146 150 155 151 156 152 150 156 155 148 145 151 152 148 151 162 161 158 164 160 161 161 160 163 163 164 164 160 168 168 158 154 157 156 151 151 163 167 160 157 163 169 167 168 161 156 160 167 171 170 168 177 172 169 168 167 164 164 167 
141 143 147 149 152 147 150 158 159 152 146 146 163 160 151 140 137 140 143 142 145 141 141 148 156 159 155 152 149 162 164 150 142 146 151 146 150 148 148 148 147 146 145 147 146 153 149 147 156 158 150 149 154 155 142 141 153 151 146 157 154 156 156 153 152 152 156 158 157 162 157 149 153 163 158 145 149 161 164 156 157 168 170 165 168 164 157 158 164 173 169 161 174 173 177 181 179 171 167 166 
144 143 146 149 147 137 137 149 153 147 142 145 149 146 144 143 140 138 139 143 141 139 138 140 145 149 150 148 144 154 156 147 143 147 149 143 147 158 159 148 142 147 148 142 140 141 145 150 154 158 157 152 160 156 147 142 145 146 144 145 145 145 147 150 151 149 151 155 150 149 150 151 153 159 158 146 154 156 154 144 138 149 158 154 157 161 156 148 152 163 161 152 162 167 179 190 188 171 166 178 
154 155 157 160 167 159 157 160 160 155 154 159 153 153 158 163 161 154 149 152 141 140 140 142 146 148 149 149 140 146 147 142 139 142 146 144 147 152 152 148 147 150 150 146 146 142 148 151 146 148 153 150 152 149 144 142 143 146 146 145 144 139 138 142 144 144 147 152 151 146 147 152 153 153 148 137 150 152 154 146 137 141 146 141 142 148 147 138 140 150 154 150 147 151 157 170 177 168 167 181 
157 162 163 165 171 169 163 156 152 152 156 159 164 163 165 169 169 164 159 157 158 148 142 142 144 142 141 144 135 138 140 140 139 140 143 145 148 140 138 146 151 149 146 148 152 149 152 151 141 139 143 141 140 141 143 147 151 150 150 149 153 151 152 153 153 151 151 152 150 149 149 149 150 153 157 159 140 147 151 150 150 152 150 144 150 149 146 141 140 143 145 144 149 150 147 151 161 159 154 156 
152 158 162 164 165 164 153 140 135 137 138 134 141 139 137 142 150 157 162 163 167 153 143 144 145 143 145 150 144 143 144 148 151 151 150 150 156 149 146 148 149 148 149 151 160 155 155 154 146 144 144 138 133 134 138 143 144 141 139 141 150 158 167 170 166 161 156 154 149 157 160 159 154 148 149 161 168 168 161 156 165 167 162 159 152 143 138 145 156 160 156 149 147 151 147 146 155 157 149 146 
145 147 151 156 156 154 145 135 135 139 137 130 131 131 133 139 151 165 174 178 155 150 148 152 156 158 160 163 173 170 162 156 157 163 167 168 173 172 167 158 152 152 156 160 166 153 146 146 144 152 156 151 149 146 144 145 142 143 149 158 161 169 175 173 170 166 164 163 160 160 152 154 163 156 143 147 175 171 152 146 163 170 167 171 158 149 144 157 179 189 177 162 137 143 139 137 146 152 150 152 
143 138 135 136 134 132 128 128 133 138 139 137 131 135 136 135 140 149 155 156 149 151 150 144 144 151 156 155 170 177 170 153 147 161 176 180 180 175 172 168 159 151 155 164 160 146 137 134 134 144 154 152 147 144 143 145 143 141 150 163 182 179 173 168 172 179 180 176 175 164 142 144 171 172 160 168 192 194 176 164 173 167 155 164 184 181 176 178 187 193 180 161 152 153 145 143 147 143 138 140 
146 140 134 131 134 131 129 128 126 126 129 134 131 132 130 126 125 132 141 145 145 147 136 117 115 130 145 148 135 157 164 145 136 150 169 174 172 159 158 167 159 142 144 160 157 149 144 142 137 141 147 144 155 155 160 164 155 141 137 142 154 145 138 143 161 180 183 177 180 182 167 167 180 165 144 150 174 189 185 179 185 170 155 167 167 178 179 172 172 178 173 161 157 158 156 161 167 157 140 138 
143 139 133 128 128 128 126 125 128 134 140 144 145 141 139 139 131 123 127 137 140 136 126 122 125 125 132 146 135 135 148 138 142 141 152 142 151 140 141 147 145 143 147 150 154 145 122 136 131 135 130 133 155 145 139 162 142 138 136 127 122 118 130 138 132 140 162 172 159 161 157 150 146 146 140 133 142 157 147 153 155 163 149 158 153 177 163 145 159 158 148 157 175 173 165 156 168 170 153 158 
152 152 154 155 142 138 134 139 151 162 163 158 155 147 143 145 143 134 130 131 132 127 121 120 125 125 127 133 131 122 123 127 132 136 139 131 127 131 140 148 150 162 169 163 135 134 116 126 125 126 119 130 143 160 157 163 158 139 122 110 118 132 147 148 142 143 149 151 149 142 137 136 139 142 153 165 178 185 162 150 142 144 127 130 146 166 149 126 134 136 132 146 175 174 170 157 161 165 156 170 
168 173 171 166 165 158 147 147 161 173 173 164 158 148 141 144 145 139 129 124 132 121 114 111 115 122 132 137 149 142 131 137 132 147 143 134 118 127 142 152 157 163 159 141 116 120 108 105 111 116 117 142 144 156 152 150 166 149 139 122 129 159 169 163 167 169 161 155 154 148 145 143 135 125 126 135 159 167 155 151 154 154 144 153 162 173 153 128 129 129 128 140 157 154 154 141 136 138 136 153 
170 173 172 168 171 169 160 152 151 158 157 151 160 152 147 147 146 142 137 135 128 128 138 147 150 160 170 169 175 188 186 185 168 186 177 162 169 165 172 182 178 165 145 124 118 123 125 112 114 111 104 127 134 117 128 140 145 136 155 133 138 164 166 156 163 163 143 129 136 150 158 152 145 143 139 131 138 143 141 145 155 146 144 163 157 164 149 132 136 137 134 141 142 136 142 137 131 134 134 147 
160 152 152 159 146 163 173 167 161 163 167 166 170 169 167 164 162 161 165 168 176 172 182 186 178 180 183 170 172 193 204 196 174 177 166 144 174 164 171 186 187 179 171 164 142 144 171 160 153 139 119 119 134 120 156 185 162 154 187 172 136 145 144 141 145 140 121 107 121 155 169 154 151 173 187 179 181 176 160 140 143 128 127 140 146 150 145 137 141 143 143 145 145 134 145 144 135 135 132 138 
133 118 115 125 118 145 164 157 148 152 162 167 159 164 166 164 164 166 173 179 178 164 168 173 168 180 186 164 141 136 141 130 121 109 106  94 114 120 138 153 157 166 175 175 144 125 166 152 144 142 132 122 121 126 148 175 149 151 172 164 129 116 115 121 117 114 117 116 117 170 192 165 149 170 189 189 209 207 176 127 139 143 143 131 140 147 148 144 139 142 148 157 156 144 159 160 144 140 138 142 
123 122 116 114 111 134 149 135 113 107 121 136 135 139 143 140 143 154 163 163 152 139 145 159 165 173 170 148 140 125 121 112 118 112 115 105  88 101 122 125 126 127 135 132 135 109 129 117 102 112 115 109 120 122 117 125 112 123 126 114 121  99  93  97  89  90 114 135 135 168 194 173 147 150 169 166 188 191 163 119 136 157 156 129 121 128 138 131 133 138 154 166 153 138 151 153 144 141 148 152 
106 117 126 122 111 124 137 131 109  92 103 121 132 126 120 117 128 151 153 132 130 124 126 140 152 151 145 145 152 155 155 164 187 201 179 145 115 124 139 137 139 140 168 191 186 166 148 167 163 179 166 150 141 131 129 124 121 131 142 135 124 109  98  97  94  98 125 159 166 150 172 165 147 134 151 135 135 133 125 119 126 138 131 113 105 108 129 118 126 123 140 151 157 134 132 138 158 158 170 169 
 98  98 116 130 113 114 119 128 133 135 136 139 134 127 125 129 136 146 142 125 124 125 127 131 136 143 148 149 162 162 167 184 206 216 203 185 163 151 128 133 134 164 182 204 208 189 179 195 199 211 200 186 151 152 152 147 138 132 140 154 141 124 108 104 106 112 127 142 140 143 164 159 149 138 147 141 125 124 124 128 133 133 123 113 102 111 127 120 121 114 124 130 133 128 137 162 174 172 161 155 
109  95  95  95 112 114 122 137 152 156 150 143 129 127 135 138 130 127 130 129 128 132 132 129 135 147 151 146 156 162 169 170 165 164 172 183 197 176 149 151 153 169 167 171 159 145 137 144 147 150 146 143 136 145 147 147 141 118 112 132 142 129 116 111 113 118 123 127 149 149 152 146 139 131 132 133 136 137 137 135 132 129 123 119 105 121 123 112 114 123 132 122 109 126 142 170 161 152 134 141 
117 111 111 108 108 119 133 139 138 130 121 115 120 112 117 124 123 123 125 122 113 117 116 117 130 145 144 131 144 142 148 158 161 157 150 147 143 132 132 126 135 129 135 133 112 107 108 115 127 123 123 129 128 126 121 128 137 123 115 132 132 126 120 118 115 114 116 120 118 118 119 125 124 126 121 119 121 133 138 132 131 137 138 132 125 128 115 129 131 130 135 129 122 141 150 174 174 173 167 189 
114 126 141 147 134 139 137 124 111 108 112 117 122 122 127 127 115 110 112 111 112 114 113 113 121 131 129 121 115 115 119 129 137 137 132 127 115 117 128 116 118 108 128 140 119 110 109 112 131 116 106 106 107  99  98 113 123 117 107 109 119 117 119 125 125 123 131 144 143 131 120 119 102 110 109 105 103 123 139 143 150 161 166 161 163 128  95 154 183 170 159 149 144 156 163 183 202 192 175 184 
 97 128 155 163 169 168 159 142 127 116 107  98 122 123 134 141 141 141 136 121 107 112 114 109 105 110 120 126 120 129 136 139 143 149 154 155 152 162 163 163 141 137 141 159 138 117 100  95 122 101  86  84  93  80  86 100 103 106 108 103 108 100 101 112 114 111 126 148 156 138 130 129  87  98 105  97  88  99 114 126 131 132 139 144 144 126  89 147 172 173 170 157 148 158 166 169 193 165 150 158 
 94 134 159 162 169 178 180 172 163 152 140 127 130 137 137 147 158 193 193 173 116 118 115 110 108 111 124 142 129 141 151 153 156 163 170 172 182 180 175 171 154 153 150 149 146 146 148 131 139 129 137 138 129 112  99  87  71  73  88  95  79  81  84  88  86  89  95 103  95  89  93  95  87  91  84  88  94  99 104 115 126 127 128 136 138 124 107 101 107 101 113 112 118 125 123 120 134 129 125 129 
 87 114 143 159 161 171 176 171 167 168 167 162 156 161 154 148 149 180 191 179 167 166 170 180 177 151 135 141 142 150 159 163 163 163 167 170 173 172 173 164 152 153 160 158 157 162 172 160 167 160 158 143 140 125 105  94  90  85  83  83  81  85  85  76  87  99  98  81  88  80  86  82  81  81  72  80  90  90  99 117 129 127 136 158 141 126 110  87  80  71  73  77  72  78  74  73  80  84  77  74 
 54  55  71  85  84  94 104 109 119 136 148 151 147 144 145 131 130 136 151 146 127 129 146 171 167 128 107 122 151 154 162 171 170 163 161 165 160 157 155 150 141 144 149 145 139 142 150 147 155 145 133 114 124 114 100 112 149 163 159 161 164 156 158 139 147 137 152 152 150 139 151 148 131 133 135 138 118 103 102 120 127 120 124 140 133 132 115  97  87  82  81  90  82  91  91  90  95  92  87  87 
 56  53  49  47  50  54  55  56  60  69  76  79  78  71  80  71  75  68  82  78  67  70  79  90  87  67  74 103 116 117 126 136 134 124 123 133 119 113 110 104  96  99 102  95  93  94  96  95  98  96  88  79  88  84  64  67 102 117 119 137 187 173 192 179 173 131 158 188 169 158 177 173 150 151 153 148 157 152 146 136 127 126 127 119 129 137 132 104 107  93  93  96  92 101 103 103 107 105 103 108 
 60  60  55  50  63  63  61  60  57  58  57  56  64  51  56  52  59  56  69  66  65  68  63  60  62  60  60  69  72  74  80  86  82  74  75  86  79  73  71  67  61  64  66  58  63  67  65  66  60  62  59  60  62  68  57  50  58  54  52  71  95  98 130 144 170 150 157 156 134 128 149 149 134 140 139 132 156 191 205 159 106 108 126 121 134 140 128  87  99  83  86  89  79  86  86  87  91  90  89  98 
 58  57  58  60  57  57  60  63  65  66  64  64  67  59  55  55  51  59  65  65  58  63  62  63  72  73  63  56  60  61  62  64  63  61  61  62  67  65  68  66  60  62  64  57  61  66  62  66  54  58  54  60  53  61  65  66  63  55  51  57  49  56  71  81 112 117 101  66  63  60  73  74  78  93  90  90  91 124 151 121  74  83 118 125 125 143 117  92  96  96  76  77  77  80  80  82  87  83  81  90 
 58  53  51  50  54  56  59  63  67  67  66  65  62  62  57  63  48  60  57  56  54  62  63  61  63  59  60  68  62  60  58  59  65  69  65  56  60  60  64  63  55  56  57  51  55  57  47  53  41  50  47  56  58  52  54  59  58  59  60  58  54  57  54  51  53  60  59  54  59  55  51  43  53  65  58  62  71  52  55  62  56  67  84  78 131 183 174 197 180 176  95  75  75  78  79  85  93  87  83  89 
 42  44  48  50  50  55  57  57  57  59  59  57  55  49  47  51  54  54  54  57  60  59  60  60  62  62  61  61  63  60  58  56  58  61  61  59  59  61  64  65  58  49  45  45  50  47  45  48  50  52  50  49  54  53  54  56  53  50  50  53  52  55  56  56  57  59  57  55  55  53  56  59  59  57  58  63  63  49  44  51  51  45  51  64  95 125 135 153 146 142 105  89  93  90  88  91  94  91  86  86 
 36  40  45  50  45  50  51  50  50  51  50  47  49  45  45  50  53  51  50  52  52  52  51  52  50  52  53  55  52  52  54  56  59  62  63  64  55  57  60  60  55  49  50  55  54  50  45  43  45  48  52  55  52  50  48  52  55  55  53  55  53  51  46  43  47  54  57  56  55  51  50  50  49  47  52  57  53  51  49  43  36  35  44  53  67  83  81  82  77  89  87  94 121 122 109  94  90  83  76  78 
 38  39  39  37  42  48  51  47  44  42  43  40  43  40  37  39  41  42  45  47  50  51  49  44  39  37  38  41  42  43  46  48  47  49  52  55  50  50  52  53  51  50  55  61  61  61  59  53  49  48  49  51  55  51  51  54  57  56  53  53  53  51  47  46  50  56  58  53  51  48  48  48  44  40  38  41  44  49  49  39  30  30  38  43  41  59  60  59  57  67  73  87 126 136 117  89  82  76  69  76 
 60  57  42  30  43  51  55  47  36  30  29  30  35  34  32  32  32  36  39  40  38  41  42  40  35  33  35  39  42  40  40  40  37  35  38  45  43  39  39  43  47  49  49  51  50  57  62  59  53  51  50  48  45  46  50  53  50  44  41  42  48  48  49  49  53  55  52  44  44  43  46  47  44  37  34  35  44  41  42  41  36  29  29  33  26  39  46  48  56  63  73  83 109 125 113  87  76  70  64  70 
 67  65  47  31  35  43  50  47  40  39  39  40  27  32  36  37  37  38  36  33  30  33  36  35  33  32  32  33  37  32  31  33  32  29  31  38  34  29  28  33  39  40  39  38  45  52  52  45  40  42  44  43  37  41  46  48  42  35  36  41  44  45  43  40  41  44  44  40  47  44  43  42  41  40  43  48  54  45  43  49  48  38  31  33  35  42  49  48  62  62  69  74  77  89  96  87  73  67  66  64 
 48  49  41  33  30  33  36  40  46  50  47  42  27  33  37  35  35  37  38  35  35  34  33  31  30  30  29  29  31  24  26  32  35  30  29  32  29  27  29  31  33  33  36  40  49  52  48  37  32  36  38  34  40  40  40  40  37  34  36  42  43  47  46  42  40  44  47  48  55  50  47  45  43  43  47  53  50  49  47  48  51  51  46  41  45  48  55  46  59  49  54  57  57  60  86  94  73  67  73  63 
 35  36  36  39  34  32  31  33  38  40  35  26  31  35  34  29  29  33  38  40  32  31  31  33  33  33  34  37  31  28  30  37  39  34  31  33  31  32  34  37  33  32  38  45  47  50  48  39  38  41  43  39  48  42  36  34  34  35  39  44  50  51  52  50  49  50  51  52  56  54  53  52  49  44  43  46  43  45  43  37  39  48  49  44  60  55  54  43  57  46  62  75  83  82 100 122  96  85  83  60 
 40  36  39  47  41  40  41  39  38  35  32  31  29  33  37  39  37  36  37  40  35  36  39  40  34  27  28  31  27  28  30  32  34  35  35  35  34  35  37  35  30  27  33  40  53  54  50  44  40  40  42  42  45  46  50  56  61  63  66  68  60  49  42  43  44  43  39  38  43  43  45  47  45  40  38  41  46  45  42  39  36  35  38  40  54  49  50  50  62  50  82 112 129 132 122 158 145 134 114  75 
 44  42  43  47  45  43  45  48  51  48  41  34  35  39  43  46  46  46  46  46  51  46  42  41  40  37  35  36  39  34  31  32  37  41  41  39  30  36  38  31  29  40  58  69  80  83  79  68  55  45  37  31  28  43  65  83  89  88  83  80  61  52  45  44  43  38  32  27  35  34  35  39  40  38  38  40  42  49  56  55  49  43  42  43  46  53  59  50  54  50  96 152 161 167 156 181 180 177 166 132 
 45  43  42  42  43  43  46  50  53  51  46  41  49  47  44  43  46  49  52  53  48  45  43  47  49  49  50  51  54  50  44  42  45  46  46  44  38  48  50  44  51  73  94 103 105 107 104  93  79  62  42  27  29  44  63  79  86  85  78  71  61  56  54  53  50  44  39  40  32  32  33  35  33  33  39  47  51  55  59  59  54  52  53  55  51  50  52  50  52  48  92 172 194 195 201 215 188 191 213 175 
 46  46  42  40  49  52  55  53  49  44  42  43  48  44  40  38  39  42  44  46  43  43  46  47  44  39  38  39  48  48  49  48  47  48  50  51  51  56  55  50  56  71  79  76  79  81  83  84  83  72  51  33  26  42  61  78  86  86  72  58  48  50  54  54  46  40  41  46  34  35  36  33  25  25  38  52  53  51  50  49  49  49  47  46  44  40  44  51  50  43  78 178 189 180 217 223 152 157 221 182 
 48  47  45  42  42  45  48  46  41  39  40  44  41  41  43  42  41  39  39  38  39  40  45  48  45  38  35  34  33  35  40  42  43  46  49  50  48  48  46  44  47  53  53  47  59  60  63  67  70  68  55  42  26  47  70  84  87  79  59  39  38  40  45  44  36  30  32  39  41  43  43  38  30  29  41  53  49  47  45  45  44  42  38  34  39  42  44  44  43  45  63 159 189 175 219 221 145 144 223 193 
 41  41  42  41  39  40  42  42  42  41  41  41  40  42  43  41  39  38  40  43  39  37  40  47  52  50  45  41  41  39  37  38  41  43  43  41  41  40  41  44  47  47  48  52  48  50  50  47  47  49  48  45  33  55  73  75  71  65  56  45  43  41  41  44  42  38  38  41  46  43  42  41  38  36  40  45  42  42  41  39  37  37  38  40  37  44  39  44  77 114 113 184 202 191 216 213 169 157 223 205 
 42  38  35  35  40  41  40  39  40  41  41  40  36  39  40  35  30  31  38  43  47  45  44  46  46  45  47  51  45  39  37  44  48  44  39  37  43  39  42  40  36  49  62  60  47  47  46  45  41  38  40  43  40  50  60  58  49  44  52  63  55  52  46  43  42  41  40  39  33  39  40  36  34  39  42  43  45  42  39  37  36  36  39  44  36  43  44  39  90 186 198 214 214 205 210 221 189 179 197 206 
 44  44  40  36  33  31  31  32  35  38  39  38  33  34  32  26  26  32  40  43  38  39  42  44  42  39  40  44  53  46  44  50  52  45  39  40  42  39  41  35  29  46  65  61  56  54  56  57  53  45  37  35  39  46  56  58  48  40  44  56  57  53  47  41  39  40  39  36  35  42  43  38  38  46  47  43  40  42  46  48  46  42  43  47  54  61  59  50  91 208 232 234 234 218 216 227 208 209 214 222 
 42  46  42  34  27  25  25  29  35  37  35  32  27  28  26  23  27  35  39  40  33  31  33  38  40  37  35  35  46  42  43  46  47  44  44  48  48  47  47  41  36  48  61  61  53  50  48  53  55  50  42  36  41  46  53  54  49  42  42  47  47  48  45  43  46  49  48  42  52  54  54  55  58  59  52  41  37  42  52  60  62  59  57  58  83  90  81  75  94 196 213 216 228 217 236 239 212 187 214 241 
 39  39  40  37  26  26  31  37  39  36  32  32  26  32  37  37  38  40  41  40  38  31  27  30  34  34  33  33  31  31  35  38  37  34  36  40  48  46  45  42  43  48  51  51  52  43  36  38  44  44  42  39  43  43  42  40  38  38  41  44  41  44  44  44  46  49  44  34  53  55  58  58  59  57  50  41  42  40  48  65  81  84  77  70  58  69  66  73  87 189 218 221 214 205 239 249 222 179 207 242 
 35  28  36  42  27  28  35  42  42  35  32  34  28  36  41  39  36  38  44  47  39  34  32  36  39  36  30  28  31  34  37  37  34  29  28  30  37  39  35  34  40  40  34  33  40  34  30  33  37  38  37  36  38  40  40  39  39  40  39  36  40  42  44  42  45  50  41  29  40  42  43  43  43  45  52  55  54  46  48  67  88  88  70  52  44  46  43  51  73 176 234 242 232 222 239 241 236 227 239 234 
 36  28  37  48  41  34  32  38  39  34  29  31  25  29  30  26  23  27  34  38  37  35  38  43  44  38  31  27  31  33  36  39  40  42  42  43  39  46  42  39  45  41  34  40  32  32  36  40  39  36  35  37  41  48  54  56  55  52  45  37  38  43  42  39  48  58  56  44  38  42  48  51  53  59  69  78  75  62  54  59  66  63  48  36  43  38  42  44  74 159 232 230 200 203 206 199 183 196 204 193 
 46  46  57  71  62  44  31  34  38  33  26  24  23  25  25  23  22  23  22  19  31  29  30  33  32  29  26  27  30  32  34  37  41  47  51  52  49  59  56  50  52  45  43  56  58  59  60  56  47  37  36  40  58  65  71  72  70  67  58  49  46  47  41  34  40  53  53  42  41  50  66  78  83  82  81  83  75  64  51  43  42  45  52  60  51  47  68  70  98 150 206 183 167 159 161 176 153 156 161 168 
 60  64  71  82  58  46  38  40  42  34  22  14  15  15  20  26  26  20  16  18  18  26  31  30  29  30  27  23  27  30  33  32  30  31  37  43  50  57  62  59  59  64  69  71  74  74  72  74  73  60  54  61  62  71  77  77  75  74  69  63  64  52  44  46  50  49  48  50  57  66  81  92  92  86  81  80  57  53  41  37  55  66  86 133 125 125 158 151 177 182 170 175 176 164 176 166 173 168 172 168 
 48  52  58  65  46  38  34  37  39  33  25  19  12  16  23  27  21  14  15  20  12  20  27  32  34  35  31  26  27  24  28  34  32  27  33  45  66  65  60  56  58  66  70  69  76  75  70  71  72  61  53  59  70  71  69  68  73  77  75  71  71  60  47  46  53  55  56  60  72  82  90  88  76  64  61  64  47  38  33  43  75 108 129 144 145 156 163 145 172 166 152 174 173 170 174 163 171 167 173 174 
 41  40  40  39  31  31  34  39  40  32  23  16  11  17  26  28  20  14  14  18  14  18  23  29  35  39  38  35  24  19  21  34  42  46  54  65  80  71  57  49  49  54  57  55  57  57  54  53  56  49  46  53  63  61  57  60  68  73  72  68  59  58  50  49  61  68  69  78  73  80  84  73  53  36  30  31  43  35  35  37  51 103 151 147 141 125 141 142 128 130 143 133 134 151 159 158 168 164 164 161 
 39  35  32  27  30  35  41  42  39  31  22  16  16  22  29  31  28  23  19  16  20  21  24  30  35  40  40  41  36  33  29  31  48  68  75  72  86  77  64  52  43  39  39  40  34  40  40  41  41  37  39  50  45  45  46  48  52  56  60  62  56  65  56  48  62  68  68  78  76  75  66  48  36  32  32  33  29  32  41  39  34 102 191 193 199 196 188 197 191 183 189 179 161 197 209 212 210 206 213 211 
 39  39  40  40  43  45  45  40  36  33  31  28  27  30  31  33  35  34  26  18  18  21  28  35  37  35  34  35  41  43  35  28  46  74  82  70  80  76  68  55  40  28  26  30  29  36  37  33  33  29  30  40  38  37  34  32  33  40  56  69  77  85  64  54  77  88  85  94  84  81  70  57  49  47  40  30  45  43  47  47  32  88 174 169 200 191 173 199 188 187 211 192 194 230 232 227 196 201 235 240 
 42  37  38  43  38  40  40  36  35  38  36  33  30  30  28  25  27  30  26  18  19  21  26  29  27  23  27  35  30  36  35  31  45  69  80  77  72  68  63  55  40  27  25  29  31  37  33  29  33  31  26  29  35  32  30  31  31  40  60  81  90  95  74  70 113 133 119 115 126 127 124 118 118 114 101  89  86  83  80  89  70 102 176 163 212 184 168 208 162 164 212 169 165 222 240 228 147 152 222 242 
 35  30  28  29  28  32  34  34  36  39  37  32  30  29  24  19  19  22  21  18  21  20  20  20  18  18  24  32  26  32  36  36  38  50  64  72  72  68  63  57  47  38  35  36  42  39  37  33  39  35  28  26  32  32  32  32  42  50  71  79  96 110  78  89 145 160 136 125 139 146 141 131 118 149 157 141 142 135 141 145 124 146 203 206 218 222 197 226 209 199 224 209 203 224 238 239 198 208 245 239 
 27  33  33  28  33  32  28  25  29  36  38  35  38  37  35  30  23  18  16  15  17  20  20  20  22  26  25  21  24  30  32  28  23  27  41  53  70  68  63  55  51  49  47  45  49  41  57  50  57  45  32  25  33  37  46  43  54  52  75  82  97 141  97 120 190 172 165 142 134 160 165 144  92 162 188 151 161 158 178 170 159 180 192 214 219 225 217 220 231 222 219 227 225 217 241 234 239 238 236 238 
 28  35  36  33  30  27  22  19  23  29  31  29  30  35  39  36  27  19  15  14  21  20  19  21  25  32  32  29  26  25  22  21  23  27  33  37  51  53  55  52  45  41  41  44  36  39  58  46  49  38  28  21  32  27  44  52  50  49  43  60  66 115  92  98 169 126 169 151 142 165 161 109  65 118 179 191 173 196 193 183 184 205 197 218 226 217 221 221 223 226 222 234 224 224 234 242 240 245 243 235 
 25  30  29  26  28  26  22  18  17  18  19  18  15  20  27  31  29  24  19  17  17  18  17  19  26  31  30  24  20  18  16  18  22  26  29  29  29  38  49  50  41  31  28  32  38  52  73  44  30  21  24  29  31  22  27  30  54 100  52  21  28  64  77  95 134  71 130 163 142 165 159  86  46  77 160 209 186 208 194 187 185 209 193 194 207 206 205 218 220 214 222 224 217 225 226 242 235 234 244 240 
 22  22  20  19  21  24  25  22  16  12  13  16  17  16  18  22  26  26  19  14  16  18  19  21  25  28  24  19  16  17  16  16  17  20  23  24  26  34  47  52  44  36  39  48  35  49  72  48  40  31  32  33  32  31  36  36  71 131  81  36  34  44  72  89  95  68  94 153 154 158 147  89  72  81 144 185 177 186 191 200 187 194 181 150 180 199 166 197 201 173 208 200 174 210 228 240 206 172 214 234 
 24  22  20  21  21  21  22  22  16  13  15  21  20  16  15  18  25  28  24  19  20  24  26  25  25  26  24  21  21  20  18  17  15  14  16  17  29  33  41  45  42  40  52  68  46  38  46  26  30  27  24  21  21  25  36  35  44  62  46  37  38  34  49  51  48  63  58  87 122 101  86  63  63  60  84  96  97  90  96 106 109 121 156 151 172 205 150 183 195 156 200 197 144 198 237 245 191 117 188 229 
 30  24  24  28  32  24  19  18  18  16  18  23  20  17  15  17  23  26  24  21  25  29  29  25  23  25  28  28  32  28  23  20  20  20  19  18  31  33  40  44  38  31  40  54  60  51  62  42  41  30  28  32  32  31  34  28  33  25  35  31  36  31  39  53  45  42  38  44  59  38  42  50  46  40  51  52  63  63  64  59  83  67 129 167 175 214 163 190 217 174 196 211 157 196 227 236 199 100 194 231 
 23  23  25  28  33  24  17  20  22  19  16  17  19  19  19  20  20  22  24  26  29  28  27  26  23  19  20  24  29  24  21  22  26  28  24  20  38  36  39  42  41  37  41  49  58  55  62  61  61  49  38  33  36  40  37  30  40  39  43  40  42  36  32  38  41  41  45  45  47  46  35  42  35  39  67 124 169 171 167 167 172 130 109 109 143 174 185 203 212 201 207 217 183 190 217 223 208 173 201 234 
 15  17  24  28  31  23  16  16  18  19  20  23  25  33  43  46  42  34  28  24  24  23  24  27  24  19  21  28  22  21  20  19  19  22  26  29  42  36  32  34  36  38  43  48  58  53  51  58  63  62  57  52  46  48  39  31  35  40  38  40  51  55  59  58  58  58  54  50  54  64  53  60  50  40  47 102 161 161 145 133 126 108  80  74  83  94 110 116 118 130 144 155 137 148 198 229 234 226 208 228 
 13  16  24  33  35  30  25  23  22  22  26  31  31  40  52  57  54  45  36  31  33  37  40  40  33  26  25  30  28  30  31  23  17  20  32  44  44  37  32  33  38  44  49  54  56  51  51  56  62  65  66  67  67  63  45  31  31  33  33  37  61  78  90  85  70  55  47  43  43  52  53  66  59  39  29  56  67  77  68  47  43  53  66  79  63  55  46  41  48  64  85 101  99 122 165 191 200 199 191 196 
 19  24  32  38  38  39  39  37  35  33  35  37  48  47  45  45  47  46  44  42  38  44  49  47  40  33  31  32  43  48  50  45  36  37  47  57  56  51  47  46  50  56  59  61  54  51  51  55  58  57  56  57  73  70  55  40  34  31  32  43  74  91 101  88  65  46  36  31  33  40  45  53  50  36  35  52  67  76  75  59  43  43  52  61  69  60  49  45  47  54  70  82 113 120 156 191 182 150 151 183 
 21  27  30  32  33  36  37  36  36  40  47  52  57  51  47  46  49  47  41  34  34  37  39  35  34  37  42  46  44  49  54  54  52  51  51  53  53  53  52  50  52  56  57  56  51  48  45  46  47  47  50  54  64  68  63  53  49  44  47  61  84  95  95  78  59  50  46  41  54  58  65  58  52  41  50  62  80  77  77  71  55  49  57  64  66  60  54  51  47  47  56  67 105 117 149 185 165 123 140 185 
 20  23  23  22  25  27  26  25  28  39  48  52  40  39  39  40  43  42  38  34  40  41  40  36  37  43  47  48  35  38  42  45  46  42  37  35  29  35  39  38  40  45  50  50  46  43  41  40  39  39  45  52  48  54  55  56  59  56  57  68  74  83  79  60  47  49  53  53  65  67  78  64  61  54  67  68  85  79  78  71  58  63  76  75  68  60  55  54  51  49  57  69  94 123 121 103  86  94 129 140 
 31  30  30  29  23  26  26  24  26  33  35  34  35  33  30  26  24  29  38  44  34  40  44  46  49  52  48  41  41  43  42  42  39  34  28  26  23  31  33  29  26  29  35  35  41  41  42  42  38  34  34  36  38  40  41  47  57  54  51  58  62  70  66  48  37  43  51  53  60  59  69  55  55  51  66  62  67  70  77  67  55  69  79  64  56  47  41  44  44  44  50  60  80  91  77  69  56  48  63  59 
