239 238 241 239 236 240 238 224 220 202 210 226 219 222 232 225 222 195  70  71  59  62  43  48  38  52  65  91 127 139 138 146 141 145 153 154 155 159 149 124  64  52  41  44  52  58  55  49  45  35  26  26  33  41  45  47  42  53  54  55  57  46  41  57  44  37  34  37  35  32  37  48  48  51  46  61  56  63  48  44  47  43  37  33  32  41  59  77  80  75  50  38  48  55  82 131 208 231 233 232 
234 233 236 234 230 236 239 228 227 212 221 233 223 223 230 224 220 171  60  66  69  61  46  54  60  55  50  66  90  91  91 104  99 100 105 105 105 111 103  82  59  52  45  43  45  50  53  54  44  41  38  36  37  42  49  55  44  41  40  52  61  47  40  55  62  48  37  36  37  38  45  53  60  60  54  63  57  64  55  55  58  52  43  38  36  42  58  73  78  76  59  49  56  47  43  63 124 202 231 235 
234 235 238 231 222 224 228 221 223 216 227 236 226 224 229 226 216 139  53  58  69  48  41  58  54  49  51  69  85  85  86  98  92  90  91  89  87  91  84  65  50  48  44  39  35  37  42  47  48  49  50  48  48  53  58  62  51  38  32  43  51  39  30  37  58  46  38  40  46  48  52  55  63  63  58  61  58  64  63  66  60  54  47  43  41  44  54  66  67  70  61  59  70  64  51  52  64 110 171 234 
226 230 236 233 224 228 232 226 226 227 236 240 232 227 228 228 198 109  55  61  76  55  48  64  50  54  66  78  86  90  99 105  94  91  93  93  92  95  87  69  49  48  45  44  44  45  46  46  62  59  53  51  54  58  55  47  46  41  37  37  37  37  35  33  40  39  42  48  52  53  55  58  51  50  50  48  51  53  56  58  53  51  50  51  48  47  50  56  66  65  57  54  61  61  54  53  60  46  96 198 
223 228 236 235 229 235 240 234 219 225 231 234 231 226 224 225 186 112  89  82  71  57  48  59  52  49  62  79  85  88  92  90  94  89  90  90  87  85  75  57  43  40  40  46  54  57  53  45  55  53  48  48  56  62  57  47  46  50  53  42  32  39  43  33  36  41  46  46  45  46  51  58  48  45  48  43  50  45  49  47  49  53  59  62  57  50  49  53  58  54  53  54  54  51  52  53  52  57  62 133 
230 232 237 232 226 231 236 228 214 222 223 220 219 214 208 208 205 176 185 137  56  45  57 102 125  76  57  78  90  90  91  91  98  90  90  90  86  83  73  57  46  41  42  51  64  68  60  50  43  51  57  56  58  69  73  70  63  64  74  69  51  51  56  46  48  54  59  56  51  50  55  61  52  45  48  39  52  44  49  42  39  48  61  66  59  51  50  56  50  43  49  59  56  50  52  56  53  68  67 128 
227 226 225 222 219 225 230 226 227 228 224 221 217 203 192 192 196 206 239 166  45  63 139 198 190 105  64  79  84  83  94  96  90  86  85  85  83  83  77  65  56  52  49  53  63  66  59  51  36  47  57  58  56  58  63  67  65  64  78  78  70  63  67  59  51  56  60  58  56  57  58  58  53  49  51  45  57  55  62  56  49  58  69  72  67  63  66  71  68  56  58  67  61  51  51  54  63  61  81 173 
227 225 223 223 223 224 225 226 235 223 217 213 199 181 182 194 208 209 223 158  63 102 198 202 131  83  84 109 104 108 119 108 114 117 117 112 110 107  99  91  79  78  75  71  75  78  74  65  61  58  63  72  73  66  67  73  75  78  89  77  88  81  85  77  60  64  65  63  63  67  66  61  58  61  61  61  62  68  72  74  67  72  74  72  72  76  82  83  76  67  64  68  67  57  47  45  58  67  81 172 
212 217 222 226 229 230 232 235 232 219 202 186 168 164 183 210 222 216 214 196 176 188 214 223 213 201 204 211 206 210 212 200 212 215 219 218 218 216 209 202 208 208 209 211 215 218 213 206 214 208 205 206 204 201 206 214 208 207 213 205 212 209 215 211 196 200 204 201 198 197 196 193 198 200 201 197 195 196 194 190 186 190 191 189 189 194 199 201 197 190 189 196 198 188 173 166 164 166 164 195 
196 201 206 211 214 220 228 235 218 201 184 179 184 194 208 221 217 217 215 217 220 215 217 230 246 254 254 251 250 252 251 248 254 254 253 253 253 255 254 253 255 255 254 253 255 255 255 255 255 255 255 255 255 254 255 255 254 254 254 252 254 254 254 254 254 254 254 252 252 253 255 255 255 255 255 255 255 255 254 249 253 255 255 254 253 255 255 255 255 251 249 252 255 252 248 245 241 236 231 217 
218 221 222 220 215 214 216 220 209 197 189 195 210 220 220 217 212 212 217 213 202 205 219 225 230 238 238 238 245 243 241 248 246 244 243 244 245 245 246 246 248 247 246 247 248 247 247 248 248 247 247 249 249 248 247 247 246 245 244 248 247 250 248 249 249 246 245 247 249 249 247 246 249 249 248 246 249 250 250 250 236 242 246 246 247 248 246 243 250 249 247 243 238 235 236 239 217 210 215 200 
221 226 232 235 235 232 231 229 212 214 215 217 222 226 223 218 208 204 204 197 192 209 224 220 220 224 227 231 234 228 224 228 225 224 227 232 233 229 224 222 221 224 232 239 239 234 232 232 239 236 232 230 231 232 233 233 225 224 221 232 231 235 229 232 230 229 232 235 233 227 222 219 226 225 221 219 222 227 227 224 222 226 229 229 227 225 220 213 218 221 223 220 214 211 211 214 213 200 202 193 
218 221 226 232 238 240 241 241 232 234 234 231 229 225 213 198 189 197 187 182 201 214 213 217 213 218 223 221 217 221 224 221 219 217 218 223 224 219 215 217 217 221 228 236 236 231 229 232 231 230 228 226 228 230 231 227 231 229 218 232 225 233 224 227 223 224 227 224 215 207 211 218 219 216 214 212 214 217 216 211 217 219 220 218 215 213 209 202 204 207 205 204 201 204 205 206 201 189 189 187 
230 227 224 225 230 236 238 237 236 244 238 225 224 219 200 181 186 187 189 194 204 210 213 216 218 217 223 224 216 213 216 214 220 206 208 220 219 218 219 214 227 222 232 229 230 224 234 235 231 228 225 229 234 231 227 231 230 229 226 236 234 223 214 223 213 215 207 215 203 202 202 208 216 217 204 204 211 210 209 206 210 213 216 210 224 213 206 202 204 196 202 192 198 195 198 200 210 190 180 183 
230 231 233 235 238 239 237 233 238 237 225 214 221 230 214 186 196 199 182 191 218 234 217 219 223 221 221 218 212 215 216 209 203 206 217 223 217 216 222 223 224 222 239 226 234 213 226 230 226 231 229 227 230 227 228 239 235 229 228 232 231 220 210 206 206 203 192 205 195 207 203 193 208 210 202 197 205 210 206 205 203 207 211 206 209 194 191 195 199 190 194 189 201 191 194 188 199 189 184 180 
223 228 235 240 242 240 238 238 234 217 208 212 225 239 212 156 153 166 168 175 167 178 181 195 183 175 184 194 177 158 162 175 176 167 166 188 206 184 164 173 190 199 188 156 191 204 194 161 175 209 203 165 165 204 229 229 233 226 230 232 228 223 196 151 150 170 190 179 140 160 188 193 160 141 164 191 201 177 152 179 194 171 147 169 192 182 147 142 168 181 156 133 152 172 181 134 138 167 188 165 
226 227 230 231 228 227 232 239 226 208 211 226 233 234 192 119  85  92 159 160  90  71 137 163 106  87 119 168 145  87  94 146 182 125  89 138 191 145  78  74 160 178 113  63 116 198 155  68  92 174 176  92  69 144 212 226 232 227 236 237 229 219 164  82  63 124 186 142  57  71 146 196 100  46  97 181 190 114  66 135 197 132  52 103 188 175  79  56 144 176 114  56  81 151 162  69  63 125 168 120 
224 223 224 226 223 220 225 233 233 217 220 232 231 224 191 141 123 113 166 167 135  96 148 175 124 100 127 180 170 122 126 169 203 158 114 143 192 159 100  92 167 194 129  96 119 208 166 102 107 180 188 117  84 137 205 239 239 232 232 227 224 220 173  99  77 130 197 150  75  86 155 207 115  60  98 174 181 109  71 139 206 143  56  99 191 167  75  73 165 181 114  67  89 154 155  74  76 126 164 114 
217 215 218 225 226 223 228 237 236 223 220 225 221 209 195 183 199 180 178 186 192 176 179 192 201 182 187 208 208 195 195 203 211 210 188 187 209 202 181 185 195 213 197 189 188 224 217 206 203 215 213 197 195 202 218 233 230 228 222 216 220 229 214 184 147 161 213 193 177 184 201 221 197 180 182 199 204 185 176 201 214 194 169 180 215 195 171 187 209 201 167 164 169 190 180 156 158 164 179 148 
228 221 219 222 222 220 225 233 230 225 223 228 223 200 188 197 192 176 173 196 159 182 193 193 217 205 205 214 213 213 219 223 231 232 221 219 227 216 205 214 228 223 230 223 228 227 239 235 234 233 233 240 244 232 219 220 221 230 227 221 222 225 224 225 179 177 227 231 250 250 231 232 241 252 243 228 232 246 251 240 221 226 251 249 230 221 245 242 227 217 214 232 220 217 204 221 235 208 203 182 
218 218 216 217 218 221 222 224 222 218 219 219 223 207 184 196 187 155 182 197 173 183 193 195 198 215 196 213 214 212 212 223 232 227 223 221 223 220 217 213 225 226 225 221 220 223 229 233 241 224 225 240 240 229 224 226 221 224 226 226 227 229 226 222 192 196 234 225 249 250 230 229 233 251 251 234 230 245 246 233 230 226 247 238 226 217 242 245 225 219 211 229 218 215 203 213 235 224 208 180 
205 205 206 205 204 206 208 210 207 207 208 205 206 193 177 195 186 165 181 194 172 181 186 199 199 217 198 210 215 216 210 212 214 216 221 210 211 208 218 219 210 212 212 212 212 217 221 222 227 215 213 229 239 227 218 227 224 224 221 218 219 220 218 212 164 176 220 217 237 241 224 224 233 245 240 220 220 240 243 228 221 222 241 232 216 204 226 232 225 206 198 225 217 202 189 205 230 221 199 172 
216 218 218 214 211 210 212 215 210 215 222 218 215 196 175 189 183 173 168 182 170 179 172 189 201 213 202 209 213 205 198 207 208 213 225 207 211 206 224 226 213 212 209 205 208 215 219 219 218 214 205 218 235 222 211 227 231 230 226 223 222 218 209 199 175 181 213 220 236 243 222 210 237 245 235 211 209 228 232 219 209 217 233 227 212 202 220 233 213 206 201 210 208 203 194 195 223 214 187 165 
216 218 220 220 219 219 222 225 218 224 232 227 226 201 167 170 205 197 176 193 201 205 187 191 200 201 205 213 208 177 177 214 223 223 230 216 222 215 224 220 222 220 215 209 215 223 225 219 221 224 211 213 230 222 213 231 232 233 230 229 228 226 217 208 186 198 225 231 227 235 231 225 229 239 235 217 213 225 232 227 214 223 227 224 211 205 213 229 211 211 202 185 186 198 203 195 211 206 183 169 
215 215 216 215 215 215 216 216 217 217 218 213 216 198 162 159 198 193 181 194 210 202 195 189 181 173 193 207 202 158 163 222 219 208 203 210 218 220 215 211 210 213 211 210 218 226 219 205 212 221 212 205 215 217 216 225 230 228 223 218 216 217 215 211 194 197 207 215 204 219 223 214 218 224 227 220 214 213 219 225 218 223 214 215 211 210 205 216 211 204 202 193 201 198 194 183 186 192 189 186 
217 214 211 210 211 210 205 202 210 210 211 206 214 201 168 166 168 178 193 191 197 172 199 199 190 175 199 209 210 160 155 209 219 199 178 210 213 224 205 209 213 214 210 207 216 226 218 202 200 217 219 204 201 213 220 213 219 223 222 215 211 210 209 207 191 211 227 223 172 180 211 226 219 213 216 221 214 203 204 214 222 223 203 213 218 221 198 201 212 201 195 184 208 210 202 174 172 183 193 189 
203 202 201 202 204 205 203 201 207 210 207 208 211 198 166 169 150 171 201 193 188 160 200 211 195 183 204 217 227 198 191 223 238 215 189 216 216 225 208 214 232 230 220 211 218 231 227 213 207 224 230 215 206 221 229 218 214 220 226 229 227 223 219 217 204 225 235 233 198 204 227 238 222 213 214 226 225 211 210 225 234 229 209 217 225 228 201 193 220 209 190 161 190 213 217 185 176 187 196 181 
192 197 201 200 199 198 201 205 207 210 197 210 203 188 157 164 169 181 204 199 200 187 201 213 205 201 202 215 220 219 216 217 226 216 211 214 221 220 221 220 226 230 223 219 221 235 233 224 222 235 238 227 223 232 238 237 236 230 230 235 236 230 229 230 213 233 240 234 234 230 227 230 225 225 222 228 231 222 221 237 236 229 222 221 227 231 222 208 222 215 212 195 211 210 209 191 189 195 197 187 
198 201 205 206 205 204 205 207 208 214 209 217 206 186 152 148 139 138 147 147 156 149 156 158 159 158 161 168 176 177 176 175 174 179 183 188 190 191 190 188 190 201 197 200 193 207 199 195 197 208 211 196 185 187 192 194 195 190 189 192 193 191 194 200 194 203 200 191 184 177 173 177 187 191 187 184 188 187 185 188 191 190 186 183 182 183 180 174 173 168 171 164 168 156 156 153 159 151 148 149 
211 214 217 218 216 214 212 212 213 218 218 217 205 181 148 130  94  89  90  95 104 106 110 111 125 130 132 132 133 136 136 134 132 139 143 139 139 145 150 148 152 165 163 171 161 176 165 163 166 174 175 164 152 147 148 147 139 138 141 148 150 147 149 156 166 166 156 147 143 132 124 125 144 145 138 133 135 130 121 118 113 117 117 113 111 113 114 113 110 114 117 107  99  98 110 121 112 109 102  93 
215 217 220 221 220 218 216 215 211 214 220 217 213 196 172 143 105 105 104 109 107 112 119 129 143 150 153 147 138 134 135 136 124 124 119 110 108 114 117 115 131 143 147 158 159 173 170 170 160 163 165 163 159 153 148 144 136 132 133 138 141 138 141 147 165 160 150 144 142 128 117 117 131 126 120 121 122 107  92  93  98 101 102 101 101 103 101  99 100 116 116  99  85  98 117 129 121 124 107  84 
220 221 222 224 225 225 225 223 222 220 229 223 224 215 194 153 131 134 130 133 121 126 131 146 146 150 153 147 135 124 123 127 113 109 103 101 101 105 105 104 120 129 144 144 150 148 155 154 134 132 133 135 132 124 116 111 123 113 106 108 110 109 114 121 136 130 122 124 127 116 107 113 116 114 111 114 117 103  92  93 107 112 116 116 117 116 114 109 105 125 123 110  91 105 113 121 131 134 118 101 
230 230 229 229 229 229 227 225 233 228 239 230 234 225 206 154 146 146 134 140 127 137 135 148 146 142 142 146 139 127 120 124 126 117 110 107 104 104 110 120 111 120 146 125 130 104 119 119 107 104 105 109 105  98  95  99 108  96  87  91  96  97  98 101 128 119 110 116 119 106  97 108 104 114 110 106 111 112 104 101  99 111 122 126 126 125 123 120 125 137 130 129 106 110 107 119 129 136 128 122 
236 231 229 232 228 223 224 231 227 225 236 225 238 229 207 153 149 148 142 141 137 141 141 146 154 149 150 153 145 129 125 132 136 127 119 120 121 119 113 108  96 111 136 129 116  96 100  98  94 101 109 113 112 107 103 100  94  91  94 101 100  94  94 100 125 120 114 108 106 103 102 104 112 111 109 108 106 104 105 110 107 119 130 133 130 128 131 137 139 137 129 129 124 125 123 125 124 134 137 136 
221 221 223 225 225 223 222 224 224 224 223 221 223 223 188 140 152 151 149 145 142 140 142 142 150 145 146 147 138 127 129 142 141 135 131 131 134 131 119 109 104 114 129 131 118 110 111 108 107 113 120 122 121 118 110 101 104 103 107 112 110 104 108 118 145 140 128 116 111 113 113 110 120 116 116 115 107  98 104 116 119 127 135 139 136 133 132 133 135 129 122 117 121 127 132 131 128 139 145 135 
156 160 162 163 168 176 180 177 179 184 173 176 158 172 148 122 132 131 130 128 128 127 126 126 134 129 129 132 127 120 124 134 139 138 138 137 134 129 123 120 123 119 123 123 117 117 121 119 115 118 122 126 128 130 124 117 118 118 119 126 126 124 127 134 150 143 131 124 124 131 132 130 124 126 127 126 118 113 120 133 127 127 129 133 134 133 130 126 135 128 119 112 110 113 120 126 126 131 134 127 
143 135 131 134 138 144 152 159 162 164 156 141 122 132 140 136 124 123 121 122 128 131 133 133 133 125 121 125 126 121 120 121 133 138 141 140 136 132 131 132 140 130 128 127 120 120 126 125 119 123 128 127 128 130 129 126 119 121 126 133 135 132 131 131 132 131 128 124 128 136 142 143 136 134 133 131 125 124 131 140 136 131 126 123 125 129 132 134 136 131 125 123 120 119 123 129 133 128 130 135 
151 137 133 143 143 136 141 157 169 155 152 129 132 129 143 133 127 123 120 123 129 135 136 135 147 133 122 122 127 129 130 132 128 134 138 139 137 135 137 140 139 130 130 132 124 121 126 128 121 128 132 128 123 122 124 125 127 125 124 127 129 130 129 129 123 129 132 129 126 130 134 136 136 131 128 126 125 128 132 137 142 139 135 131 128 129 132 136 132 131 133 139 138 133 133 136 136 135 142 148 
125 117 120 130 130 121 127 142 148 135 134 129 136 137 139 124 132 128 124 128 133 135 131 126 142 133 125 122 124 128 135 143 127 129 132 133 132 131 132 132 130 120 122 128 123 119 120 119 118 125 129 128 125 126 130 132 134 130 123 121 124 128 130 129 119 125 129 127 126 127 129 129 125 126 128 128 130 134 137 139 137 139 138 137 132 129 126 126 135 130 133 140 142 135 132 133 128 133 145 146 
120 118 117 115 109 108 116 127 126 129 129 137 122 129 127 127 130 126 125 128 132 131 123 114 127 130 133 131 126 125 132 140 133 132 131 132 133 132 129 126 131 120 121 129 127 121 119 116 125 129 131 131 130 132 134 132 131 128 123 123 126 129 128 124 125 128 129 128 129 131 131 128 125 132 137 136 132 129 129 129 135 135 135 135 134 131 128 126 135 129 129 138 144 141 140 142 142 140 143 142 
122 117 116 117 110 103 107 116 115 126 126 125 131 133 128 128 127 126 125 127 128 128 127 126 131 132 131 128 127 131 137 138 136 137 141 141 136 129 129 133 121 122 126 129 129 127 122 118 123 131 139 138 131 127 130 134 134 123 123 130 130 131 133 129 133 132 131 129 127 128 134 140 129 132 134 133 130 128 130 133 129 127 129 136 139 135 129 126 129 132 135 139 139 136 134 131 141 149 150 141 
120 118 120 119 111 102 106 116 108 128 137 134 136 138 134 134 134 130 124 123 123 127 130 132 132 132 130 131 136 141 140 136 140 137 136 138 137 131 125 123 125 126 128 129 128 127 126 126 123 127 133 136 137 136 135 135 130 120 121 129 132 134 134 129 124 125 127 131 135 135 133 132 130 132 135 133 130 128 129 131 137 134 132 133 134 133 133 135 135 137 139 142 143 139 132 127 132 142 148 146 
119 118 118 116 108  99  99 107 105 133 146 139 134 135 131 130 139 137 135 134 133 133 133 131 135 134 132 134 142 146 140 131 133 127 125 131 138 135 128 123 119 125 131 133 131 128 127 128 131 130 131 135 141 142 138 133 126 117 118 124 129 133 134 127 132 130 130 131 135 136 133 128 127 129 133 133 132 131 131 132 135 131 129 131 132 132 132 135 134 132 134 134 137 140 142 142 138 146 150 147 
127 124 121 119 116 112 108 108 117 141 149 138 135 134 129 127 126 128 133 138 140 139 135 131 133 134 134 135 139 143 141 136 135 130 129 134 138 136 130 127 123 128 134 136 131 128 126 127 134 131 130 132 135 138 136 133 127 118 118 121 124 131 134 128 133 133 132 129 132 137 139 138 136 138 139 138 136 134 133 133 132 126 122 127 131 130 127 125 139 139 137 133 131 134 142 149 144 149 150 145 
131 127 124 124 125 125 123 121 122 138 141 133 132 131 128 130 129 129 130 132 134 133 130 128 127 133 136 135 134 139 142 143 139 136 136 139 141 138 136 136 139 140 138 135 129 127 128 130 128 127 126 126 128 130 131 131 128 123 124 125 125 131 138 133 129 134 137 134 134 138 137 133 133 134 135 134 135 136 136 136 140 131 124 124 126 125 124 123 131 135 138 137 133 130 133 137 135 141 147 146 
126 128 127 123 121 122 123 126 123 133 135 132 130 123 122 132 140 137 135 134 133 132 128 126 127 132 135 134 134 137 139 139 143 137 133 136 139 138 138 137 138 139 139 138 137 134 130 127 129 127 126 128 130 131 127 122 120 122 128 129 125 133 140 136 136 140 140 137 139 141 134 124 128 127 127 129 132 136 139 141 135 132 131 130 127 122 124 128 125 127 131 136 139 139 137 134 138 139 143 149 
129 129 129 124 116 120 127 129 126 136 138 136 133 122 122 137 134 135 137 136 135 134 133 132 137 140 140 136 134 135 134 133 146 138 132 134 135 131 128 128 126 129 135 139 140 136 131 131 136 131 129 132 134 132 126 121 117 121 131 130 129 131 138 134 135 138 138 136 141 148 143 132 134 136 136 134 132 134 135 135 126 128 132 136 132 125 124 127 135 133 133 137 144 146 142 138 143 146 147 148 
132 125 130 131 122 131 140 132 125 134 131 131 140 131 121 128 132 138 141 136 129 130 134 138 141 144 144 138 133 131 131 133 135 127 127 135 136 130 129 133 129 130 132 132 128 125 128 134 137 131 131 135 136 133 131 131 130 130 135 123 129 125 133 132 129 135 138 135 136 140 138 131 129 137 141 137 134 138 139 135 139 131 127 132 134 129 126 128 136 137 138 142 145 146 143 140 144 154 156 141 
123 124 134 138 134 137 137 127 124 126 123 131 146 139 124 121 124 132 136 134 130 130 132 134 131 133 134 132 129 129 131 134 134 125 121 128 134 132 130 130 128 128 130 133 132 128 126 128 130 129 131 137 138 134 129 128 135 139 135 128 120 123 127 131 131 135 134 128 127 131 132 129 143 142 138 134 138 145 145 137 138 131 130 134 135 132 133 137 138 141 145 147 149 149 149 149 155 157 149 137 
123 125 129 131 130 132 131 126 121 125 130 134 138 134 133 140 124 132 137 135 131 131 131 132 137 132 127 122 121 125 133 142 136 130 125 126 127 126 124 123 127 126 127 132 135 135 134 134 125 127 131 135 134 130 126 124 129 139 135 138 122 129 126 131 129 133 133 129 130 135 139 139 149 146 139 133 137 142 138 128 120 121 127 137 140 135 134 137 139 142 146 146 143 142 143 145 148 148 147 144 
124 128 126 124 127 128 124 122 121 124 132 134 127 125 132 140 133 138 140 137 132 131 130 129 140 132 125 122 121 124 131 140 129 130 128 124 123 127 130 132 137 132 129 131 133 131 128 128 131 135 138 136 133 130 129 128 124 133 129 134 119 127 123 127 129 132 133 132 133 136 137 137 138 140 138 134 136 139 136 127 117 118 126 135 136 131 130 136 136 140 142 142 137 136 138 142 146 146 147 151 
120 128 126 125 134 133 124 123 129 122 127 131 125 124 128 124 134 137 135 130 125 123 123 121 133 128 127 130 130 126 127 132 132 136 134 125 123 129 135 136 133 130 129 132 133 129 126 125 131 136 139 134 129 127 128 128 132 134 130 126 121 126 127 129 124 124 125 129 133 136 136 135 136 140 140 136 135 137 133 126 131 129 129 131 127 123 128 138 136 138 141 140 137 137 140 144 146 146 148 153 
119 127 122 120 135 137 131 133 142 128 130 132 122 125 138 138 141 142 138 130 123 123 125 125 134 127 126 134 137 132 132 138 140 142 136 126 125 135 139 135 126 127 133 139 138 133 128 128 122 130 136 131 125 124 125 124 130 129 133 123 132 128 132 125 133 128 124 128 134 136 135 132 132 135 133 132 136 142 137 128 134 132 133 133 127 122 126 136 142 141 141 140 138 138 140 141 143 145 150 153 
114 123 128 128 131 131 131 134 133 138 139 129 117 123 137 144 149 145 135 130 136 134 129 127 138 139 139 138 135 134 139 147 135 142 138 131 133 138 137 138 133 131 133 138 139 133 127 124 125 130 132 127 122 122 124 124 128 130 133 128 131 130 132 129 146 143 138 135 137 138 133 126 128 130 132 131 134 138 138 136 138 134 134 135 129 121 124 133 141 141 141 140 137 133 134 138 143 147 143 144 
122 128 135 132 128 126 130 135 128 140 142 133 127 132 138 140 146 143 134 135 144 143 137 139 139 142 143 139 134 133 139 145 139 143 134 125 127 129 129 133 133 129 128 131 131 128 126 125 122 127 129 126 124 126 127 128 132 136 137 135 135 138 139 138 146 147 144 139 138 137 132 124 136 137 137 135 134 135 138 140 137 137 135 133 131 131 131 131 131 133 138 141 139 135 137 141 151 152 142 142 
127 131 135 134 129 126 127 131 130 138 143 141 140 142 144 140 147 147 139 137 141 136 134 141 138 139 138 139 138 141 144 145 150 150 137 126 128 128 128 130 134 131 130 129 127 123 125 128 124 129 133 132 131 132 133 133 132 134 134 134 136 139 139 136 133 136 137 135 136 137 136 133 145 143 141 139 137 138 141 144 138 142 139 129 127 131 127 117 129 131 138 144 145 141 140 141 148 147 140 141 
119 125 134 138 134 125 121 121 130 136 141 139 138 140 143 143 148 144 135 133 137 133 132 142 139 138 138 140 144 148 149 148 145 146 138 132 136 134 130 132 138 137 137 135 130 124 126 131 138 141 141 137 135 135 136 134 134 134 132 130 131 135 135 133 131 134 136 138 137 137 138 138 143 141 141 141 140 137 139 143 142 142 139 132 127 125 124 123 138 138 142 145 144 140 138 141 143 143 141 140 
120 121 127 133 131 124 123 126 134 137 139 136 132 133 139 144 143 137 127 131 140 139 141 153 139 137 136 139 144 145 144 141 137 138 132 129 133 133 133 140 134 136 139 139 135 129 130 135 142 143 140 135 132 134 136 135 139 139 136 131 130 133 135 135 138 138 138 140 138 135 134 135 136 134 136 141 139 135 135 139 136 133 134 135 129 122 130 143 144 143 144 144 141 137 139 145 146 146 147 142 
126 121 121 123 123 123 128 137 136 137 137 134 130 129 132 135 139 135 129 134 140 134 134 149 136 135 135 137 141 141 139 136 139 141 135 132 132 130 133 145 132 133 136 138 136 131 131 133 137 137 135 131 132 135 137 136 135 138 138 134 129 130 133 134 133 130 130 135 137 135 135 134 132 130 132 137 137 131 132 137 132 131 131 129 122 118 123 133 138 141 143 143 137 135 141 150 146 142 145 143 
126 119 117 122 122 121 127 138 135 132 132 133 133 130 125 121 131 133 135 142 142 132 133 148 132 133 134 138 143 144 144 141 137 142 142 141 138 128 127 138 141 138 138 137 134 130 129 130 133 135 136 134 134 138 139 136 130 138 142 138 133 131 133 134 142 136 135 139 142 138 135 134 135 130 131 135 135 129 131 139 130 135 134 124 121 124 125 122 134 138 143 143 136 133 140 150 152 144 145 143 
134 117 114 129 119 136 130 125 126 124 129 127 132 138 131 127 127 135 133 144 138 146 133 130 129 137 130 134 144 143 138 131 127 138 141 143 137 131 134 132 138 131 145 120 126 129 126 125 127 126 133 132 129 130 134 147 140 138 135 131 128 128 129 129 133 138 138 143 139 130 135 137 131 121 137 133 137 125 128 142 142 133 132 114 126 119 125 135 128 135 147 139 130 130 134 145 129 139 149 150 
147 135 141 148 141 147 151 147 153 148 144 139 141 147 148 151 148 156 151 157 152 160 151 152 145 149 140 138 145 146 144 142 146 139 138 146 145 138 141 143 142 138 154 133 133 134 134 134 147 139 140 141 141 140 140 148 138 137 133 134 140 143 141 142 139 146 145 142 138 138 141 138 135 131 147 145 139 136 135 145 146 135 133 122 134 129 135 140 141 144 149 145 140 140 141 145 141 146 148 149 
180 171 181 180 175 166 180 172 183 180 175 177 178 179 187 191 178 187 181 180 180 184 181 188 181 184 181 175 181 187 184 190 190 170 170 180 179 181 181 183 178 174 187 177 174 178 186 182 188 178 173 179 182 177 180 181 180 182 174 174 182 182 175 178 178 182 183 178 174 180 176 173 176 174 181 183 166 182 179 183 185 178 174 172 175 171 177 177 181 180 177 178 178 177 179 179 175 179 173 170 
162 153 157 156 154 137 154 139 161 161 153 162 161 152 160 162 149 160 156 148 157 158 156 167 156 161 169 162 167 173 164 172 167 150 158 153 145 155 153 144 168 157 158 158 149 157 165 153 165 161 152 163 165 154 164 167 158 168 162 159 167 164 158 167 164 161 171 169 167 167 157 162 172 163 165 165 146 168 160 151 169 167 163 169 160 154 166 161 171 171 162 165 163 157 168 170 153 167 166 165 
150 143 138 146 142 129 148 129 149 146 131 145 144 131 146 149 134 148 142 130 150 145 143 154 142 144 158 148 152 156 137 143 147 134 155 142 128 147 143 128 155 139 131 142 127 137 147 127 142 143 131 145 141 125 141 145 128 144 138 133 143 138 133 150 142 139 157 151 147 148 133 141 143 131 143 148 133 148 138 118 141 143 134 152 136 133 149 138 152 156 140 146 140 128 147 150 125 148 149 146 
149 150 136 156 143 138 157 142 151 147 127 147 150 133 151 153 141 153 143 126 155 146 143 155 144 141 157 146 151 160 137 147 153 128 156 149 134 154 147 136 155 143 135 157 135 144 156 134 146 148 131 149 145 125 144 146 136 153 140 133 148 142 134 152 140 150 173 147 139 154 138 137 141 123 150 151 142 144 149 131 148 146 130 158 140 142 156 136 149 154 138 151 147 132 152 152 139 162 156 148 
147 151 131 156 137 136 155 142 151 151 129 150 151 132 150 146 136 149 142 123 147 142 136 149 138 133 153 135 145 161 142 149 153 130 152 150 133 148 138 132 156 145 135 159 134 139 150 129 140 146 128 147 148 128 146 144 139 152 142 134 153 150 139 157 141 154 177 142 131 153 136 132 151 129 153 153 135 139 148 132 155 147 127 154 142 140 157 136 144 154 133 152 150 139 158 156 138 156 149 141 
146 150 129 152 138 135 158 142 146 157 136 149 147 134 156 148 127 147 151 137 145 148 132 147 135 133 163 136 145 160 144 140 141 140 147 147 127 147 142 136 153 144 127 154 135 138 151 136 134 151 127 144 150 139 154 150 142 151 148 138 151 151 136 154 144 146 170 144 136 151 132 138 154 133 145 155 130 154 153 136 148 143 125 146 139 125 154 142 142 161 129 149 144 142 155 156 138 150 146 144 
143 144 131 145 137 127 158 142 138 153 137 150 152 135 156 150 134 155 155 142 156 156 138 153 127 131 160 146 140 155 133 142 152 141 145 145 125 146 142 133 147 142 133 155 133 132 152 141 143 160 124 143 145 140 153 155 140 148 140 131 151 152 136 153 131 138 166 140 134 153 136 142 159 137 148 144 134 146 151 138 149 145 131 151 140 123 149 136 139 157 127 147 152 143 152 149 136 150 144 141 
148 146 139 146 142 120 155 139 130 148 131 141 155 135 157 152 127 149 146 133 152 151 131 152 129 130 150 144 131 153 130 149 149 134 144 152 132 152 145 129 152 145 139 155 134 127 150 138 142 164 127 149 150 141 143 146 134 146 138 128 152 153 135 159 134 140 165 139 135 156 136 136 158 138 155 145 143 142 142 123 154 149 133 153 143 126 151 136 136 156 128 144 154 137 145 146 132 148 138 135 
141 139 135 147 143 119 154 138 138 152 131 132 156 128 148 144 121 146 140 126 147 144 126 156 132 128 144 139 130 152 125 139 152 130 144 156 133 153 148 129 158 145 140 152 141 129 153 135 131 160 127 145 155 141 144 150 131 152 142 126 146 140 121 152 141 143 163 137 136 161 137 132 150 129 152 148 146 148 151 126 155 147 127 148 142 128 152 136 139 163 136 144 158 131 144 154 132 152 139 131 
137 134 123 141 132 113 140 127 129 147 128 124 154 122 143 142 114 143 137 121 142 134 114 152 126 122 143 131 130 146 118 118 153 125 137 148 119 138 139 122 150 135 132 143 139 127 153 133 127 156 127 129 150 124 138 148 120 146 137 120 143 135 114 149 131 135 154 127 127 154 132 127 153 121 142 145 126 140 149 120 147 141 123 143 136 123 149 135 132 157 131 134 155 122 138 152 119 147 138 131 
140 135 112 142 125 116 142 134 117 147 134 124 155 111 137 143 107 145 141 124 145 129 104 148 123 119 147 119 128 145 125 120 144 113 132 147 111 129 129 105 139 124 125 136 134 119 150 128 115 147 126 116 151 110 134 145 113 140 126 111 142 132 105 140 117 126 150 117 113 141 125 124 152 109 131 146 102 130 138  98 131 133 122 143 129 110 141 130 117 142 116 121 153 115 129 144 103 144 137 128 
172 172 164 182 168 178 181 178 172 180 177 177 187 172 175 174 174 186 184 175 178 175 168 180 169 171 182 170 172 177 173 172 173 164 169 171 156 158 162 160 173 162 168 160 159 150 171 164 156 166 170 157 174 156 172 174 160 167 171 154 161 166 151 164 151 162 166 159 147 164 157 158 167 151 159 163 142 152 156 140 157 157 154 160 155 150 160 158 149 158 148 142 168 151 155 160 142 152 156 146 
198 203 201 211 208 221 211 208 216 213 215 220 221 222 217 214 218 219 219 215 211 213 214 211 220 226 227 223 214 205 202 201 196 198 197 195 194 194 200 207 210 200 207 198 201 196 209 208 212 211 220 208 213 209 217 213 206 207 222 212 208 217 208 211 203 205 196 205 196 207 202 202 202 200 200 198 198 200 202 199 202 202 202 200 200 202 204 208 205 206 211 199 211 205 210 209 205 202 208 202 
220 226 218 226 233 240 228 225 230 233 236 235 234 234 235 237 229 232 234 231 230 231 231 229 232 238 242 237 226 215 210 211 209 212 213 211 208 209 212 215 226 212 213 210 210 207 219 222 232 233 236 228 232 226 228 223 221 221 230 227 226 229 223 226 224 212 204 214 215 226 223 218 222 221 218 215 216 220 218 213 220 221 219 216 213 214 220 226 222 224 235 227 223 219 230 225 227 230 224 223 
190 195 191 195 209 216 212 211 216 221 222 218 214 217 220 223 220 223 223 220 218 219 220 220 221 222 222 221 215 209 207 209 200 208 212 207 200 200 207 213 215 207 207 209 205 210 225 234 234 235 236 233 234 232 228 222 232 228 229 229 227 224 226 232 223 204 204 215 217 224 226 217 228 233 228 221 226 230 226 224 232 232 229 225 224 225 228 233 231 229 239 237 226 233 242 233 238 241 229 232 
125 124 126 117 115 114 121 119 112 116 116 112 112 118 123 124 128 130 128 122 119 119 119 117 133 125 121 123 125 121 120 120 121 135 143 137 128 132 144 152 141 142 144 145 132 139 145 147 143 148 148 153 151 157 152 150 144 145 147 159 156 143 149 157 158 140 148 153 152 157 164 146 154 168 165 154 160 162 160 166 167 168 169 170 170 169 171 171 186 183 179 174 162 175 176 164 165 172 170 180 
139 130 139 111  74  55  70  60  61  61  58  54  60  70  71  66  66  70  71  68  65  65  63  62  71  66  66  75  80  76  72  72  79  93  99  92  83  84  89  92 106 110 101  93  73  84  80  70  79  88  87  93  86  96  92  93  87  94 100 124 120  99 110 121 121 103 116 112 113 122 136 106 102 126 120  98  92  86  81  92  90  99 108 111 107 102 103 105 130 131 111  99  89 101  93  88  90  99 108 111 
150 141 163 135  86  64  90  79  75  72  65  61  68  78  75  65  60  68  75  79  81  82  81  78  83  83  91 102 102  91  83  83  92 103 108 103  98  98  95  89 100 101  83  76  68 103 107  97 106 114 110 116 102 111 105 107  91  98 104 130 125 102 120 137 131 112 126 119 126 141 160 124 115 143 134 104  89  76  70  84  71  87 103 104  92  81  80  85  97 109  86  78  76  94  88  95 104 106 109  88 
122 120 126 118  90  72  78  87  77  80  79  75  71  72  76  79  60  57  72  86  84  87  91  81  83  94 100 104 108 103  97 101 115 102 100 101  97 106 108  92  92  96  85  75  85 104 114 120 121 115 112 114 117 116 112 107  95  89 110 133 136 104 129 145 137 121 115 117 124 114 140 123 112 128 119  99  82  78  86  79  75  79  92  88  81  77  73  86  85  87  88  84  95  93  83  98  99 107 104  90 
112  99  98 101  85  72  75  81  83  82  79  78  78  76  71  66  67  62  72  77  66  67  73  64  66  66  70  84 101 103  97 101 102  91  92  90  81  87  91  78  75 102 110  98  92  96 102 108 100  96  95  97 101 102 101 100 106  96 102 110 108  87 112 122 122 115 102  97 104  95 108  95  99 124 129 120 100  87  93  90  86  93 101  88  80  79  85 114 131 106  92  82 107 100  82  85  93  90  99 107 
138 107 101 123 141 143 140 136 134 129 126 130 133 130 121 114 120 116 124 121 106 109 123 123 124 122 118 119 113  96  90 102  89  91 108 116 106 107 110 100  96 125 134 121 116 120 121 120 110 112 114 113 114 114 114 112 115 111 105 101  93  84  98  93 102 118 114 106 114 106 100  89 126 150 159 155 127 102 107 111 106 121 127 109 100  94 100 136 175 135 108  88 116 102  89  94 102  85  96 113 
168 134 126 153 177 182 175 167 177 172 171 175 177 174 169 167 165 163 168 158 139 145 164 167 166 168 165 155 133 105 106 129  91 102 133 154 150 151 156 149 150 164 160 147 148 154 152 148 153 158 161 161 161 157 149 141 148 155 146 136 122 122 127 108 111 144 155 152 156 153 134 128 154 172 178 180 159 136 142 147 140 151 157 142 133 126 125 154 194 151 120  94 116 108 101 113 124 107 113 121 
190 174 173 183 183 179 181 181 184 179 178 180 178 173 174 179 175 175 180 167 145 152 173 176 177 177 172 168 161 147 148 166 138 140 160 173 164 165 172 169 158 170 171 164 164 164 166 172 174 178 181 184 187 183 164 146 171 184 169 155 136 148 158 142 147 171 183 180 174 179 160 158 166 182 190 200 191 175 177 175 177 175 182 174 164 164 166 181 198 161 123 107 125 132 116 125 146 138 144 151 
199 190 187 186 182 185 192 191 189 182 178 182 181 176 177 183 183 185 190 178 156 165 185 187 193 192 183 178 180 177 174 182 179 166 172 175 163 164 174 172 155 164 169 175 178 170 169 179 178 179 179 183 190 186 160 130 162 181 165 153 130 156 177 174 186 184 191 189 171 185 163 156 164 181 188 196 190 180 181 172 183 167 185 184 167 172 179 179 185 177 146 142 143 167 143 157 161 157 157 166 
204 194 188 187 190 198 200 195 194 187 183 186 187 185 185 190 190 191 196 185 165 170 185 185 189 189 190 180 180 178 184 187 178 171 174 176 168 169 178 180 180 175 173 181 185 177 171 178 189 186 179 182 190 189 154 132 159 176 168 160 145 176 200 193 203 194 194 194 182 188 162 152 177 190 192 195 190 186 188 182 184 174 192 194 176 178 183 180 180 188 173 174 164 182 170 187 170 154 154 168 
197 196 193 192 193 196 199 202 196 195 194 193 191 191 193 196 195 194 196 190 178 180 192 196 194 185 200 188 184 178 196 184 180 184 186 182 177 176 179 186 184 176 173 175 176 175 178 183 195 189 180 185 190 191 137 132 175 175 165 155 155 190 210 187 197 203 194 191 200 185 165 162 180 187 193 194 189 185 184 184 184 192 195 190 185 181 183 186 189 187 187 185 182 178 182 186 171 143 156 180 
198 196 192 188 190 199 204 205 193 193 195 196 194 190 191 195 197 192 192 186 177 181 195 201 193 184 193 183 178 178 193 184 188 184 180 177 174 174 179 186 179 175 173 174 176 179 185 192 191 190 185 192 196 183 128 115 183 178 157 148 149 197 214 203 206 208 201 195 194 180 161 156 170 184 200 203 195 188 188 191 186 194 199 197 193 190 190 189 190 194 196 194 189 185 183 182 166 143 155 180 
191 201 206 203 201 207 208 205 195 193 194 198 198 192 188 188 190 189 193 191 181 181 194 202 190 181 184 174 162 170 191 192 194 187 182 184 181 171 169 173 183 181 177 176 179 186 192 194 198 197 189 191 197 184 153 151 180 176 154 145 147 198 206 205 206 206 202 194 186 171 154 147 167 181 196 202 196 188 187 193 185 188 189 185 184 188 188 184 189 187 182 179 182 185 187 184 162 147 158 177 
195 215 226 218 211 214 217 214 209 201 200 208 211 203 193 189 193 197 209 213 199 194 205 214 211 203 196 182 157 169 195 205 192 186 191 201 198 180 168 168 188 186 182 178 184 195 198 194 217 218 206 204 213 203 205 219 207 200 177 150 148 188 190 199 206 200 197 193 187 185 183 179 176 179 185 191 190 185 184 188 196 180 161 161 183 204 200 182 186 172 161 164 175 183 183 182 173 166 173 181 
206 225 232 216 206 213 219 216 213 204 204 214 217 206 195 192 194 198 212 219 208 203 214 223 219 213 205 194 166 184 206 217 207 201 206 218 211 186 170 171 200 201 195 187 190 203 210 205 228 228 216 212 226 213 232 249 243 224 203 153 164 194 204 221 228 214 207 204 199 207 215 212 195 189 187 192 193 189 189 193 219 185 150 154 197 234 227 201 190 172 164 175 188 189 186 188 196 191 191 192 
217 233 233 214 210 220 221 210 207 203 207 216 214 202 195 199 193 187 195 205 202 203 215 223 217 213 204 205 179 196 207 211 220 208 210 221 213 188 179 187 207 214 208 188 183 196 209 211 231 226 207 202 225 209 234 248 245 216 202 141 171 197 211 229 237 221 217 218 212 218 223 211 206 196 191 194 194 191 195 203 203 179 147 142 175 215 224 210 195 172 167 184 194 188 190 203 215 206 195 191 
226 236 242 225 206 212 222 213 204 201 205 218 216 204 196 199 196 193 195 199 197 202 217 230 223 205 206 200 182 199 210 206 210 211 208 220 208 198 187 202 212 215 200 191 180 197 201 204 231 226 204 209 214 200 228 242 238 211 194 138 177 194 208 225 236 222 220 225 222 222 222 215 203 202 200 200 198 193 185 179 167 156 145 145 150 157 166 175 184 175 168 187 198 188 196 213 216 203 201 196 
234 242 242 224 204 208 218 215 211 205 209 219 219 202 189 186 191 191 198 201 199 207 223 233 224 200 199 184 173 196 210 204 209 217 210 219 204 196 185 202 216 217 199 191 177 193 196 202 228 222 204 219 217 207 235 250 241 215 184 137 185 201 212 232 241 229 222 218 216 223 226 220 205 207 202 197 198 192 162 127 127 139 152 159 159 153 139 128 147 159 166 192 205 194 198 206 213 197 197 192 
232 244 239 223 217 216 214 216 208 203 208 220 224 209 194 187 188 186 199 207 201 214 232 231 226 207 203 186 182 208 215 204 213 220 218 222 207 195 189 207 218 220 207 192 176 189 199 211 226 220 205 224 226 215 241 253 246 218 173 136 195 210 216 237 241 235 230 222 218 224 222 206 198 201 199 199 211 208 166 115  87 101 121 140 155 163 159 151 145 165 170 181 184 171 172 173 157 168 185 170 
216 232 229 219 218 213 208 218 206 199 200 214 222 215 200 190 190 188 199 203 198 214 231 226 218 204 199 184 188 212 211 197 202 209 214 217 210 194 193 209 212 209 199 187 181 190 201 209 217 217 206 224 225 212 235 246 244 219 169 148 205 216 218 239 240 230 227 228 223 222 220 212 209 206 199 196 195 181 148 115  98  92 104 126 132 123 123 135 148 171 169 163 152 135 130 124 107 139 168 149 
222 230 223 211 206 203 210 229 220 208 202 212 223 220 206 193 193 197 201 198 202 221 234 232 217 200 187 170 177 200 196 192 190 194 201 204 207 191 190 202 208 196 186 179 188 192 196 193 194 207 201 211 203 189 210 216 221 197 154 156 202 208 212 227 237 224 228 237 229 213 208 208 195 178 160 145 127 108 103 107 108 117 134 148 141 118  99  93 109 132 133 133 134 131 135 130 141 156 165 156 
246 238 227 217 205 208 226 243 234 220 212 222 237 239 224 209 199 216 211 202 221 239 244 249 235 212 191 175 185 202 202 210 198 193 196 198 213 198 199 205 217 199 190 184 203 203 202 190 203 232 231 227 207 191 213 213 204 174 138 160 194 197 203 206 218 214 223 230 208 177 160 152 128 114 103 102 104 110 127 146 144 151 160 163 156 139 116 100 102 112 100 101 115 129 150 156 170 180 183 182 
253 234 229 225 212 216 234 241 243 228 219 228 244 245 228 210 202 227 216 204 230 246 243 252 239 217 198 188 200 213 212 226 205 194 195 196 220 209 212 215 225 203 196 191 216 213 213 198 196 238 245 236 213 203 229 229 215 176 141 174 198 201 207 197 190 187 187 174 146 126 118 112 102  99 101 116 139 163 175 178 176 155 147 156 153 130 114 112 125 124 101  96 104 108 118 119 142 154 164 180 
