 60  61  52  39  41  56  65  63  57  58  56  53  56  62  63  60  58  48  34  44  66  62  50  55  65  66  66  60  51  49  61  76  66  66  68  68  65  69  69  58  52  54  53  54  63  77  83  83  85 100  94  77  70  60  50  55  53  38  36  51  56  49  55  71  65  49  53  68  63  58  59  55  57  56  67  69  58  60  64  55  52  48  34  26  37  54  51  35  42  62  55  51  69  62  44  52  64  43  35  41 
 58  54  44  35  37  45  50  47  45  52  60  60  58  52  44  37  41  42  36  41  56  54  47  53  53  55  56  53  49  48  55  62  72  68  72  74  69  69  69  62  56  61  64  64  66  71  73  73  69  75  67  51  47  53  58  59  54  41  42  60  73  71  68  71  75  57  55  67  66  55  58  72  62  58  64  63  49  50  61  65  60  53  41  34  38  45  43  33  33  56  58  53  61  62  50  45  46  33  29  37 
 56  48  43  44  45  45  43  45  37  48  59  60  53  43  34  27  36  46  49  50  53  51  47  49  51  54  53  53  54  56  57  54  64  58  64  72  71  72  75  73  47  53  57  55  54  62  74  85  76  75  70  54  41  53  64  55  59  53  51  61  73  73  60  47  61  54  48  57  66  56  56  77  79  68  63  56  39  33  47  61  59  51  46  46  44  40  39  42  42  51  55  46  40  48  50  41  39  35  29  27 
 52  50  54  59  55  47  47  53  46  53  62  64  58  48  41  38  35  45  54  56  52  49  44  38  46  50  52  53  61  71  71  65  67  56  58  66  69  70  70  63  44  46  46  40  37  47  68  86  77  77  80  66  46  53  65  57  56  56  56  58  65  66  54  40  47  52  44  44  63  69  65  73  81  67  54  47  39  32  41  56  59  53  53  60  60  50  51  60  60  46  47  43  28  30  45  46  40  41  33  23 
 55  57  62  63  55  45  47  54  54  56  62  68  66  55  44  38  36  40  53  59  53  50  49  41  47  56  58  54  59  70  72  63  66  58  56  58  59  64  61  48  46  46  47  44  42  47  63  79  79  79  80  67  48  45  57  62  54  57  57  55  54  57  54  49  55  57  45  36  52  73  76  71  84  72  54  48  52  49  48  57  67  60  59  67  66  56  56  65  66  46  48  56  44  39  51  58  52  52  44  33 
 65  65  63  57  50  46  50  56  61  54  54  61  66  58  46  37  43  39  54  64  53  50  58  59  50  65  70  62  59  67  68  59  61  63  66  60  56  65  67  54  56  52  52  53  53  56  66  77  84  83  78  71  60  45  46  63  58  59  58  53  50  51  54  55  61  54  48  42  47  67  78  69  78  75  57  49  59  60  56  63  63  50  42  43  42  38  40  45  54  41  42  48  46  44  50  55  64  55  46  42 
 72  72  67  58  54  56  61  63  67  58  50  63  72  69  55  53  54  48  56  67  54  47  58  65  48  66  73  64  63  75  78  70  71  77  80  70  60  68  72  60  67  65  56  52  59  62  65  73  78  81  75  73  73  55  48  67  58  61  57  58  55  56  56  65  60  50  52  56  58  67  75  69  62  61  47  40  53  62  61  62  70  58  42  38  42  39  38  42  54  52  49  51  52  50  52  58  61  50  42  44 
 64  72  72  62  61  68  68  58  56  57  45  68  76  74  53  65  61  57  49  61  63  56  56  62  56  63  63  57  58  66  70  66  69  69  70  65  58  62  65  56  56  69  56  45  65  70  59  63  75  85  80  72  72  60  48  53  63  72  57  62  54  53  44  67  62  55  52  58  63  61  57  60  56  51  43  39  49  62  62  52  57  58  44  42  54  50  40  46  51  53  53  55  54  41  37  50  56  56  56  56 
 46  58  56  46  53  71  67  47  37  40  36  53  64  71  63  73  69  61  51  54  69  68  65  66  69  64  67  74  72  63  62  68  68  71  75  71  63  68  73  66  58  74  69  62  71  70  61  66  81  96  94  85  87  83  66  55  78  84  75  78  70  69  67  86  74  70  68  71  70  65  66  71  67  68  66  63  69  79  83  79  73  78  74  73  80  79  75  80  88  91  91  94  96  87  83  91  98  98 101 105 
 89  95  92  88  98 115 116 103  97  98  98 110 127 144 145 146 134 131 137 131 142 138 138 144 138 131 133 142 143 134 136 146 141 142 144 137 127 133 140 137 133 148 148 141 142 140 137 144 145 153 152 146 148 153 148 142 137 142 144 148 141 136 138 153 148 148 152 155 151 145 151 161 156 159 159 152 150 155 160 161 161 165 162 156 158 162 165 167 155 163 166 172 176 171 164 167 175 175 173 171 
188 183 179 179 184 190 198 204 200 195 191 190 206 221 220 200 124 138 193 200 204 194 202 212 200 199 196 193 191 193 197 201 197 196 197 189 183 192 204 203 200 206 205 197 192 190 193 201 198 194 194 192 187 188 195 200 198 195 199 193 181 171 181 193 197 197 199 200 193 184 188 198 202 203 200 192 185 186 191 196 198 201 203 200 200 206 204 192 193 201 198 193 193 190 185 189 198 198 197 192 
222 215 212 213 212 209 216 228 221 214 213 201 213 226 221 185  63  74 175 207 207 194 202 201 200 203 201 193 192 199 203 201 199 196 193 185 180 191 201 198 206 204 202 195 187 185 189 192 193 187 194 199 190 190 199 201 205 194 200 186 173 164 188 200 198 197 198 199 195 188 190 198 200 200 197 193 190 190 194 198 201 202 207 207 201 195 168 128 188 198 193 180 179 182 184 190 186 189 191 191 
212 214 215 215 216 215 215 216 215 211 217 197 205 215 212 165  51  37 154 199 205 196 207 189 192 196 199 198 197 196 196 195 198 192 190 186 185 197 205 197 203 197 199 200 194 192 192 187 191 189 196 196 188 198 206 192 198 188 202 191 180 172 198 208 200 194 192 196 197 193 192 196 191 189 190 193 195 197 196 196 188 187 196 204 203 195 153  92 170 188 193 187 185 187 189 192 186 183 181 183 
207 221 226 218 216 222 222 215 210 213 216 203 203 207 200 175  77  35 133 203 197 194 196 190 191 191 192 196 197 195 192 190 188 191 193 189 193 201 205 199 196 189 188 194 195 191 189 189 185 186 190 190 189 193 193 185 195 188 201 191 184 164 208 213 203 201 200 199 194 188 194 203 194 188 189 196 199 196 193 195 184 191 197 203 210 205 164 112 148 187 195 180 185 191 186 186 179 176 177 183 
199 213 219 214 211 215 213 205 208 213 217 209 200 201 194 176  91  48 115 197 193 191 184 186 188 187 187 189 191 192 191 190 188 196 199 195 194 200 200 196 191 185 183 188 188 184 186 193 184 184 185 187 188 185 180 177 191 188 203 194 182 150 201 218 208 204 201 196 188 182 184 190 190 188 185 184 186 188 190 191 195 200 201 203 206 187 136  86 107 169 196 185 182 179 171 173 167 166 166 167 
199 202 203 201 197 196 196 195 199 201 216 212 193 193 189 158  59  37  75 161 177 182 175 177 175 175 173 170 167 165 165 167 170 182 193 197 200 204 203 197 179 174 168 164 156 149 151 158 159 157 158 162 166 168 164 160 165 158 175 178 174 146 182 203 205 195 185 178 171 163 154 150 147 155 154 147 146 155 159 155 160 159 164 178 184 163 117  77  89 136 156 144 133 124 116 120 119 120 115 111 
146 143 139 135 132 135 147 159 163 156 165 156 130 136 137 102  38  32  36  96 112 112 100 102 102 104 105 104 100  98  98 101 103 112 122 132 140 143 136 127 115 110 103  99  91  84  82  84  96  94  94  98 105 107 105 100  99  88  95  98 114 104 114 116 114 109 103 100  96  91  85  79  76  82  86  86  83  83  83  82  85  83  89 104 109  99  84  75  77  86  78  69  72  74  68  64  67  66  64  66 
 79  79  78  76  73  75  89 103 122 117 125 121 105 114 106  64  38  40  32  46  60  67  65  68  60  62  67  67  66  65  65  65  65  61  59  61  70  73  68  60  67  64  63  66  69  68  66  64  73  72  70  71  72  73  70  67  66  65  67  58  70  73  66  61  64  66  68  68  68  69  69  66  73  68  70  75  73  66  66  73  69  66  66  67  63  61  75  93  85  73  61  61  69  74  71  68  74  67  66  70 
 82  84  83  80  78  78  79  81  91 101 119 130 138 144 114  63  50  55  65  38  58  75  76  70  76  76  76  75  75  72  69  68  80  74  68  68  72  76  77  77  71  73  73  76  78  79  77  74  75  76  76  76  77  76  79  79  69  76  81  68  74  81  68  78  74  77  77  74  73  75  74  71  79  74  71  74  73  71  72  76  76  72  72  73  72  77  97 118 112  91  78  76  72  69  72  76  77  74  74  75 
 92  91  87  85  88  91  89  83  82  87  87  91 109 120  92  47  61  69 106  63  90 109 104  83  85  83  81  83  86  87  87  86  86  87  88  90  89  87  86  89  85  89  92  90  87  86  86  85  81  83  85  83  82  82  85  88  86  83  85  81  89  93  75  93  87  88  87  85  86  90  87  81  91  96  97  95  97 102  98  90  95  93  92  94  98 103 110 119 123 104 100 109 107  99  96  95  92 101 108 108 
119 128 118 119 115  99 108 126 128 113 116 118 103  98 104  99 115 111 127 106 112 121 134 131 124 126 125 119 112 111 117 126 126 125 125 123 115 109 112 121 116 124 131 121 104 101 104 100 111 118 117 114 117 116 112 115 124 117 127 126 130 109 114 123 131 133 128 138 125 123 104 100 108 133 136 160 156 150 133 124 111 139 148 145 150 145 132 130 120 137 146 160 158 141 129 112 107 124 144 156 
160 169 157 146 134 129 149 161 172 175 157 134 128 125 127 138 152 140 140 108 102 110 124 126 147 154 151 134 117 116 123 129 149 147 142 130 115 109 120 133 152 147 143 129 109 106 117 120 140 154 161 158 152 141 134 139 156 163 169 163 150 135 134 136 168 170 158 153 132 129 114 109 128 148 158 192 189 171 153 149 136 156 170 178 183 167 144 138 133 155 166 175 171 152 136 110 112 127 148 166 
162 168 168 164 148 149 170 167 176 191 173 148 145 140 135 146 145 138 141 114 103 115 129 136 134 143 146 135 123 119 125 131 141 141 139 132 125 125 135 146 144 140 141 136 119 115 129 142 141 154 162 165 165 157 150 155 157 168 168 172 158 159 153 155 157 157 152 151 139 132 121 119 140 161 163 169 162 168 174 167 164 177 167 147 151 168 171 163 158 165 152 149 156 160 152 123 119 133 146 149 
136 140 155 176 171 167 181 173 144 147 158 161 152 144 142 140 132 135 144 128 114 129 140 148 131 128 131 139 137 128 128 136 137 134 132 134 138 143 144 143 128 132 145 146 127 117 128 142 156 149 141 148 165 168 160 160 162 156 145 164 162 170 160 167 144 130 131 143 143 125 116 121 145 168 168 150 141 161 186 173 160 177 170 141 139 168 179 164 168 175 156 144 148 159 156 128 132 142 147 138 
136 138 150 177 179 168 176 176 150 134 149 164 148 139 139 126 122 125 132 125 111 132 134 139 134 120 118 130 137 132 130 134 127 125 123 126 134 140 138 132 124 127 137 134 116 111 123 133 153 136 121 132 157 165 157 154 171 152 140 157 163 163 157 164 148 124 119 124 129 110 112 124 134 144 163 170 163 153 165 146 131 139 156 167 162 160 158 149 148 171 164 142 123 124 136 128 123 126 128 128 
123 140 142 150 153 143 149 155 160 150 139 133 129 121 107  96  96  94  97 104 101 128 117 109 103 101  99 104 113 115 105  91  91 104 118 123 123 124 122 119 111 110 111 106  97 105 120 123 123 122 123 137 154 151 145 149 155 147 149 147 149 138 140 142 133 118 113  98 103  94 112 123 120 119 144 161 164 144 143 103  50  58 106 157 165 149 134 122 125 147 136 101  67  60  85  95 110 106 104 107 
 93 113 115 119 120 113 121 134 129 128 107  95 104 101  80  71  75  73  80  88  96 122  98  79  74  82  84  80  84  86  69  42  58  84 107 115 112 109 109 111 105  95  88  78  85 104 120 113  93 104 118 130 132 120 114 122 128 132 139 128 124 110 112 108 108 103 101  83  82  81 101 109  97  90  97  99 108 106 105  68  52  54  75  95  97  98  92  79  72  87  82  67  54  53  68  74  86  81  72  68 
 68  65  71  78  73  66  73  89  80  73  67  68  71  70  62  51  55  55  67  59  74  95  72  54  50  55  56  51  53  56  46  31  36  50  58  65  77  87 101 116 102  68  52  47  80  94 104  84  63  68  74  80  81  74  71  77  72  73  73  74  73  71  65  59  69  61  57  58  57  56  63  74  71  60  49  49  52  54  52  56  51  58  57  50  48  52  53  49  50  52  48  50  59  61  55  56  72  66  53  45 
 56  60  62  60  57  58  61  64  65  65  63  62  60  62  66  68  68  58  58  53  63  75  63  55  54  56  57  56  54  55  55  54  54  57  52  49  58  71  87 105 105  68  55  66 101 112 107  81  58  63  52  44  54  57  51  54  55  55  53  49  48  50  51  50  53  49  47  50  53  52  51  51  48  44  42  41  39  39  43  48  49  48  50  54  53  53  59  69  57  55  46  44  53  57  56  60  74  69  55  47 
 62  62  61  61  61  61  62  62  57  60  63  64  61  60  66  73  70  60  58  59  61  61  59  64  55  56  58  58  52  45  49  58  68  69  64  61  64  59  56  60  65  60  57  54  78 110 115  88  84  90  64  39  48  57  54  55  63  64  62  59  60  64  63  59  56  56  56  58  60  58  53  48  41  40  39  36  32  30  37  46  51  48  49  56  62  64  62  62  53  52  47  49  59  56  48  48  64  58  48  48 
 63  52  50  60  60  51  49  56  57  57  59  62  58  49  45  47  47  45  48  61  60  49  56  67  54  54  59  61  53  43  43  53  62  64  63  67  71  60  49  50  45  50  49  45  51  80  85  67  63  77  65  43  46  58  57  53  54  64  70  69  70  72  67  59  61  65  64  58  54  55  52  46  57  53  48  42  35  30  32  36  53  49  43  44  60  74  68  50  53  53  49  52  59  51  40  40  68  57  42  46 
 67  55  54  63  62  50  47  54  62  60  62  68  67  59  52  51  46  48  48  65  63  45  52  59  66  65  64  61  53  45  42  46  63  60  55  58  64  60  58  66  61  52  48  62  60  67  61  57  38  54  66  63  60  73  74  57  55  71  80  72  65  67  75  77  69  73  67  54  50  54  53  48  58  56  56  56  50  43  40  42  52  47  37  35  51  71  70  56  61  59  54  54  57  48  40  45  61  49  34  37 
 61  58  58  59  59  55  53  53  68  60  57  63  62  54  51  53  48  45  36  57  62  47  54  50  56  52  46  41  40  41  44  47  58  54  47  50  56  51  50  62  63  64  59  65  45  56  52  50  45  48  70  74  61  74  79  50  48  91 122 114  90  75  74  76  74  75  64  49  47  59  57  45  42  49  58  63  57  47  41  41  38  35  34  37  43  49  53  57  55  54  51  54  54  40  33  41  38  37  32  32 
 44  54  53  60  53  56  49  57  55  57  58  57  55  53  52  50  40  47  42  46  56  53  54  60  42  41  35  34  47  66  69  60  56  53  49  48  47  46  49  56  67  71  67  65  56  52  48  54  59  55  63  64  54  59  66  56  46  84 147 177 155 129 113  97  85  70  62  50  58  52  53  46  42  44  55  65  58  41  34  39  34  41  44  42  42  47  50  51  44  53  56  50  46  44  40  36  40  47  42  37 
 55  60  50  58  55  63  53  60  57  56  57  59  59  56  51  49  50  51  42  45  69  74  56  45  40  40  37  39  57  78  77  63  56  56  56  53  49  48  52  57  81  77  68  63  61  49  48  62  67  56  55  58  50  47  56  64  52  54 109 172 181 167 158 147 140 114  93  60  52  37  52  60  47  51  58  62  56  48  47  52  39  47  50  46  48  57  59  53  44  57  59  49  43  46  46  40  45  55  49  40 
 54  64  59  63  64  71  60  59  64  56  55  62  65  60  57  58  54  53  43  50  78  88  68  43  48  50  49  48  57  67  62  49  58  62  64  61  53  49  49  51  79  78  70  61  55  46  47  59  62  47  48  57  52  46  53  63  61  49  78 128 152 163 174 177 182 174 159 122  90  60  59  62  49  56  61  57  51  49  50  51  47  50  51  48  49  52  50  45  43  54  57  48  43  46  51  50  44  57  56  45 
 42  60  63  57  60  66  63  61  68  69  70  70  66  61  57  55  48  56  57  51  54  62  60  52  52  60  64  62  58  56  52  47  49  52  52  48  45  45  45  43  53  58  58  55  50  39  35  43  50  38  38  48  49  49  49  45  61  64  75  85  94 120 148 157 177 189 196 182 151 112  79  60  57  54  55  54  46  35  35  42  47  48  49  46  43  43  44  45  39  51  56  50  44  48  53  54  46  55  54  42 
 45  65  73  64  78  82  73  55  59  66  71  69  65  61  54  48  43  52  60  54  43  46  53  52  44  56  68  67  55  45  45  50  50  51  46  38  39  45  48  47  47  54  54  51  49  40  34  39  44  34  30  33  43  61  64  50  70  68  69  71  73  82  97 109 132 148 162 171 162 148 112  86  71  52  43  49  43  28  31  48  48  47  47  48  44  42  47  56  45  52  55  50  45  46  48  48  46  46  47  40 
 79 120 158 164 193 201 192 164 106  79  59  59  64  59  55  55  40  37  48  55  50  53  60  58  55  65  77  78  65  51  52  61  63  65  58  42  34  41  49  52  56  61  55  51  52  47  42  44  46  34  27  31  44  67  80  74  81  69  59  64  73  70  69  77  78  95 104 122 127 139 117  98  71  49  36  42  43  35  37  52  57  50  47  51  49  42  41  46  49  51  50  45  41  40  41  40  44  36  41  48 
167 217 249 246 255 255 255 249 229 153  83  64  63  48  41  48  44  31  37  47  41  43  52  53  49  56  67  73  67  57  60  69  51  58  54  37  26  33  47  56  52  57  54  53  57  52  43  42  52  36  31  37  41  51  60  62  65  67  54  44  57  75  79  79  77  87  79  82  77  97  87  79  64  52  43  48  53  50  45  45  60  49  46  55  60  53  45  44  57  55  50  46  46  47  48  49  50  35  41  53 
234 247 251 255 251 251 254 251 254 244 164  62  59  59  48  36  52  43  39  45  50  48  46  46  49  53  66  56  65  58  63  55  52  45  35  36  44  42  39  46  46  46  59  62  73  44  38  41  41  36  38  43  44  48  48  38  46  48  42  34  44  67  81  81  85  86  84  80  78  76  66  54  47  62  48  53  61  69  51  60  66  61  69  62  70  53  53  49  56  67  48  46  58  46  42  52  53  44  42  49 
245 252 252 255 253 250 254 248 254 255 233 134  72  62  49  64  58  44  42  56  60  50  45  51  46  38  46  50  67  58  57  51  54  48  39  40  50  46  39  41  34  36  50  59  73  49  38  37  48  49  57  62  58  56  53  45  42  42  35  30  40  62  77  80  76  83  86  87  84  78  67  56  43  59  60  60  65  65  57  57  69  62  63  59  70  48  41  43  58  69  47  42  54  46  37  36  47  42  39  46 
241 249 246 251 253 250 254 253 253 249 254 191  85  62  59  85  61  49  50  64  68  56  53  60  58  42  38  44  60  57  55  50  46  48  44  46  54  53  45  44  40  37  38  45  61  53  46  47  53  54  64  69  60  53  50  43  46  45  41  36  39  53  69  80  84  86  88  87  83  78  69  63  53  65  87  87  96  91  87  67  53  62  58  52  70  62  48  43  65  70  45  34  43  42  37  28  34  43  50  52 
239 253 248 248 250 245 249 252 253 249 252 237 124  65  58  55  53  51  50  50  49  50  50  49  49  44  36  35  44  57  57  50  49  59  59  54  54  51  45  45  56  47  31  33  48  58  58  62  61  55  60  64  59  57  57  53  50  51  53  50  45  46  64  82  89  85  83  83  85  84  80  77  57  98 167 195 222 223 223 201 166 126  70  49  59  57  42  41  50  58  39  28  30  31  33  24  28  42  55  56 
215 251 254 248 249 243 247 250 253 252 251 254 157  62  56  43  51  56  50  36  31  39  40  34  38  48  42  36  33  51  49  40  57  71  72  61  58  58  56  57  58  52  33  36  48  65  61  63  56  45  47  54  54  56  61  61  49  49  54  57  50  45  60  83  90  87  86  89  89  86  81  80 123 182 244 255 255 255 255 253 252 239 171  94  46  54  55  46  32  44  40  38  34  30  36  28  34  38  45  50 
170 230 250 247 248 246 250 251 251 247 251 245 177  76  52  55  61  62  54  42  35  36  38  38  50  55  41  38  26  41  38  38  48  61  57  44  48  56  56  54  65  63  42  46  52  69  56  53  58  49  54  62  57  55  62  66  60  49  48  56  53  46  56  77  89  87  89  89  84  79  83  87 199 249 254 252 243 248 248 252 240 254 247 163  57  48  55  43  35  40  41  48  42  38  50  45  36  45  50  46 
138 221 250 240 248 246 243 249 250 244 249 249 203  89  45  46  58  57  55  47  41  42  44  43  52  47  31  31  23  36  41  52  56  55  50  42  45  54  56  53  68  71  54  50  50  65  57  53  55  54  60  63  56  50  53  56  62  53  48  53  55  49  54  72  78  82  84  83  78  80  91 126 220 251 249 246 249 253 251 251 253 251 249 217 103  49  46  55  42  41  40  48  45  42  55  56  39  54  61  53 
100 196 246 245 252 246 238 254 250 246 236 248 224 109  61  57  53  61  58  42  39  58  63  49  46  41  36  33  34  37  47  56  56  37  39  47  39  40  49  47  47  50  53  49  48  51  58  61  53  56  55  50  48  49  47  44  41  53  50  46  51  47  46  61  72  85  83  85  84  89  89 161 235 245 244 248 249 248 254 250 253 250 250 233 128  60  56  60  47  47  50  54  55  51  53  58  54  56  58  58 
 52 105 187 242 247 245 250 247 253 247 241 234 241 157  70  61  64  70  57  35  34  48  53  51  44  46  49  48  43  42  51  63  60  49  53  57  48  43  45  43  47  42  46  55  55  47  50  60  62  61  54  47  48  53  48  39  42  50  49  48  52  47  42  48  72  83  84  87  88  88  87 138 215 239 243 248 249 247 253 252 251 246 253 232 142  70  63  51  49  46  45  48  47  44  44  45  54  54  52  48 
 65  85 158 226 244 249 254 244 252 250 246 239 249 192 125  93  64  67  59  53  57  56  56  63  42  47  54  56  53  52  59  69  57  53  57  62  56  50  52  55  56  60  57  50  48  52  55  54  58  61  57  51  52  57  53  42  47  53  55  56  60  60  57  56  70  80  81  86  91  87  88 122 198 230 239 244 250 246 249 249 251 244 253 221 142  69  68  49  58  54  50  49  48  46  43  41  44  44  43  41 
153 179 219 246 251 247 247 248 248 243 241 243 224 184 180 129  70  72  66  60  61  64  60  55  47  45  47  50  51  49  49  53  47  46  46  48  50  46  49  58  55  57  54  50  49  51  52  52  57  59  56  49  46  49  52  53  58  57  57  56  57  64  68  64  70  79  80  85  95  87  95 112 196 233 235 236 244 241 244 249 253 247 251 206 124  61  71  56  51  49  46  45  46  47  45  43  45  44  41  38 
221 237 243 244 252 252 237 225 226 222 235 247 216 177 190 137  71  59  66  77  74  70  61  43  44  40  41  46  51  50  47  45  46  45  38  38  44  40  40  53  49  39  43  60  61  48  47  58  61  56  51  44  38  37  49  64  67  61  58  52  48  60  70  64  68  78  81  85  96  86 100 103 183 230 234 229 237 233 238 249 249 248 242 195 104  56  68  57  57  59  59  58  61  65  68  66  57  52  43  37 
246 238 238 239 240 250 246 222 208 196 223 240 241 226 226 207 130  69 101 180 158  76  46  41  40  37  39  47  50  46  39  35  51  50  37  34  44  38  33  46  45  40  42  50  53  49  48  52  59  49  48  53  46  39  50  69  64  57  55  45  34  50  66  59  62  73  79  83  94  77  96  89 142 209 231 233 241 228 226 241 246 251 241 204 107  69  73  60  56  59  60  57  57  62  66  65  57  52  43  39 
245 240 238 236 238 248 246 230 224 216 221 227 240 247 247 247 230 193 214 250 231 183  64  39  40  43  47  47  43  40  38  37  47  40  33  31  30  25  30  43  48  45  43  43  42  40  40  43  44  44  41  51  66  56  49  67  55  53  44  38  40  42  48  57  51  62  75  83  89  84  89  86 112 186 234 238 234 231 233 241 248 252 242 195  96  74  73  58  47  61  61  48  49  57  60  59  47  50  47  39 
230 235 236 232 232 236 237 235 234 232 229 233 242 249 249 244 251 243 253 251 251 245 115  56  55  49  47  50  49  44  44  48  62  50  38  32  24  21  29  40  51  44  41  43  43  38  38  42  40  50  50  59  71  56  43  58  53  42  40  41  38  38  42  43  47  51  65  81  85  83  87  97 114 182 235 242 239 244 247 247 250 249 238 192  95  66  66  63  61  39  50  66  56  61  68  50  42  48  49  45 
218 220 226 230 227 220 218 220 233 236 239 242 248 252 250 243 245 241 250 248 250 241 154  52  67  49  42  50  52  44  45  54  61  51  42  38  35  33  37  45  47  43  38  37  38  38  38  38  47  49  50  55  63  58  53  61  62  42  47  50  39  47  61  53  49  50  66  88  93  89  99 117 140 194 236 247 250 252 246 240 242 245 248 210 108  55  57  73  57  44  64  80  58  47  58  59  42  44  47  52 
214 196 185 192 200 201 202 206 227 238 247 248 249 252 252 249 240 247 252 244 252 248 200  70  56  49  46  48  46  42  47  58  44  43  45  47  45  41  43  49  46  47  46  42  39  39  39  37  44  51  56  50  43  53  68  75  68  67  63  55  49  49  56  64  85 105 139 166 172 163 156 155 190 222 243 250 253 251 239 231 239 244 254 239 170 110  77  58  62  69  54  52  69  61  43  49  47  45  46  52 
226 206 191 193 198 203 213 224 223 238 247 246 244 249 251 250 242 252 252 245 252 252 232 111  39  47  50  44  36  38  47  56  46  48  50  49  46  44  47  52  50  56  57  50  45  46  45  40  39  49  61  54  49  79  97  75 105 131 117  94  92  73  61  85 182 209 240 254 252 243 228 211 227 239 243 244 249 246 237 235 248 244 252 252 243 217 170 116  81  67  55  57  60  47  41  50  54  50  48  48 
233 234 237 238 232 224 223 229 222 232 236 234 237 249 252 246 252 254 250 246 248 250 242 160  45  45  45  42  37  37  42  49  53  50  47  46  49  53  54  53  52  57  53  45  45  51  49  40  47  38  40  40  70 143 160 101  88 113 102  88 106 120 142 184 225 235 243 246 249 253 254 253 241 241 234 233 240 240 239 245 249 248 252 247 254 254 247 235 170 109  69  64  58  49  45  39  55  54  50  45 
214 217 220 221 219 216 215 217 220 224 222 221 235 252 253 247 245 245 236 239 240 249 251 208  73  53  44  49  52  46  45  52  57  51  46  48  56  57  50  39  57  58  49  40  46  59  57  43  53  44  42  29  58 162 213 164  91  84  65  49  68 126 198 250 252 248 248 251 252 249 248 250 252 248 238 235 241 240 243 252 251 251 253 247 253 246 253 253 249 216 125  64  66  60  44  49  54  58  55  47 
233 222 218 210 196 203 219 219 217 237 229 215 231 248 249 250 247 229 223 223 224 241 248 232 121  49  63  61  64  43  58  61  62  58  56  58  56  51  51  53  48  59  64  52  42  44  53  62  64  37  45  47  52 171 227 209 149  83  76  77  81 192 247 251 250 250 251 252 249 248 250 252 251 250 246 238 234 237 244 251 248 246 246 247 250 251 251 248 248 254 217 119  58  55  56  50  48  55  57  52 
248 242 243 240 226 226 232 228 204 231 249 235 223 242 253 238 237 209 199 207 219 237 249 247 162  78  70  71  65  49  60  64  67  62  61  60  55  50  52  58  57  53  55  54  41  30  43  66  61  60  53  48  70 187 228 220 198 128  82  79 106 221 250 248 247 245 243 244 247 249 252 253 253 253 249 243 239 238 240 242 242 242 242 244 246 249 250 252 253 244 252 174  53  48  49  47  42  48  51  48 
249 247 251 251 239 229 222 216 204 212 240 250 236 238 247 238 224 201 193 205 219 234 244 245 194 103  59  67  53  51  51  52  50  48  51  56  54  51  56  66  57  56  55  49  36  29  35  45  56  74  60  53  81 198 241 240 221 175 113  87 133 220 242 254 247 243 239 239 244 249 250 248 247 246 247 247 248 248 248 248 248 249 249 248 246 246 248 250 251 241 250 231 115  56  71  57  48  55  58  55 
247 247 247 246 238 225 215 212 213 203 206 230 249 241 229 231 224 223 219 218 228 241 243 240 218 136  62  61  51  57  45  40  36  36  43  54  55  50  54  66  51  51  47  40  39  43  45  44  55  60  58  56  71 174 245 248 228 188 131  95 178 225 240 248 250 248 245 243 247 252 251 247 248 244 243 246 248 246 245 246 242 244 246 246 245 246 250 252 248 253 246 250 210  80  66  59  45  53  57  51 
247 248 245 245 245 233 225 229 226 221 201 208 246 249 225 218 223 236 231 220 228 242 245 242 236 190  94  62  60  65  46  39  35  33  42  57  62  55  56  64  62  41  32  40  47  44  50  63  62  49  59  58  63 124 225 249 218 189 157 132 207 220 233 237 242 247 246 241 241 247 249 247 251 245 244 247 246 241 241 245 237 239 241 243 243 246 248 250 240 251 253 238 250 139  57  72  54  60  61  53 
245 247 242 244 250 237 227 237 236 226 218 221 233 238 229 219 215 229 223 217 232 241 240 245 238 235 129  59  63  63  47  47  41  34  39  56  61  51  49  57  53  36  31  42  46  39  45  60  62  47  61  53  69  71 188 253 237 205 173 185 231 239 234 229 239 246 246 234 226 233 243 247 242 240 242 247 245 237 238 246 233 234 235 239 242 243 242 241 247 251 249 241 244 203  92  57  61  61  56  48 
240 246 245 247 250 240 229 233 236 221 226 237 224 216 224 222 208 215 216 223 234 242 238 247 237 252 155  59  62  60  54  55  55  44  40  48  53  48  42  39  34  34  36  41  45  47  47  48  53  42  51  43  71  56 149 252 244 232 217 233 233 237 239 248 245 252 252 239 228 230 238 243 232 231 235 242 238 230 228 231 220 223 226 229 234 239 238 234 233 238 228 242 234 243 170  84  65  62  54  48 
232 242 250 250 249 247 239 227 227 231 231 240 233 220 221 208 195 213 225 228 227 244 232 241 248 243 161  62  57  54  59  47  49  45  36  34  46  57  51  34  42  43  41  42  46  53  54  51  49  40  39  45  58  74 100 221 252 241 234 232 236 235 233 229 240 244 248 248 239 230 232 241 236 230 233 239 233 231 230 224 221 229 233 230 233 238 236 229 236 231 240 238 235 247 233 183  83  46  46  40 
234 239 243 246 251 251 238 223 215 224 231 246 246 237 228 201 179 198 212 196 209 236 243 244 246 212 132  67  65  57  56  40  39  42  44  42  43  46  42  34  39  55  60  47  43  56  66  64  43  43  37  53  47  60  80 192 250 244 242 246 247 241 233 228 241 237 240 243 232 217 223 241 242 235 235 237 231 231 235 236 229 239 245 243 241 241 238 231 242 230 235 242 238 248 253 244 165  48  48  36 
236 239 241 242 247 248 237 222 214 225 232 242 243 238 230 199 164 124 120 101 126 191 244 233 208 150  85  63  64  53  51  35  38  45  50  45  39  36  33  28  32  62  74  58  48  60  65  55  49  51  50  60  52  60  99 211 250 247 247 247 243 237 236 237 252 245 239 241 234 221 216 222 230 227 234 238 233 231 233 231 224 234 241 241 239 238 236 233 232 225 233 242 235 234 244 249 238 103  54  41 
243 248 249 246 244 244 238 230 219 230 234 238 234 227 219 190 167 100  55  43 110 177 216 226 206 132  65  62  57  45  44  40  45  50  51  46  39  35  36  36  37  64  76  63  56  65  65  53  58  59  74  65  65  55 127 233 246 247 246 239 227 217 216 222 227 235 241 239 236 235 233 231 235 231 237 242 236 230 229 224 217 223 229 231 231 232 235 237 236 235 237 237 233 239 246 249 251 174  61  52 
241 249 252 246 241 240 237 231 217 226 231 243 243 236 230 205 159 112  45  42 132 184 199 246 236 156  71  64  55  46  45  51  55  54  49  39  30  27  35  42  46  57  61  55  52  59  63  61  50  54  75  64  68  53 142 241 243 245 247 246 239 230 226 228 190 213 232 235 233 238 245 249 240 232 235 240 238 238 239 235 229 231 231 229 226 224 225 226 223 221 213 207 214 228 239 247 249 215  82  62 
238 247 252 249 245 243 236 227 225 221 221 241 248 243 240 221 170 128 112 128 143 188 206 228 229 155  67  61  59  58  53  62  52  51  45  34  25  30  52  72  57  54  56  58  54  51  57  67  58  60  65  64  57  59 146 244 245 241 242 249 253 252 248 247 223 229 239 246 245 241 238 237 237 227 229 237 239 241 241 235 234 233 231 229 230 228 226 225 226 224 217 221 232 236 238 247 248 204 105  70 
241 248 253 250 246 244 240 235 226 226 215 219 233 241 236 209 201 155 102 112 120 145 196 205 213 156  48  53  67  55  50  60  45  47  46  39  31  35  55  75  59  61  59  56  55  53  53  58  51  51  56  61  52  47 146 240 249 240 233 237 248 253 253 249 236 222 218 233 245 241 232 228 231 229 228 231 235 236 233 227 224 223 226 243 233 234 232 240 250 243 244 251 252 249 249 252 246 211 111  53 
227 242 250 247 245 248 242 229 220 228 215 210 216 227 229 210 201 175 100  73  75  91 157 196 205 160  53  53  68  54  48  52  52  50  48  43  37  35  42  50  55  61  57  53  58  58  53  53  53  47  50  55  54  52 156 250 251 244 233 229 239 253 252 244 240 228 216 217 226 232 236 237 214 216 218 221 226 229 226 222 217 224 220 238 225 202 181 205 230 240 250 252 250 247 244 243 243 238 149  72 
214 236 248 244 245 252 243 224 220 231 225 219 212 212 227 229 195 192 153 108  94  97 126 174 191 144  57  46  56  51  43  39  50  44  41  43  44  43  40  39  47  51  47  46  55  55  48  45  55  45  41  47  51  55 146 242 245 249 244 234 232 244 252 252 251 249 239 225 221 230 239 243 224 220 217 221 228 233 235 234 229 241 230 231 212 155 107 127 197 229 237 228 233 239 239 243 247 209 126  74 
209 227 241 244 243 243 236 226 219 232 233 232 219 209 224 229 198 181 152 121 129 128 118 161 193 124  56  43  53  51  45  43  57  51  49  52  55  52  45  42  57  59  52  51  61  64  55  52  59  55  54  63  62  64 135 234 245 248 248 241 229 226 236 246 243 245 246 243 235 228 227 230 227 222 221 231 243 245 240 234 238 244 245 239 209 153 102  85 148 185 201 210 235 242 236 243 235 149  65  65 
204 217 237 250 249 237 228 226 219 233 236 241 229 212 213 208 206 168 135 120 141 143 135 181 182  94  49  40  50  48  41  45  54  51  49  48  44  37  32  32  58  58  50  48  58  62  55  52  54  56  58  63  56  59 116 223 252 239 233 239 238 229 225 228 240 236 241 250 246 227 217 220 215 208 211 226 241 243 237 232 232 227 247 242 212 184 154 104  76  96 119 159 206 218 211 219 228 156  66  61 
221 229 243 254 254 246 235 229 221 236 240 246 240 224 214 197 195 175 166 168 177 170 167 198 155  69  58  50  56  56  43  41  46  45  46  46  42  37  35  37  52  54  48  46  56  58  52  50  53  57  57  60  50  56 102 216 244 236 230 235 246 249 240 231 240 235 238 244 244 235 229 231 232 221 214 218 225 230 238 249 239 229 244 234 219 204 194 152 113  88  69  91 137 177 203 221 229 193  85  49 
245 249 248 244 247 251 241 227 216 233 237 244 242 233 223 200 176 178 188 202 200 187 183 188 117  51  66  56  56  57  39  26  43  43  46  49  46  41  39  42  45  50  48  48  57  59  52  51  54  59  59  64  54  59  93 205 232 246 248 237 234 242 244 234 224 228 231 231 234 238 241 240 240 236 234 232 225 218 222 234 247 241 242 227 230 214 211 201 194 131  68  51  81 139 193 217 228 219 103  47 
244 247 247 246 250 250 237 221 220 233 233 228 233 234 224 216 218 206 212 216 213 189 192 149  70  63  71  64  66  42  40  36  38  43  55  62  57  47  46  53  51  50  53  60  64  61  56  53  56  63  78  62  62  67  92 188 234 233 235 250 245 234 242 240 219 207 217 222 240 230 240 245 239 239 238 236 233 227 218 211 227 228 231 227 218 218 225 223 214 147  79  66  97 130 164 199 205 225 160  53 
242 247 248 244 244 246 243 236 224 231 231 230 230 224 221 227 225 222 227 225 213 180 154  91  53  48  54  52  59  44  47  46  42  45  53  60  58  52  52  59  52  52  55  62  64  60  56  55  50  56  73  66  71  66  73 146 217 216 219 242 252 248 246 231 224 212 215 216 229 219 230 237 231 230 229 231 234 232 224 216 200 194 199 208 211 215 217 212 193 129  77  90 127 143 166 202 226 223 144  54 
240 248 251 247 243 242 237 231 230 234 231 227 223 216 218 232 223 223 223 215 205 180 127  49  49  42  47  51  58  52  54  56  47  45  48  55  55  51  54  60  48  46  47  48  47  42  39  40  39  40  52  56  65  59  60 111 202 213 214 225 233 232 238 232 232 219 215 213 220 218 227 234 232 228 226 228 230 228 222 218 212 193 188 200 207 211 213 210 157 118  95 117 139 142 170 219 239 214 118  53 
235 242 245 243 240 236 222 209 226 233 225 215 215 219 221 226 217 214 208 203 205 196 131  55  49  45  46  54  56  52  51  55  52  46  45  49  50  46  48  53  50  44  39  36  33  29  29  31  38  37  44  51  58  53  59  98 193 221 219 210 208 212 231 239 237 228 217 216 219 225 230 233 234 232 232 232 229 227 230 236 241 217 206 210 212 214 220 224 210 200 189 187 177 163 184 226 236 199 101  52 
242 241 239 236 238 238 226 211 217 226 219 208 215 228 229 225 220 214 210 212 213 202 127  68  49  49  47  56  50  50  45  52  63  57  54  55  53  47  48  53  48  41  35  35  35  36  37  38  34  37  47  62  67  61  71 100 187 225 223 208 208 210 216 216 233 233 224 225 219 228 226 228 234 235 237 236 228 222 228 241 245 231 228 232 229 230 236 238 242 242 236 229 221 209 209 221 234 180  90  58 
246 244 239 237 241 244 237 224 223 227 223 220 229 235 234 236 230 221 218 221 203 176  95  61  56  57  50  58  43  43  39  52  61  56  55  56  51  42  41  47  41  33  30  36  44  46  45  44  35  38  47  66  70  61  72  91 170 224 232 219 223 220 213 203 216 233 234 236 218 226 225 232 238 238 240 240 232 221 224 234 246 241 242 242 238 239 241 237 241 243 238 240 246 241 230 230 223 138  59  56 
243 245 242 240 243 245 237 225 234 237 235 236 241 238 236 243 238 230 217 214 189 141  73  53  58  61  55  56  39  41  40  50  52  49  46  44  40  35  34  36  42  40  39  44  52  54  50  44  49  51  54  63  61  51  58  67 140 219 240 235 234 234 231 229 212 231 238 242 225 228 226 232 232 235 242 247 242 232 229 235 247 243 247 241 225 224 228 222 176 161 172 187 216 226 234 231 192 104  42  50 
237 243 246 243 243 245 241 234 230 238 238 238 244 245 240 239 230 220 196 197 164  88  52  47  51  55  54  43  40  44  48  45  52  49  41  34  34  40  39  34  49  55  54  47  45  48  45  37  49  56  58  52  46  45  47  47 100 203 235 241 233 234 234 241 228 228 234 240 239 229 219 214 222 230 240 245 242 234 229 228 232 227 242 243 216 211 221 214 137  72  82  87 129 157 189 171 127  83  55  55 
220 232 242 243 241 242 238 232 224 227 227 231 243 242 227 217 205 208 200 175 102  62  38  45  53  52  46  40  40  46  46  40  51  51  46  41  42  47  46  41  57  60  58  50  47  49  49  46  56  56  52  46  42  44  45  45  74 173 232 240 240 230 230 226 219 220 224 229 229 222 214 210 223 228 235 239 238 235 232 231 213 207 221 230 223 223 223 210 141  81  60  52  60  81  92  81  68  51  48  53 
223 231 239 243 247 246 234 218 225 233 234 234 239 230 209 198 204 218 216 157  55  58  46  44  56  55  48  40  41  47  47  40  47  50  47  41  42  48  48  40  48  52  52  51  52  55  52  46  57  55  48  44  46  51  53  51  55 140 220 235 243 229 232 222 220 215 212 214 215 213 211 210 216 225 233 236 235 235 233 233 212 206 214 225 223 222 214 198 117  81  68  69  55  69  57  46  49  49  55  53 
232 240 244 244 245 246 241 233 231 243 244 237 233 226 220 223 229 219 214 172  67  56  39  44  51  54  51  42  38  42  43  40  46  52  51  43  43  51  50  42  40  37  34  37  44  50  47  42  50  47  42  41  48  58  61  59  50 105 192 224 239 235 241 232 235 224 213 208 207 209 213 219 206 219 231 233 230 230 231 231 225 222 224 226 223 217 207 195 128 112 102 101  71  77  55  51  42  46  50  44 
236 245 247 239 231 231 233 233 233 243 239 227 221 220 225 237 220 217 212 177  94  70  56  40  45  53  54  46  40  42  45  45  51  59  59  49  49  60  60  52  46  39  31  30  37  45  50  51  48  45  40  40  49  60  65  64  65  86 164 220 236 242 240 235 227 219 212 208 207 212 222 232 210 223 232 231 229 230 229 226 226 227 225 222 219 211 201 197 169 160 151 136 101  89  59  54  51  51  53  49 
226 230 233 236 240 238 223 205 218 226 226 224 226 226 223 226 219 209 194 171 105  56  54  44  34  44  47  42  39  41  43  41  40  51  50  39  41  54  57  48  42  41  39  37  38  43  53  62  49  45  36  32  37  48  56  58  62  57 131 213 228 247 235 234 221 218 216 214 211 211 219 228 231 235 235 232 234 238 233 224 223 228 224 221 222 214 203 202 169 159 146 121  96  83  58  51  53  49  49  45 
215 218 221 227 241 247 230 208 218 226 223 218 224 227 222 218 221 211 188 181 116  39  42  48  39  37  47  51  44  48  57  55  45  43  48  49  41  48  57  53  53  41  43  49  47  52  63  63  59  45  41  41  39  50  61  57  54  54 105 185 233 249 237 231 226 230 233 233 229 226 227 230 234 240 241 237 239 243 239 231 232 231 228 230 233 225 212 204 148 104  94  84  68  57  45  54  51  47  45  43 
215 220 221 221 231 243 242 231 220 222 212 207 219 228 226 222 214 215 195 192 126  41  39  41  36  33  44  49  37  37  49  52  48  40  46  47  34  36  53  59  51  38  42  50  44  48  62  65  64  51  53  55  47  51  56  48  51  59  71 134 215 245 227 227 241 241 241 241 241 240 237 235 234 240 242 238 237 239 236 230 231 229 229 232 233 228 217 210 149  84  73  72  60  52  42  58  44  41  40  40 
215 223 225 220 220 228 230 224 228 228 218 213 225 231 223 216 215 217 198 203 148  57  45  45  45  49  59  59  44  41  53  61  54  52  58  59  48  50  65  74  44  42  53  58  50  53  70  84  64  61  64  62  54  53  57  54  53  69  49  93 185 251 237 238 247 242 236 235 238 239 235 231 229 235 237 236 237 241 241 236 230 231 232 232 230 228 223 220 166  95  75  75  66  55  39  51  52  48  44  44 
208 220 227 222 221 223 220 211 222 229 226 221 223 220 212 210 222 218 194 208 168  79  57  55  48  54  59  54  42  37  50  66  51  52  57  60  56  49  48  49  28  32  43  51  49  50  63  78  62  61  59  52  44  43  47  51  46  64  44  63 130 226 247 242 243 239 235 234 236 236 234 231 230 233 236 235 237 241 242 239 234 237 238 235 230 229 228 225 173  98  78  79  72  59  37  42  45  40  36  36 
208 219 225 225 229 234 230 219 206 219 221 216 212 208 209 219 233 221 187 206 178  87  56  52  53  58  55  46  37  32  42  60  63  60  55  58  64  55  42  37  30  34  37  45  50  46  47  56  63  66  61  55  53  48  46  50  56  60  58  53  77 168 238 249 241 242 242 239 235 232 232 232 233 234 234 233 234 236 236 235 233 236 236 232 231 232 230 224 174 102  79  75  68  61  38  39  41  40  35  38 
216 227 232 229 230 236 232 223 220 227 226 221 217 210 207 213 229 219 184 207 184  87  50  47  54  57  47  37  35  29  31  47  47  43  33  38  55  51  37  33  39  39  34  36  44  35  27  36  47  52  46  46  56  56  48  51  69  53  61  49  55  91 186 245 242 243 242 237 231 227 228 231 232 231 231 233 234 235 238 239 232 233 231 229 234 237 229 216 164 103  87  76  68  66  44  39  44  45  42  42 
216 231 241 240 239 240 236 227 232 235 232 233 235 221 202 195 213 209 183 211 192  92  53  55  54  56  45  39  42  36  33  47  55  54  44  49  67  60  42  39  52  52  42  39  46  36  27  38  58  56  42  40  57  60  53  58  74  51  61  55  65  45 130 230 243 241 238 232 229 229 233 236 241 239 237 237 236 235 236 238 238 237 232 230 237 240 227 207 126  84  83  79  75  77  53  42  37  41  41  41 
