107 124 126 115 111 125 108 105 114 106 109 126 152 153 121 109 116 100  98 110 117 131 140 126 142 146 162 165 178 192 197 215 212 224 209 201 207 194 205 196 181 121 144 166 164 172 172 151 114  91  99 119 124 140 147 161 153 128  77  80  96 102  97 110 100  93  84 109 142 135 139 159 179 187 189 193 191 193 195 196 192 186 186 190 198 183 173 172 165 152 150 157 157 164 169 170 173 183 196 203 
 84  92  85  73  78 110 106 100 103  97 108 125 160 152 119 115 125 107  96  99 102 116 128 120 135 134 145 148 149 169 157 161 170 175 158 168 169 171 181 198 184 142 137 144 164 149 128 108  93  86  92 103 115 119 127 157 142 113  86  88  94  95  87  91  79  88 104 134 138 137 148 168 183 184 183 184 190 190 192 191 186 181 185 192 191 171 158 163 168 162 155 154 151 160 167 168 171 181 195 204 
 36  34  41  51  54  83  86  93 104 105 113 120 154 135 101 105 117 100  88  87  98 105 107 100 109 110 119 128 133 147 131 128 143 141 124 135 136 145 149 180 177 163 148 141 125 103  79  72  78  86  87  86  85  86 119 144 113  89  82  87 103  95  90  89  80 102 129 145 130 137 152 169 177 175 175 177 187 189 192 195 193 187 187 190 178 165 155 157 161 158 158 159 167 173 175 173 174 181 191 197 
 18  22  49  80 124 117  92  86  90  91 105 112 138 118  88  89  94  81  80  83  85  94  91  90  96 100  98 103 115 107 110 121 132 143 145 137 142 142 136 145 152 142 139 124 107  99  92  94 103 109 108 103  66  88 159 137  88  84  74  85 104  87  82  83  91 117 138 132 136 148 166 179 179 175 174 177 169 169 173 184 193 193 191 189 164 157 151 149 152 158 166 172 173 171 168 167 174 186 193 194 
 22  31  48  68 108 116 113 114 106  93  99  97 130 119  99  95  85  73  79  82  75 101 112 123 124 127 113 109 124  95 106 117 120 132 150 128 135 130 119 117 129 123 128 114 124 125 125 122 122 121 119 115  72 135 205 140 101 119 112 123 107  81  68  67  93 119 137 129 148 164 182 191 184 174 168 167 168 160 157 165 176 183 184 185 180 167 152 149 161 173 175 171 169 164 159 163 179 194 198 194 
 31  35  36  36  67 107 137 150 145 146 146 123 129 136 132 127 105  88  91  82  91 134 149 154 146 161 156 157 150 129 135 132 137 130 139 125 103 101  80  98 103 116 114 108 128 124 117 111 111 110 100  89  84 182 204 123 114 133 148 149 126 102  81  70 101 113 133 140 158 172 184 184 175 165 161 163 170 163 157 159 164 169 175 179 185 174 159 155 165 179 178 168 167 165 165 172 188 201 201 195 
 49  47  41  40 117 158 173 169 165 181 199 177 182 194 202 202 184 167 164 155 162 190 189 171 145 151 151 159 143 141 148 149 162 151 154 157 134 124  89 101  98 117 109 104 119 112 106 102 100 100  88  68  98 206 174  95 101 109 142 140 144 128 104  81 106 113 125 150 170 177 179 170 163 162 166 167 156 155 156 160 162 165 171 176 165 161 158 158 164 173 176 174 157 159 166 177 194 205 205 198 
 49  39  30  33 119 194 201 196 185 184 197 203 183 185 197 209 208 201 201 210 206 194 192 195 178 150 147 162 146 143 144 149 150 155 164 175 183 171 148 121 112 110 105  93  98 101 113 111  95  94  90  70 145 215 137  74  72  80  99 109 111 114 106  89 105 118 117 163 185 184 174 161 160 167 166 158 156 157 160 166 167 166 167 169 166 157 154 161 169 169 168 169 156 162 172 185 198 206 205 198 
 44  35  34  36  94 183 195 203 176 181 186 196 192 193 199 205 201 195 195 201 206 196 193 199 193 176 162 159 181 169 156 154 162 167 163 154 163 173 175 162 144 127 113 102  98 105 118 117 103  99  91  76 182 206 106  71  65  74  70  75  72  80  93  97 105 109 126 173 192 182 170 163 164 165 159 152 155 157 162 167 168 167 168 173 168 162 156 156 162 168 168 164 158 171 185 194 199 203 204 202 
 35  36  42  37  80 116 147 169 126 151 187 157 189 195 204 209 204 199 202 210 200 202 196 189 196 206 197 176 148 155 160 159 159 159 150 138 129 140 151 157 159 155 144 131 128 130 131 123 112 106 101  92 133 150  90  76  74  73  71  71  77  74  83  87  87 108 150 191 181 170 160 160 162 161 159 157 151 153 159 165 167 166 168 173 161 161 157 155 162 173 174 167 166 180 193 198 200 203 205 206 
 18  23  33  35  91  85 103 116 120 141 193 153 149 162 177 178 168 160 165 174 198 187 184 194 204 205 205 207 174 166 155 150 154 158 147 130 129 130 133 137 145 152 152 150 145 145 139 132 131 127 122 119 105 124 117  94  98  85  90  61  49  57  86 101  88 112 169 192 166 162 158 155 152 151 154 159 159 159 164 169 172 169 169 170 151 156 157 156 163 171 173 167 185 192 198 199 201 204 206 205 
 14  12  22  34  66  84  87 102 163 162 191 189 163 172 178 171 156 147 151 158 182 188 192 192 198 207 209 205 219 205 183 162 147 142 142 142 129 134 136 133 129 133 144 155 153 159 154 149 149 141 132 135 140 146 156 131 142 140 143  84  24  47 114 162 133 130 174 174 163 165 162 152 143 143 149 155 166 163 163 167 170 166 161 158 154 158 163 164 166 168 172 173 193 196 197 196 196 199 198 196 
 26  20  16  30  30  55  53  78 117 118 162 196 181 185 184 177 170 172 181 191 187 188 191 195 199 203 209 213 206 213 216 201 168 136 127 133 139 147 154 151 139 129 131 137 148 159 156 148 145 131 125 139 161 154 158 147 146 163 154  88  34  33 111 193 167 145 177 157 159 166 162 148 140 146 155 157 163 155 153 160 166 164 156 149 157 159 165 169 166 164 171 182 189 196 201 199 198 199 201 199 
 24  27  33  21  25  33  34  49  57 100 151 199 194 178 169 165 167 182 192 187 192 194 195 197 199 204 211 216 207 207 209 213 212 198 174 155 156 147 139 138 139 134 124 116 129 153 158 140 131 136 140 140 159 160 160 154 143 157 147  87  38  37  79 177 189 164 160 157 160 167 165 153 145 149 158 163 152 155 159 160 159 156 151 147 151 154 161 168 167 165 174 188 196 198 202 204 203 202 205 209 
 35  27  23  28  35  48  56  71  74 103 130 175 174 159 159 172 182 189 190 186 193 197 201 201 201 204 210 214 207 211 214 218 222 221 210 198 169 159 148 143 144 144 139 132 133 155 162 145 137 151 159 153 153 156 154 150 146 159 149  87  37  43  64 153 197 176 157 163 171 178 178 169 161 161 165 169 167 169 167 157 150 149 151 151 159 158 160 165 169 171 177 184 190 195 202 207 203 197 198 205 
 46  56  64  75  81  91  87  93  81  68  79 124 182 177 175 184 193 188 187 201 194 192 197 206 208 203 207 217 205 213 219 220 219 219 218 215 206 208 209 208 204 201 200 200 191 199 200 191 186 190 194 194 187 188 185 187 186 193 166  91  40  38  53 119 188 176 157 156 163 169 173 170 164 162 161 160 165 165 161 154 149 152 157 160 162 160 157 158 169 181 187 187 189 197 206 207 199 193 195 202 
108  91  98  91  77  79  64  64  56  42  76 133 171 191 195 193 195 188 186 202 193 192 195 203 210 212 210 210 208 215 219 218 215 215 215 214 212 217 224 226 223 218 215 215 221 219 219 221 219 215 214 215 215 216 219 228 230 228 183  94  42  38  42  85 174 176 152 142 140 144 152 155 153 149 146 143 153 159 163 162 161 161 160 158 163 162 158 157 168 185 193 191 201 203 205 203 198 197 200 205 
174 112  67  58  50  50  38  39  39  38 100 148 127 171 196 193 193 191 189 191 198 200 200 201 210 220 214 201 214 218 220 219 218 218 217 213 222 221 220 218 217 215 213 211 215 210 213 221 223 216 211 213 209 210 213 224 229 227 181  88  46  40  41  69 156 183 158 141 140 142 147 151 149 145 141 141 159 165 169 169 167 165 160 154 165 166 164 162 169 183 192 195 198 201 203 203 204 206 206 206 
222 183 102  39  39  42  41  44  47  65 149 177 146 174 194 189 183 192 199 194 203 204 204 206 214 220 214 205 209 214 216 215 216 219 220 219 223 217 211 210 212 216 217 218 214 210 210 217 217 209 203 204 216 216 216 222 223 220 174  82  51  45  43  66 136 192 173 153 149 149 150 153 149 144 144 149 160 165 166 166 166 167 165 162 163 161 163 169 178 189 198 205 196 202 206 206 208 210 208 204 
231 242 209 128  51  48  45  43  47  84 190 206 187 189 199 197 187 194 203 196 200 198 201 211 215 212 213 218 206 212 214 212 211 215 221 225 218 215 213 213 214 213 210 206 215 212 213 218 220 215 212 213 213 217 221 227 224 217 168  76  57  50  47  66 120 195 180 160 153 151 150 152 148 144 150 159 167 170 171 170 171 172 169 165 170 164 164 175 186 192 197 204 207 213 213 207 202 203 206 207 
216 213 223 210 120  49  41  51  45 116 202 202 188 191 193 191 190 192 192 191 202 204 208 210 209 209 213 218 217 210 207 209 205 202 212 226 220 218 216 215 216 216 210 203 212 211 214 221 222 218 216 218 217 223 230 226 221 213 155  72  53  48  46  61 109 191 180 157 145 147 134 146 153 139 151 159 169 174 174 170 171 176 171 163 171 169 174 184 191 196 199 204 205 201 202 204 200 195 199 209 
200 183 183 170  88  45  46  48  55 146 219 193 176 185 191 193 194 196 196 194 196 201 206 207 204 205 210 216 209 206 206 207 205 205 212 220 222 222 219 212 209 213 215 217 214 208 205 209 214 216 217 220 212 213 219 223 224 208 142  59  55  51  48  50  84 171 186 166 146 156 147 152 155 148 158 157 156 168 179 180 178 177 172 164 177 179 182 186 194 202 208 208 200 196 197 201 200 196 200 208 
201 205 210 199 119  64  44  48  73 161 226 204 189 191 192 191 192 197 198 196 195 202 208 207 202 204 208 214 215 217 217 215 213 214 216 216 220 225 225 220 215 215 218 219 216 212 210 213 217 218 215 213 213 208 213 228 233 206 132  58  48  50  54  44  59 145 189 175 162 164 161 164 163 159 160 153 155 169 181 182 180 179 178 174 178 186 191 191 197 207 207 199 201 197 196 200 201 199 201 204 
198 214 227 233 212 154 132 141 151 191 222 207 199 194 189 187 192 200 202 198 199 208 212 208 203 203 209 212 207 211 211 211 213 220 222 220 212 217 220 220 217 215 210 205 215 219 223 225 222 217 211 208 209 206 210 227 232 195 122  63  56  59  65  47  44 110 176 175 117 104 114 139 152 156 159 158 164 171 178 179 180 183 183 182 180 190 194 192 197 206 204 195 199 196 195 198 199 197 195 196 
203 216 208 201 200 191 198 200 192 204 212 192 192 193 191 190 193 196 194 189 201 208 211 205 202 204 208 207 201 201 203 207 213 217 217 216 216 215 214 213 216 217 211 203 213 219 223 220 215 214 214 215 207 208 211 224 226 184 113  66  66  66  66  47  39  79 161 186  91  63  85 124 142 153 158 164 165 169 177 182 185 186 184 182 191 194 193 191 197 208 214 212 205 204 204 204 201 198 196 195 
212 232 209 188 166 179 197 201 199 213 214 195 186 193 197 193 188 187 190 191 201 207 208 202 203 208 209 204 208 203 205 216 222 219 214 214 218 217 215 216 220 222 217 210 211 216 217 213 211 214 216 215 211 216 215 222 226 181 108  61  71  68  64  52  48  59 143 186 118  93 116 138 143 158 159 162 166 173 183 190 191 189 190 193 203 201 200 202 207 212 217 220 216 218 217 211 203 197 192 190 
163 191 199 184 177 182 189 197 210 219 205 178 174 190 198 190 186 188 197 203 199 206 204 204 203 211 211 208 203 199 208 224 226 221 219 219 212 214 217 220 224 224 220 213 214 215 214 212 213 215 215 214 212 218 214 220 220 182 104  59  79  75  68  58  52  45 111 178 138 101 129 147 145 154 162 162 175 179 189 195 191 192 202 207 203 202 205 211 216 217 216 217 221 223 223 214 197 186 182 179 
132 136 179 183 186 198 202 201 209 212 180 139 160 187 196 187 187 193 191 189 194 202 198 209 200 212 204 206 206 199 213 225 217 217 226 224 217 220 223 223 224 225 220 214 213 210 209 212 212 210 210 213 213 219 213 217 207 178  97  63  72  68  63  52  49  50  87 175 159  88 119 150 154 145 163 171 178 176 188 195 191 197 207 205 200 200 204 210 218 222 223 222 222 221 224 214 192 180 183 184 
173 150 158 162 189 208 218 215 210 201 173 142 161 187 198 192 192 193 188 184 182 185 181 192 196 209 203 200 212 202 205 212 212 218 225 224 220 222 220 218 219 222 220 217 208 209 213 219 219 212 208 207 212 216 214 215 204 169  90  57  56  58  62  59  65  70  92 147 162 106 119 144 156 151 161 172 171 180 187 189 195 202 205 206 207 207 209 213 216 219 219 218 220 217 217 207 189 183 189 191 
210 209 187 151 145 172 196 203 200 189 163 138 167 189 199 196 199 199 191 185 175 171 163 166 175 192 198 199 203 201 202 202 203 210 215 215 212 212 211 208 208 213 213 212 212 211 211 213 213 209 208 209 205 207 208 210 204 163  86  54  49  58  70  68  70  78  96 138 161 116 109 138 167 166 162 168 163 183 187 184 195 202 203 210 208 208 209 210 212 212 212 212 216 217 221 215 197 190 189 184 
209 200 183 174 139 147 151 146 142 140 131 121 170 186 191 190 196 198 191 187 186 180 172 162 167 175 186 189 198 207 207 197 193 197 203 210 210 212 210 205 202 202 202 199 202 199 198 199 198 195 195 197 195 191 198 199 198 148  75  46  40  52  79  83  77  79  97 137 168 130 105 134 161 158 141 132 145 172 187 190 199 198 196 204 207 208 210 211 211 211 211 211 216 219 224 218 203 197 192 182 
196 185 177 180 179 167 148 133 131 142 155 161 179 188 189 188 197 200 194 191 178 177 179 167 172 169 179 179 184 205 209 198 197 203 212 225 209 212 212 209 207 209 209 208 203 203 205 208 207 201 197 196 190 187 200 197 197 143  84  66  42  42  74  96  94  86  95 127 161 136 108 134 141 140 131 123 138 158 183 202 208 202 198 200 208 211 215 216 215 213 213 213 216 218 219 211 200 199 200 191 
195 195 192 190 198 195 190 186 185 186 189 190 185 195 194 191 201 204 196 192 173 172 179 165 174 166 174 171 168 203 215 209 213 215 214 220 214 218 218 214 213 217 220 222 218 217 219 221 220 213 209 209 207 207 221 206 197 135  89  86  72  38  59 103 111  95  90 115 151 139 120 142 130 133 154 158 138 140 166 194 200 199 203 202 209 214 218 220 218 215 211 211 212 213 215 207 198 201 201 189 
197 198 204 211 224 224 220 213 211 213 209 202 198 188 183 193 202 200 195 197 179 176 175 171 176 175 172 164 170 203 221 221 222 221 215 214 216 218 221 221 221 222 223 222 223 221 221 224 223 220 218 218 223 219 226 220 193 133  91  85  86  70  56  63 115 125 111 101 145 154 139 147 112 125 139 165 158 134 148 184 197 196 202 204 215 208 215 220 213 213 218 214 213 218 218 206 192 190 190 187 
200 203 212 222 230 234 233 225 222 221 212 200 208 196 189 192 193 190 189 192 186 178 174 179 181 179 173 172 186 208 216 213 216 218 217 216 212 215 220 222 221 220 218 217 220 219 220 223 223 219 218 219 228 221 222 221 188 135 101  94  98  96  75  48  93 135 148 123 120 146 146 144 110 124 133 156 181 154 145 160 171 175 177 175 188 182 192 200 193 194 203 201 200 207 207 197 186 183 186 189 
201 199 205 213 218 224 225 222 221 222 218 211 204 204 201 194 190 193 196 197 194 182 179 184 183 172 170 177 190 204 206 201 208 215 214 214 206 210 214 216 214 212 211 211 206 207 211 216 216 214 216 220 226 224 226 220 185 138 111 110 115 110  96  55  54 101 150 146 124 147 153 134 119 127 142 148 180 180 164 149 153 160 160 159 163 160 167 170 163 159 163 162 163 167 167 162 156 155 157 156 
203 198 200 206 207 207 203 202 206 211 212 208 198 195 194 196 195 193 196 200 200 197 195 191 185 177 174 175 187 201 205 202 207 208 204 203 202 203 205 204 203 203 205 206 201 203 207 209 206 203 206 212 211 218 225 216 179 138 121 126 125 130 117  82  58  70 118 161 156 146 138 113 123 129 147 144 156 182 186 175 179 182 182 188 193 191 190 189 186 183 182 180 175 177 178 178 176 175 176 176 
205 201 202 207 204 200 195 194 197 198 193 187 198 185 184 197 200 191 188 195 200 208 207 197 190 192 187 178 188 201 205 202 203 202 199 201 201 198 194 193 193 195 197 197 195 195 197 198 194 191 192 197 197 205 210 197 166 138 134 144 135 147 134 121  94  63  78 151 165 136 120 107 134 139 152 146 148 168 181 190 206 211 205 205 212 213 207 206 212 214 210 210 202 204 206 209 209 207 207 210 
198 196 197 201 200 200 199 199 198 195 192 190 192 183 184 197 205 201 199 203 199 206 204 196 193 195 192 183 185 193 194 194 199 200 198 201 192 187 184 186 192 196 195 193 182 180 183 186 187 186 189 192 187 192 193 184 167 153 151 156 149 156 145 146 119  86  76 116 155 144 138 132 148 153 160 155 161 171 183 194 206 217 212 197 202 212 208 205 212 212 206 209 208 208 210 211 205 197 194 198 
200 200 203 208 199 200 199 194 187 183 188 195 188 187 188 193 198 204 206 205 209 205 201 200 198 195 192 191 187 192 190 191 198 193 183 179 178 174 173 183 195 204 202 197 196 192 191 193 194 191 191 193 183 185 188 189 184 175 163 155 169 168 164 171 146 145 131 124 148 166 171 157 148 153 161 160 169 187 208 208 201 213 216 196 184 204 208 204 209 206 202 210 208 209 211 211 204 195 193 197 
221 212 208 193 196 192 186 178 175 177 181 183 187 170 170 193 182 200 210 210 210 206 202 202 206 206 200 192 189 190 192 193 189 181 177 178 174 172 161 176 191 226 231 230 232 233 226 224 227 223 217 220 222 210 212 218 214 205 173 129 181 200 199 197 182 194 174 154 147 169 189 188 174 163 164 167 172 191 208 212 214 217 214 207 194 195 205 210 198 192 204 215 214 208 201 198 193 192 197 206 
220 212 214 207 207 202 190 174 168 171 172 168 174 161 164 184 195 206 208 206 208 207 204 203 205 205 201 193 186 185 182 176 171 169 166 164 164 161 155 161 182 213 234 243 234 240 239 237 241 239 237 242 240 229 232 237 234 235 219 186 147 207 215 205 201 207 189 196 172 172 180 194 195 182 172 171 181 192 202 207 214 219 214 205 208 204 209 208 195 189 200 209 211 205 200 202 203 203 204 208 
212 205 208 209 199 199 190 176 175 183 184 177 170 160 155 164 204 209 210 210 206 207 206 201 200 200 194 187 179 181 176 166 166 173 173 167 159 155 157 147 161 177 216 237 233 239 238 233 234 232 229 233 238 231 234 236 233 241 240 220 158 170 194 215 204 203 204 205 197 181 176 192 207 204 193 187 192 195 200 204 213 219 216 208 204 198 202 203 194 194 206 212 214 210 208 210 213 213 213 213 
207 203 201 200 193 198 196 190 191 198 196 186 174 166 152 149 200 204 204 210 206 210 210 204 202 202 197 189 181 183 176 165 164 170 168 158 159 159 165 144 143 143 188 219 232 238 233 229 233 235 232 234 234 229 235 235 229 236 241 225 215 167 181 216 211 211 223 209 212 201 188 187 199 211 211 206 209 211 212 210 211 211 209 206 204 200 204 205 198 200 208 211 204 207 209 209 210 213 217 221 
209 212 204 202 197 201 203 201 200 200 196 191 183 184 170 167 201 203 197 203 198 204 204 200 203 207 202 191 181 182 176 165 161 161 157 150 156 160 167 153 140 134 166 200 220 230 229 225 231 234 232 233 228 224 231 232 226 233 237 222 224 210 194 190 215 221 223 222 219 220 210 195 195 210 218 215 214 217 220 218 212 209 210 213 199 198 205 207 200 200 206 207 207 212 214 209 206 208 214 218 
208 212 205 207 206 204 203 203 200 196 199 204 198 204 190 191 197 201 191 197 191 197 197 192 197 205 199 186 180 178 173 168 163 159 159 161 159 160 159 164 144 137 146 171 192 212 220 217 216 216 215 216 220 212 216 217 212 223 226 210 206 210 195 173 201 205 209 217 218 222 223 218 215 217 217 216 214 217 221 221 217 212 214 217 194 196 205 206 199 203 213 213 213 218 218 212 208 210 213 213 
203 214 203 205 213 206 209 207 201 193 192 210 207 214 201 197 187 189 184 193 195 194 192 191 197 202 192 176 182 178 172 166 160 156 157 161 157 161 157 160 144 138 132 143 170 198 214 208 212 204 205 213 217 210 208 208 208 218 221 208 207 195 198 188 196 193 211 204 213 219 226 228 226 223 218 215 219 223 225 222 216 210 208 208 198 202 212 214 203 200 206 212 209 211 213 214 214 217 218 217 
202 222 208 202 210 204 212 211 213 206 191 211 205 216 216 206 201 194 194 199 196 184 178 186 196 196 187 179 182 182 175 166 163 166 167 164 154 165 164 153 151 146 144 147 171 194 210 203 221 207 209 217 212 213 211 210 213 216 214 210 210 209 208 196 197 188 209 199 213 227 233 223 216 217 216 210 212 217 218 213 210 210 210 208 195 199 209 214 203 187 187 199 209 209 211 215 217 214 215 218 
192 198 199 198 197 207 206 207 211 207 203 201 197 207 209 209 214 210 200 197 192 183 178 180 185 185 184 184 183 182 178 174 175 177 178 175 161 161 158 160 160 151 151 165 176 196 207 205 191 187 183 182 192 194 196 195 198 201 202 199 200 197 194 186 183 172 196 204 208 221 234 232 222 212 208 207 209 209 208 206 208 209 206 200 198 199 202 204 203 201 202 206 207 204 204 208 212 213 213 214 
151 137 149 149 131 180 200 208 201 187 192 182 187 193 191 190 199 199 193 191 177 175 176 175 170 163 161 163 175 172 168 167 168 169 166 162 150 153 153 154 154 143 136 143 170 198 209 194 120 107 103 106 103 104 106 112 122 130 130 125 139 170 187 190 183 173 191 199 199 208 222 230 223 210 206 211 208 209 209 208 208 206 198 190 199 201 200 196 199 207 211 209 214 208 206 209 214 215 214 215 
124  93 108 109 100 161 193 208 199 181 184 176 175 181 180 176 181 184 182 185 164 166 169 169 162 156 156 162 166 163 161 161 160 157 153 152 148 158 155 148 147 142 131 127 168 204 215 191  89  76  74  78  70  64  61  68  85  94  85  73  84 158 196 199 187 182 189 192 202 203 212 222 220 211 207 212 210 212 210 206 203 203 203 201 202 205 202 193 192 200 205 205 211 206 204 208 214 215 214 215 
161 145 160 162 155 182 198 205 203 188 177 175 177 184 181 173 172 167 162 164 166 164 163 160 156 151 155 160 164 163 162 162 160 154 153 155 150 158 152 142 144 143 135 129 177 208 213 183  94  84  78  75  69  61  55  65  86  96  85  68  77 167 204 204 186 186 185 188 194 195 202 211 215 216 218 223 218 216 209 200 196 198 199 198 194 198 198 194 195 201 207 209 209 206 206 211 215 216 216 218 
185 187 192 186 185 180 189 186 183 173 158 176 186 188 179 169 171 169 164 167 164 164 164 164 161 155 151 152 165 163 163 163 157 149 148 155 146 146 143 146 149 140 129 129 178 212 213 173  96  79  74  69  64  58  56  66  85  96  88  72  88 170 197 203 186 185 179 190 184 190 198 203 206 211 219 223 219 219 216 213 215 214 205 194 201 200 200 203 206 207 210 211 212 211 213 216 216 213 213 214 
177 179 179 173 186 177 177 176 170 160 154 164 180 187 184 172 165 166 170 171 169 161 162 166 163 159 160 160 165 169 163 160 152 144 151 154 146 150 146 147 151 139 126 132 183 213 216 160  85  76  62  72  58  52  46  59  88  93  77  69  93 174 198 198 192 183 183 183 183 188 192 191 192 202 218 229 220 219 222 228 229 222 212 206 217 214 211 210 211 211 208 204 216 214 214 214 211 209 212 219 
178 179 179 177 194 189 188 191 185 170 160 155 166 173 170 156 147 150 157 159 163 151 151 154 147 144 148 149 150 158 152 153 149 144 156 155 140 150 145 142 144 132 123 135 181 210 220 162  82  68  55  82  84  77  58  59  86  91  75  69  96 179 202 198 197 186 190 182 179 182 184 184 189 201 217 229 222 220 221 224 222 216 212 214 216 215 213 210 209 209 209 207 208 209 213 218 216 211 213 218 
178 181 184 182 193 189 189 193 188 173 160 155 158 161 159 150 149 154 160 159 151 143 144 145 135 129 131 132 143 148 142 145 144 138 144 140 127 132 130 134 142 132 125 138 178 208 222 158  70  44  42  79 117 112  81  57  68  78  73  68 103 182 202 197 195 183 188 180 176 175 176 180 186 196 205 210 215 216 219 221 219 213 210 209 212 213 214 210 206 204 207 212 203 206 211 216 214 209 207 209 
181 182 183 182 186 180 178 181 179 170 165 165 160 162 164 164 167 170 170 166 161 155 158 160 148 141 145 147 149 153 146 149 148 140 142 134 130 132 132 142 153 138 126 138 186 210 212 125  40  21  24  52  97 101  71  37  38  51  58  66 111 188 203 191 183 172 180 178 174 171 171 175 181 185 189 193 201 203 208 213 214 209 197 189 192 194 198 204 205 205 208 213 209 209 208 206 204 203 205 207 
186 185 182 180 178 175 176 180 175 167 163 165 171 170 168 168 169 171 169 165 160 154 157 160 150 144 149 151 153 156 149 152 152 146 149 142 126 140 150 159 156 128 119 142 196 213 201  96  23  16  22  32  47  56  40  16  17  27  44  68 117 193 203 186 175 166 179 182 172 170 171 176 179 178 184 191 197 197 198 201 206 204 195 184 180 181 189 201 209 209 208 211 207 208 209 207 208 208 208 207 
182 184 184 183 173 176 181 184 175 161 156 160 182 177 174 171 169 167 165 165 167 156 157 161 152 148 151 152 154 157 147 148 144 137 141 136 116 130 144 160 157 128 122 149 197 211 204  98  32  23  26  30  29  31  21  16  19  18  33  67 124 194 201 185 176 169 180 178 172 170 174 177 174 173 182 196 201 204 204 204 207 210 208 201 198 198 204 213 213 206 203 207 200 204 208 209 211 212 209 204 
174 178 179 181 179 182 187 187 174 161 158 165 178 177 179 179 176 170 165 162 167 156 153 155 148 144 145 145 153 155 146 146 140 134 141 139 134 130 133 156 171 149 133 146 193 209 212 115  50  25  25  32  38  26  14  19  23  11  18  52 130 196 197 182 178 171 175 166 171 172 176 176 168 163 176 194 192 203 211 213 212 213 213 211 202 204 211 217 212 203 202 210 199 204 205 204 204 206 205 200 
168 182 175 171 177 182 185 180 165 171 150 166 172 173 174 173 170 167 165 164 158 154 155 150 142 144 146 140 147 150 145 150 144 131 134 131 130 131 141 154 161 158 155 156 183 213 183  97  74  52  46  45  42  32  35  41  31  22  25  32 124 193 175 142 168 178 173 179 176 176 177 175 167 162 172 185 190 196 205 212 214 211 213 216 211 215 210 222 214 220 204 199 200 207 209 204 200 201 199 195 
171 175 172 174 168 171 173 169 159 163 147 164 169 168 164 160 159 161 166 169 158 154 153 149 142 146 150 146 150 146 138 145 144 135 137 129 122 124 135 151 160 159 158 158 183 206 183 121 114 101  95  96  70  67  76  81  60  36  24  19 121 181 156 123 156 177 175 178 174 173 174 174 169 165 167 172 184 192 202 208 212 212 210 207 220 222 215 220 213 220 208 205 207 209 207 202 199 200 197 192 
168 160 165 171 167 169 169 168 161 157 149 164 167 167 165 161 158 157 158 159 155 151 151 147 143 148 153 148 153 143 132 140 139 136 140 125 121 122 133 151 162 160 157 158 187 207 197 170 174 165 155 155 134 128 130 132 114  94  86  82 142 183 141 105 140 171 174 172 175 174 172 171 169 169 173 178 176 187 195 197 203 214 219 216 217 221 220 225 224 227 214 204 197 197 197 196 198 199 199 199 
174 163 172 178 170 169 168 169 168 152 149 160 151 155 159 161 160 157 154 153 147 144 145 145 142 146 148 141 153 143 137 142 134 132 141 122 113 114 128 149 161 159 158 164 186 205 209 208 214 211 204 209 215 200 195 197 190 188 191 190 172 188 131  92 127 162 171 172 183 184 180 175 169 171 178 185 178 190 194 189 192 207 218 219 216 218 220 221 227 225 209 189 188 186 187 189 187 183 182 187 
167 164 173 171 162 160 156 162 167 142 148 157 157 159 162 163 162 161 160 160 155 152 155 155 152 154 153 143 153 144 145 149 131 129 141 120 120 120 134 155 161 156 158 167 194 207 205 207 202 204 201 210 211 201 200 205 202 200 197 191 179 175 113  82 116 148 167 175 173 179 183 179 175 177 183 187 171 182 188 188 191 202 213 217 217 216 218 210 221 223 222 208 204 197 195 198 195 186 186 192 
126 135 141 127 135 131 127 137 150 125 143 154 160 161 161 163 159 157 159 158 161 158 157 156 154 155 154 143 154 146 151 155 136 134 145 118 125 127 141 158 160 153 157 172 184 194 191 198 190 202 197 202 194 189 192 193 183 177 176 170 177 159 100  78 109 133 154 170 173 177 179 176 177 183 186 187 172 172 173 182 194 208 218 223 213 217 223 205 215 220 237 233 223 206 199 204 209 205 204 210 
 93 107 114  91 114 108  95 112 130 103 122 139 121 128 137 128 138 139 126 132 139 124 135 128 120 129 123 112 132 116 117 134 105 111 121  87 109 112 130 154 155 147 157 177 193 201 200 203 192 197 189 186 195 189 189 186 176 171 173 174 174 158  94  77 103 118 137 158 183 183 179 172 171 177 181 182 182 175 172 176 186 202 217 225 209 219 226 207 208 211 228 233 230 208 189 198 209 202 201 203 
 93 102 117  88 114 110  86 115 130  93  94 121  86  99 115  74 107 115  81 109 106  76 116 104  83 111  86  77 112  84  78 119  69  91 106  66  91  94 121 151 152 142 150 171 190 197 201 197 191 188 189 189 193 186 184 186 182 172 169 173 164 161  86  79 105 117 125 149 164 173 181 179 175 176 181 185 176 176 177 171 168 191 218 227 207 219 215 203 202 210 222 237 240 223 189 196 204 191 197 200 
102 112 124  96 110 109  94 124 132  94  95 116  91 105 117  79 105 110  87 117 101  80 113 110  88 118  88  83 106  81  81 113  71  90 102  64  94 114 132 146 152 144 147 165 194 198 199 197 193 191 187 183 185 181 181 181 176 167 167 172 164 152  81  84 113 122 119 130 145 160 174 178 175 174 175 176 176 173 170 164 166 187 210 216 207 214 205 192 192 201 213 225 242 235 205 193 191 186 197 202 
107 115 123  98 122 114  95 122 127  93 100 116  95 114 124  92 117 112  86 110 107  87 111 104  82 117  87  91 113  86  90 109  72  90  98  64 115 150 159 150 147 139 144 171 202 201 197 191 188 186 179 171 182 178 175 175 172 166 165 166 168 144  70  76 105 114 114 123 137 147 156 158 157 159 160 159 163 161 160 158 157 169 177 171 173 179 174 169 180 189 191 193 193 201 185 165 160 161 162 159 
104 113 119  96 132 118  99 124 127  99 107 118  96 113 120  96 124 114  87 104 109  91 115 101  88 118  91  99 110  84  92 100  73  92  98  71 109 151 167 157 146 136 147 180 197 194 188 184 185 188 184 178 187 180 174 172 173 171 166 163 166 136  66  77 103 114 122 134 147 151 153 154 157 160 160 156 157 156 158 158 157 164 165 153 153 157 152 153 170 179 176 172 159 172 162 133 127 133 121 111 
108 118 121 102 124 112 100 127 125  97 106 111  98 115 112  92 123 113  96 113 102  87 121  98 100 116  94  99 115  89 103 100  77  95  97  73 102 131 156 165 156 142 148 174 195 193 187 184 186 189 185 179 186 181 176 173 172 171 167 164 164 131  67  85 106 112 117 124 151 155 160 161 164 166 164 160 164 160 160 160 161 172 178 170 184 186 175 165 172 178 176 177 179 183 166 122 110 123 111 105 
110 117 117  96 120 114 108 132 121  92 109 118  95 118 114  95 122 108  95 116 107  85 123  84 100 104  93  99 112  90 110 103  88 102 100  78 103 104 128 158 162 149 152 166 192 191 188 185 185 185 179 172 174 176 174 168 163 162 164 166 162 125  64  89 113 118 121 124 151 158 163 159 155 156 160 163 165 161 161 159 157 168 174 168 175 187 182 168 164 168 175 186 188 185 164 109  96 113 110 116 
104 121 111  96 123 109 102 133 123 100 123 118  98 110 110 100 124  99  95 122  99  98 120  84 100 113  84  95 103  80 105  99  80 113  95  80 110  90  97 150 165 161 152 166 181 185 188 190 193 195 187 178 167 175 181 178 172 164 162 163 162 116  55  95 117 120 130 134 156 162 165 159 154 154 158 160 161 160 160 156 156 169 177 170 158 166 164 158 161 163 166 173 189 186 161 120  85 105 111 110 
 98 120 109  98 124 109 104 135 123 100 121 111 107 114 110 100 121  95  92 116  92 104 119  88  95 113  82  99 102  79 103  96  74 112  91  82 109  89  88 138 157 164 158 177 190 192 194 193 193 193 186 177 174 177 180 178 172 167 165 165 159 112  54  94 115 117 130 136 152 156 159 158 158 160 161 159 160 159 159 159 164 179 183 170 175 179 173 169 172 174 169 170 183 191 170 131 111 109 113 116 
106 123 110  98 116 106 103 126 114  96 117 117 106 116 111 102 120 107 102 115  95 106 123  96  97 110  89 109 105  87 109  99  82 108  96  91 113  98  94 121 134 147 157 177 197 199 198 197 196 196 194 192 185 181 177 171 167 163 162 160 148 105  55  85 108 115 131 139 149 154 157 158 160 162 162 161 166 160 157 159 169 187 188 170 186 190 183 177 180 180 175 175 177 190 174 130 133 103  97 110 
137 145 134 126 142 133 129 144 138 126 139 141 125 135 130 125 138 138 134 139 121 128 143 126 126 134 119 131 132 118 137 127 114 127 118 117 126 122 121 127 132 145 167 189 203 204 205 204 202 200 199 199 194 188 181 177 175 171 165 160 158 119  79  92 110 113 130 139 152 158 163 162 160 160 161 161 170 163 158 156 165 186 193 180 190 191 183 176 181 182 180 183 180 181 168 147 135 110  97 104 
110 114 115 118 117 115 117 128 127 114 110 109 108 116 109 109 113 118 111 113 113 108 114 104 104 113 106 113 114 103 119 109 104 104 101  99 103 108 116 113 117 123 148 166 174 173 173 171 167 161 156 155 163 155 147 144 146 150 149 147 150 120  97  93 106 108 125 138 150 158 163 159 155 156 159 160 162 161 161 160 164 183 191 183 197 195 181 171 177 182 183 186 185 174 167 177 147 140 120 108 
 87  87  92  98  88  92 101 107 109 100  90  94  88  93  87  95  91  98  92  98  98  89  90  86  84  90  90  92  98  85  95  86  90  83  86  87  93  92 102  97 103  98 113 120 118 113 111 112 111 104 100  99 104  97  89  85  89  95  99 100  96  80  79  72  88  95 121 139 150 154 155 153 153 157 158 157 153 155 161 161 163 179 189 181 196 192 176 165 171 177 177 179 185 172 159 167 160 152 127 109 
102  95  93  94  98 102 107 101 100  95  90 104  98 100  95 106  95 101  95 104  98  92  98 101  96  94  93  91 105  92  95  87  98  90  97 101  99  90  97  93 106  94 100  97 107  99  93  95  94  88  83  82  90  84  79  76  75  74  71  69  68  59  72  64  81  91 121 143 158 156 151 150 155 161 160 154 156 155 154 152 157 177 188 182 192 188 174 165 170 176 176 178 183 173 150 137 172 161 140 130 
 99  98  93  89 100 101  99  97  97 100  98  95 100 103 102  97  90  89  96 102 102 102 101  99  96  95  94  94  94  92  90  90  92  94  95  95  97  95  96  98  97  93  93  96 104  96  93  98 100  94  89  87  92  83  79  82  82  74  70  72  67  58  60  66  69  85 117 142 153 151 158 156 146 152 160 152 154 156 157 152 150 184 174 179 192 192 175 160 166 176 177 176 164 165 154 141 152 170 164 143 
105 106 103 100 102 100  96  93  94 100 102 101  97 100 102 102 101  97  93  91  97  98 101 101  99  97  96  97  95  98 101 100  97  96  97  99  93  94  99 101  98  93  94  98  97  97  92  87  89  96  98  96  95  87  83  88  90  84  79  80  74  73  69  67  69  77 104 136 159 147 141 144 147 149 152 153 152 150 151 152 153 174 161 163 162 165 159 151 156 163 161 158 152 156 152 142 145 159 165 159 
103 105 105 104 106 105 100  95  97 102 107 108 102 100 100 101 104 103  98  94  96  97  99  99  97  95  93  92  95  99 104 103  98  96  97 100 100  99 102 104 101  97  97 101  92  97  95  87  87  96 100  97  99  90  86  90  92  88  83  81  73  85  80  74  81  84 100 133 161 152 136 133 142 138 134 144 149 141 139 144 141 142 129 130 126 136 146 149 146 147 146 143 143 148 151 146 142 148 160 171 
102 104 107 107 102 102 100  97  97 101 103 103 106 104 101 100 101 103 105 107 105 105 104 102  99  98  98  99  97  98  98  97  97  99  99 100 102  98  97 100 104 105 106 107  96  96  97  97  95  94  97 101 104  96  90  90  92  91  87  84  81  95  89  85  96  91  88 108 142 157 149 133 131 126 122 130 135 130 130 136 132 118 118 125 113 128 153 160 145 136 139 138 150 151 154 154 150 147 155 167 
100 105 108 106  98 102 104 103 102 102 101  99 102 105 107 106 104 104 108 111 105 105 104 102 101 101 104 106 101  99  97  97 100 102 103 103 106 100  96  98 102 101 101 100 103  96  95 100  98  93  99 110  99  95  91  90  92  93  91  91  86  94  91  91 102  96  84  87 110 142 155 140 126 122 122 124 127 126 129 133 129 107 118 126 103 118 155 171 155 143 150 150 158 156 158 160 159 154 154 159 
101 106 104  98  96 103 108 108 106 106 105 102 103 106 107 106 104 103 107 110 101 102 102 101 100 100 101 104 102 103 104 104 103 103 104 105 105 106 107 106 102  96  95  97 102 102 102 100  99  99  99 100  94  95  95  94  93  92  91  91  88  87  89  93 100 102  97  91  87 114 144 146 129 124 126 123 123 126 128 129 130 103 119 118  99 107 149 179 163 152 155 150 154 152 151 155 157 156 154 153 
107 109 106  99  98 104 107 108 107 107 106 105 109 107 102 100 100 102 104 105 101 103 105 103 102 100  99  99 102 106 109 106 102 101 103 105 103 105 109 111 105  99  99 105 100 104 106 103 103 104  98  90  98 103 104 100  98  98  95  90  95  93  94  95  97 103 106  99  87 100 133 151 135 124 124 118 116 120 123 129 132 111 125 119 108 115 148 170 169 154 148 137 144 144 146 147 148 153 154 150 
106 108 108 107 107 108 109 110 109 109 109 110 114 110 104 102 103 104 103 101 103 107 109 107 105 104 101  98 100 104 105 102 102 106 109 111 111 104 102 107 108 102 101 107 104 103 102 104 106 106 104 102 102 106 105  97  97 102 100  91  95  97  94  90  93 101 107 108 105 115 124 138 148 134 116 116 118 119 119 129 118 105 110 105  98 120 143 145 175 167 154 138 145 149 156 152 143 149 154 147 
107 109 110 108 105 106 108 110 111 112 112 113 117 116 114 111 109 109 109 110 110 112 111 109 107 106 104 100 102 105 105 104 104 109 111 109 108 104 104 109 109 105 105 110 104 107 108 106 102 101 102 104 103 106 106 101  97  97  99 101  95  96  93  89  89  95 103 106 105 112  98 102 137 146 127 122 123 124 123 127 112  95 103 100  85 112 138 134 150 165 168 142 147 146 153 155 146 145 151 151 
109 112 113 112 111 111 111 112 114 115 114 114 114 116 117 115 112 111 112 115 108 109 107 104 103 105 103 100 107 111 112 108 105 106 107 106 111 109 109 110 108 104 104 107 106 108 108 105 100  97  97  99 106 104 104 104 101  98 100 104  96 100 102 100  95  94  95  97 109  89  89  90  93 129 151 125 124 126 125 130 113  96 104 102  92 114 134 124 122 151 173 160 138 133 140 147 141 136 144 152 
112 116 117 116 116 115 114 114 115 115 113 111 112 116 119 117 111 108 108 111 110 111 109 107 109 113 113 110 104 112 116 113 108 108 109 111 107 108 110 111 109 106 107 110 106 106 105 105 103 101 100  99 107 104 103 106 107 103 100  99  99 102 104 103  97  93  93  95 109 100 106  94  74 103 142 140 125 125 124 129 114  95  98  92  95 116 139 139 123 140 164 169 150 138 140 145 136 129 134 140 
113 117 117 116 121 118 117 118 119 120 117 115 115 118 121 120 114 109 106 107 113 113 112 111 114 117 116 112 110 115 119 115 110 109 108 107 110 112 113 112 108 105 105 106 103 104 106 108 109 108 107 107 106 106 105 104 105 105 101  96 103 100  98  97  95  93  96 102  91 112 107  91  92  92 109 148 128 125 120 129 121 106 106  95 100 121 133 135 118 128 147 167 166 151 147 147 140 136 140 142 
114 116 115 112 112 111 109 113 117 120 117 115 118 121 124 124 122 118 115 113 114 114 111 109 111 113 109 103 113 114 113 113 116 117 112 105 105 110 114 112 108 105 105 106  99 105 111 112 108 104 105 108 104 111 109 100  97 102 103  97 107 102 100 102 102  98  97 101 102 102 102 106 104  88  90 115 147 131 120 132 129 115 112  96 103 131 133 136 122 131 125 145 177 156 148 146 140 143 148 144 
114 112 114 116 106 108 110 111 110 111 114 117 113 114 119 126 128 124 119 116 117 115 115 117 117 114 110 108 112 111 111 113 118 121 115 107 106 108 107 104 107 113 113 110 106 105 107 109 109 108 104 102 105 109 108 104 100 100 101 100 101 105 109 108 104 101 101 102 109 102 102 106 103  96  89  81 123 142 133 116 117 116 106  98 102 143 148 140 142 135 141 124 154 180 164 140 150 153 143 148 
122 117 113 113 115 113 114 114 114 114 116 119 121 117 118 121 122 118 116 116 119 119 122 126 126 121 117 116 116 119 120 116 115 115 114 110 111 113 112 110 112 113 109 101 114 109 104 103 106 108 108 107 107 108 109 109 108 106 105 105  97 102 106 105 105 108 109 107  95  97  97  98 103 105  97  86  99 126 139 122 106 107 106  99 104 128 173 149 134 130 132 126 127 167 174 152 147 152 152 155 
122 119 113 108 117 113 110 110 114 118 116 113 117 114 115 116 115 114 116 121 120 120 122 127 127 122 120 120 118 123 124 117 110 111 114 117 110 114 117 116 115 114 110 106 112 110 107 105 105 109 113 116 107 110 113 113 111 108 105 104 108 106 104 102 106 110 107 101 100 100 100 100 103 104  99  92  84  94 127 136 111 109 123 118 108 118 164 153 127 116 114 118 115 134 170 170 138 134 147 140 
115 116 117 118 114 113 111 110 113 117 117 114 116 116 119 121 119 116 116 121 123 121 122 124 123 119 120 122 115 121 123 118 113 114 119 121 121 120 118 114 111 111 113 115 107 109 112 112 112 112 116 119 113 115 118 117 113 108 104 102 111 109 106 103 104 107 104  99 107 108 105 102 102 106 105 102  92  99 119 132 122 108 104 106 102 125 121 143 146 115 115 108 110 115 146 171 158 138 132 129 
115 116 122 125 109 115 117 113 111 115 119 120 125 122 121 121 119 115 117 122 125 124 122 121 118 116 118 123 119 122 123 121 121 122 121 118 126 123 121 119 116 112 111 113 116 117 116 113 111 111 115 120 115 116 116 115 111 108 106 105 106 108 109 105 104 104 105 103 104 105 102  99 100 107 111 113 113 123 120 125 133 105  69  64  78 103 106 127 153 139 104 111 108 108 116 151 183 163 133 133 
116 117 117 116 106 115 117 111 108 112 118 118 118 115 113 115 117 117 120 124 120 120 119 119 116 112 115 120 122 124 124 122 122 122 119 115 118 116 118 124 125 120 116 114 125 123 118 114 112 112 116 119 115 114 112 109 106 105 105 107 108 111 112 109 105 104 104 102 103 105 105 100  97 101 104 104 105 113 111 114 126 116  87  70  60  67  93 111 132 155 114 112 109 114 108 127 170 174 144 130 
120 121 118 112 112 119 120 113 111 116 120 118 119 117 118 124 126 124 119 117 117 119 123 125 122 117 118 122 117 121 121 118 116 117 117 114 123 118 117 123 126 120 114 112 119 119 119 120 120 119 117 116 126 123 118 113 109 107 109 111 103 107 109 110 110 112 111 108  99 104 107 103 100 100 101 100 100  97 102 100  97 111 111  84  68  64  63 106 118 157 161 111 108 120 117 116 146 179 168 134 
