 74  68  60  56  58  59  54  48  47  47  33  20  25  41  62  83 137 156 105  77 115 129 115 112 123 112 105  95 124 130 142 143 155 137 140 136 141 144 127 131 135 131 145 161 206 220 234 228 227 231 233 233 229 226 227 228 223 221 221 224 225 224 222 222 210 212 217 222 222 218 215 216 224 215 208 209 210 209 208 210 215 208 209 194 146  85 114 132 139 121 125 124 137 126 126 109 105 115 123 132 
 81  77  72  72  73  68  58  49  47  48  42  35  35  36  48  68 104 138 108  92 127 135 120 116 110 109 105  94 118 126 138 138 125 125 134 122 119 123 113 114 123 122 124 116 144 175 214 226 233 232 231 229 227 226 224 223 224 223 223 224 225 224 221 220 216 213 214 218 218 215 213 212 210 206 205 207 207 202 199 199 204 197 191 179 142  81  97 121 128 111 111 106 113 109 117 111 101 117 125 126 
 78  76  75  76  78  74  67  62  39  36  31  35  37  34  45  71 107 152 134 114 130 128 118 117 104 107  99  84  96 105 109 106 101 106 112  99  93  95  92  92 102 111 109  93 113 161 213 235 238 235 232 232 233 234 234 233 228 227 224 221 220 219 216 213 214 211 211 215 216 214 213 214 216 213 211 208 204 200 199 201 200 197 183 172 145  81  71 104 110  99 100  98  99  96 103  99 113 126 128 123 
 75  74  74  73  69  62  59  59  39  26  15  22  29  26  40  67 112 143 119  99 116 121 114 107 106 107  91  76  75  74  58  46  56  54  60  81  98 103 102  99  94 105 108 113 143 197 234 246 244 244 242 238 233 230 230 232 236 235 229 222 220 222 222 219 212 213 217 221 221 217 217 220 220 218 214 208 204 203 204 206 197 203 192 185 167 107  74 107 104  96 100 110 113 115 113 105 122 125 123 124 
 49  48  51  58  57  47  39  38  32  19   8  13  23  23  36  63 110 146 131 106 107 108 108 106 109 109  95  94  93  88  62  48  26  23  38  95 140 144 137 123 111 110 111 142 182 228 241 242 243 247 248 244 236 230 230 231 231 231 228 222 221 227 228 224 212 215 218 221 219 214 213 215 210 213 214 212 212 212 210 207 198 206 201 198 182 134  83 104 123 110 103 116 118 126 118 109 119 121 122 129 
 20  12  15  32  46  45  37  33  23  17  10   8  14  21  42  74 105 146 138 113 102  97 101 100  92  90  72  80  75  76  60  65  45  52  65 122 168 168 156 126  70  64  74 138 188 231 234 238 237 240 243 244 241 236 232 231 219 225 225 221 222 227 225 218 216 212 210 214 217 216 212 210 210 212 211 211 213 216 213 206 203 205 200 199 185 155  91  92 135 119 103 114 107 119 110 104 111 121 123 122 
 14   4   2  20  45  50  42  39  33  26  11   4  11  24  51  81 114 128 117 108 134 146 142 125 113  93  67  68  75  93  88  98  76  74  86 135 169 168 152 121  67  54  69 145 203 224 216 225 234 237 239 240 238 233 226 219 220 225 227 224 224 226 222 214 222 213 207 214 223 224 220 219 213 214 212 208 209 214 213 208 208 203 196 202 190 172 109  95 131 116 103 112 110 120 110 106 108 118 118 113 
 29  30  24  34  56  52  40  45  44  29  10  12  33  51  71  90 104 105 106 112 173 190 180 155 122  89  73  69 112 165 170 169 135  89  89 131 158 163 147 121  75  54  69 139 206 212 205 217 228 233 235 231 229 230 229 226 223 226 226 223 223 223 224 221 222 214 212 220 223 220 220 225 213 217 218 216 216 219 219 216 212 207 202 211 195 178 126  98 132 115 109 106 114 117 107 107 115 112 112 119 
 67  66  60  59  60  50  44  53  37  30  21  26  46  60  77  98 105 113 113 120 172 188 165 131 111  99  92  85 110 152 166 173 145 102  96 123 145 163 154 112  67  58  83 139 182 202 208 207 230 228 227 226 225 224 227 231 228 231 232 228 224 224 225 225 216 213 214 218 218 214 216 223 222 220 217 216 220 224 222 217 209 210 208 211 195 181 135  98 127 121 113 108 111 112 111 115 119 115 112 115 
 73  74  72  72  66  57  57  67  53  44  32  36  51  60  68  81 121 130 127 135 178 190 155 116 118 121 120 110 115 136 146 148 122  94  94 105 111 141 153 118  83  63  90 137 160 187 215 218 223 223 226 231 229 223 222 224 226 229 230 228 226 226 223 218 217 213 213 214 214 212 216 221 219 218 217 218 223 225 223 219 212 212 206 202 191 183 150  97 116 127 116 109 112 109 108 108 121 118 116 118 
 67  65  71  78  76  71  73  76  77  63  45  45  58  63  66  76 108 122 124 144 184 197 162 131 144 152 147 139 136 141 150 148 140 121 120 117 112 136 149 125  76  44  75 136 157 176 210 220 219 219 221 223 223 222 224 227 224 222 220 218 222 226 223 217 225 217 210 208 209 211 212 214 214 216 218 220 220 216 213 213 214 213 206 205 202 196 172 104 106 130 110  99 106 105 110 107 112 116 120 121 
 62  56  67  79  79  76  77  73  72  59  43  41  52  59  66  78 123 128 118 137 169 191 177 174 155 161 157 164 165 162 176 179 170 160 155 157 159 167 166 155 104  58  75 135 160 173 200 215 220 224 224 218 217 221 222 220 226 225 222 221 223 226 224 219 218 213 207 207 212 218 222 221 223 223 224 225 221 215 213 215 218 214 211 212 208 193 178 102 104 141 114  97 106 106 118 116 113 116 122 123 
 45  36  50  67  65  65  69  61  63  56  44  42  49  56  69  89 126 128 110 129 147 163 152 164 174 177 173 189 183 160 167 166 177 184 189 192 188 169 161 173 168 112 111 160 180 176 178 178 181 204 223 228 230 229 215 198 188 204 219 226 230 230 227 222 218 218 218 217 220 224 227 229 230 223 220 223 224 221 220 220 214 209 206 206 201 183 189 117  93 149 124 107 109 101 111 110 119 115 116 119 
 49  47  54  63  64  65  64  60  63  64  61  58  55  51  62  85 105 112 114 130 142 142 140 155 190 199 205 203 177 144 134 135 172 193 205 212 209 169 137 143 148 165 180 196 207 190 154 135 142 181 219 232 236 236 207 162 144 160 202 234 238 235 235 228 226 232 230 229 227 227 231 219 205 204 197 207 200 208 208 218 210 206 208 204 195 191 187 148 105 141 138 109 114 104 107 100 106 112 115 112 
 68  66  61  58  58  58  58  59  49  52  52  52  49  44  56  83 115 121 125 130 138 139 144 155 196 207 217 206 177 151 144 151 180 199 204 203 199 164 133 137 151 197 217 218 221 198 157 141 151 184 220 233 233 228 193 143 145 153 187 217 215 212 215 213 214 216 210 212 209 209 208 184 128 128 129 130 134 138 145 149 152 172 201 207 198 200 191 168 120 140 142 107 110 105 109 106 109 116 120 113 
 59  57  52  47  44  44  46  49  42  44  42  43  44  44  60  87 112 126 128 125 134 144 146 147 168 168 168 165 155 145 141 142 152 172 175 169 166 149 135 143 148 175 189 193 194 175 151 147 152 166 186 196 195 193 174 146 144 152 178 198 197 195 200 204 200 196 187 193 197 195 188 159  92  88  91  75  90  86  93  82  83 131 182 195 187 188 185 167 135 148 143 112 108 104 109 108 107 110 111 108 
 40  43  45  47  45  44  45  45  47  48  46  46  46  44  57  82 115 135 138 130 137 146 144 139 143 136 132 139 152 158 153 146 130 141 141 136 140 142 142 149 145 149 146 147 150 145 144 154 143 139 142 142 138 142 149 147 140 156 181 201 205 203 202 205 201 193 183 193 198 196 186 155 129 131 126 111 113 117 117 108  97 145 186 189 180 179 173 159 143 144 134 116 108 110 111 108 110 111 111 110 
 47  47  48  50  50  49  50  48  47  47  46  47  47  44  55  79 114 127 125 112 110 111 110 111 107 109 112 114 119 122 122 119 118 115 110 106 110 118 121 123 129 124 121 125 129 132 133 137 132 128 132 132 121 118 129 135 126 143 161 176 186 185 183 187 185 179 171 183 189 186 181 157 151 159 149 148 136 152 148 149 128 162 182 182 181 178 165 152 162 146 125 116 104 110 111 109 117 118 119 116 
 59  53  48  47  48  50  48  47  43  43  42  45  48  47  60  85 115 120 118 114 106  94  95 111  94 105 111 106  98  94  95  96 103  92  89  90  91  92  99 102  88  89  96 103 105 108 106 100  97  95 106 110 102  98 101 100  98 111 116 124 139 142 140 147 140 139 138 151 154 154 160 147 146 147 142 146 141 148 144 144 133 157 166 168 175 172 161 159 178 156 132 128 104 108 107 107 109 108 108 110 
 58  52  48  50  54  54  51  47  40  39  36  38  43  46  62  88 120 124 131 137 125  99  93 114 101 105 106 104 104 104 100  94 118 104 103 107 101  99 106 112 100 101 106 103  96 100 102  95 107 100 102 104  99  99 102  99  96 107 102 101 114 113 105 109 106 107 107 115 111 108 118 113 120 112 118 118 133 125 126 120 112 129 132 133 140 137 135 147 153 138 129 136 108 109 107 109 110 103 101 105 
 48  49  47  46  48  51  52  51  43  40  41  45  44  47  66  90 110 112 120 128 125 112 102 103 116 103 105 116 112 104 103 106 108 113 104 100 113 114 106 110 108 104 104 103  97  96  98  92 105  98  90 100  99  89  94  91  94 105  91  90  91  91 103  92  98  96  98 101  98  93  97 103  94  97  99  97  97  99  99  97  86  95 101  99  98  99  98  97  94  92  94 101 105 105 106 110 107 112 109 103 
 64  73  73  63  54  52  51  47  49  44  46  51  50  52  72  98 111 116 115 109 111 122 134 137 139 128 129 136 131 127 128 128 119 129 130 130 137 131 121 122 133 126 123 119 110 110 117 118 116 129 110 102 110 103 101 101  92  99  93 105 117 123 135 126 125 122 117 119 124 120 115 114 114 111 109 110 111 111 111 112 109 106 101 100 104 106  99  88  97  84  81  93 103 102 103 109 100 111 112 106 
110 109 120 128 105  64  47  55  55  49  50  57  55  50  66  90 109 112 103  92 102 132 157 162 166 161 163 165 160 159 158 151 154 160 163 164 162 153 145 145 157 151 151 145 134 138 151 156 143 162 144 133 140 137 136 136 117 116 111 123 134 138 142 137 144 139 123 118 134 144 142 140 149 141 137 140 141 136 136 142 141 140 136 133 131 133 132 130 130 101  85  95 103  94  89  94  91 101 106 103 
 57  62  67  73  82  85  72  55  71  60  59  65  63  59  67  84 104  95  80  75  96 130 154 160 156 154 158 161 158 158 157 149 160 158 162 166 163 157 156 156 153 158 165 159 150 157 167 166 160 162 156 159 158 155 162 152 137 133 131 129 129 133 136 140 141 140 114 100 123 146 151 156 158 150 147 149 142 130 129 135 137 140 141 138 133 135 146 157 150 113  91 102 110  95  87  91  92  97  96  90 
 89  93  86  81  98 135 161 167 173 140 101  75  66  69  80  89 102  84  63  63  93 132 155 159 149 126 108  99  98 117 145 159 160 154 158 156 138 121 114 110 133 154 170 162 152 160 159 140 135 130 127 143 153 154 160 147 138 134 128 102  86  89  89  98 125 133 105  84 109 132 132 137 140 137 135 133 122 104  95  95  96  90  89 100 116 130 139 145 139 106  89 102 110  98  88  93 100 101  88  70 
 67  60  60  67  73  86 115 145 168 133  86  56  58  75  83  79  78  72  58  57  90 140 162 157 146 108  73  57  58  83 125 156 155 148 153 141 102  72  66  63 100 135 156 143 134 145 133  98  63  82  69  83 137 154 147 151 142 137 128  83  58  64  58  62 117 130 101  76 105 131 125 124 123 124 123 122 117 103  84  69  71  60  59  79 106 122 123 120 120  97  86  97 104  93  85  85  95  99  79  49 
 16  13  10  13  21  26  26  23  43  33  23  29  56  80  76  58  55  60  45  41  85 139 159 148 145 110  93  91  85  98 129 149 153 153 160 146 105  80  80  81  94 131 157 147 136 145 130  80  61 114  62  68 140 152 137 143 146 150 137  92  71  79  77  81 126 142 105  81 122 141 139 136 137 137 138 142 143 132 114 101 103  90  87 103 123 131 127 123 116  95  84  98 103  95  83  85  90  92  70  38 
  1   2   3   4   8  16  24  32  20  23  30  45  66  82  81  72  95  95  48  35  91 139 158 151 152 109 101 104  87 101 140 153 151 159 163 145 110  89  84  79  99 129 151 154 142 148 134  70  50 129  43  67 140 146 150 146 143 160 137  93  75  73  74  80 128 149 105  85 142 143 150 148 144 142 141 147 149 134 126 137 129 112 103 113 128 136 138 139 140 111  92 115 110  98  81  92  96  77  49  26 
 21  19   7   2  10   8   4   5  12  27  49  66  76  82  91  99 129 132  79  56 101 145 160 157 148 106  92  90  78  97 138 153 154 159 161 141 107  86  81  78 100 129 147 147 141 148 129  64  60 121  51  72 143 152 156 152 148 158 133  92  78  79  80  87 122 142 103  91 141 145 150 149 146 146 144 148 148 137 134 145 135 121 112 121 135 143 145 147 136 113 102 130 121 101  82  96  88  62  33  15 
 99  80  32   1   3   2   1  12   8  20  42  62  69  71  80  93 113 128  74  54  96 145 156 160 142 111  99  98  91 109 141 154 156 157 155 136 104  88  84  79  98 133 152 150 142 143 121  64  72 114  63  77 133 144 154 150 149 152 121  84  76  80  84  94 123 142 108 107 148 149 148 144 145 146 145 144 142 133 134 147 141 127 120 129 140 141 135 131 107  94  93 128 134 126 101  98  86  60  35  20 
129 112  69  33  35  48  51  51  53  43  41  52  65  72  79  85 112 135  73  51  90 144 152 164 162 144 137 137 131 139 152 155 160 160 159 144 122 111 111 106 109 145 161 159 151 149 145 115 134 155 122 116 143 142 151 148 148 150 122  91  84  81  79  86 126 136  98 108 142 149 151 147 145 149 146 142 139 130 127 139 136 119 108 110 115 110  99  92  92  87  80 106 131 155 136 114  93  70  46  24 
127 104  67  39  53 105 133 124  95  73  53  49  59  69  73  72 118 144  74  51  90 148 153 171 158 153 152 154 154 157 160 157 162 162 166 159 147 145 149 146 142 162 161 156 151 149 158 153 171 174 164 150 159 153 159 153 151 158 146 131 130 121 114 121 147 144  94 106 134 147 151 150 142 147 146 144 144 135 131 137 110  99  93  95  98  93  90  91  96  98  83  88 105 144 143 130 118 106  93  72 
 42  33  32  29  52 111 118  60  51  50  45  43  54  66  69  64  99 136  68  52  92 153 147 164 148 148 146 147 152 157 158 154 154 155 161 160 153 158 164 161 164 166 148 148 152 145 149 148 142 136 149 142 155 153 160 148 146 156 150 144 150 145 140 150 148 140  89 108 132 149 147 143 141 147 144 141 138 122 106 105  85  90 101 109 105  96  96 104  98 111 103  94  83 113 130 140 126 125 124 116 
 16  14  22  42  72 104 106  80  35  28  41  45  48  64  73  75 102 120  59  49 101 148 158 155 162 155 154 150 150 161 164 150 158 160 164 162 161 165 167 164 165 165 155 148 148 148 150 148 142 140 150 153 158 152 150 144 138 145 147 146 143 140 142 151 147 135  82 104 141 144 150 148 145 138 123 110  99  91  90  94  96 111 121 117 106 101 105 109 108 115 109 102  92  89 103 135 141 128 120 122 
 16  10   8  18  34  44  47  48  45  35  48  47  39  53  60  63 108 116  63  55 110 148 168 162 165 159 161 160 155 166 169 153 155 161 167 170 171 172 168 164 161 165 162 150 143 149 154 154 149 151 156 164 165 156 145 141 143 145 150 155 156 152 147 144 148 136  90 110 148 138 138 133 118 111 104 102 102 101 103 106 103 115 122 115 110 112 113 111 113 115 110 108 105  87  84 105 137 132 126 122 
 17  11   5   1   1   4   6   8  24  27  44  37  30  43  51  57  87 100  56  58 115 150 167 163 163 163 165 164 161 169 172 163 159 166 171 172 170 169 166 163 166 171 169 158 151 154 158 159 159 160 164 171 172 163 150 142 141 142 143 147 151 153 151 147 154 141  99 105 125 116 116 112 108 103 103 112 120 119 112 107 113 119 120 121 123 124 116 105 104 106 102 103 106  97  87  87 119 134 140 132 
 12   9   5   3   4   5   7  10   3  16  35  27  24  40  51  67  95  98  49  59 120 151 162 157 163 163 160 158 159 162 162 156 159 165 167 164 161 162 166 166 165 167 165 159 155 156 157 156 158 157 158 164 167 164 155 148 150 149 148 144 142 144 145 145 136 130 104 103 110 104 109 112 115 108 106 110 115 114 111 109 107 110 113 116 120 120 111 100 103 100  95  91  96 102 100  96  95 113 133 139 
  5   2   1   2   5   6   3   1   1  17  34  28  27  39  53  81 136 116  49  55 122 153 164 159 158 160 156 156 160 159 153 153 151 160 168 165 160 161 164 165 157 157 155 154 154 155 157 157 157 156 157 158 160 162 159 156 150 145 140 139 142 137 118  99 103 107 106 106 105 106 112 116 110 107 107 109 110 109 109 113 109 113 116 118 118 115 110 105 109 105 103 100  97 106 112 109  86  94 117 139 
  2   1   0   2   5   6   4   2   1  14  32  32  36  42  56  93 143 113  39  48 121 153 164 160 153 154 141 130 131 129 134 148 151 162 170 168 161 157 158 159 160 157 151 143 134 132 137 143 145 151 155 156 156 158 158 154 144 137 129 126 132 130 107  81  96  97 103 100  99 109 116 118 115 115 116 117 112 107 106 108 113 113 112 109 103  98  96  96 105 101 108 114 111 115 122 118 109 103 110 130 
  5   3   1   0   0   0   2   3   2  15  32  35  39  38  48  89 142 113  44  61 132 158 159 152 153 146 112  74  59  55  72 103 143 153 160 159 155 157 166 171 157 153 140 117  94  84  91 103 116 128 140 143 144 144 141 137 136 130 113  91  83  85  85  80  82  86 106 114 120 133 130 121 119 116 114 113 109 105 104 106 113 111 109 107 105 103 105 108 108 100 110 121 115 116 121 115 115 103  97 109 
 19   9   0   0   2   4   3   3   3  17  34  36  29  33  61  91 167 145  67  74 121 169 145 156 145 150 104  52  43  42  55  89 145 153 159 158 160 167 168 165 158 148 130  95  80  85  98 126 133 149 158 161 162 154 148 152 151 137 133 101  82  68  77  63  68  75  99 118 121 120 119 113 109 103  99 102 107 108 108 107 118 111 112 125 127 115 109 114 111 115 118 120 118 117 119 121 119 118 106  96 
  7   2   2   8  14  14  11  10  16  28  41  44  39  41  59  80 123 118  76  74 124 151 140 149 141 147 113  78  74  67  73 103 145 158 170 172 170 170 167 162 164 149 127  92  81  90 103 131 167 188 199 199 199 196 195 199 184 176 184 169 155 133 119  86  82  69  77  99 111 114 112 105 102 107 115 119 115 107 103 104 132 122 118 123 122 116 117 125 126 124 120 117 116 119 125 129 123 123 112  97 
  4   0   1   5  10  11  11  11  31  37  44  46  42  38  42  49  37  57  59  65 121 141 145 154 148 140 108  86  86  79  81 107 142 159 173 173 168 167 167 166 165 155 138 107  91  91  93 112 143 175 196 195 194 194 190 190 186 174 176 169 158 146 128  94  97  75  70  91 112 125 122 109 108 115 125 126 118 110 112 120 123 118 120 125 125 123 129 138 136 131 126 123 124 125 124 124 122 122 117 107 
  6   1   0   0   1   1   3   7  34  37  41  44  45  44  41  39  31  64  74  90 126 153 152 158 161 135  96  80  85  82  83 101 143 160 172 171 165 164 167 167 158 153 142 110  92  85  82 101 121 157 182 185 187 189 185 182 183 172 170 166 152 145 125  92 103  87  75  76  92 115 120 107 117 117 117 115 111 111 120 131 121 122 126 128 127 126 128 133 120 119 119 124 129 129 125 120 123 117 116 117 
  4   1   1   2   3   4   8  14  39  40  41  43  45  46  45  41  26  59  70  90 124 162 163 164 151 122  90  79  86  86  85  93 132 149 164 170 171 174 174 170 170 159 141 106  87  85  88 110 138 162 174 172 175 178 176 176 168 160 158 160 143 142 123  94 103  90  76  63  67  95 121 124 125 121 120 121 122 121 122 125 122 122 121 117 115 118 122 122 112 110 110 113 119 120 117 114 120 108 103 108 
 10   7   4   4   6  12  25  35  46  47  44  39  39  44  47  45  43  65  79  76 119 145 157 145 135 114  91  83  85  89  92  95 131 141 151 156 163 169 168 161 159 148 135 111 106 109 105 121 153 160 161 161 168 168 165 167 165 154 144 151 133 142 123  96 102  88  78  69  61  76 112 139 130 129 132 140 142 135 126 120 115 115 111 107 108 116 119 117 108 108 110 113 116 115 112 110 110 105 104 109 
 15   8   3   1   4  19  35  53  52  52  50  45  42  45  49  51  56  63  74  60  95 109 123 110 114 104  91  82  81  86  95 101 134 138 139 138 143 150 144 134 123 121 125 123 127 130 123 125 129 141 144 145 157 161 159 164 165 158 149 153 139 138 109  78 102  82  81  83  64  55  84 117 129 129 134 142 142 133 124 121 116 121 120 116 121 129 129 121 103 108 114 119 122 123 122 120 116 113 112 114 
  3   1   1   1   8  31  59  79  73  83  91  94  94  90  89  96  99  99  94  92  95 106 109 106 109 105  99  88  82  85  95 103 115 122 123 122 126 132 126 114 119 122 134 141 142 144 143 132 124 148 151 141 146 151 151 154 155 154 148 142 140 128 104  78  99  78  84  93  70  52  69  91 127 126 125 123 118 115 118 124 119 127 135 140 148 153 144 131 119 125 127 121 115 114 115 116 125 123 120 113 
  1   1   4   1   3  19  79  87  88 129 149 151 162 165 163 172 175 188 186 167 161 169 171 161 152 141 125 111 105 106 109 112 115 119 122 121 119 122 125 127 129 128 136 144 146 150 147 135 132 138 146 146 141 141 146 147 147 145 140 135 134 128 109  88  93  80  82  83  67  61  72  76 107 120 127 119 112 117 125 129 133 130 135 151 159 150 131 117 120 128 131 122 111 105 105 107 118 121 124 118 
  1   2   9   2   3   9  88  79  80 136 154 144 158 162 152 158 159 168 166 149 141 146 147 140 134 129 121 117 116 116 117 117 119 122 128 131 129 127 132 139 141 137 136 134 132 138 143 138 123 118 131 141 131 130 144 149 137 137 134 129 128 122 104  85  90  76  77  79  68  70  77  72  80 104 130 137 131 128 130 133 144 134 128 131 136 133 123 114 113 121 126 122 114 111 112 114 109 104 101 100 
  2   1   2   1   5  16  98  91  83 134 147 140 158 161 144 140 129 125 121 119 119 119 120 121 113 115 116 116 116 118 121 123 133 133 134 136 135 132 134 139 138 134 132 125 115 120 128 128 129 123 138 153 141 130 134 136 127 130 128 122 118 109  90  70  95  76  76  81  71  70  79  79  64  81 114 142 145 129 123 127 133 134 127 118 119 126 126 119 119 121 122 118 115 113 110 108  98 100 105 109 
 30  16  14   9  13  27  88 100  92 121 130 130 145 144 126 118 118 110 107 114 119 118 117 118 128 128 126 124 122 123 126 129 136 137 136 135 134 135 136 134 139 135 135 129 119 121 126 121 139 134 143 161 163 150 135 128 130 132 128 120 113 106  90  74  92  81  85  85  68  67  79  81  71  72  91 122 138 131 124 127 120 129 131 125 123 130 129 121 120 121 119 116 115 115 114 110 113 121 126 121 
 24  18  24  23  22  39  73 105 109 109 107 109 114 111 105 102 109 115 117 118 126 132 127 119 136 133 133 134 136 135 131 125 124 136 142 136 128 124 114 102 120 113 113 117 120 132 139 132 141 131 120 138 165 159 137 128 116 116 106  92  85  84  77  67  74  83  94  82  61  69  83  77  78  70  76 102 132 145 141 133 129 126 121 117 115 114 118 122 118 122 123 120 117 119 123 125 119 124 128 123 
 35  13   7  20  31  32  51  90 115 119 113 109 114 112 114 126 122 114 125 132 119 123 130 117 134 138 126 132 134 136 123 129 132 140 146 140 124  99  73  55  62  58  53  55  74 108 138 150 150 141 133 129 155 173 150 126  78  58  54  61  58  54  57  55  73  81 101  93  62  64  84  81  83  75  67  77 108 137 142 131 135 121 118 120 115 116 121 117 117 127 127 116 117 127 130 119 111 114 118 119 
 69  39  16  21  29  32  49  74  98 116 119 108 120 117 118 123 122 132 134 134 134 129 126 133 134 133 121 128 130 134 129 140 134 135 137 137 128 112  94  83  91  92  92  89  88  93 106 118 125 129 133 118 135 169 161 140  92  54  42  51  51  51  58  59  68  73  96  97  67  64  80  79  82  85  74  62  77 111 131 131 131 120 122 125 117 119 124 115 131 130 124 115 109 114 124 133 130 121 108  99 
 27  11   3   4  11  32  57  68  87 105 122 112 130 128 134 129 132 145 137 122 124 124 124 134 111 107 126 138 143 133 135 133 130 125 120 120 128 138 145 147 144 142 142 137 119 101 100 110 112 121 139 135 130 129 112 108 124  87  61  57  58  60  65  64  68  69  84  86  68  67  79  79  75  90  87  65  60  85 113 125 121 116 116 116 110 113 117 112 118 112 111 116 124 126 124 122 108  83  55  42 
 17   9  11  16  14  26  54  72  85  92 117 120 137 128 141 144 140 130 127 115 103 121 139 128  81  83 120 134 136 121 133 128 126 116 102  97 109 128 145 151 145 149 150 142 132 127 127 130 131 131 147 146 125  97  77  86 114  90  66  58  58  60  60  59  72  67  71  73  66  71  83  91  78  90  90  73  59  67  89 104 123 122 119 115 116 119 118 114 112 123 125 113 107 101  82  58  39  48  69  96 
 14   7   7  10  11  14  46  90 102  92 110 134 140 124 126 134 132 138 123 109 112 107  87  77  66  76 110 118 118 113 130 130 118 114 107 104 111 124 129 127 133 146 149 141 138 143 136 123 129 127 125 101  88  95  99 109 118 106  81  60  56  58  60  64  71  68  73  84  90  95 102 109 103  98  88  72  59  57  68  80 111 118 117 116 124 129 125 121 123 115  96  70  49  46  56  69  99 122 151 171 
  4   4   0   7  27  22  33  75 118  95  95 136 138 140 130 132 142 162 136 116 126  90  37  34  77 102 121 127 126 129 126 123 122 128 131 132 138 145 144 137 136 142 138 130 130 138 136 125 121 123 118  91  85 103 106 107 137 131  97  61  55  61  66  77  92  96 104 118 128 123 117 120 124 117  97  70  56  60  67  67  94 114 123 124 132 131 120 117  88  66  50  57  74  98 128 156 177 186 188 183 
  2   8   7  34  74  60  34  54 116  87  69 116 125 160 151 148 150 151 147 148 149 134 113 106 119 145 137 133 132 146 131 129 138 143 143 138 138 145 144 138 132 132 132 131 131 131 127 124 137 125 128 126 121 115 108 120 148 147 115  83  86  99 109 122 124 126 129 138 141 126 112 114 123 133 116  75  60  74  79  66  76 106 116 109 103  86  65  64  68  86 109 133 158 177 187 187 185 195 196 192 
  2   0   4  36  73  61  33  54 107 115  86  75 119 152 151 151 151 156 156 146 140 139 137 130 127 137 142 139 137 140 142 144 140 138 132 130 134 139 140 139 124 128 137 144 142 133 125 123 136 140 139 130 126 127 120 111 142 141 132 120 116 122 127 125 122 126 129 128 123 117 114 115 126 135 133  99  97  88  84  69  60  77  61  66  72  76  86 142 136 133 137 146 152 151 150 153 151 166 163 175 
 21  17   9  28  71  65  34  53 117 126  98  72 100 145 158 153 143 144 137 125 121 124 124 121 127 131 134 133 133 133 136 139 142 142 137 135 137 140 140 138 130 128 128 134 139 138 133 130 134 140 137 128 129 133 124 107 126 138 139 127 118 122 128 130 119 127 122 108 110 125 125 112 125 116 113 113 112  98  85  74  67  59  46  53  94 119 138 121 105  92  81  82  88  89  88  87  89  91  86 100 
124 107  64  44  74  68  36  55 110 119 110  83  82 119 142 134 126 128 127 123 125 129 129 125 129 128 130 133 134 132 135 139 141 140 136 133 135 138 136 131 144 135 128 131 136 136 132 129 129 137 136 129 132 141 135 117 109 138 157 146 127 120 122 122 120 125 126 120 119 122 123 119 122 125 118 110  91 105 100  88 102  88  82  96 125 128 142  99  58  46  36  36  42  46  44  39  40  40  49  72 
 65  64  41  30  65  70  45  62 107 105 109  92  69  87 126 144 131 134 135 136 135 132 126 119 133 133 135 135 129 122 123 129 130 129 124 123 133 144 142 133 133 129 127 132 135 134 132 132 129 138 137 126 126 134 133 123 100 122 141 141 133 126 117 106 100 115 144 169 174 162 148 142 138 141 143 154 127 115  98  95 101 127 132 153 154 146 152 151 107 106 101  96  96  99  97  92  95  99 113 125 
 26  32  34  38  64  66  42  49  94  88 101 104  75  70 108 144 145 146 145 141 137 131 127 125 129 132 135 130 126 125 125 126 123 126 123 120 126 138 136 128 129 130 135 139 140 138 140 144 146 148 144 133 126 125 126 125 125 115 109 116 128 131 115  96 111 137 162 174 174 153 105  60  52 103 153 187 184 166 147 151 150 194 198 191 170 172 154 158 160 167 166 155 151 154 158 156 161 165 167 165 
 60  52  59  68  84  93  83  84  92  87 102 113  87  60  76 111 144 145 146 144 137 133 136 139 126 131 126 118 122 134 134 126 120 134 141 136 136 143 146 142 144 142 142 144 142 141 144 150 151 144 139 139 134 128 128 132 138 120 107 110 114 111 107 108 102 128 154 166 172 171 150 127 113 162 183 176 199 196 183 180 138 144 186 184 175 184 157 142 160 175 181 174 170 175 178 173 170 178 173 177 
 31  24  53  88 108 118 120 121 107  99 106 109  83  57  64  88 129 141 141 138 140 134 130 139 131 124 117 109 111 128 131 113  89 113 133 135 133 141 148 147 141 136 135 133 138 140 148 153 142 134 134 134 135 127 129 133 127 118 116 117 106  95 106 129 127 132 143 153 160 167 176 184 191 182 136 102 148 141 111  94  71  55 123 156 175 184 164 145 165 180 194 182 184 186 182 175 181 188 181 186 
 10  11  60 120 133 120 119 125 119 106 112 111  81  62  69  75 102 141 141 132 148 140 121 133 115  95 106 121 111 114 117  95  67  88 119 129 127 131 137 130 128 126 135 126 140 136 150 149 139 139 145 133 135 127 136 137 130 121 122 133 131 120 126 144 136 128 119 120 135 153 164 168 159 179 172 151 176 141  86  51  69  71 108 153 184 198 187 182 187 186 196 181 190 192 184 190 189 187 189 190 
  9  12  56 115 130 117 115 121 121 108 111 108  78  62  72  81  78 121 142 136 135 131 121 118 112  93  95 110 102  78  61  56  71  91 120 130 124 126 130 124 128 124 129 126 136 133 137 135 129 133 134 133 126 126 127 133 124 124 132 146 149 143 139 142 124 124 121 116 114 123 138 149 159 175 185 182 194 160 107  69  63  80 110 107 103 134 172 201 201 182 142 142 145 165 158 152 151 149 150 157 
 10  11  45  99 121 110 102 106  96  88  98 102  78  66  78  85  68  81 106 124 126 121 122 125 125 113 106 113 113  91  82  98 108 118 135 140 135 138 141 136 139 130 126 127 137 138 138 135 133 136 129 137 126 133 127 130 135 138 140 142 144 144 140 137 126 126 127 127 126 123 124 127 139 156 168 164 171 185 186 168 114  81  70  65  62  72  93 121 171 189 163 143 111 113 123 113 109 113 111 109 
  2   2  22  66 103 107 100 101 100  93 101 101  75  65  75  82  85  56  69 116 133 123 125 138 128 139 139 140 145 132 124 139 135 134 142 145 143 146 146 139 130 131 131 135 129 128 129 137 131 131 122 134 133 145 136 137 139 145 146 141 139 143 145 145 134 126 125 135 143 140 130 122 130 122 133 158 162 169 179 188 195 160 126  87  74  86  75  58  76 106 147 180 189 166 165 129 103 104 107 112 
 19  20  24  47  86 103 101 100  95  88  94  91  70  67  85  95  96  58  56 101 128 123 122 130 140 150 146 137 139 133 126 130 141 137 138 139 135 135 137 134 123 131 134 143 130 129 132 146 144 139 131 132 134 136 130 125 142 147 149 144 141 142 142 140 153 140 134 141 146 142 133 128 138 129 123 133 135 156 162 168 182 189 200 170 124  99  84  83  76  57  94 146 189 187 193 174 141 109  96 113 
 40  47  35  35  69  93  96  97  87  81  92  92  72  71  89  96  97  80  64  75 104 122 120 118 132 128 125 128 137 140 138 136 135 130 129 129 128 142 163 174 169 151 129 144 144 150 136 135 140 136 139 131 139 133 141 140 149 147 145 143 142 145 144 141 142 142 146 148 139 130 133 144 137 137 126 135 124 131 133 154 164 157 182 199 195 176 138 115 101 140 208 219 161 128  99  92 142 152 158 150 
 38  41  39  38  53  80  94  91  87  93  98  93  79  70  80  95  92  86  78  64  87 115 132 121 122 120 118 127 142 145 138 135 134 126 128 131 126 135 163 185 214 172 113  93 102 117 107  97 105 107 112 116 133 144 149 142 149 151 151 158 167 156 144 146 140 137 142 147 141 131 133 144 133 131 125 131 131 123 109 113 144 156 169 171 177 193 196 191 146 172 199 149  79  86  87  69  86 108 156 180 
 22  21  27  33  43  71  95  98  89  96  99  95  85  72  76  94  92  89  95  78  81  93 121 120 133 131 123 121 128 124 116 116 116 112 118 124 118 121 141 157 152 184 189 159 135 126 125 127 135 135 132 131 142 155 153 144 141 154 156 155 159 158 153 151 150 141 137 141 138 128 129 137 140 144 139 131 131 126 120 121 131 138 145 144 136 138 161 184 194 158 121  65  40  75  96  84  76  41  48  88 
 27  17  14  14  22  47  78  92  77  80  91 100  91  75  77  91  91  92 105  89  75  69 104 126 126 127 119 112 116 113 111 114 116 116 122 124 121 129 144 148 141 149 170 195 197 170 157 170 167 168 165 163 167 175 174 167 167 158 157 155 149 149 156 157 153 143 138 139 135 129 132 141 158 158 148 141 141 138 137 144 144 136 127 119 109 111 136 164 182 185 186 153 119 104  90  91  80  65  66  61 
 25  11   6   9  13  25  42  48  44  53  79 100  89  75  81  95  94  93 107  90  66  49  86 118 112 119 116 112 116 120 125 133 136 134 132 126 123 136 149 149 141 149 146 147 164 180 181 178 180 180 178 177 179 181 173 164 151 116 120 151 156 145 146 147 147 140 136 137 134 131 136 143 150 147 140 140 147 148 146 152 147 130 116 111 106 106 126 152 168 170 176 188 224 223 160 115 121 102  92  89 
 17   5   4   8  14  20  20  13  20  35  75  97  81  72  86  98  89  91 107  91  70  50  73  91 116 130 132 127 127 127 129 134 132 131 130 125 122 135 146 142 147 149 144 142 147 144 140 145 157 152 145 141 140 136 128 121  93  62  62  95 124 141 152 153 140 136 135 135 134 132 135 140 148 143 136 140 149 145 138 139 122 113 111 121 123 118 121 130 132 162 171 154 175 203 194 185 151 122  94  91 
 25  13   5   4   8  21  25  14  18  35  71  85  66  67  88  94  77  86 103  87  76  67  81  80 101 122 133 133 135 134 129 129 124 123 128 130 129 137 144 142 132 153 155 131 104  88  85  95 101 101 102 100  96  89  86  84  72  63  51  54  76 105 131 150 142 139 138 138 139 138 142 147 157 151 143 142 144 133 125 129 118 121 132 145 149 143 139 139 126 130 149 162 168 163 164 198 196 169 138 140 
  4   4   7  10  14  28  29  14  23  35  65  72  53  64  88  89  83  93 103  80  72  73  88  78  65  92 111 119 126 126 119 116 123 120 123 127 125 131 142 144 143 150 150 131  95  59  57  82  93 105 116 113  98  80  69  67  53  64  70  73  70  56  65  98 137 136 137 137 139 142 149 155 153 148 140 133 128 116 113 126 140 147 152 151 145 139 137 138 135 127 128 126 142 160 157 160 178 178 175 186 
 12  12  12  15  22  29  32  32  30  48  68  59  41  61  91  96  95  98  97  87  75  73  84  95  79  74  81  84 110 117 128 124 128 134 121 110  94 128 144 147 152 142 139 137 105  60  48  68  86  93 107 113 100  76  62  62  57  56  71  82  62  35  31  41  63  91 130 149 151 154 154 142 140 135 124 112 111 123 136 145 152 153 152 147 137 131 137 146 143 133 124 120 120 128 142 155 171 172 179 188 
 23  14   4   5  14  27  32  34  38  58  75  59  36  52  84  97  97  99  97  88  79  79  91 103 106  82  63  65  89 106 114 113 114 126 121 113  99 130 141 138 141 147 155 145  98  51  49  77  99  87  87  94  86  64  56  64  56  51  70  89  72  40  29  33  35  47  76 112 141 156 149 129 124 121 116 116 127 143 153 155 156 149 142 139 138 139 146 153 137 136 135 132 127 127 138 150 175 170 169 174 
 29  16   2   1  11  25  36  41  45  65  77  57  32  41  70  87  92  93  91  83  76  79  93 107 100  91  72  67  51  63  81 110 121 118 105 101 111 147 152 132 135 146 153 130  76  31  37  68 106 115 108  81  65  65  63  53  58  53  74  98  80  44  36  47  48  45  49  69  98 119 125 125 119 123 128 137 149 157 156 152 146 141 139 143 144 141 135 131 144 148 150 147 140 139 150 164 174 169 166 169 
 16   9   2   3   9  19  34  46  51  70  74  55  36  39  57  72  94  97  95  86  77  80  94 108  98  95  80  77  51  52  57  79 104 100  93  86 100 134 155 149 138 133 123  95  56  30  36  56  99 115 118  95  65  51  55  62  56  57  83 103  78  42  40  59  51  57  56  57  67  72  77  89 133 145 157 160 156 155 153 153 138 139 144 152 153 146 137 133 148 150 154 156 155 157 168 179 178 175 173 172 
  3   3   5   8   9  15  33  53  66  79  74  55  44  45  55  68  94 100 101  92  79  79  92 107  95  94  86  84  71  64  50  45  62  57  65  67  88 119 156 166 154 141 118  92  71  59  59  63  92 112 116  90  54  39  45  55  53  62  91 107  80  44  41  54  52  68  63  54  56  49  38  41  84 112 143 160 160 156 152 150 153 150 149 148 148 146 149 152 140 144 152 162 168 170 172 176 175 173 171 170 
  4   3   6   8   8  13  36  60  84  93  77  52  43  44  54  76  77  89  97  91  79  77  92 110  86  94 100  89  87  75  66  52  47  33  40  41  64  82 127 151 161 158 145 129 116 110 104 100  99 107  92  55  33  38  42  36  51  56  77  91  74  50  42  42  52  75  67  49  52  47  31  30  33  55  88 118 138 151 156 152 156 151 150 151 151 150 149 151 149 153 162 172 176 177 177 179 178 174 173 176 
  3   2   2   2   4  12  32  58  92  96  77  49  39  42  57  77  60  78  94  94  75  80  98 115  92  97 103  95 103  97  91  71  58  46  58  48  34  36  83 111 150 155 162 156 155 146 141 134 119  95  65  44  33  32  36  38  45  44  55  66  61  51  43  36  29  71  76  49  51  46  36  35  45  56  57  68  97 123 143 162 147 151 153 159 163 160 159 157 170 169 172 177 179 179 184 190 186 186 184 184 
 15   8   6   0   4  15  25  54  83  86  75  50  36  46  63  70  58  74  91 100  69  82  98 111  91  99  92 100 109 107 103  90  81  68  72  93  89  66  54  62  91 114 145 145 166 164 161 137 142 122  94  67  47  36  38  42  42  44  49  54  53  48  43  43  35  77  86  43  42  32  34  33  53  86  79  73  92  86  90 124 148 162 155 159 166 164 173 173 183 177 175 178 175 172 178 188 182 184 180 173 
 40  23   9   0   6  17  25  49  75  82  73  48  32  42  62  76  62  69  81  96  79  87  99 112  94 106  90  93 117 117 111 104  97  66  61  98 129 119  88  70  51  56  82 107 144 154 164 162 149 135 119 105  85  63  49  47  41  39  39  40  37  35  36  40  56  81  78  47  47  33  32  42  62  93  92  92  94  73  66  75 103 120 128 151 173 176 180 178 186 183 182 182 176 167 168 177 181 172 168 171 
 31  16   8   2  12  21  23  42  73  78  71  49  36  43  62  74  60  66  71  76  74  88  98 103  98 118  97  95 124 125 114 111  97  67  70  88  96 124 140 121  97  75  48  38  73 120 148 148 158 154 147 140 133 117  89  66  45  39  34  34  36  34  33  32  60  84  76  50  49  40  40  56  74  92  90  95  89  78  92  93  85 109 127 159 180 179 182 181 188 183 181 180 176 172 170 172 171 169 171 175 
 11   4   4   2  12  21  25  46  72  73  66  51  43  49  62  69  64  77  72  52  63  86  98  90  90 114  98  98 127 128 117 112  86  80  76  93 113 108 110 135 139 108  72  54  43  53  83 118 146 160 161 152 149 150 134 110  76  59  43  38  39  36  30  25  48  82  73  47  37  36  34  47  70  86 100 124 114 106 132 115  75 113 141 170 185 182 188 190 193 185 179 179 181 181 177 175 174 180 183 180 
  7   2   3   1  10  22  31  56  75  73  66  52  46  51  62  70  58  76  71  41  64  93 109 101  95 112  98 100 125 127 113  95  75  70  87 113 126 138 136 114 107 127 127 107  62  44  41  55  92 127 156 162 162 163 154 139 116  95  70  57  51  43  33  25  48  82  70  48  33  32  25  42  62  74  96 135 120 118 156 127  68 120 155 177 187 188 198 198 197 192 185 184 186 185 183 178 178 182 181 176 
  4   1   1   2  14  27  35  59  89  87  77  59  46  48  60  73  60  76  73  45  72  92 111 108 104 110  96 103 126 136 121  86  60  66  93 120 132 145 148 128 114 109 111 144 130 103  57  44  42  66 104 139 157 160 156 154 149 134 119 104  87  67  52  44  50  73  58  52  42  40  29  56  70  71  90 131 108 111 164 130  80 140 176 185 188 191 196 187 188 190 190 188 185 182 181 178 185 177 176 181 
  3   3   1   1  18  34  37  57  97  95  86  63  43  48  67  77  56  75  61  46  63  72  93 112 105 100  87 103 128 137 122  87  54  77 100 124 139 138 107 127 118 120 111 105 135 143 122  95  57  47  44  67 113 148 158 158 156 153 146 138 134 119  86  53  61  55  43  43  38  32  32  49  57  72  89 127 120 126 164 135  82 137 162 187 191 193 188 189 184 186 189 189 184 180 178 178 180 175 175 179 
  5   5   2   0  16  33  37  61  89  89  81  60  42  51  70  75  59  81  62  48  51  54  77 104 102 102  91 106 130 137 123  89  57  78 102 126 143 154 113 128 128 117 117 126 134 106 113 146 128  74  50  49  43  77 134 159 158 165 165 153 147 144 129 109  84  59  40  34  32  28  32  41  51  60  73 120 147 162 177 136  87 143 164 187 187 190 183 185 188 189 191 193 189 185 180 178 177 175 172 171 
  3   3   3   0  18  35  47  81  98  92  79  58  43  53  65  62  58  81  68  49  45  49  76 101 103 112 104 110 127 134 120  84  68  77 100 120 143 153 120 129 131 121 124 151 140 116 103 118 140 143 109  61  43  51  74 102 146 161 171 168 159 157 153 148 117  86  56  45  44  41  40  43  49  45  49  99 138 157 161 120  79 136 159 170 170 181 186 181 178 178 180 180 178 175 169 164 170 166 161 159 
  5   5   6   4  19  34  52  94 111  95  71  46  39  56  65  56  60  79  65  48  44  52  79  96  93 110 106 107 116 123 115  83  66  73 105 122 144 151 123 128 131 130 133 147 127 131 125 124 123 115 140 148 107  70  56  42  85 117 153 169 167 159 152 148 141 119  99  95  97  96  92  92 105 100 100 123 136 141 148 132 105 139 154 160 163 172 183 177 166 167 165 164 164 164 161 156 163 161 157 153 
 10   8  10  11  23  34  53  99 116  96  64  38  36  61  74  63  71  79  62  48  47  58  78  78  80 102 103 102 105 109 107  84  59  70 119 137 157 155 131 131 134 125 139 151 109 109 138 161 129 117 105 117 146 144 102  62  41  59  90 122 144 156 160 161 152 148 150 158 164 163 161 161 162 157 156 162 158 148 149 150 156 159 159 161 165 165 179 168 163 165 163 158 157 162 164 162 168 169 168 164 
 12   8  12  16  29  37  55 104 114 100  73  44  37  61  77  68  71  72  56  47  49  66  82  70  75  99 107 109 104 100  99  84  74  78 128 138 152 149 134 131 130 121 147 148 113 114 138 126 146 117 110 113 108 118 138 143  89  64  45  60  95 127 145 151 159 163 172 181 182 179 176 177 168 162 164 172 176 167 159 168 171 163 160 154 162 164 182 161 158 164 164 155 152 157 162 161 167 170 171 168 
 17  11  12  14  23  25  37  83  88  86  72  45  34  56  76  74  70  69  55  48  48  65  80  63  62  89 105 117 113 105 107  98  95  85 123 124 139 145 146 151 136 114 146 151 126 121 145 121 123 124 127 118 103 102 119 132 155 127  88  57  47  62  99 130 155 161 168 172 172 169 170 171 173 166 168 172 175 167 161 178 169 167 164 149 157 166 186 154 164 173 174 165 160 162 166 166 166 168 169 166 
