136 115 137 148 183 170 183 174 154 162 171 179 191 209 225 234 210 204 173 175 150 166 154 163 151 144 130 138 173 183 140  92 102 101 116 129 129 132 126 106 109 101 121 178 187 159 158 146 127 124 140 163 172 175 179 180 146 132 114 142 168 181 149 132 161 176 159 140 133 173 182 175 165 175 187 157 116 140 189 195 191 168 150 162 176 134 129 123 130 124 133 146 144 136 128 119 128 154 160 163 
214 192 196 206 234 238 250 244 233 236 238 238 245 253 255 255 254 255 249 250 226 203 150 116 120  95  72 108 154 168 122  82  77  78  89  90  80  82  90  87  95  89 108 163 189 186 194 185 143 135 154 190 199 189 182 182 181 146 116 128 192 213 177 126 148 180 189 167 155 179 203 209 193 201 208 176 136 159 195 191 207 190 169 182 185 148 134 131 122 122 135 151 151 143 133 120 125 150 158 163 
255 255 255 255 255 255 255 255 251 251 247 237 236 237 234 225 226 217 204 194 200 185 146 100  88  78  64  90  97  99  80  87  81  75  74  72  67  71  82  90  92  88  97 122 141 147 152 144 132 143 154 150 140 144 146 137 148 141 124  98 141 171 181 157 117 157 197 191 189 182 188 180 185 192 206 192 167 176 189 175 173 172 159 174 165 142 120 120 124 121 126 133 129 127 123 114 126 146 156 157 
184 175 159 163 146 157 149 145 133 133 124 112 105 105 102  95  84  76  70  47  64  68  73  54  83  72  50  63  66  73  61  68  70  68  72  82  88  86  86  93  93  98  99  95 100 116 129 137 153 148 149 141 125 119 129 137 135 154 134  99 105 151 177 180 151 156 167 151 160 156 169 165 172 169 184 193 177 165 158 146 136 136 120 120 106 111 106 124 121 114 110 101  96 106 117 116 126 142 153 152 
 56  47  34  45  37  56  60  65  48  45  44  44  45  47  51  56  45  64  84  65  62  56  75  80 106 107 100  91  90  82  76  77  70  73  74  77  77  67  74  96 110 133 151 143 143 148 144 152 154 145 151 162 162 159 159 154 144 167 144 121 110 146 146 142 149 147 147 135 127 110 106 102 137 124 127 138 129 111 104 103  94  96  89  81  84 105 110 130 127 124 117 102  90 104 121 124 130 142 153 148 
 52  45  49  63  54  54  59  67  58  48  48  61  68  66  70  80 108 129 155 158 156 147 153 157 152 156 160 122 103  61  62  69  55  55  52  56  60  51  56  85 113 128 138 120 125 135 123 133 128 133 150 163 167 167 162 148 169 180 156 112  97 114 133 145 143 138 126 125 108  97  86  90 110 100  96  96  94  96  99 101 103 104 119 109 132 146 133 127 129 133 129 105  87  99 123 128 133 143 159 151 
 84  74  73  89  98  95  93  88  93  78  75  88  93  84  76  77  94  88  81  77  78  78  77  74  93  72  74  66  91  50  42  31  28  35  50  82 106  93  78  87  95 104 116 117 136 145 129 136 141 136 153 173 152 128 125 137 135 142 139 108 104 103 120 126 130 117 100 107  98 101 104 120 127 135 126 114 118 123 121 125 128 131 133 121 146 153 131 123 117 117 111  98  87 103 122 130 130 138 161 157 
 90 103  97 102 108 100  96  90  98  91  87  92  92  81  67  57  68  71  69  63  59  60  56  49  55  43  56  66  99  68  63  55  52  52  61  88 109  99  85  85  86  81  91 109 117 120 130 135 139 144 144 133  93  94  93  87  91  93  94  96  97 102 103 103 100  98 103 101  94  95 115 134 136 153 141 120 125 125 118 122 106 118 101 106 116 127 112 118 114 113 103 111 103 106  90  84  96  89 114 125 
 88  96  84  82  80  75  95 112 100  95  97 104 103  95  89  88 105 123 134 128 124 128 129 126 113 123 142 105 117 117 119 115 115 115 116 127 139 128 107 100 100  86  98 102  82  92 112 102 112  94  92  94  90  86  89  84  76  82  88  90  92  91  84  77  69  77  85  66  46  73 110 116 120 113 110  99  92 109 125 121 105 102 108 103  94  97 108 103 118 125 123 106  95  89  80  65  67  46  60  79 
 85 102  96  94  93  93 104 108 108 110 117 124 120 109 103 105 126 149 162 154 147 151 154 149 150 150 155  98 114 152 152 149 148 153 156 167 183 178 154 138 142 141 152 151 134 134 130 106  98 105 124 118 122 115 122 114  97 106 115 119 119 119 114 109 101 100 100  67  33  64 108 104  97  89  89  86  76  74  87  96  92  78  79  70  83  93 121 125 100 100 105  90 100 100 110 105  93  67  67  77 
108 116  89  67  76  97 113 107 114 113 116 117 109  98  95 101 115 130 138 132 131 138 140 135 140 133 133  92 109 143 134 132 135 118  91  84 108 134 145 148 191 217 218 203 198 183 162 157 143 168 182 140 104  70  80  92  75  84  90  89  85  87  91  93  84  81  98  98  79  97 124 114 103 110 108 108 101  64  50  79 101  84  59  49  97 110 117 127  85  72  76  75  89  76  76  71  85  72  70  72 
150 146 100  61  60  81 107 109 105  99  97 100  98  96 101 109 105 108 108 105 106 109 108 103 104 110 118 101 104 110 100 104  91  81  61  56  70  80  77  77  84 123 130 122 136 140 146 174 198 205 196 167 138 100  80  80  69  74  75  69  62  60  61  62  61  54  72  90  88  96 107 103 122 142 143 140 134  95  72  94 106 114  98  89 109 109 115 143 114  81  52  40  40  37  39  45  64  58  57  59 
166 189 186 176 154 128 123 122 100  96  90  97 103 103 102 105 103  99  98 100  99  94  93  97  91 102  96  93  89  92 102 114  96  95  87  86  88  77  66  68  61  66  65  61  61  62  67  74 121 145 135 132 134 136 101  83  79  82  86  87  91  91  87  80  90  77  78  85  86  82  84  87 103 122 137 135 124 122 115 104  92  98  94 102  84  93 101 122  93  75  42  37  32  44  42  44  43  31  34  49 
113 114 115 110 109  84 106 143 112  81 131 145 151 139 151 158 165 154 139 140 146 143 124  89 112 140 138 131 138 129 115 120  83  79  71  51  45  60  77  98 126 129 113  86  75  78  73  62  76  70  74  84  71  71  76  83  85 104 119 127 137 140 129 118 113 122 106 109  94 104  87  89  81  89 103  92  97 104 120 114 110  93 103  78  65  53  64  60  54  48  47  47  32  56  45  40  36  28  25  41 
117 118 112  81  80  81 120 153 151 113 168 178 179 171 185 198 206 201 188 189 191 186 165 119 155 185 183 174 182 156 113 104  78  83  81  48  29  52  88 123 161 169 143 109 114 135 129 109 104 107 123 112  75  71  89  88  99 120 128 123 128 134 134 133 113 132 116 109  87  96  81  83  79  82  88  72  82  83  98  98 100  81  99  67  51  28  33  25  40  38  47  46  29  50  40  43  42  37  27  30 
152 146 144 117  89  78 113 143 157 142 163 164 157 156 148 160 198 197 185 180 173 175 184 167 169 190 187 180 175 143 108 104  76  92 105  77  48  55  85 122 164 169 140 106 122 158 158 131 100 123 155 145  87  46  42  42  72  93 102  95  90  89  87  89  71  89  92  83  83  88  92  98 103 106 111 101 104 100 102  96  99  89  96  74  43  40  43  45  36  39  46  46  37  45  40  53  46  43  34  30 
213 201 194 168 125 105 109 108 114 129 139 144 131 134 112 121 153 153 145 138 126 125 139 134 148 164 162 154 150 139 143 168 150 154 155 121  89  83  91 113 154 168 143 107 118 154 155 132 108 115 142 143  93  49  59  93 161 183 194 192 189 184 177 177 157 169 181 170 175 155 140 124 113 125 136 142 148 152 157 157 155 155 142 102  50  72  84  93  87  85  84  81  74  72  75  85  78  80  71  64 
176 204 218 192 135 110  93  76  84 115 124 133 128 143 129 135 135 140 144 150 135 118 118 105  93  99  97  99 111 122 140 161 143 128 115  92  83  93  99 114 153 163 148 129 145 166 152 125  93 107 128 130 104  81  87 108 120 131 132 129 134 135 133 135 132 137 145 136 150 126 106  83  99 107 111 119 122 138 150 161 171 182 162 104  47  83 104 110 126 121 124 125 122 118 132 126 127 129 118 107 
108 125 138 153 124  95  71  78  58  77  79  86  87 102 102  99 112 114 117 126 119 108 114 108  72  70  61  54  60  64  62  57  68  61  68  70  81  96  98 106 126 125 117 119 138 144 124 104  96 108 107  96  87  86  87  90  94 104 107 110 117 118 115 116 111 109 105  95 107 105 107 105 131 126 109 108  98 108 108 115 143 147 133  77  29  59  75  76  87  81  96 102  97 103 140 121 104 111 102  91 
 89 102  94 104 101 103  83  90  72  76  73  76  79  89  93  77  76  75  75  86  80  75  90  91  90  93  89  80  80  87  89  82  85  87 101 102 103 102  94  99 103 101  96 101 110 107 102 107 104 101  95  97 105 103 103 112 105 117 122 130 145 155 161 170 173 181 179 167 159 149 146 152 144 135 114 118 109 116 103 101  95  89  87  55  32  60  84  90  97  86 100  96  79  91 147 123  79  91  88  77 
 91  94  99 104 104 101  99 100 103 105  93 100  97 101  90  98  94  95  95  94  93  95 101 109  99  99 101  94 114  99  97  99  96  97 102 106 102  95  95 102 103 104 103 102 105 111 114 114 107 106 104 106 109 113 113 111 117 108 104 108 112 114 123 134 141 169 179 188 172 167 146 147 134 112  86  80  88  84  75  77  70  65  56  46  36  31  55  94 114 115 105  86  79  92 114 127 123  96  74  76 
 98 101 104 104 104 102  98  93 104 102  95  97 104 103  98 103 105 100  97 100 106 105 103 102 100  99 102  96 110 102 105 107 103  99  97  98  97  97 102 110 108 104 101 103 108 110 112 112 116 113 108 106 107 110 112 113 121 112 109 112 112 106 105 108 106 123 128 147 152 152 122 108 126  97  66  58  69  77  80  86  92  92  83  67  40  18  29  63 118 109  92  76  73  89 116 137 141 124 114 118 
 85  92  93  86  84  88  89  83  79  96 102  85  98 101  97  79  89  85  82  85  87  85  87  90  90  89  93  92  98  99 101  96  94  96  97  98 100 103 106 109 114 105 104 113 118 116 116 119 119 115 114 113 112 110 108 108 109 109 114 121 121 113 105 103  97  91  76  86 105 117 100  92  99  80  67  72  83  90  90  89  79  77  68  57  40  21  24  47  93  85  79  81  83  83  88  95  94  96 105 115 
156 164 162 149 143 151 159 158 143 131 137 141 149 116 120 138 112  99  87  82  81  79  83  89  82  85  81  79  83  92  88  81  81  86  86  83  82  83  84  82  95  85  85  96 102  97  96 100 101  99  98 102 102 100 102 104  97  98 100 100  92  84  81  82 101  99  90  91 101  97  85  79  81  65  60  60  56  57  57  52  43  40  33  30  31  32  47  74  58  55  53  52  52  61  89 116 121 115 105  96 
193 196 191 182 181 194 205 209 197 170 164 173 176 151 166 205 157 128 103 101 110 114 115 117 127 138 116 100 100 109 102 106 103 104  97  90  92 101 100  93 100  96  98 105 108 103  99 101 109 102  96  94  90  88  93 101  92  93  95  94  97 106 121 132 124 128 130 120 116  87  69  61  60  48  49  51  42  48  54  46  59  64  60  51  45  50  78 116  76  61  44  37  41  55  76  92  75  68  59  53 
116 105  96  98 111 124 131 132 129 133 118 112 108 115 113 123 110  97  95 110 121 116 109 105 126 164 137 115 115 124 111 135 133 136 138 142 157 162 140 113 115 119 126 129 129 127 127 127 142 133 127 126 119 110 113 122 119 118 116 115 118 123 126 127 107  94  85  69  76  56  52  51  46  34  47  60  60  71  77  59  78  77  64  49  38  34  51  79  57  46  32  25  28  32  25  14  21  23  25  27 
150 138 122 125 127 131 132 134 145 151 143 146 138 132 107  85  83  74  67  69  72  65  74  93  81 120 113 106 113 123 121 148 152 158 170 185 196 192 148  86  72  84  85  82  87  92  92  88  99  97  94  93  93  92  92  97 102 101  97  94  91  82  69  61  67  56  43  33  59  64  71  75  72  55  56  69  66  79  84  71  79  73  54  32  26  15  18  28  36  45  45  35  29  31  39  50  43  45  46  44 
196 204 189 190 163 162 166 181 193 191 188 188 189 181 159 103  98 120 129 124 122 106 102 116 127 128 139 151 157 161 172 179 183 182 188 193 180 180 155  77  56  65  45  28  45  64  61  55  56  66  59  42  44  62  72  71  75  79  75  67  64  55  51  59  74  81  66  51  61  77  81  85  86  68  54  67  62  72  75  83  79  75  60  19  14   5  18  23  25  36  33  31  35  30  30  47  43  44  51  56 
185 195 194 196 182 187 191 203 196 206 200 203 200 187 159 118 118 172 207 207 201 201 197 197 181 182 184 188 187 185 184 186 186 186 185 178 153 153 160 126 111 100  69  51  71  95  95  88  83  98  95  60  35  61  97 104 119 124 122 107  89  79  82  93 107 102  88  67  60  70  82  81  89  69  58  62  74  78  80  80  72  73  72  58  61  56  63  63  61  67  59  53  59  61  58  62  59  56  57  60 
204 207 210 206 203 208 200 199 205 218 208 211 200 192 173 151 158 163 157 162 172 199 208 214 201 194 188 187 186 185 185 187 179 181 183 182 161 162 181 167 166 145 114 101 115 129 122 109 121 125 125  91  53  75 119 129 146 153 155 135 104  89  92  98 107  98  93  81  69  81  96  89  84  72  69  65  87  82  84  79  74  79  93 101 107 108 115 116 114 118 111 101 105 115 115 111 118 114 114 120 
140 134 148 153 186 215 209 203 198 189 161 175 175 190 182 163 166 120  52  39  69 151 194 213 199 191 185 184 186 185 185 187 184 181 179 187 183 181 189 175 169 147 127 123 126 129 121 106 106 105 121 119  96  99 121 121 127 137 148 136 106  92  93  88  98  89  90  89  83  92  98  85  89  87  82  66  82  73  76  77  79  74  82  93  84  87  96 100  97 100  98  90  89 102 109 104 105 105 111 122 
 57  42  61  74 141 201 208 202 203 134  53  56  70 146 193 197 161 122  53  34  51 142 178 179 188 185 183 185 185 180 175 174 180 176 165 171 173 171 172 156 163 136 122 121 118 119 118 110 115 110 118 126 119 118 124 124 121 130 151 144 111 101 103  91  92  91  92  94  96  98  95  86  84  91  75  52  55  53  53  63  84  71  73  90  74  78  84  85  85  84  89  87  78  83  89  83  97  95  95 100 
 70  38  48  50 124 194 207 202 211 125  38  39  32 124 196 207 191 140  71  68  71 147 173 177 188 184 182 180 175 167 163 163 165 172 167 168 170 171 180 170 180 143 125 126 117 114 119 112 119 123 118 112 113 117 118 120 118 131 155 148 112 105 112 102  92 100  94  87  91  83  73  74  58  78  57  46  45  53  42  55  58  45  59  98  87  94  83  72  67  62  74  80  76  77  80  71  86  84  81  76 
 95  82  92  72 123 180 200 199 203 148  84  81  69 116 172 188 162 147 131 140 149 177 189 193 177 172 160 156 157 161 170 172 177 190 179 186 180 180 174 172 163 150 152 134 142 129 114 110 114 117 123 128 131 132 127 119 120 124 150 155 116 107 130 119  95  96  83  71  70  67  64  70  52  62  62  45  40  53  42  46  48  46  81 153 163 143 126  95  47  39  69 116 110 117 117 108 101  76  45  55 
168 163 175 152 170 191 202 198 198 188 170 177 165 165 186 185 172 169 171 175 169 180 185 179 175 177 174 178 182 184 190 189 176 183 165 168 157 161 151 150 159 147 151 132 151 144 118 105 117 113 117 126 114 114 118 125 119 122 149 162 124 112 138 129  97  92  77  64  61  59  63  73  56  59  68  44  37  51  47  48  54  46  76 157 181 157 151 125  54  38  70 138 138 141 139 136 134  88  35  50 
167 159 178 177 179 178 182 186 181 189 198 203 193 182 193 187 193 194 197 210 190 205 205 201 192 188 184 178 169 161 156 156 156 157 156 158 157 179 183 178 171 146 139 121 124 127 120 106 113 112 116 135 108  98 100 122 124 125 148 158 122 108 135 133  96  90  75  66  63  59  63  78  55  61  65  47  41  53  52  52  57  51  77 159 191 161 147 127  52  32  65 139 153 150 147 148 151 100  40  45 
140 132 148 161 152 148 155 158 162 158 160 161 163 157 162 164 169 180 171 176 163 173 166 175 161 159 164 157 154 158 152 157 167 160 176 179 178 203 207 190 174 151 134 111  89  95 109 107 113 107 112 141 114  99  90 109 127 124 140 150 119 105 134 141 105  96  80  73  73  65  62  72  66  68  63  50  47  55  54  49  46  46  65 147 190 161 145 137  86  65  86 130 142 142 148 151 145 111  67  63 
145 149 156 163 148 163 175 157 168 173 176 177 175 176 162 167 182 189 181 179 179 180 170 171 161 160 172 159 163 181 175 177 157 139 177 188 189 212 214 189 182 162 132 116  94 101 112 107 114 103 110 136 134 124 117 119 120 120 136 152 127 105 121 126 104  97  83  78  79  70  60  60  64  63  50  42  45  50  56  48  39  45  54 131 189 167 149 145 150 139 142 139 141 142 151 148 143 139 131 129 
 74 103 106 101  89 148 180 143 102 153 166 150 119 150 140 163 134 135 182 183 159 159 197 187 186 180 178 144 149 186 184 185 161 126 176 189 190 210 217 192 189 172 121 114 108 117 116 107 109 101 122 133 153 146 146 130 115 117 131 153 131  94  91  91  83  89  83  75  76  74  66  63  52  61  51  50  48  42  44  30  30  37  34 108 185 173 148 139 141 145 155 144 149 147 152 141 151 154 162 162 
 48  91  82  56  39 128 178 132  38 138 164 126  62 115 122 161  76  80 188 183 101  97 199 195 186 184 184 144 149 195 188 183 171 121 172 185 187 206 219 199 184 172 108  98  97 107 107 106 112 103 116  96 116 111 125 106 110 110 123 150 132  93  86  84  78  92  90  74  69  68  63  60  53  87 111 141 155 154 161 149 133 118  70 104 176 167 135 122 110 112 120 112 129 134 150 148 135 126 129 132 
 58  91  98  73  26 118 170 147  52 132 179 162  81 108 140 156  92  70 190 206 126  78 183 204 189 195 184 153 129 195 184 188 169 141 170 187 198 196 209 203 189 168 129 102 102 109 106 102 105 107  99  99 118 119 112 114 108 107 117 151 135  92  94 101  92  79  84  70  49  52  50  45  41 127 181 186 191 193 191 199 195 180 122  86 180 180 130  88  76  97  80  76  94 133 137 142 105  69  77  85 
 59  90 123  87  49  96 161 151  67 104 184 169  84  80 142 142 111  67 174 196 148  73 172 212 207 162 161 166 155 198 195 192 196 180 197 197 197 187 193 183 194 174 145 114  95  99 108 109 101 101 102 114 118 102 101 126 117 116 114 138 131  94 100 120  98  84  83  63  40  43  49  55  23 113 171 170 170 171 164 164 182 196 184 170 220 222 203 190 185 186 179 171 177 197 194 172 130  96  71  50 
104 122 168 143 130 131 173 157 114 140 209 194 156 123 160 163 138 109 189 198 174 101 160 183 175 106 115 138 143 145 138 126 137 139 147 149 145 134 137 133 138 121 116 105  86  92 108 105 100 100 100 108 116 114 116 125 100 107 112 138 144 108  97 120  99  86  84  64  44  42  47  60  94 159 196 191 186 187 181 177 187 202 216 228 231 240 241 241 250 245 252 233 222 203 195 173 165 153 109  61 
149 147 166 165 168 169 183 176 167 178 199 212 239 237 232 220 194 184 212 204 174 124 116  99  75  47  57  64  83  62  51  48  61  73  68  79  76  58  57  64  72  63  77  84  69  79 106 112  96  96  96 104 127 150 149 131 109 109 110 126 139 111  91 116 104  86  77  60  50  49  49  67 111 135 144 139 141 146 148 147 157 155 159 177 159 174 174 171 179 185 172 150 179 174 155 138 125 140 110  60 
151 155 155 170 172 181 179 187 176 135 111 121 133 197 235 227 212 220 224 208 139  85  62  70  55  65  67  52  67  42  31  38  55  78  54  62  65  49  46  56  46  48  64  67  48  58 104 138 130 121 121 130 147 167 171 156 132 126 132 145 148 121  96 115 120  98  79  64  62  58  51  70  62  61  53  40  37  45  52  53  76  77  75  89  75  85  81  83  70  77  90 143 208 168 122 141 122 137 119  81 
157 172 169 177 180 180 166 170 158 145 139 121  77  81 107 115 139 130 128 124  94  64  53  56  54  57  64  70  72  45  40  44  63  95  47  40  47  46  41  40  35  41  50  50  39  39  70 106 148 128 104  87  96 139 161 142 129 127 157 173 168 152 138 159 156 142 133 127 122  94  57  62  63  71  65  37  24  49  75  78  87 102  98  97  97  83  57  55  44  68  71  97 133 134 106 110 118 125 135 136 
166 169 160 154 162 161 152 151 142 149 144 131 120 105 101 115 113 113 119 112  97  76  72  67  67  56  64  85  78  51  39  32  93 149  84  41  41  48  39  35  31  32  36  44  41  25  29  54 104  82  42  13  39 108 132 101  52  59 112 150 141 104  77  90 159 167 177 181 173 109  52  44  61  85  79  39  27  62  98 107  98 116 114 118 127 114  78  66  61  60  47  62  87 117 111 104  95  97 120 154 
134 131 132 135 139 144 144 143 145 147 149 148 146 146 145 141 139 146 144 146 140 131 135 133 130 126 126 129 131 123 110 104 134 186 137 101 104 106  98 107  99  96  99 110 111  94  94 116 152 153 146 146 173 206 211 196 172 163 169 185 171 131 112 120 162 176 185 191 197 132  89  86  76  93  87  73  75  76  82  99  87  88  80  89  82  87  69  59  59  58  60  66  86  95  87  65  51  60  62  90 
186 179 178 183 178 168 172 186 182 173 163 162 159 152 149 149 148 155 140 137 138 144 166 164 161 154 150 151 154 155 158 160 168 162 151 163 159 156 178 163 170 181 194 212 227 225 220 223 232 241 245 240 237 241 247 248 243 247 243 229 214 199 176 154 118 131 160 174 179 171 144 147 145 147 142 141 143 129 111 108  65  54  50  57  64  53  47  53  52  44  50  51  73  68  60  39  33  41  37  45 
152 143 147 156 143 117 112 127 126 113 109 122 136 140 144 150 159 166 151 148 142 136 150 146 148 144 139 137 137 142 149 155 153 149 164 159 120 103 157 147 149 170 183 189 205 218 223 226 222 227 232 233 229 217 198 182 171 149 120  98  80  63  53  48  46  68 145 166 167 167 152 159 176 173 163 154 154 149 134 122  65  47  50  63  86  56  47  57  54  49  64  69  93  81  78  65  69  65  59  72 
126 108  98 101  94  85  94 117  95  86  91 113 136 146 155 162 170 166 164 157 146 135 131 134 125 127 128 127 127 127 129 130 138 145 168 182 158 118 162 183 170 159 123  88  83  94 101 105 128 139 138 115  90  74  61  49  43  35  34  43  48  45  47  55  61  62 140 153 155 131 112 105 105  90  96 117 114  94  89 101  72  50  43  59  95  68  55  67  76  78  92  96 107  96  94  88  87  73  68  76 
159 159 163 169 167 161 159 163 165 159 159 165 170 167 167 166 155 147 171 160 154 155 118 115 116 120 124 124 122 119 115 109 136 164 175 190 186 157 160 152 136 112  74  51  56  64  62  61  61  68  66  53  46  51  59  61  59  61  60  55  55  60  60  57  52  60 111 122 109  85  69  65  50  50  66  82  80  82  90  94  79  69  57  80 121 111  90 100 106 115 114 113  98  99  98 101  93  87  84  67 
166 171 167 155 155 162 166 166 165 172 167 164 161 160 161 161 135 123 160 128 141 183 123 106 105 109 104  96  95  92  83  74  89 114 111 126  90  56  54  51  45  41  36  46  57  56  54  64  58  57  62  71  73  67  64  66  63  64  66  71  77  81  80  77  87 101  82  96  69  96  87  91  87  85 107 127 128 136 144 139 129 129  99 108 131 139 119 131 153 164 144 134  97 108 105 120 127 132 121  71 
161 168 172 151 104 129 165 174 133 103 153 161 160 165 158 159 137 127 145 132 137 152 125 136 142 122 130 126  82  63  67  54  79  84  98 121  98  59  51  62  54  46  61  68  69  46  45  47  52  50  62  79  80  76  82  90 105 106 110 117 128 136 136 133 150 129  94 100 105 132 137 142 146 134 138 150 148 140 138 139 138 116  77  78 139 134 105 127 162 177 158 136  80 112 124 130 143 149 138  96 
164 172 177 159 107 129 161 166 141 100 151 158 160 166 159 161 154 117  93 105 134 140 132 144 149 116 126 126  73  45  56  54  93 103 118 123 109  86  74  74  85  76 102 110  97  51  42  41  48  58  93 127 135 131 137 142 150 152 152 153 160 164 158 146 172 148 131 129 138 141 144 148 145 131 124 130 135 131 126 129 110  78  47  60 148 141 104 118 163 173 159 144 102 147 166 162 146 137 127 100 
163 171 168 158 140 156 167 168 166 145 151 149 157 161 165 167 167 104  41  69 137 162 161 161 159 134 128 125  94  74  79  85 119 134 136 115  90  77  72  67  65  66 101 121 101  50  37  44  38  57 108 157 170 161 161 164 169 166 161 160 162 159 147 135 149 137 128 127 128 129 134 140 144 129 128 145 152 135 117 111  77  54  37  64 145 147 106 108 153 161 156 162 143 175 168 145 144 115  99  80 
164 169 161 150 153 164 168 174 170 165 147 144 156 160 168 168 165 107  32  63 138 159 161 158 142 134 128 125 123 121 119 118 114 123 118  98  81  76  74  71  78  66  69  73  58  45  55  71  82  90 125 162 169 160 158 160 156 150 145 144 139 131 120 114 146 138 130 131 134 141 151 160 147 131 127 139 139 119 104 103  92  79  73  94 142 143 105 103 138 128 108 109 111 152 164 158 129  93  84  72 
167 172 170 160 167 163 163 168 163 166 145 149 158 163 167 168 165 118  41  56 130 154 143 131 132 133 125 114 114 117 106  90  76  77  80  83  86  90  96 102 117 114 115 126 127 139 142 142 148 137 140 148 142 135 131 127 128 128 136 151 156 150 145 144 159 153 146 144 145 147 149 151 149 135 127 133 132 127 129 141 156 148 140 141 149 152 131 137 141 133 113 107 109 131 138 138 122  92  88  72 
154 157 167 164 171 158 161 159 153 150 139 149 146 156 151 157 146 113  48  38 112 148 118  98 104 102 101  97  93  99 105 100 124 125 130 135 139 143 148 153 153 146 138 145 134 141 132 125 137 131 130 129 125 128 130 122 128 124 135 159 175 171 165 163 166 167 167 169 168 168 165 163 162 161 162 166 166 164 165 170 172 166 160 156 146 161 153 162 160 162 156 151 152 148 143 141 157 139 136 122 
135 131 145 143 148 135 143 136 137 124 121 130 117 128 119 132 146 132  86  58 116 153 109  90 113 103 110 115 105 111 135 151 156 161 161 151 142 139 139 137 133 124 114 128 113 120 121 131 123 128 134 129 122 125 124 110 113 100 101 126 149 154 150 152 145 151 157 159 163 166 169 171 169 170 170 168 168 170 170 170 171 169 169 172 159 176 165 164 167 169 169 166 168 161 158 161 165 161 171 170 
151 147 142 139 141 145 144 139 130 128 117 108  98  81  90 126 149 155 149 159 154 170 161 162 160 156 162 143 138 150 138 136 128 127 126 124 126 128 127 124 129 130 131 130 126 122 122 124 120 107 103 100  95 100 111 115 134 141 132 134 123 138 136 141 125 138 142 123 167 151 152 159 165 147 158 157 152 157 152 162 164 157 155 155 153 161 163 158 161 161 162 161 157 150 146 148 144 151 157 157 
159 154 147 143 146 150 147 141 142 136 130 136 144 134 132 151 151 156 151 156 146 152 144 142 146 139 135 128 124 123 126 132 128 124 123 123 125 126 122 119 115 119 115 105 105 106 101  94  95  87  86  88  84  89 102 106 134 137 135 142 131 135 128 132 133 132 139 131 142 130 138 139 143 133 143 140 138 147 142 142 142 137 136 136 134 142 150 149 135 139 146 148 142 140 148 157 145 145 143 146 
168 163 156 153 155 157 152 144 150 143 141 152 161 152 144 148 149 151 145 139 128 128 122 120 128 128 131 159 157 127 125 127 120 113 106 101  99  99 100 101  90 110 106  85  83  93  94  92 103  99 104 108 104 107 116 119 123 122 127 146 148 146 139 143 137 128 126 135 129 128 129 133 129 135 147 139 133 141 136 123 142 137 139 137 129 129 136 136 106 115 125 129 127 131 148 165 151 142 131 129 
160 158 154 154 158 160 154 146 153 144 144 153 161 161 157 154 157 158 154 144 136 129 125 120 126 125 125 158 155 112 101  95  99  93  89  89  88  90  98 107 103 129 119  91  89  99 101 105 111 106 110 115 111 111 116 116 115 106 111 131 142 135 134 138 144 128  83  79  80  86  72  93 137 164 184 176 162 162 156 131  75  87 118 144 148 146 144 139 121 121 120 116 109 107 115 126 120 113 102  93 
115 117 119 119 122 125 124 119 120 107 107 120 130 137 135 123 127 127 128 117 116 103  96  86  96  98 103 124 125 104  95  88  90  90  95 106 109 107 106 108 121 134 116  98 111 115 108 114 110 101 101 105 103 104 107 104 108  96  99 104 110  99 107 116 145 136  76  58  64  59  28  49 126 166 190 187 170 162 152 120  56  68 100 128 133 128 126 121 113 104  96  91  87  85  84  87  88  93  95  89 
105 107 106 103 103 106 110 112  97 100 112 115 104 103 104  92 102  94  92  77  86  76  76  63  65  81 101  95  99 111 104 102  91  85  89 107 117 107  90  79  86 101  92  89 108 101  93 117 125 109 104 105 105 109 109 102  97  98 110 102 106 100 127 148 146 143 112  92  83  72  54  58  98 123 122 115 111 127 152 133 135 127 131 132 118 102  96  92  82  73  68  72  79  81  82  81  79  86  91  89 
126 135 133 116 100 100 107 112 111 120 160 172 131 105 111 112 117 102  93  73  77  74  86  96  91  92  98  86  63  84  81  79  68  57  55  71  87  81  65  57  54  67  68  73  80  65  66  98 126 109 100 100  96  96  99 102 104 100 108 101  88  73  99 119 121 114 102  87  74  74  81  84  83  99  96  95  90 100 107  96  99  94  99 104  98  88  85  81  92  82  77  77  79  80  80  80  82  87  87  84 
144 158 150 117  93  96 105 106 109  96 158 211 167 114 109 107 115 111 111  97  82  74  77 111 114  91  85 112  70  86  88  82  68  60  51  56  65  60  49  51  53  49  48  45  38  41  59  77 104  87  79  87  86  73  70  78  92  80  65  73  77  77  85  79  85  83  84  90  97 100 102 106 101 105 100 105  96 108  93 103  95  95  92  89  88  88  91  92  97  96  97  99  95  89  86  85  83  87  86  84 
122 118 102  83  85 105 118 116 114  98 130 171 158 127 112 102 109 118 135 133 134 135 128 135 129 120 122 132 117 121 125 127 128 119 108 109 114 101  84  80  89 102  95  59  30  32  53  67  90  74  77 106 129 123 102  88 102 129 110  92  90  76  77  92 100  97 101 107 111 108 102 100 105 101  97 101  98 132 140 125 105 102  96  91  88  88  88  90  81  84  91 100 101  96  89  85  98  94  95  96 
 93  94  87  76  77  94 108 112 117  97  99 118 127 121 119 122 115 110 124 129 135 145 143 145 146 143 143 136 140 131 141 148 146 138 125 119 122 116 109 114 123 144 143 102  58  42  42  42  54  52  67  96 116 114 101  95 104 118 116 138 155 131 117 127 102  97  96 101 106 105 102 101  99  95  98 101 101 147 174 139 102 103 104 103 101  96  89  85  90  85  84  88  92  92  91  91 100  91  92  95 
 97  98  91  80  73  77  83  87  84  88 101 125 141 143 145 152 112  94 112 130 136 138 134 134 134 136 142 130 146 134 144 152 139 137 125 117 116 113 115 124 128 139 140 117  81  53  39  33  35  42  58  78  90  91  90  90  85  89 111 168 212 224 214 183 103  98  94  97 100 100 100 100 100  96 102 102 100 143 192 157  91  94  99 105 109 107 102  97  90  88  89  98 103  99  90  85  80  74  70  67 
 90  82  73  69  69  71  73  75  76  83 106 135 151 153 153 155 131 107 127 148 152 158 160 163 156 156 158 143 146 130 129 126 117 121 117 111 113 110 109 116 112 106  99  87  69  47  32  27  21  25  34  51  67  77  78  75  81  75  97 148 158 141 142 139  97  96  96  99  99  97  95  95 100  96  99 100  99 126 187 166  97  93  88  86  86  85  81  78  73  64  58  61  64  61  53  48  49  52  44  47 
 73  73  77  81  82  82  87  94 100  86  99 129 146 153 153 145 137 119 140 149 140 149 148 138 133 126 121 112 108 108 114 110  87  87  78  74  79  77  71  72  67  65  62  62  61  53  37  23  20  18  16  18  30  41  44  42  53  59  53  80 108  94  86  92  96  96  98 101 101 100 102 109 106  99  95  97  87  80 130 110  71  65  58  55  56  58  57  56  62  49  39  40  47  50  51  49  63  68  54  61 
 92  99 103 101 101 104 107 108 112  93  97 125 146 145 131 120 107 101 104 102 100 104 100  89  86  80  78  81  84  83  83  80  73  77  72  65  65  67  65  61  64  63  61  63  66  62  46  29  20  15  12  13  15  16  23  30  33  39  49  67  86  95  93  81  90  88  93  93  86  90  96  90  73  70  64  56  48  45  60  55  53  48  45  48  54  56  53  49  50  47  35  37  54  59  57  64  77 104  65  63 
112 114 118 123 126 124 122 120 114  94  83  90  96  87  76  72  73  70  65  61  64  69  70  67  75  68  65  70  75  73  71  71  74  78  78  70  68  73  72  67  67  67  65  64  63  59  50  40  26  16  13  18  22  25  35  48  46  43  32  43  73  74  56  56  55  51  57  62  61  69  66  46  39  36  29  21  21  32  39  40  45  39  33  30  28  26  26  26  15  28  22  15  34  50  52  57  67 106  68  62 
124 116 112 114 110  95  85  84  75  63  56  59  59  58  63  72  65  67  68  67  66  69  69  67  76  69  65  67  71  74  75  76  73  74  72  68  70  75  73  67  68  72  74  71  67  66  65  62  41  29  19  19  23  27  36  45  54 115 124  80  57  53  36  17  35  24  29  45  64  78  74  56  31  27  25  20  15  25  40  43  36  29  21  12   4   2   9  19   4  27  28  14  26  49  55  48  54  90  71  65 
 95  88  78  71  71  68  65  62  65  64  64  66  64  61  62  66  59  66  72  72  71  70  69  66  72  69  67  70  75  79  81  81  74  73  71  70  75  80  78  73  76  79  78  73  70  70  70  68  62  51  40  36  36  32  30  31  63 141 220 194  97  58  61  44  34  22  19  34  54  67  68  63  31  29  36  31  14  17  35  41  41  34  28  22  14  10  16  29  31  46  47  37  42  59  61  47  48  74  66  61 
 84  88  81  67  67  75  71  59  68  69  70  70  69  68  66  63  60  65  69  67  66  69  72  74  73  70  66  65  68  76  82  84  81  79  76  76  79  81  80  76  80  78  73  70  71  72  69  64  75  72  68  66  64  57  50  43  43  70 155 222 185  96  53  56  39  30  21  27  41  47  52  62  40  25  32  37  24  28  38  28  35  29  28  34  33  29  32  40  43  40  43  49  56  65  63  50  60  80  79  78 
 77  85  86  78  76  81  76  63  73  73  70  65  65  70  70  67  68  70  68  62  61  65  68  68  74  74  71  67  69  75  79  79  79  77  76  76  76  75  75  75  76  75  72  71  75  79  75  68  76  74  69  66  62  58  53  49  45  45  64  98 107  80  59  64  66  48  22  18  33  37  45  66  53  30  38  51  43  50  56  37  32  29  35  50  56  54  59  69  77  65  69  80  83  87  81  63  66  88  92  97 
 81  84  87  85  83  79  76  73  75  77  73  64  62  67  69  66  61  65  68  68  69  71  70  65  66  72  75  74  74  74  70  62  74  75  76  78  78  78  80  82  78  78  75  72  71  69  64  58  59  57  50  44  40  42  48  51  52  67  90  61  11  46 114 128 138  99  43  18  24  24  28  49  49  34  50  62  46  50  65  54  64  61  67  78  80  75  81  94 106  95  95  95  87  85  73  46  47  69  72  76 
 86  84  81  80  81  82  82  81  84  80  74  71  71  71  74  77  66  68  69  68  69  72  70  67  70  71  74  74  76  84  81  66  74  79  80  74  71  72  70  64  57  48  45  50  50  45  45  53  49  69  79  96  89  79 112 137 133 142 142 102  32  72 140 165 153 115  63  31  32  47  51  46  52  69  77  80  88  94  94  94 103  99  97  92  81  69  72  84  92  90  85  78  81  84  76  62  55  71  88  96 
 83  83  81  80  82  86  85  82  87  84  81  79  78  77  76  77  70  71  70  71  75  79  75  69  65  67  65  66  69  65  61  63  61  57  54  51  46  43  50  58  59  68  79  94 109 108  84  59 104 129 145 161 152 134 147 152 150 150 143 124  82  94  98  85  85  67  47  43  58  82 101 109 102 109 108 104 102  99 107 125 109 101  96  95  92  84  84  90  90  88  90  96  99  97  97 100 109 127 140 140 
 77  84  88  83  79  82  86  85  85  85  83  80  78  77  72  68  75  71  63  57  55  57  55  50  59  56  37  34  53  55  55  69  72  72  80  84  69  59  80 113 138 144 144 146 157 159 129  88 123 137 140 138 126 114 112 105  86  83  74  70  61  64  56  49  58  62  72  83  87  85  85  88  81  77  71  69  65  66  97 143 156 150 147 151 151 142 134 131 130 126 127 135 138 135 138 146 151 162 163 152 
 90  93  93  86  81  80  80  79  75  76  72  67  67  66  60  53  51  55  57  57  59  66  73  76  91  80  44  38  85 122 128 135 141 144 153 155 128 102 114 147 163 152 133 116 112 110  98  80  74  75  71  60  59  66  70  67  67  77  79  80  87  85  87  99  87  89  89  86  71  54  44  43  46  40  36  39  42  47  87 143 151 150 152 158 159 155 149 145 152 150 149 152 160 164 158 150 132 135 136 129 
 81  75  70  69  64  57  54  56  55  58  61  61  67  73  72  63  68  85 106 120 128 137 146 150 152 133  88  70 110 152 157 147 133 127 127 129 116  93  86  93  85  76  66  59  53  51  53  57  79  79  85  80  85  97  95  96  95  97  97  86  85  68  60  61  54  55  50  41  34  34  39  42  41  41  43  50  59  63  88 123 130 128 126 125 125 127 131 135 131 134 134 133 140 143 129 109 106 100  94  91 
 47  57  71  71  51  35  54  87 108 115 120 123 132 140 137 126 117 133 149 157 155 153 149 145 141 130 111  96  97 101  85  62  63  62  62  63  66  67  64  61  74  76  80  87  91  96  98 100  91  85  92  81  76  79  62  67  57  53  62  56  69  66  80  77  82  88  80  59  46  47  49  46  38  42  43  47  65  78  88 100 105 103  97  91  91  94  99 100 101 100  99  99 100 103 105 109 120 124 128 128 
 82 103 129 119  64  25  51 110 154 156 155 155 158 157 145 130 121 120 120 109 100  87  80  73  71  67  62  56  53  60  68  69  74  82  83  85  82  94  96  95  89  88  86  76  76  68  67  59  56  49  62  63  62  65  69  75  80  81  87  85  94 103  98  91  96  98  91  61  49  51  57  55  56  57  50  51  68  82  83  81  80  74  65  73  73  77  74  74  76  72  71  78  80  83 101 115 145 153 148 137 
120 130 152 155 118  79  90 128 136 124 112 105  99  89  75  66  67  58  60  50  61  53  64  64  81  86  89  88  89  91  94  94  94  91  81  87  69  77  69  65  57  61  62  60  69  64  72  69  79  81  90 106 120 110 134 124 128 115  77  73  84 132  90  83  83  72  74  42  45  50  62  69  70  64  58  57  69  90  94  82  85  87  83  81  76  90  78  80  73  73  68  76  77  81  85  89  92  91  95  98 
109 105 102 100  92  80  71  70  59  59  57  56  58  64  71  75  80  80  87  85  96  93  98  92  95  88  82  77  73  67  61  57  65  62  56  66  62  72  74  81  77  95  93 108 112 123 101  90  81  89  84 100 151 160 167 160 171 122  53  31  51 121 109  88  72  68  71  45  43  45  52  57  61  60  58  48  64 117 140 110  57  91 152  80  53 110 126  72  64  96 104 103 108 117  95 122 121  71  72  66 
 62  61  58  58  64  70  71  67  77  83  89  91  91  92  94  95  86  86  86  77  75  70  68  63  63  63  66  71  75  77  79  82  93  98 104 116 109  93  82  88  94 126 148 160 158 152  95  54  60  75  50  50 135 163 161 166 166 121  57  34  51 121 117  77  45  45  55  48  55  66  68  73  96  87  80  59  60 112 133  92   7  38 161  78   4  95 176  33  18  92 129 129 140 135  53  57 178  99  83  67 
 78  82  92 100 100  95  92  93  85  87  85  79  74  70  64  56  68  68  67  71  71  78  84  92  91  95  96  90  90 100 119 133 147 153 160 156 133  75  37  36  39  85 158 169 175 157  93  22  65  91  54  31 124 157 142 156 163 132  72  38  48 119 153 134 104  92  84  74  74  89  87  93  89  74  71  66  68 113 142 119  40  49 142 104  33  80 182  53  24  95 128 116 140 143  57  43 169 118 106 103 
 84  79  78  80  76  66  61  64  62  65  66  66  74  86  90  86 101  94  92 114 121 129 129 140 151 141 108  64  52  83 134 167 166 166 170 163 143  69  22  19  25  59 145 149 149 155 112  33  59  99  68  30 120 159 138 154 180 151  77  23  34 110 182 199 193 184 176 172 161 167 150 153 163 155 161 163 153 161 166 152 153 151 162 167 144 129 179 147 129 151 151 126 152 157 129 122 165 149 132 125 
 65  69  74  76  79  85  91  94  96 109 120 127 132 136 131 122  85  75  81 133 156 169 160 169 164 151 104  42  26  70 130 165 160 155 157 155 157  83  34  30  29  56 144 158 131 167 119  29  55  97  67  23 115 160 140 161 173 159  83  32  47  94 153 170 175 182 193 206 200 213 201 210 209 209 211 206 194 187 187 185 192 191 180 200 193 192 186 189 201 185 191 182 194 160 167 158 155 156 135 112 
112 114 116 122 116  96  83  87 111 147 167 169 166 165 158 134  55  37  49 121 157 172 155 153 167 157 117  48  38  70 130 161 160 147 150 168 160  90  34  23  23  52 136 155 134 170 128  33  49 117  91  32  91 153 147 143 129 113  71  38  52 103 135 118 130 134 134 155 155 162 154 170 170 169 164 145 118 106 114 120 119 125 129 112 131 130 132 127 123 122 125 127 141 133 150 166 161 167 142 139 
156 156 159 163 140  85  43  37  97 150 174 168 164 170 167 136  60  31  46 117 162 172 155 145 166 164 130  54  34  54 121 165 161 137 138 168 164 101  39  24  29  47 126 159 148 156 130  73  88 130 119  85 102 133 131 120  81  68  51  33  41  92 126 121 113 125 124 141 138 136 120 125 127 129 123 123  98 108 115 125 118 119 122  99 120 109 112 101  98 104 101 101 110 117 116 121 122 127 116 146 
178 174 172 170 141  82  36  29  82 146 173 158 150 165 171 142  72  30  42 105 164 166 151 135 158 166 137  62  29  44 113 168 179 152 144 166 165 116  72  67  75  79 124 147 138 141 138 127 139 146 158 161 157 158 149 134 103  80  62  54  52  64  77  78  62  81  91 108 115 119 108 108 106 116 113 133 115 138 131 133 129 125 133 140 144 148 148 140 141 141 145 141 131 113  76  34  41  43  51 104 
149 147 156 173 158  99  43  28  75 150 179 153 135 154 172 151  81  33  41  96 164 169 161 141 166 170 138  80  48  59 105 150 149 143 139 145 144 128 126 142 143 148 154 150 148 163 170 159 164 169 165 155 153 159 145 120 102  84  74  74  69  64  75  95  61  59  63  85 104 104  96  99  92  91  81  69  55  72  87  90  90  86  93 108  79  76  80  89  92  87  90  91  95 110 100  63  34  24  27  60 
152 141 144 165 160 104  44  24  64 142 179 161 140 154 173 161  85  47  51  93 148 160 159 141 144 149 131 112 103 115 126 143 140 149 150 149 156 161 170 182 178 176 171 172 173 169 161 136 119 123 109 101 123 139 127 107 104  94  74  51  35  39  79 128  93  72  79 123 172 173 171 179 175 154 130  68  60  78 144 167 163 159 156 153  90  57  54  82 139 143 150 149 148 155 141 106  74  48  38  28 
155 143 147 174 172 113  50  27  64 129 166 161 144 148 164 156 109  95  96 119 134 145 144 135 141 152 148 161 167 178 170 175 170 172 171 169 167 151 137 138 127 121 126 157 166 159 160 138  97  91  92  98 118 148 146 113 129 122  82  36  27  54 103 152 106  78  84 128 189 192 189 190 194 179 155  82  61  83 156 189 190 189 188 183 124  69  62 103 174 185 188 182 182 179 160 138  99  60  58  34 
165 146 144 166 165 117  71  61  81 125 147 147 135 133 148 144 146 154 159 170 154 164 163 164 165 174 162 167 156 156 139 142 163 161 163 167 152 115  91  97 102 111 129 163 165 161 164 130  89  71  72  60  58 126 159 110 136 153 120  58  32  54 101 142 108  81  83 114 179 188 189 184 190 190 162 100  62  90 153 188 192 192 193 188 144  76  60 100 174 190 189 185 192 184 162 152 110  64  74  54 
