 59  60  63  64  64  66  73  81  83  83  79  73  75  80  75  64  65  62  55  58  67  70  80  99 109 125 142 146 159 150 165 158 150 149 114  87  94  94  84  87  89  83  75  73  76  79  78  77  74  78  81  81  83  87  91  91  93 101  92  85 105  98 113 100  85  76  66  78  59  66  71  66  70  82  87  97 120 126  99  70  61  49  53  68 122 150 160 147 151 153 149 150 154 142 119 106  79  88 103 119 
 61  56  54  54  58  63  68  71  78  82  82  78  79  81  76  66  66  66  63  66  72  71  76  92  99 118 132 134 153 156 166 145 148 138  98  71  81  87  82  86  87  90  93  94  92  89  87  86  83  81  77  72  73  76  76  74  70  75  67  68  94  90 100  90  88  95  91  77  74  77  71  83  84  90  94 103 114 105  80  62  59  56  49  59 106 144 155 154 158 158 155 158 158 141 121 115  95  94 101 117 
 66  60  55  53  60  69  73  74  74  78  79  80  83  87  85  78  72  72  69  68  74  75  82  98 100 117 122 127 150 166 177 154 147 128  84  55  58  63  59  61  62  70  78  84  85  87  93  98  88  89  87  82  80  80  75  70  78  78  68  65  76  67  66  59  75 115 155 120 108  88  65  83  89  97  99 104 120 118  92  66  55  67  51  63 101 146 151 157 164 157 153 156 154 128 105 103 106  99  98 109 
 67  65  60  55  58  68  76  78  82  77  71  71  76  84  84  79  81  82  76  73  78  82  90 105 108 119 119 134 153 168 179 169 139 120  86  60  55  53  48  47  44  45  48  50  53  59  66  72  72  77  80  78  76  76  75  73  67  70  62  56  60  67  70  80  63 112 192 156 111  82  66  73  71  70  75 101 132 127  85  50  52  65  50  65  96 143 147 153 160 151 147 154 154 126  99  94 103 102 100 102 
 65  69  67  59  56  63  72  76  86  77  68  68  75  84  88  87  83  85  81  80  87  89  89  95 112 122 122 145 155 164 167 162 127 109  84  66  58  56  56  54  49  46  44  45  47  49  49  48  47  50  50  48  49  54  59  62  55  62  60  59  79 122 137 155 156 156 197 186 172 177 161 132 104  69  58  94 119  91  56  50  51  47  39  49  73 116 138 146 157 153 150 156 154 130 104  97 100 106 109 101 
 59  68  68  61  58  66  73  75  79  78  75  75  77  79  84  89  85  84  77  76  87  91  88  89 118 131 123 140 147 166 168 158 134 105  76  57  48  51  54  50  51  50  49  50  53  56  58  59  49  47  43  43  47  52  50  45  54  61  61  69 102 162 152 148 160 190 215 229 229 240 235 233 217 170 128 118 114  96 104 138 127  99  91  78  70  87 122 130 134 141 143 144 141 125 108 106 104 112 115 105 
 52  60  62  59  60  69  75  76  82  83  82  77  71  66  63  63  75  72  66  68  80  87  89  93 128 142 129 141 147 177 178 167 158 127  89  58  41  43  46  42  51  48  47  47  50  55  59  59  60  60  61  63  66  65  56  46  49  57  53  60  99 153 136 120 135 175 193 217 228 241 243 249 246 240 230 219 210 206 217 236 231 206 198 175 144 128 162 138  85 101 111 114 115 110 107 108 103 105 112 103 
 55  60  62  61  59  61  67  72  84  83  76  69  67  66  58  48  52  47  51  63  70  70  78  86 120 132 135 152 157 181 179 178 172 156 118  75  49  47  51  52  54  51  48  50  60  69  69  64  63  68  74  75  72  71  72  75  77  79  71  77 114 143 157 164 179 180 183 163 139 156 192 203 228 229 243 246 233 222 224 222 219 228 218 227 218 207 239 177  85  97 109 113 112 107  93  76  82  74  92  86 
 51  59  64  60  51  50  58  68  81  81  76  69  66  65  62  59  57  54  57  64  68  66  68  74  79  96 103 117 119 138 141 145 133 120  94  68  57  62  68  68  66  62  60  61  71  82  86  83  79  79  79  78  79  84  92  99  98  88 107 149 170 160 153 159 143 146 147 129 104 103 115 118 138 135 147 135 126 118 148 166 170 188 188 197 193 198 218 207 183 188 193 196 193 176 143 111  75  66  70  69 
 45  52  60  61  55  53  60  70  79  81  79  77  74  73  72  72  74  73  74  78  79  78  80  84  80  92  99 104 104 111 112 114 109 104  92  80  76  76  73  66  77  75  74  74  82  88  88  84  88  88  89  88  88  90  95  99 105  98 142 202 201 163 147 151 155 151 144 134 120 114 110 104  99  79  77  58  57  55  99 125  97 123 151 157 164 162 173 192 206 215 221 222 220 213 195 178 135 108  77  66 
 51  52  58  63  61  56  55  59  67  71  76  82  84  85  86  88  83  82  83  84  85  86  91  96 105 107 114 116 125 127 128 124 109 106 100  96  94  90  84  76  80  79  76  77  84  93  97  95  93  93  93  92  91  91  91  91  97  94 129 166 160 144 156 175 144 144 144 149 156 152 144 141 134 108 102  99 100  98 123 140 102  90 115 115 136 125 134 146 159 181 199 196 187 188 194 200 205 165 102  84 
 49  47  51  60  64  59  56  58  68  69  76  86  92  93  93  94  93  95  96  97  97  99 106 111 116 113 117 118 133 131 134 128 119 113 106 101  98  98  97  96  89  86  80  76  81  90  96  96  96  95  92  90  89  90  91  93  92  89  90  89  84  93 125 157 187 182 166 155 151 146 151 170 196 172 153 150 125 112 118 137 101  75  98 109  93  85 115 132 147 180 213 219 210 209 217 226 232 197 125 113 
 49  45  48  58  62  60  61  67  72  70  76  90 103 109 114 118 114 118 121 120 120 122 126 129 133 125 131 127 144 138 144 138 137 132 125 117 109 104 104 106  97  97  96  93  95  99 100  96  91  92  92  91  91  91  89  87  90  99  91  75  69  63  66  82 104 127 141 152 158 150 162 194 204 198 183 184 116  91  88 123  74  55  83 143  67  73 109 128 140 175 213 230 233 231 226 220 227 203 130 123 
 55  49  50  58  65  64  63  65  66  72  86 108 124 131 133 136 128 131 134 136 135 135 134 131 140 142 146 142 144 143 151 152 138 131 126 123 124 123 119 115 111 108 111 116 114 112 111 105 100  95  91  92  90  86  88  94  89  91  99 112 112  93  84  91  71  70  72  82  95 107 129 155 182 191 195 207 192 174 163 185 150 149 163 191 159 149 127  97  96 118 150 173 177 162 147 139 137 117  83  77 
 50  48  49  55  61  63  64  62  66  66  83 115 135 136 134 138 139 138 136 133 132 134 136 137 142 150 155 153 150 153 156 158 144 139 134 134 136 135 127 120 119 110 111 118 116 115 115 109 105  99  98 103 102  96  94  97  98  90 101 127 134 123 120 130 134 123 107  92  79  73  76  83 105 107 110 127 154 151 145 155 134 130 131 129 125 110  77  41  41  42  51  61  58  45  36  37  46  40  45  57 
 52  53  52  52  55  58  57  54  67  61  77 113 137 138 140 149 145 143 141 137 134 135 139 143 144 150 156 158 160 163 163 160 155 153 151 148 143 135 126 118 119 110 111 117 116 118 120 115 117 111 110 113 112 104  97  96 107  95  97 118 132 131 131 139 147 143 135 126 120 114 105  96  86  72  59  66  81  82  79  84  78  69  72  82  80  77  69  59  58  52  50  53  52  47  47  51  59  56  61  77 
 51  52  51  51  55  61  58  51  74  83 104 124 134 134 139 146 140 141 144 145 143 139 139 142 148 152 155 159 162 166 165 161 163 163 162 159 153 145 137 132 124 119 124 129 124 123 127 126 127 121 116 113 110 106 108 113 123 106  98 109 122 122 122 126 133 138 138 135 137 143 142 134 135 125 119 123 127 124 122 123 112 108 116 124 115 102 101 102  82  89 101 112 112 106 100 100 113 101  92  94 
 50  47  47  51  56  61  63  63  91 123 152 158 150 147 147 146 152 150 151 156 154 151 150 154 158 160 160 160 163 167 167 164 161 161 161 160 158 156 153 152 138 137 146 148 139 133 136 138 129 127 125 122 117 116 119 124 126 113 105 110 119 122 123 124 127 131 130 125 124 132 137 138 144 141 146 144 133 127 133 138 111 110 121 128 112  99 105 115 115 130 149 158 155 147 143 144 150 132 115 108 
 52  50  52  57  56  59  74  94 123 154 179 183 177 174 173 171 178 170 165 170 172 169 170 174 168 170 170 168 167 168 168 165 163 161 160 159 158 157 154 151 156 152 157 157 146 140 141 139 135 136 136 135 133 128 120 113 114 110 108 111 117 120 123 124 133 132 130 127 121 119 122 126 136 132 139 136 118 114 123 126  99  99 110 114 104 101 112 121 124 136 149 154 151 147 148 152 160 137 113 102 
 45  45  54  62  60  66  99 137 163 169 176 178 176 176 178 182 184 174 170 176 180 176 172 174 173 177 177 173 169 167 166 163 164 162 162 164 166 166 163 159 166 156 153 152 145 141 138 132 130 128 128 135 140 140 129 117 119 120 122 121 120 120 122 122 128 125 127 132 130 123 122 126 126 121 128 130 115 113 119 114 102 100 107 111 105 106 111 111 116 126 138 143 141 137 133 129 130 114  99  97 
 49  52  54  62  54  65 120 158 182 177 169 170 176 175 175 183 180 179 176 177 183 187 182 175 177 173 173 176 174 168 164 164 165 159 154 156 161 166 167 164 164 166 165 161 157 152 141 130 121 125 128 127 127 129 131 131 124 130 134 130 128 126 123 119 128 127 124 122 124 128 127 124 125 125 126 126 118 112 114 121 109 107 103 101 102 106 108 108 112 114 119 126 128 123 118 117 111 104  97  95 
 50  52  52  60  60  81 143 181 185 186 181 179 181 178 176 177 179 178 175 174 179 183 184 180 177 176 178 183 183 179 176 177 170 166 161 159 159 162 165 167 162 164 165 161 160 160 156 152 146 148 146 140 137 139 140 141 135 132 124 122 127 133 132 127 133 136 138 140 143 146 143 138 139 136 135 136 136 133 131 132 117 116 116 116 116 115 113 111 111 109 111 114 114 111 108 109 108 101  95  93 
 46  52  54  61  65  92 153 187 195 191 183 176 176 181 181 177 180 180 177 174 175 180 184 185 180 179 181 184 183 181 181 181 175 175 175 173 171 169 167 166 163 165 165 162 160 161 164 166 163 162 156 146 140 140 140 137 146 134 121 117 128 141 145 142 142 144 145 143 143 146 147 144 148 142 138 141 143 141 135 130 127 123 119 116 113 110 107 107 113 109 107 106 103  98  97  99 100  95  90  89 
 50  58  59  62  66 100 157 183 197 178 164 160 166 183 190 180 182 183 183 179 176 180 183 183 184 184 181 178 175 176 178 181 184 182 180 180 180 178 172 167 174 175 174 172 168 165 167 170 166 166 161 154 148 147 143 138 142 134 122 116 121 133 139 138 141 142 139 132 128 130 131 131 137 134 131 130 131 128 122 117 111 106 102 102 103 102 103 107 104 102 103 103 101  98  97 102 102  98  94  93 
 64  67  60  61  76 120 174 190 182 146 128 133 148 174 190 181 184 187 187 183 181 182 182 180 187 187 184 178 175 177 182 185 190 183 175 174 178 180 179 176 177 176 177 177 175 170 169 171 166 167 167 164 162 160 156 151 145 144 137 128 123 126 130 132 132 137 139 135 129 126 125 124 127 128 127 125 123 122 120 116 108 104 104 111 112 108 106 108 101 101 103 104 100  95  94  97 103 100  97  95 
 66  64  52  63  98 151 192 185 165 112  85  93 111 146 180 187 186 187 186 182 183 186 185 181 186 189 187 179 175 178 180 181 184 180 176 176 179 182 183 181 175 172 172 177 178 174 172 173 174 175 174 170 169 167 161 153 158 162 161 151 142 140 141 143 138 145 149 144 139 137 138 138 143 143 140 136 135 137 134 129 124 118 117 122 120 112 108 110 105 105 104 103  97  90  91  95 100  97  93  91 
 66  60  53  70 107 157 187 176 142  84  54  59  79 130 179 189 189 188 184 181 180 178 178 180 183 188 189 183 178 176 178 177 176 178 182 184 184 183 184 185 177 174 175 180 182 179 177 178 184 180 177 174 171 167 163 161 169 171 169 163 157 156 156 157 155 157 157 153 144 142 147 150 158 159 155 148 147 149 146 139 130 121 115 114 112 108 107 110  98 100 102 102 102 101 100 102  99  98  96  93 
 72  74  75  78  95 120 139 151 118  59  34  50  73 123 174 190 189 189 186 185 179 162 155 167 181 187 191 189 185 184 183 182 182 182 184 184 182 178 180 185 183 181 181 182 181 178 176 177 185 178 174 177 172 164 163 169 171 169 168 169 171 171 169 166 171 163 165 166 156 150 151 151 152 159 162 157 154 157 154 147 151 144 133 123 117 113 109 106 101 105 109 111 115 117 110  99  94  98  98  93 
 70  89  92  91 101 101  99 113 117 105  92  75  70 100 155 191 184 187 188 189 187 170 157 160 186 192 192 185 183 187 185 179 187 184 183 182 181 177 178 180 186 182 179 181 181 177 173 173 179 176 177 181 178 170 166 167 168 170 174 177 179 177 172 168 173 163 163 167 166 165 164 157 159 165 168 167 168 171 167 157 157 159 157 151 141 131 125 122 124 125 125 123 123 121 115 109 102 108 109 103 
109  97  93 103 107 101  99 106 105 121 125 111  91  84 112 157 181 189 191 189 185 171 160 162 182 192 194 186 184 191 191 183 186 183 181 183 184 182 181 183 173 175 180 187 189 184 180 179 179 174 172 174 176 176 179 183 177 176 174 173 173 173 173 174 172 162 160 165 166 169 169 162 170 169 165 161 164 168 166 160 145 151 157 158 153 146 141 139 141 141 137 127 116 110 108 109 106 116 121 120 
169 102  78  95  95  98 108 103  99 104  95  96 110 106  99 111 149 170 185 188 186 174 162 160 172 183 190 186 185 190 192 188 192 189 188 190 189 185 182 183 181 183 187 191 188 183 183 185 190 183 176 174 174 176 178 181 176 175 173 171 172 176 179 182 176 169 169 169 166 171 176 171 173 169 164 161 163 163 161 156 154 156 159 162 161 157 153 150 148 147 140 125 107  98 102 110 114 122 129 131 
189 124  89  90  88  96 110 106 109 112  97  90 105 113 109 109 105 133 157 170 180 181 173 170 181 183 185 186 185 186 186 185 184 182 184 186 186 183 183 186 185 182 180 180 179 179 183 188 187 184 181 180 181 181 179 176 179 181 182 182 179 177 176 175 178 175 177 174 168 173 179 174 175 175 177 178 178 174 167 163 163 163 161 161 159 158 156 156 155 153 148 138 125 118 123 131 135 137 136 130 
179 174 137 102  97  93  93 111 110 107 103 102 102  96  98 108 109 117 114 115 140 159 168 171 180 169 161 168 180 185 185 188 187 184 184 183 180 179 184 191 188 179 174 179 186 186 181 177 185 184 182 181 184 185 183 178 181 184 184 183 179 175 174 174 179 178 182 181 176 180 182 172 178 179 179 179 176 171 167 165 165 166 164 156 146 141 143 146 153 147 144 147 150 149 149 151 143 148 144 131 
159 176 134  95 100  97  90  99 103 107 108 107 104 103 100  97 105 126 126 109  84 109 132 142 134 118 142 178 181 185 195 189 191 193 192 185 180 180 183 184 189 186 187 191 191 186 181 180 188 184 181 182 182 181 179 179 178 180 184 186 185 180 177 177 181 180 180 180 181 183 183 179 176 180 183 179 171 166 167 170 174 171 166 160 153 149 150 153 145 149 156 161 162 162 161 162 152 154 153 149 
130 137 132 108 104 106  93  98 106 105 107 110 109 105 106 111 118 118 122 133  97  78  73  90  80 102 147 182 187 190 194 186 186 190 191 186 184 186 187 185 180 182 188 193 193 187 186 189 188 184 183 184 183 179 178 180 184 182 184 187 187 185 184 186 182 182 183 184 186 186 185 185 179 182 184 184 179 175 172 172 171 168 165 163 159 157 162 168 161 159 156 151 148 148 150 152 152 150 152 156 
120 115 161 147 111 110 101 115 114 115 116 120 121 119 120 124 126 131 127 137 132 114  77  64  71 128 169 182 192 194 192 197 191 192 192 190 188 189 188 187 182 183 186 192 193 190 185 183 188 186 187 188 188 185 184 186 186 182 181 184 187 186 184 185 180 183 186 186 186 183 182 181 184 182 182 185 187 185 179 174 176 174 172 166 157 150 155 162 170 160 147 141 143 148 151 151 151 149 151 155 
118 114 175 182 123 107 120 127 124 119 118 123 126 125 122 122 125 145 145 143 154 150 122 104  77 104 138 167 184 189 193 200 189 189 188 188 188 188 188 188 185 184 184 188 191 192 189 186 183 183 184 187 186 184 186 189 186 182 182 188 191 188 181 178 183 185 186 184 182 181 181 181 186 184 184 185 187 187 184 181 186 182 179 175 168 160 158 161 168 164 159 157 159 161 162 163 163 161 159 152 
 83  95 151 186 136 104 126 122 127 119 111 113 117 118 119 120 121 126 138 150 159 135 130 145 112  70  72 120 154 170 177 176 179 182 187 192 192 191 190 192 185 185 184 184 188 193 195 194 188 186 186 187 184 181 183 188 189 184 182 186 190 189 188 188 189 187 184 182 182 185 188 189 185 186 186 184 182 181 184 188 186 182 180 182 180 175 169 167 169 170 170 166 161 159 161 164 167 168 166 156 
 66  74 117 146 123 103 114 120 130 128 126 125 121 118 119 124 110 114 134 135 138 124 134 139 165 124  98 114 139 142 137 139 162 171 187 198 199 193 190 193 192 193 192 187 186 189 190 189 196 194 192 190 186 184 188 194 188 183 180 183 186 188 192 197 199 192 186 182 184 187 188 188 186 187 187 184 180 179 182 186 189 184 181 180 177 171 166 164 164 166 167 163 158 159 164 170 161 164 166 166 
 99  81 102  98  94 100  98 130 128 138 150 151 136 120 114 117 127 116 130 128 127 116 130 125 132 164 165 156 156 125  93 101 123 140 168 192 198 194 193 197 188 193 193 189 187 190 193 192 191 189 188 187 184 184 190 198 188 187 189 192 192 192 193 196 216 206 196 191 191 191 188 184 187 188 187 185 182 181 181 181 192 189 185 181 175 168 168 170 164 166 169 167 166 167 171 174 175 172 173 175 
134  99  91  71 108 124 113 131 141 165 195 200 167 126 112 121 124 130 138 139 138 137 134 129 112 109 130 173 169 100  61  82  87  95 128 174 200 200 193 192 191 189 184 181 185 192 195 193 188 191 192 188 185 187 191 191 191 190 188 185 185 188 188 185 197 213 221 211 196 189 188 186 189 190 186 181 182 187 186 181 186 183 183 184 181 175 171 170 170 167 165 166 170 171 171 170 173 175 175 174 
135 113 103  89 126 156 132 128 140 178 211 220 175 138 121 133 128 135 141 140 136 135 133 130 140 115 108 130 136 104  70  59  68  72 107 154 182 193 196 192 187 191 197 196 194 191 187 185 189 191 192 191 192 194 193 188 186 187 185 182 184 188 189 186 180 204 221 215 197 187 183 182 187 186 184 183 184 184 182 179 187 184 183 184 183 180 180 181 177 176 173 173 173 170 167 165 161 164 166 167 
141 133 117 107 129 171 135 105 139 178 209 231 198 171 139 136 135 140 141 136 132 131 129 128 140 144 134 111 109 133 125  84  64  59  95 145 168 180 192 192 180 185 194 198 195 188 186 188 190 190 189 189 193 196 192 186 186 186 184 181 181 184 184 181 183 204 219 212 194 184 183 186 183 180 181 187 189 187 187 190 189 186 183 182 180 178 179 183 177 179 181 181 180 178 175 172 161 165 170 173 
140 143 126 116 123 165 138 104 136 168 201 234 217 192 150 132 134 134 133 132 137 142 143 140 140 135 133 116  95 108 135 142  85  62  87 146 180 187 190 188 178 174 178 188 193 190 190 193 193 195 194 191 192 195 194 192 190 190 188 184 183 184 182 178 197 209 216 208 194 185 185 187 192 186 185 189 189 184 186 192 192 190 188 187 183 179 179 183 180 184 186 184 183 181 176 171 165 168 172 176 
139 142 132 118 107 127 128 115 122 155 201 226 209 166 136 128 131 130 128 127 132 139 141 138 141 136 140 138 116 105 118 135 145 107  94 131 176 192 192 192 182 171 174 190 201 196 191 193 192 194 192 188 186 188 190 189 190 191 190 188 188 191 190 186 197 207 215 213 201 188 182 180 192 189 187 188 186 184 187 191 188 188 188 189 185 183 184 188 181 185 184 180 181 182 177 169 163 165 169 174 
144 139 140 120  87  71 103 117 121 148 204 214 200 138 128 131 127 129 130 126 125 129 134 135 130 144 148 141 136 122 103  95 150 161 148 147 179 193 190 198 190 174 174 192 203 197 194 199 193 192 189 186 188 190 187 181 188 189 188 189 191 193 193 190 188 202 217 218 205 190 184 185 186 190 192 189 188 191 194 194 188 186 186 186 184 183 188 195 191 190 184 179 181 186 180 168 159 161 164 171 
144 139 146 120  82  54 100 135 136 153 207 211 205 139 131 135 119 129 133 129 126 129 137 146 142 143 142 139 142 129 108 103  98 148 191 202 199 196 193 190 192 178 177 188 202 194 196 203 199 195 194 190 195 191 188 181 181 184 186 185 187 191 192 188 192 206 216 215 205 193 188 192 187 195 197 192 190 193 194 189 190 191 190 188 186 188 195 200 200 199 191 181 182 185 178 166 153 156 164 172 
133 139 148 116  85  64 112 163 156 171 207 190 189 144 138 145 130 141 138 129 134 140 141 143 146 144 152 147 144 151 139 117 108 107 159 209 205 196 203 199 180 179 190 192 214 200 202 204 202 197 205 196 202 188 195 194 182 191 195 190 189 191 187 181 202 210 217 213 199 194 192 189 191 197 196 188 184 189 193 193 187 195 195 189 190 197 197 191 186 192 191 184 182 184 181 173 149 162 179 186 
132 126 132 111  77  53  95 143 162 175 198 186 187 139 126 125 136 156 161 148 145 155 156 148 155 156 158 154 157 172 172 156 153 146 146 177 209 203 189 198 178 178 180 176 189 185 196 207 191 185 192 188 191 182 183 172 177 187 191 186 179 175 168 161 191 200 232 231 188 174 180 165 180 183 180 169 165 173 182 187 186 185 182 180 188 199 197 190 194 195 189 179 172 173 168 163 162 165 163 172 
134 103  98  99  79  57  74  99 117 149 188 207 208 136  99  92 113 149 166 142 119 131 150 151 143 150 148 150 159 176 180 154 143 130 145 168 173 176 178 166 168 156 137 131 155 174 186 192 177 166 168 172 174 170 157 129 155 168 178 174 164 159 159 159 185 204 236 234 195 172 167 154 171 174 169 160 156 163 168 169 165 161 156 157 171 188 196 195 197 193 180 165 156 156 158 157 171 149 128 148 
 98  69  78 106  89  65  59  63  77 149 193 209 210 158 131 122 131 156 172 149 123 134 157 158 143 153 145 148 160 176 178 139 125 122 141 174 179 158 149 157 158 169 161 150 151 166 174 182 183 159 151 160 168 186 171 131 131 158 186 190 175 158 150 147 156 184 193 189 187 169 153 159 168 168 160 151 151 162 173 176 175 174 172 171 176 186 192 195 192 190 186 179 176 178 183 186 190 168 158 179 
 50  44  77 115  82  53  42  44  62 143 154 154 179 167 130  82 103 133 173 168 126 111 122 125 165 165 132 118 128 157 182 152  86  97 103 155 199 139  81 113 114 179 203 169 107 100 133 183 179 144 120 129 137 174 166 124  77 110 148 165 153 128 108  99 132 161 163 159 169 148 119 122 131 135 131 126 135 165 200 221 213 216 219 220 218 217 217 219 210 213 217 218 216 213 212 212 229 211 208 206 
 35  36  76 117  71  53  53  61  84 132  99  91 124 135 134 118 123 134 175 185 141 115 125 132 177 186 146 127 131 161 199 170 115 119 121 161 202 162 105 109 117 187 214 190 136 138 154 185 194 158 132 141 140 188 184 140 124 141 164 175 171 154 142 136 141 155 161 157 150 139 131 129 123 132 129 114 114 146 194 228 230 230 229 225 223 221 223 225 219 222 224 222 217 210 208 211 214 214 215 165 
 28  28  49  60  59  50  60  63  98 147 108  73 109 147 173 187 180 178 186 191 178 169 168 171 188 179 160 150 154 176 200 193 189 176 168 183 201 197 174 158 181 202 219 223 203 186 179 190 204 174 151 158 174 198 190 164 156 172 174 178 168 166 151 150 138 140 140 136 131 135 140 139 130 131 128 119 110 122 159 193 209 195 199 221 210 215 220 225 237 223 220 219 210 207 206 197 178 191 186 142 
 32  32  32  34  42  46  43  38  75 160 164 135 130 149 156 167 170 173 176 178 178 178 179 181 167 163 166 164 161 172 186 195 201 184 171 173 181 186 186 187 181 186 198 204 198 186 188 195 194 177 161 161 177 188 192 190 175 183 187 180 147 138 133 131 126 133 137 135 133 133 133 132 131 128 131 134 128 123 139 162 144 137 157 207 210 221 228 239 234 225 227 232 225 215 203 190 171 176 169 156 
 26  35  27  38  35  57  45  35  62 152 197 193 149 135 150 169 184 191 200 204 206 206 208 210 189 190 190 192 199 207 208 203 205 202 203 204 199 192 195 204 205 208 204 197 197 204 203 197 210 211 210 207 205 209 218 225 216 213 220 197 156 125 128 125 122 131 138 136 131 130 131 133 126 125 135 148 144 128 125 136 162 171 189 220 222 219 210 216 210 215 216 216 212 195 180 178 163 157 152 157 
 26  33  32  39  60  88  82  63  72 120 177 184 151 127 169 192 206 216 226 230 229 227 223 220 227 225 212 202 208 216 216 215 217 218 219 217 204 193 200 217 230 228 222 215 214 218 218 213 210 216 223 226 225 224 225 227 232 228 221 189 175 134 122 121 132 134 133 129 128 134 139 143 137 134 143 154 148 127 120 126 185 215 233 235 229 217 198 190 193 202 195 186 185 172 165 179 176 170 168 175 
 32  22  26  36  94 123 123  87  64  79 146 173 165 126 177 201 205 211 217 217 217 219 216 211 219 229 216 199 201 205 204 210 222 203 179 157 135 126 142 168 200 206 214 221 221 220 224 228 217 212 208 211 222 231 235 235 226 226 197 164 174 146 122 125 134 133 131 131 137 146 151 150 147 144 144 144 135 123 121 127 155 198 232 228 222 209 190 168 180 195 202 203 204 195 195 209 203 201 200 198 
 25  19  24  40  91 121 121  96  58  57 115 181 173 134 163 194 204 208 209 209 213 219 215 205 202 216 205 198 213 208 182 169 139 122 109 102  89  85 102 128 161 184 208 214 212 213 215 216 222 215 207 205 209 217 223 225 216 218 197 173 162 156 144 139 136 138 139 139 144 148 147 144 137 137 136 133 134 137 137 134 131 156 206 222 228 215 207 183 175 191 214 229 226 220 222 227 228 226 220 210 
 32  50  54  68  68  90  91  95  90  70  87 175 161 137 140 177 199 205 208 210 216 218 203 185 180 205 201 187 185 158 115  98 100  95  98 103  96  86  96 115 142 180 208 207 204 210 209 199 200 209 217 216 210 203 202 203 195 200 206 198 149 157 160 141 147 150 148 141 139 137 137 136 139 142 142 141 150 159 152 139 123 119 168 204 219 205 209 194 177 182 206 219 208 205 216 218 222 217 208 201 
 68 102 103 122  72  84  73  98 111  94  98 112 162 127 132 165 183 202 205 204 212 207 187 178 192 202 187 143 135 105  94  95 102 105 110 108  98  90  99 115 163 182 199 204 208 212 205 192 187 197 210 213 225 208 209 188 194 198 187 197 158 150 160 157 151 152 138 127 133 131 130 141 149 144 143 150 157 154 145 138 107 108 137 185 212 208 201 204 187 183 219 220 187 154 188 212 212 201 187 182 
104 128 130 139 101 105  98 117 119 116 106  96 121 108 130 176 175 193 208 209 196 182 177 182 192 168 132  96 102  98 105 107 104 101 101 103 102  97  95  97 133 173 209 219 221 221 207 184 188 194 202 208 222 205 203 182 167 178 180 195 163 150 157 160 147 140 131 128 130 133 141 150 145 143 144 147 143 135 129 126 106 102 117 154 188 200 198 197 196 187 209 204 178 157 183 196 194 192 188 182 
114 125 131 135 124 126 127 135 127 133 110  91  82  87 119 178 190 189 199 203 189 184 192 194 170 131 100  87  97 101 110 109 114 107  99  99 101 101  94  89  94 152 207 225 222 219 210 197 197 195 193 204 214 200 193 175 155 159 164 179 167 156 155 156 152 138 136 142 139 142 148 145 138 139 141 139 133 125 124 128 125 117 113 130 167 197 207 203 213 198 196 182 173 178 200 204 213 217 216 205 
121 120 125 128 137 138 137 134 131 136 114 106  74  65  72 116 170 175 189 187 164 156 161 155 121  99  89  95  99 106 119 128 133 129 117 104  98 100 103 103  97 134 182 214 221 216 209 207 212 203 190 205 213 205 198 186 180 162 146 147 161 164 156 149 159 140 139 145 140 142 139 124 135 134 133 133 131 130 133 138 126 120 111 115 146 191 215 217 213 203 185 166 165 195 221 226 236 240 238 227 
126 121 122 126 139 143 142 136 122 124 114 120  92  67  42  53  90 129 171 170 128  96  96 106 114 102  82  78  68  78  97 123 142 146 137 114  98 100 110 115 111 112 139 185 216 219 212 209 212 200 183 206 212 210 206 201 208 176 144 119 146 164 157 146 161 148 139 132 130 136 134 120 137 132 130 131 133 134 136 139 129 129 119 109 121 152 170 171 179 190 179 165 160 190 211 220 219 225 226 222 
120 120 118 125 126 138 142 148 127 124 116 119 113 104  79  65  57  84 121 141 120  78  74 104 136 129  94  80  68  74  76 101 127 140 139 119 104 103 105 102 104  99 111 146 176 193 203 212 208 197 178 209 213 213 208 208 208 189 160 108 130 153 153 151 154 163 150 130 128 135 133 128 138 136 136 139 138 134 134 136 139 144 137 121 117 125 126 119 129 174 191 190 171 185 189 200 203 206 205 202 
124 127 119 123 119 128 136 144 150 142 127 120 125 128 119 105  91  85  84 114 127 105  90 118 157 164 136 132 131 139 123 135 124 127 126 110 100  99  94  91  98  99 106 111 128 147 177 197 210 201 192 218 218 215 212 214 197 187 169 114 119 136 153 159 146 165 164 130 130 136 133 134 138 139 142 142 139 135 133 135 134 141 141 136 133 136 131 122 106 159 196 209 191 185 172 175 173 171 163 155 
123 123 117 119 117 114 133 136 155 149 144 141 133 123 122 126 125 121  95 109 121 121  97 110 139 155 143 145 159 178 164 161 149 123 109  95  93  94  89  98  94  91  94  86 101 107 132 144 176 171 187 211 221 222 221 217 196 177 165 135 116 118 152 161 148 150 167 138 129 140 147 149 139 142 143 142 141 140 140 139 139 141 141 141 141 144 141 136 116 134 157 167 163 149 135 125 128 124 118 116 
119 122 123 116  83  81 120 135 141 148 156 154 140 126 123 126 130 134 116 116 111  96  69  75 114 138 142 134 152 161 155 149 153 137 134 126 119 115 109 119 114 101  90  92  87  85  93 108 117 114 136 174 199 211 217 217 202 183 161 145 125 121 135 156 156 145 148 161 126 136 148 143 137 141 147 149 150 148 146 145 132 137 139 140 141 144 145 143 129 128 122 113 105 104 107 112 105 101 102 109 
122 119 123 105  53  50 105 126 126 136 147 153 148 136 126 122 123 136 133 129 122 104  77  69  96 128 144 128 146 146 145 135 154 147 156 155 151 148 141 151 155 136 106 103  87  91  86  96  91  89 104 123 135 157 195 224 223 188 151 152 132 121 121 150 162 149 140 167 142 128 139 138 139 141 146 149 148 142 138 138 132 134 137 138 140 140 137 134 125 118 109 104 102 104 110 116 116 109 109 116 
104 103 113 107  64  63 110 125 122 122 126 138 151 152 137 121 125 132 137 135 137 128 115 102  96 105 101  91 134 157 165 156 159 152 155 149 150 153 145 147 159 159 143 140 127 132 110  96  86  79  85  93  97 121 171 209 224 173 138 157 142 124 112 130 154 159 148 155 170 137 140 148 146 144 145 147 146 139 137 140 148 143 140 140 138 130 120 113 100  97  98 105 109 108 106 108 115 109 108 112 
 93  98 110 118  98  93 117 119 125 119 117 125 143 153 146 134 133 127 130 125 133 130 134 127 117 117  95  75  95 121 141 157 169 178 183 152 126 123 120 126 130 150 164 169 168 166 148 127 113 105 113 132 146 164 190 207 179 121 114 152 148 124 114 114 142 162 159 146 170 148 138 142 143 140 140 145 144 140 141 147 142 137 132 130 126 117 110 107 105 101 102 110 113 109 105 107 110 110 106 102 
 96 100 104 117 115 111 123 122 126 126 125 121 125 140 153 156 139 126 132 124 129 121 132 128 126 137 116 103  93 104 112 139 147 165 170 138 119 118  92  71 107 113 129 122 124 119 138 147 139 133 146 173 185 191 197 201 158  88 106 149 144 115 118 108 130 152 164 149 147 167 146 136 138 135 138 146 147 142 144 152 140 136 132 125 112 102 104 111 116 109 107 112 112 107 107 113 108 115 113 102 
 95 109 102 102 118 122 119 122 118 131 114 112 115 113 107 137 142 130 129 128 128 122 126 130 123 133 125 124 123 114  99 108 114  98 100 104 103 113 111  94 129 133 110  78  78  80  90 103 109 116 131 149 161 169 172 173 153 128 136 151 148 121 131 104 116 137 159 152 140 163 160 137 141 141 142 146 150 151 150 149 130 126 116 110 107 100  97 102 113 108 104 101  97  97 103 108 112 115 115 109 
112 121  99  61  94 115 126 123 121 123  86  75  85  74  60  94 151 138 125 123 125 121 120 124 124 129 125 125 127 104  75  67  72  55  64  75  63  68  91  95 108 132 128 118 126 117  91  83  83  78  78  87 103 120 132 140 151 154 156 165 154 126 136 115 106 122 146 152 147 154 161 147 145 145 149 148 142 140 137 127 110 108 101 100 107 105 102 107 108 105 102  99 100 104 110 114 111 110 113 116 
119 114  93  53  94 113 132 124 127 114  78  57  78  68  65  87 164 151 131 122 127 127 123 124 122 121 117 122 128 111  83  71  60  56  71  79  65  61  69  69  68  82  83  89 111 119 118 127 129 110  97  99  97  87  79  79 111 109 114 154 146 131 142 134 111 108 126 148 153 152 158 163 142 133 137 135 122 122 123 109 100 105 106 109 112 105 101 107 109 106 102 101 101 102 103 104  99  97 104 117 
122 110  94  88 108 114 119 124 124 113  93  75 103  91  91 104 159 158 137 120 126 128 125 130 128 122 118 123 129 125 117 111 102  95 104 116 114 107  96  82  77  75  66  62  69  74  83 100 108  97 101 122 130 120 114 120 110  97  91 149 149 141 143 136 126 106 110 141 158 153 154 168 150 129 121 116 111 119 121 104  96 107 116 120 122 111 102 106 106 109 111 114 115 118 121 125 136 136 142 156 
105 113 100 108  97 119 113 119 117 114 105  93 111 102 105 118 142 158 140 116 118 120 116 124 131 123 124 127 126 127 129 127 127 124 126 132 134 130 122 113 109 102  92  81  71  67  73  85  76  62  62  79  87  87  97 115 130 114 109 161 157 139 141 135 128 110 107 136 161 159 152 161 159 143 130 127 130 136 128 112 103 113 122 129 137 135 136 145 147 153 162 169 173 179 185 191 197 200 202 202 
 73  98 105 116  99 122 116 113 115 119 110 107 110 112 114 129 134 162 146 117 120 120 111 119 123 115 122 129 125 125 129 125 125 129 128 126 129 129 129 131 123 122 123 118 106  97  89  82  75  60  54  60  62  58  62  72  85  77  92 144 157 138 151 143 125 122 112 122 147 155 151 156 169 180 177 175 187 184 172 173 161 167 171 178 188 190 194 206 204 205 206 207 206 205 203 201 190 198 193 180 
 89  92 105 117 109 105 111 117 118 124 113 116 107 111 104 116 127 161 148 118 124 124 113 117 127 117 123 130 124 126 130 123 124 126 123 123 132 134 127 126 133 130 132 131 126 126 116  99  96  82  72  73  75  71  67  69  77  64  84 139 171 151 161 137 131 136 117 102 121 143 152 159 156 188 192 187 198 189 182 202 195 200 200 202 205 198 192 197 192 187 179 178 180 178 169 161 162 169 162 147 
124  97  82  97 113 114 110 110 118 117 117 115 110 105 106 111 124 151 157 128 108 115 123 119 120 122 126 127 126 125 125 125 125 131 123 122 127 109 105 133 134 132 127 124 125 130 134 135 131 122 112 104 100  96  90  84  82  67  82 140 166 153 149 141 132 142 128 105 109 136 158 166 157 156 156 158 161 162 166 170 164 170 173 169 163 162 161 160 159 160 152 146 151 181 159 152 147 118 163 168 
110  83  70  85 105 111 110 111 111 109 111 112 110 107 111 116 119 148 155 130 109 115 122 118 120 119 119 121 123 122 120 117 120 128 128 128 117  84  75 106 124 126 126 125 124 124 126 128 138 134 131 132 133 130 118 109 101  89  94 134 156 151 148 137 135 144 135 109 107 134 159 161 157 153 150 149 148 148 148 148 150 153 154 152 153 154 152 149 114 121 159 166 187 221 189 168  98  64 141 181 
103  84  75  88 104 108 110 112 110 110 110 112 111 109 112 117 121 149 159 135 115 117 122 118 123 121 120 121 123 123 120 118 121 127 130 135 120  87  84 118 129 130 132 133 130 126 126 127 131 129 129 133 138 137 131 126 130 121 111 124 136 145 156 146 136 137 132 115 104 127 160 171 160 158 156 155 158 160 159 157 159 160 162 161 165 167 166 163  72  87 172 175 191 221 195 176 100  63 131 180 
100  91  88  96 101 100 104 111 114 112 111 112 111 109 111 116 122 149 159 137 117 118 123 120 121 123 124 124 122 121 123 126 135 133 134 139 132 115 118 139 141 137 136 139 140 138 135 135 141 140 140 139 138 138 139 140 139 136 124 122 123 137 161 158 122 117 121 122 111 116 149 180 167 168 166 164 166 169 168 162 163 169 171 171 170 172 175 174 100 100 185 185 202 228 192 163 110  85 115 144 
 97  95  97 101 100  97 103 113 113 110 108 110 110 109 112 115 120 145 155 135 116 117 124 123 124 128 131 129 125 124 130 136 136 137 139 142 150 157 155 149 149 143 143 148 151 148 146 150 153 157 160 159 154 148 146 145 133 134 129 133 127 131 153 155 132 129 129 136 130 111 121 157 161 166 167 163 163 166 165 160 162 169 173 170 166 168 172 173 106 108 175 181 190 204 165 144 122 120 125 134 
104 100  98 100 102 102 108 117 119 115 111 112 113 113 114 118 124 147 154 133 113 113 121 124 126 128 128 127 125 125 129 132 128 136 137 135 154 185 183 153 147 145 148 151 146 140 141 146 145 148 153 158 161 158 152 147 143 135 130 142 135 129 146 152 153 155 136 132 139 120 110 139 156 166 170 165 164 169 170 167 169 171 172 171 172 174 176 176 132 138 162 156 138 139 117 129 140 140 138 137 
110 104 103 103 103 104 111 116 121 118 115 114 114 115 118 120 133 152 155 132 113 114 121 121 123 122 120 118 116 116 119 122 131 140 140 130 146 186 185 143 137 138 145 145 137 111 109 135 142 140 141 147 155 158 156 153 160 146 131 144 140 126 142 154 156 160 130 109 135 130 120 136 156 164 169 167 164 164 166 167 167 172 172 167 166 169 168 163 153 150 142 138 131 140 132 145 148 143 144 140 
108 108 112 113 109 110 116 118 117 120 117 112 112 119 123 123 126 146 151 132 118 122 124 117 119 121 121 121 119 120 122 125 134 142 147 138 148 186 186 142 145 138 146 141 140  88  82 139 153 151 148 146 146 149 152 154 165 163 141 146 142 114 135 154 158 165 141 107 139 137 133 134 150 146 152 153 153 149 152 154 151 161 161 147 140 145 146 138 139 139 140 143 149 153 151 143 143 145 148 143 
106 109 108 111 117 114 108 107 119 120 119 117 119 124 127 127 120 145 156 142 126 125 125 119 124 127 130 132 133 133 132 133 137 144 150 144 155 192 195 156 146 134 148 147 148 121 122 151 162 161 158 157 157 158 160 161 170 169 152 144 133  92 118 137 149 165 149 122 146 144 141 153 143 137 142 133 140 140 150 139 144 143 139 132 131 136 141 141 143 141 141 143 143 143 147 155 153 151 150 143 
102 111 110 111 120 120 113 115 110 113 117 121 124 126 125 122 129 152 161 144 125 124 129 130 139 139 138 137 137 140 143 145 143 151 161 157 163 189 185 144 102 100 141 157 165 156 158 162 166 165 163 161 160 160 162 163 167 167 156 145 132  80  99 111 140 163 152 136 152 145 136 152 150 146 157 143 141 124 139 141 151 151 151 148 144 142 141 143 131 130 137 147 148 141 142 149 149 145 149 147 
110 117 117 110 107 109 111 115 120 119 117 118 120 119 117 117 131 152 160 142 124 124 133 139 138 141 144 144 143 145 148 152 146 150 157 156 160 183 176 138  71  80 136 155 162 158 158 148 154 154 154 153 151 151 152 154 162 164 154 158 148 100 104 108 133 159 152 147 155 144 128 147 181 186 198 188 164 114 115 143 150 154 157 155 148 144 145 148 134 129 134 148 154 149 146 150 150 143 147 150 
109 130 167 185 178 178 177 162 135 125 116 113 114 115 118 122 127 147 158 146 131 131 139 145 147 155 162 161 153 146 143 143 152 147 149 150 160 187 186 153  90  98 141 150 155 153 156 150 140 143 146 145 143 143 143 145 158 161 142 161 149 112 101 103 129 158 152 153 154 142 125 150 189 211 213 218 191 129  95 135 142 146 144 136 133 138 144 146 141 133 129 136 145 150 150 150 148 142 141 141 
110 138 208 249 243 247 247 215 162 149 136 131 126 119 114 114 124 142 150 138 125 126 136 142 184 195 203 196 178 161 157 158 147 141 143 149 163 191 187 153 127 126 156 151 157 155 156 156 137 139 144 145 143 142 146 150 140 144 112 150 129 112  97 104 129 161 155 155 143 131 119 158 189 226 207 227 217 160  85 116 151 151 142 127 130 141 142 133 141 135 128 128 136 144 146 144 141 143 145 141 
120 132 186 232 236 236 225 190 176 175 164 149 135 130 129 126 126 136 135 126 121 123 132 145 194 185 168 159 168 184 201 214 174 140 141 149 167 182 190 157 160 167 138 139 153 149 141 144 142 157 158 152 155 153 145 142 125 132 124 129 133 116 110 116 126 155 154 148 146 134 124 144 191 225 222 230 226 184  94  97 148 160 144 146 138 145 146 138 138 143 144 139 138 143 145 143 147 146 144 143 
105  96 117 149 161 173 175 157 145 138 126 118 124 134 129 116 125 129 125 119 120 115 112 115 139 134 120 117 134 155 170 185 156 128 133 145 163 188 195 153 172 174 107 101 115 118 114 123 131 147 150 142 143 140 127 117 109 112 129 135 147 117 118 138 127 149 152 147 155 142 128 136 192 219 229 223 224 191 113 101 122 149 139 151 144 148 148 143 140 148 147 142 140 143 145 142 152 144 132 130 
 94  70  62  63  60  71  82  77  72  74  71  63  60  62  63  59  83  83  86  93  97  92  81  73  76  82  81  78  82  84  88  99  73  78  90 109 132 184 177 119 180 171  90  63  65  65  62  68  60  64  74  80  86  94  88  70  75  85 121 150 156 130 129 141 126 144 145 149 162 148 132 142 208 224 227 210 217 187 129 104 104 141 146 151 153 153 148 148 146 151 149 144 143 147 147 143 154 144 128 124 
 77  66  64  65  59  60  66  64  56  62  63  51  38  35  39  43  60  55  62  74  76  72  64  53  48  50  46  41  41  40  44  57  45  66  73  91 121 190 169  99 176 171  88  54  48  42  28  25  33  25  31  38  44  62  70  54  57  69 106 139 148 147 139 120 125 142 144 148 162 152 141 156 203 218 232 217 225 191 145 102  96 137 152 148 147 142 139 148 146 154 153 147 145 149 152 151 153 148 136 134 
 65  68  76  80  76  71  73  77  77  69  61  61  66  71  68  62  70  59  67  77  72  70  70  62  56  55  49  47  49  46  48  60  65  80  78  87 125 188 166  98 170 174  97  64  60  56  46  42  44  44  52  57  67 103 147 165 117  87  94 127 126 136 134 117 127 148 148 145 159 154 151 168 199 215 227 216 204 173 152 116  94 119 146 139 134 128 132 145 143 152 154 148 143 148 153 155 148 150 144 143 
 66  72  75  79  81  79  81  89  83  81  80  79  80  81  82  84  68  51  63  80  77  83  91  84  79  80  77  78  78  66  61  71  81  85  84  89 135 183 174 127 179 187 109  71  67  74  75  78  73  76  76  81 102 139 180 208 171 119 110 134 107 114 126 123 123 147 144 137 152 158 156 168 213 225 220 196 140 118 136 133 103 100 140 142 138 133 140 146 146 151 151 145 145 152 155 153 149 154 150 144 
 78  81  81  86  92  88  81  85  87  89  94  93  87  83  84  90  85  65  74  92  88  91  97  85  87  91  92  94  90  78  75  86  92  88  90  92 141 172 178 148 177 187 110  70  68  82  94 103 110 103  86  91 126 146 146 148 136 111 121 138  94 109 129 121 111 135 131 124 147 160 157 162 200 226 227 207 121  90 120 136 112  88 133 149 149 144 148 143 156 154 149 146 151 159 157 150 158 164 156 147 
