121 106 142 183 116  95 113 110  96 100 107 125 126 118 112  99 108  99 103 105 102  84  74  81  88  83  77  75 103  93  85  85  86  84  85  88  93  87  74  58  50  57  75  87  87  81  53  37  45  42  44  70 106 110 122 103  90  65  76  86  78  75  69  71  83  90  74  50  35 152 232 213 122  68  45  57  44  39  47  68  90 114 129 129 136 143 139 140 153 152 144 150 140 147 145 141 145 142 135 133 
131 122 146 171 138 101 105 106 113 109 109 117 127 118 119 108 116 109 114 108  91  87  88  93  94  89  84  84  93  87  83  82  84  85  84  81  69  59  49  48  52  58  68  78  78  83  67  52  52  44  51  79 162 189 190 132  93  75  82  75  74  59  45  44  55  59  49  36  39  95 152 160 145 101  71  56  45  36  36  49  68  93 116 126 127 141 141 140 147 144 138 143 140 145 141 138 141 139 141 148 
111 104 110 115 109  79  77  79 113 112 114 114 110 102 108 101 110 113 119 102  84  86  87  87  88  89  90  89  78  83  86  86  87  88  84  79  68  50  40  45  49  43  42  49  66  77  73  60  50  37  46  75 159 199 206 145  93  75  81  77  77  61  49  49  55  56  54  55  52  55  74  82 104  78  60  45  38  34  31  40  56  77 104 127 128 140 143 138 140 142 141 142 131 131 131 137 140 130 123 130 
 88  88  87  86 110 115 103  81 105 105 108 106 105  90  77  54  66  84  99  84  87  85  80  79  85  92  93  88  80  88  95  92  87  82  77  72  66  47  41  51  54  44  46  57  67  75  76  65  50  38  49  73 154 195 200 143  84  65  65  62  56  53  57  68  66  58  60  70  74  81  74  67  60  55  47  52  43  41  32  31  43  55  80 112 126 133 134 130 131 138 134 123 104 101 110 137 154 138 120 122 
 82  89  85  83 118 153 118  68  61  59  56  58  58  62  51  24  47  70  86  81  86  82  79  83  89  93  90  85  82  85  90  94  89  81  75  74  65  50  46  53  52  45  50  64  68  69  71  65  51  44  56  74 141 191 189 127  66  65  62  49  52  64  87 102  99  88  90 100 108 130 125 124 107 114 101 105  86  75  46  25  25  30  55  96 123 126 130 128 130 136 123  92  58  51  70 125 165 160 150 158 
 79  82  64  58  95 137  75  32  17  27  22  38  21  57  55  26  55  69  79  87  87  86  89  92  89  85  91 103  92  81  80  92  97  89  79  78  68  54  46  47  48  43  45  55  59  58  63  59  41  36  51  67 129 180 183 135  69  60  52  46  50  69  96 117 120 117 120 128 138 148 149 150 162 166 159 156 129 112  66  32  25  24  47  93 126 127 131 128 126 138 125  90  53  41  60 119 161 153 144 159 
 82  79  54  37  81 122  59  23  14  33  31  60  33  79  82  40  49  55  74  90  99  95 100  96  89  83 102 120 108  88  81  95 101  88  76  75  68  57  52  53  53  56  60  61  53  52  57  56  40  33  41  51  82 110 119 107  68  52  40  43  42  64  95 118 124 129 135 139 141 135 141 142 159 160 169 163 142 124  80  39  29  29  49  96 129 126 130 118 125 135 131  94  47  39  62 123 163 153 144 161 
 82 101  83  47  54  99  67  16   9  26  31  64  54  72  83  54  58  77 109 108 104  94 100  89  94  84  98  99  85  75  81  99  99  81  75  84  81  75  79  83  76  76  77  66  63  52  47  50  51  51  50  50  42  38  37  43  50  47  40  32  30  55  96 123 129 136 141 139 132 121 133 154 147 151 167 155 146 123  87  36  22  33  46  88 128 125 134 104 125 126 130  89  48  41  62 116 154 148 140 152 
 74 112  96  47  46  87  75  23  14  33  55  71  73  65  59  56  94 122 130 111  91  89  93  98 116 101  93  94  79  62  59  76  85  81  76  81  85  81  84  96 100  88  78  80  66  38  28  38  42  46  52  47  30  38  45  46  40  34  32  33  26  46  88 124 143 154 160 155 146 125 133 156 155 150 159 158 154 128  86  42  37  46  55  84 116 126 127  98  94 113 126 107  55  47  58 101 142 148 144 151 
 98 116  94  49  37  63  70  28  20  31  67  80  81  89 101 109 119 115 102  84  92  97  95 106 131 118 100 106 108  87  64  57  70  84  87  83  93  93  86  91 101  91  81  90  75  39  28  39  38  37  39  30  39  47  52  45  35  31  32  36  37  44  70 102 120 131 136 132 134 117 129 141 136 132 134 143 142 125  91  68  80  95  97 111 117 135 129 106  85 115 133 130 114 105 101 120 144 143 125 115 
123 111  77  43  41  47  60  45  45  48  84 104 133 136 132 122 103  92  84  83 101 110 102 105 119 116 103 116 106 115 106  79  67  78  88  84  81  87  77  70  79  80  76  82  72  46  36  39  34  29  32  33  38  42  43  38  36  41  48  51  56  44  48  63  68  70  74  74  81  81 101  98  89  96 101 121 127 116  84  77 105 126 133 138 138 154 147 136 111 141 154 158 155 152 144 147 157 146 116  95 
121 104  73  52  52  54  63  75  88  96 118 139 121 114  96  95  95 110 112 114 105 118 108 106 105 116 116 126 110 107  86  56  42  50  55  51  48  52  48  41  40  43  46  49  71  78  80  81  80  71  67  76  78  80  77  72  75  86  92  91  81  65  64  76  75  74  81  86  71  74  93  71  54  61  70 106 153 139  90  75  99 118 132 133 146 154 153 153 135 152 158 161 155 157 155 157 165 155 131 116 
 98 100  98  99  79  88  80  93 103 113 101 110 107 114 106 109  97 110 105 107 117 129 120 114  96 118 120 118  83  56  27  21  28  40  57  73  75  61  60  57  41  39  52  61  92 115 111 101 110 108 108 130 136 138 133 125 124 131 132 127 117 105 117 135 138 131 139 149 111 100 104  73  50  47  54 107 175 159 100  77  93 108 126 127 134 137 146 152 139 138 145 151 149 150 145 144 150 141 129 124 
103 107 109 112  81  71  72  92 104 118 122 121 139 143 137 126 125 117 109  87 101 117 116 105  98 103  91  78  47  25  29  24  31  34  60  85 104  96  90  90  74  61  72  81  94 114  93  58  60  75 100 137 153 151 146 141 141 145 144 140 127 124 125 154 143 155 151 163 134 106 127  90  44  42  52 118 201 181 114  84  94 104 120 117 131 128 131 135 138 141 135 125 131 128 132 133 127 130 120 145 
110 113 112 110  73  43  42  69 100 130 149 144 141 145 147 132 138 131 139 128 111 122 108  80  76  82  77  67  59  34  40  21  20  20  44  67  95 101  94  93  81  65  69  70 105 133 115  56  43  69 112 140 150 147 145 145 145 142 134 128 120 120 125 157 140 147 144 158 119  92 128  93  44  45  53 113 197 185 118  86  92  99 120 123 119 117 114 119 133 145 139 124 133 132 136 141 120 127 100 130 
118 118 110 102  83  56  47  67  99 128 144 141 142 149 151 128 122 122 131 130 126 142 126  85  70  79  81  75  67  42  40  24  18  22  44  66  97 103  93  87  80  76  86  84 108 149 150  76  57  89 141 145 149 148 148 148 146 139 130 123 131 120 128 145 143 136 139 145 118  96 125  90  43  44  53 103 193 189 121  79  76  75  95 104 119 119 119 125 138 148 141 128 121 120 124 129 121 133 105 124 
127 118  97  78  79  70  70  81  98 116 130 139 139 135 118  83  90 117  99  64  91 133 143 110  87  84  77  66  63  45  44  33  21  26  39  58  97 108  99  91  87  89 100  94 114 146 152  82  64 100 155 155 152 151 151 150 145 140 140 142 137 115 111 102 114 112 121 110 104  96 133 105  54  47  58 104 196 196 122  75  72  67  77  84 124 126 129 135 148 154 143 128 106  93 101  89 114 126 116 122 
118 113  96  79  76  75  72  79  98 114 127 139 136 117  75  34  73 148 108  36  57 114 142 117  88  78  70  62  67  53  50  38  17  24  33  52  93 106  99  91  86  88 101  97 126 152 154 111  94 119 150 152 151 155 159 158 149 139 141 149 133 118 113  90  98 104 120 106  87  85 123 106  56  39  52  96 193 194 117  76  90  89  89  87 126 127 128 133 144 154 149 137 134 113 125  89 127 128 123 112 
 66  78  84  80  86  84  72  74  98 114 123 134 141 119  68  25  72 171 127  50  56 108 135 115  90  77  73  73  64  58  56  47  19  30  37  59  94 104  95  87  79  82 101 105 113 158 171 169 154 165 152 152 155 157 162 164 153 140 136 141 140 120 111 100 108 115 128 122 101  84 107 102  65  49  63 103 192 194 113  77 105 104  93  83 134 135 133 135 144 153 147 137 144 133 139 102 120 126 114 106 
 42  62  78  84  76  83  76  74  92 104 110 126 125 110  72  30  65 158 115  53  52  97 123 111  92  79  71  70  55  57  62  56  23  30  32  51  85 102 105 105  89  73  75  73  91 152 166 182 175 195 171 177 165 160 159 161 155 143 137 138 137  89  61  71  91 101 103  99  89  70 104 133 126 114 119 146 176 180 105  77 117 122 109  97 125 130 135 140 149 154 144 130 144 149 141 114 102 127 110 117 
 63  71  82  83  79  76  67  64  75  93  98  94 109 102  80  60  75 104 101  76  84 105 114  99  77  92  81  79  79  64  64  58  34  28  43  51  85  90 103 108  93  67  55  57  70 116 138 143 160 161 151 156 154 161 150 134 151 131 134 145 146  86  29  19  34  43  44  46  42  59 101 142 150 138 144 167 172 155 102  72  86 132 119 116 129 131 131 133 146 158 149 129 136 158 156 137 100 114 117 118 
 77  81  84  74  72  71  67  65  75  96 112 115 126 126 123 118 118 124 127 126 119 130 137 118  82  99  97  94  91  70  61  56  44  45  58  61  75  82  95 101  91  78  82  95 126 160 173 172 182 176 159 158 175 182 187 184 175 118 115 153 150 106  57  31  28  31  34  35  36  59  94 123 129 124 126 134 150 146 104  61  54  89  89 102 117 121 120 121 132 144 140 126 105 126 133 132 114 126 119 103 
 86  90  86  71  65  67  66  66  77 100 122 133 137 141 151 158 150 140 144 158 156 153 157 134  84  97 102  96  93  76  61  46  30  25  30  35  64  83  95  85  77  98 141 175 201 220 221 213 209 188 156 141 156 169 175 161 145  98  88 121 114  96  64  38  31  45  59  64  67  78  78  65  56  57  57  52  66 102 110  85  77  95  94 109 100 106 108 108 116 126 127 120 117 128 137 145 142 146 124  93 
 88  91  84  67  72  72  69  69  78  96 113 123 128 129 136 145 149 148 151 158 163 150 153 136  87  99 101  92  95  82  63  42  25  12   7   9  52  77  89  90 115 164 195 199 179 183 178 170 159 135 104  87  88  86  68  49  73  93  85 100  85  79  57  33  34  59  78  79  98  99  74  34  17  28  30  18  20  68  99  83  81  91  92 104 103 112 119 122 127 134 134 131 124 126 135 142 146 145 126  94 
 88  91  85  70  68  69  68  71  80  95 110 121 124 122 123 132 146 156 159 156 161 152 155 144 102 104  94  84  70  56  34  22  26  23  15  13  49  74  86  85 104 135 137 115 103  98  96  96  96  92  86  81  74  51  30  39  88 119  80  77  76  70  50  33  44  74  87  80  74  79  66  39  31  41  39  22  29  71 100  76  80  89  95 107 103 113 124 129 133 135 134 131 122 119 130 132 139 133 124 100 
 92  95  92  79  67  70  72  73  77  89 109 126 129 126 128 133 136 136 138 142 137 139 146 139 103  93  67  63  72  65  35  13  11   8   5  15  51  69  78  67  53  47  44  42  35  25  23  25  20  19  24  28  36  25  29  58 105 123  54  43  69  60  42  30  47  75  80  65  46  52  49  38  35  38  32  19  16  63 100  74  80  86  94 109 114 122 133 139 142 143 140 137 133 126 140 141 150 135 128 104 
 91  92  93  86  79  78  78  79  76  84 103 121 124 121 125 134 126 105  96 100 106 127 148 144 112  96  74  72  68  71  60  26   9   9  27  46  48  50  67  70  57  37  35  34  13   6  10  15  11  12  18  19  29  35  49  68  96 108  53  38  65  62  45  36  51  61  50  36  45  47  43  39  40  44  37  26  14  59 101  76  77  79  97 108 116 123 128 133 137 140 142 138 137 133 143 143 151 138 127 102 
 78  78  82  86  85  76  71  74  78  84 100 116 121 116 121 134 129 102  74  62  76 111 142 132 100  83  79  68  62  58  74  38  23  32  54  50  42  33  63  72  60  42  56  50  27  24  23  21  15  21  27  23  26  49  76  94 105 109 106  93 111 130 116  97 106  96  66  53  60  70  81  73  74  71  73  68  36  63  93  78  77  81 107 106 107 120 117 120 124 131 142 134 125 110  94  98 116 126 111  91 
 83  72  70  78  83  78  72  69  69  78  94 108 124 126 128 128 122 111  94  81  89 103 117 110  83  67  60  50  59  57  69  48  51  65  72  59  45  40  60  80  61  48  51  53  42  40  39  30  19  27  44  50  58  61  66  74  89 100  96  85 144 154 122  81  80  88  80  70  60 115 149  90  85 100 132 112 125 130 115  74  67  61  69  73  91 114 121 126 127 129 138 132 112  65  30  45  89 114 106  90 
 78  69  66  72  67  72  75  71  69  75  90 102 112 120 127 126 120 111 103  98 102 103 111 106  83  63  55  48  46  50  60  42  46  68  72  65  60  49  52  79  63  55  39  37  46  48  51  44  36  47  66  72  75  75  72  68  67  66  61  53  67  69  55  44  47  46  44  51  47  79 115 107 118 125 150 154 177 173 130  75  52  31  23  35  73 104 119 125 125 128 140 135 109  64  28  40  81 109 107  95 
 54  53  52  50  58  67  75  73  66  68  82  98 108 115 126 130 117  96  90  94  99  99 108 106  84  63  52  45  43  45  37  21  35  74  78  77  99  94  91 109  96  94  83  88  96  98  99  89  76  78  82  76  84  91  97  97  92  82  71  61  70  73  74  76  74  67  63  66  76  84 100 142 146 148 137 148 145 137  96  63  50  35  19  31  66  98 113 117 116 122 136 132  87  60  33  36  72 105 107  93 
 46  50  53  52  55  58  68  76  75  72  85 101  99 106 116 122 112  94  88  93  92  94 103 101  81  64  52  42  39  37  18  14  51 114 118 118 138 155 168 170 158 145 138 141 144 145 144 131 116 115 112  99 118 126 137 144 139 124 107  95 106 115 118 110 105 111 110 100 112 128 132 160 148 156 128 120 129 111  73  59  48  40  23  29  71  99 108 108 108 116 129 122  87  65  40  38  66  95  98  84 
 60  60  62  69  57  53  65  86  88  73  66  73  82  88  93  92  93  94  89  82  91  91  94  88  73  65  52  37  30  38  22  22  59 124 130 138 138 150 156 139 146 137 134 126 121 125 126 115 105 116 124 116 112 131 153 161 151 140 134 139 132 129 136 143 136 127 124 119 143 141 141 157 155 149 130 123 125 106  79  74  43  42  46  65  77 105 108 106 111 122 134 122  93  79  63  63  71  78  81  84 
 66  58  65  60  51  41  46  67  74  60  51  56  69  78  83  82  79  77  74  69  77  76  75  77  65  53  50  36  22  37  21  15  52 119 121 119 128 127 121 111 114 114 114 110  94 102 106 107 111 114 117 120 123 125 127 132 142 130 138 129 136 131 131 128 127 128 122 119 136 148 153 151 155 150 118  77  80  91  90  70  41  46  73 100  90  97 111 118 113 116 121 111  92  71  76  73  67  61  82  87 
 58  53  65  55  45  42  39  36  36  41  51  60  63  68  74  83  92  96  90  81  72  73  72  76  62  47  53  46  35  34  14  14  53 148 163 152 159 159 154 151 154 157 156 157 146 145 141 146 155 156 152 156 158 158 154 151 159 145 165 159 153 149 149 146 148 155 154 157 141 140 144 148 152 146 104  50  46  73  85  65  47  57  81  97  99  94  95  95 107 141 157 142 142 132 131 109  87  76  81  69 
 56  55  59  48  33  41  52  59  49  42  52  72  62  59  58  67  92 112 107  90  79  83  82  80  57  40  48  45  41  32  19  28  49 169 210 197 202 205 200 198 206 208 204 205 206 193 184 188 198 204 206 207 203 204 202 202 211 205 212 203 207 206 206 211 207 202 201 204 196 164 149 150 150 150 112  48  41  67  79  63  54  66  80  82  88  83  78  82 112 166 201 199 187 197 177 139  93  69  57  66 
 67  65  56  43  33  45  85 122 106  56  35  50  54  55  51  51  66  87  91  82  77  81  81  81  61  41  44  39  32  27  29  39  38 162 221 215 208 198 181 179 199 218 215 205 205 194 196 204 208 213 221 224 219 220 218 221 228 229 225 216 213 221 214 213 213 215 222 215 215 161 135 134 133 137 109  47  36  58  65  50  48  64  73  66  76  75  76  76  76  80  90  98 121 118  71  51  52  80  97 135 
 68  69  60  60  81 100 136 160 137  82  42  32  37  48  56  52  53  62  71  75  77  78  77  83  70  53  53  41  45  36  38  35  36 142 204 209 192 139  91  85 127 190 203 168 102  99 121 144 148 156 171 176 201 209 209 192 173 181 191 209 214 213 169 137 138 172 218 220 212 158 132 134 133 132 105  55  25  43  52  46  49  63  67  60  72  73  57  38  44  67  91 106 110 138 114  92 102 138 142 151 
 68  83  87 110 143 152 159 152 131 106  87  79  54  59  64  67  62  61  65  71  81  79  75  81  72  61  65  55  55  65  80  61  70 126 177 196 179 113  67  55  89 178 210 153  70  57  75 100 101 103 110 103 136 156 165 138  97 110 129 169 217 203 128  73  65 110 189 212 209 161 131 133 134 123  91  54  31  44  51  50  52  59  63  62  66  76  57  30  39  62  69  68  48 114 150 144 151 153 136 119 
 91 113 126 163 157 141 128 119 104  90  95 111  96  83  74  74  72  63  61  63  71  68  66  73  69  67  84  85 126 163 189 140 110  85  94 116 123  88  84  77  86 170 211 151  80  57  71 103 112 119 122 107  96 124 147 134  99 113 118 150 174 163 100  60  52  90 178 213 196 149 111 111 121 111  82  59  34  39  42  42  42  49  61  70  71  78  64  48  49  48  49  65 105 135 161 144 135 122 154 189 
129 131 125 118 121 112 106 105 102  97  90  86  87  96 110  90  78  52  53  47  62  71  71  69  76 103 158 211 234 254 248 252 222 168 104  82  86  83  92  94 135 165 160 112  55  48  60  81  88  89  87  80  76  88 103 100  87  93 109 116  93  68  60  71  96 109 162 186 175 141 111 104 109  99  73  51  39  39  42  46  45  43  49  57  62  74  61  58  50  67  96 146 159 144 118 135 148 183 207 209 
150 164 167 136 126 123 130 132 120 112 110 103 107 121 112  96  96  77  74 100  96  83  71  80 105 137 191 246 248 246 247 238 234 242 209 162 100 104 105  92  84  80  70  44  34  31  38  44  51  74  76  47  57  55  58  58  57  66  73  67  55  42  46  88 125 133 149 148 125 118 107 100 100  91  62  33  49  65  68  52  40  45  56  61  59  53  70  92 105 142 157 135 122 140 162 181 202 203 211 191 
165 175 197 170 139 128 137 146 135 131 131 119 117  83 108 200 218 216 206 215 201 199 195 197 194 182 186 208 196 159 159 121 113 131 126 106 106 113 112 100  51  26  14  17  27  26  32  29  40  84  93  49  32  32  37  40  40  46  53  48  47  36  21  55  76  91 102 112  89  82  83  90  85  69  64  72  60  60  59  57  56  60  69  76  90 100 129 144 153 133 132 134 165 184 204 205 213 195 207 201 
157 165 201 179 140 129 141 157 155 154 155 147 139  61  85 211 214 221 219 221 226 225 218 214 216 214 222 240 185 135 123  93 112 116 104 120 122 126 129 135  92  70  59  72  67  63  65  60  65 101 110  76  71  74  82  81  68  62  63  59  51  60  52  83  88  87  84  97  80  66  67  76  64  47  67 108 127  89  60  63  79  90 102 115 138 162 157 122 133 136 167 202 209 179 139 158 192 207 210 211 
 96 124 176 152  97 106 122 138 141 132 133 143 124 106 103 145 115 107 100 122 118 119 102  92 121 167 188 191 166 150 135 108 126 127 107 122 125 124 130 140 120 109 105 110 124 120 116 114 118 133 134 119 126 120 125 132 128 121 111  97 103 114 105 122 125 101  76  73  51  53  56  55  46  44  63  88 110  96  82  82 102 127 146 152 138 124 134 147 178 209 221 195 199 165 116 158 208 232 214 211 
 45  64 115 100  79  86  83  89  98  84  72  89  82 110 126 133  97  97  95 108  98  91  92 127 177 192 167 142 155 149 130 116 102 110 111 116 115 116 128 121 112 106 118 118 115 119 111 109 128 132 120 115 114 105 109 123 128 125 113  97 103 121 125 135 149 109  82  73  58  53  51  54  58  62  69  74  80  80  93 123 149 154 136 116 120 145 186 222 209 205 199 192 202 206 186 201 230 226 216 214 
 66  66  95  90 107  98  63  57  83  61  40  51  63  66  96 134 109 130 164 159 173 189 196 186 168 145 134 137 165 147 123 119 103 117 126 116 116 123 131 114 112 111 121 117 112 124 113 113 126 131 115 113 126 117 120 130 129 117 106  97 109 125 131 138 152 118 101  99  99  70  49  61  67  63  61  76 101 125 155 167 147 120 118 135 186 209 211 202 196 200 201 220 214 226 217 202 227 214 210 202 
 83 101 110 113 120 108  54  42  86  49  30  33  31  31  52 123 112 117 155 129 188 179 163 185 190 149 119 108 116 140 145 124 115 123 126 117 117 119 108 103 112 116 103  94 106 116 110 114 104 122 119 117 113 118 126 124 113 100 101 109 114 119 129 151 161 145 118 109  92  78  56  67  58  64  76 118 145 143 129 121 140 166 192 211 192 146 178 197 211 207 217 228 223 225 219 199 217 206 195 185 
108 116 120 121 130 111  57  43  81  53  24  18  23  20  40  94 103 105 122  66 147 105  30 120 189 157 107  62  71 107 132 125 112 114 121 122 120 111  99 102 117 115 106 105 107 115 108 108 109 126 118 106 100 114 122 113  99  96 105 114 110 124 135 147 162 160 148 144 109  92  73  90 112 139 144 150 123 123 129 156 195 213 210 205 158 113 161 212 218 219 237 235 231 229 218 199 211 207 204 200 
121 122 122 124 136 116  63  43  72  55  20  13  20  19  27  55  80  99 134  77 154 133  19 111 181 151 111  55  47  74  98 105 107 113 116 114 114 110 101 104 118 118 108 107 108 109 110 114 116 118 104  92 103  98 102 111 102  83  82  95 103 129 143 146 153 159 157 155 142 121 111 134 159 169 143 111 141 169 196 207 205 196 196 211 203 163 188 227 230 226 234 229 234 228 217 205 211 217 223 223 
119 118 120 124 124 113  72  50  66  65  35  35  24  28  23  31  58  92 138  85 141 134  26 103 157 133 120  88  80  91  99 103 104 105 107 106 106 113 106  97 101 108 106 105  99  94 101 111 117 105 102 105 104 106 112 115 102  87  93 109 126 153 162 150 146 152 155 157 165 155 155 142 125 130 164 185 209 209 200 194 201 208 213 220 232 220 207 222 230 225 217 216 221 220 218 222 219 228 229 227 
119 116 117 121 117 117  94  75  81  95  70  75  46  69  63  66  74 103 139  94 139 121  46 105 148 132 130 122 107 111 114 111 103  97 102 111 107 119 111  94  91  99 105 109 106  99 107 109 115 104 113 121 109 116 111 101 108 132 145 142 136 159 163 152 154 164 172 177 166 135 129 131 152 175 201 193 163 188 204 207 216 225 227 227 229 232 204 214 222 217 207 208 212 215 221 234 223 227 221 214 
119 114 117 125 116 123 111  96  96 119  89  94  97 154 152 142  98 112 152 130 148 150 126 128 138 130 129 125 119 115 115 117 110 100  99 105 105 111 108 102  99  94  94 104 100 106 119 107 118 114 122 113 105 108  99  83  90 115 134 134 142 154 156 155 162 167 158 145 133 133 169 185 206 208 191 132 111 176 223 224 218 221 228 234 230 214 190 218 208 208 215 212 218 214 217 230 209 219 218 213 
114 116 121 125 122 125 121 118 123 137 124 117 157 188 198 167 132 121 151 161 154 157 150 131 117 110 111 113 114 112 110 108 105 102 103 104  95 107 111 104  96  95 100 105 104 110 108 110 109 118 112 107 110 104  93  96  85  95 112 138 147 173 164 133 143 124 118 145 183 193 207 203 200 199 197 180 163 192 220 226 225 229 228 220 218 204 193 205 205 211 221 222 229 229 227 225 213 217 221 225 
119 124 124 122 121 128 135 142 147 149 144 135 153 154 163 145 149 142 154 153 145 149 143 124 107 104 106 106 113 114 109 102 103 108 105  96  99 104 104  97  94 100 109 113 109 108  96 104  99 113 109 112 113 100 109 147 144 127 129 162 175 155 143 109 114 135 180 204 201 201 198 200 208 215 216 215 204 211 226 229 225 227 223 210 209 205 204 208 217 221 224 228 222 223 224 224 224 226 230 235 
119 123 121 116 116 125 140 153 157 152 148 149 146 153 162 155 161 160 166 159 149 156 144 118 104 111 118 117 117 122 121 114 112 113 105  94 104  96  91  94  98 100 103 106  98 100  97 106 108 117 116 118 109 104 123 147 170 162 158 156 146 124 144 156 180 202 204 187 201 200 203 212 221 224 226 224 209 215 225 224 216 217 216 207 209 210 216 225 229 229 229 231 221 216 216 223 226 225 226 229 
117 119 119 115 119 123 136 152 158 154 156 162 154 161 165 160 160 164 167 164 164 149 122 101  99 111 119 120 107 116 125 125 114 103 101 104 101  92  92 101 105  98  96  99 105 106 108 116 119 118 116 117 113 110 132 149 173 150 129 104 119 166 198 203 211 157 105 153 209 210 217 227 231 229 229 232 210 211 216 212 204 208 214 210 217 221 228 235 235 231 230 232 232 225 223 228 227 222 221 226 
118 119 121 123 118 118 125 138 146 145 143 144 153 158 153 149 145 158 161 163 158 128 100  96 104 109 109 108 103 102 108 118 116 103  98 103  96  91  93 102 102  96 100 109 120 111 108 104 111 112 123 131 139 140 152 141 125 107 141 178 206 211 197 189 195 135  75 161 216 222 229 232 230 227 227 229 203 203 208 208 203 209 221 224 232 233 235 237 233 228 228 231 232 230 229 227 224 222 224 229 
114 117 120 121 111 110 108 108 112 112 108 103 116 129 127 122 102 114 122 136 135 119 106 110 119 119 113 109 106 103 103 108 113 113 106  98  92  92  96 101 100  98 106 118 117 105 105 102 115 115 135 146 145 146 134 129 147 185 210 215 199 183 187 204 206 156  96 175 227 231 229 221 217 220 218 211 198 199 208 214 212 218 232 237 237 233 230 228 225 221 222 226 228 230 228 221 218 221 221 216 
114 118 120 119 116 112  99  83  78  82  82  79  91  98  87  92  85 103 104 107 106 110 112 111 114 118 118 113  96 108 111 101  99 110 109  96  96 101 110 114 112 112 115 121 114 109 123 126 140 123 127 129 107 135 164 196 197 205 193 193 192 197 201 217 225 173  95 178 226 227 218 203 207 220 219 205 218 219 228 231 224 225 232 235 231 225 220 218 216 214 216 219 223 228 226 220 225 234 230 218 
115 116 117 119 114 116 101  88  87  78  72  83  86 100  79 104  95  95 110  98  83  67  59  65  62  60  68  69  66  54  71  71  57  72  80  62  69  67  78  87  84  91  93  80  78 116 148 151 158 114 109 142 165 196 213 170 147 166 182 207 210 210 211 221 217 192  97 146 214 212 186 127 127 162 212 224 230 233 231 225 224 228 227 222 219 224 221 228 228 221 226 221 219 217 218 222 227 227 223 221 
109 105 106 109 104 110 110 120 136 126 108 110 105 135 149 160 156 147 153 158 121  91  67  71  74  71  78  73  77  65  67  65  57  60  60  54  60  51  51  57  59  62  69  76 105 140 139 116 128 151 179 212 207 189 164 122 125 177 209 223 230 221 224 224 210 196 147 168 220 209 177 137 134 169 212 231 230 236 237 229 223 227 231 232 230 232 223 228 229 226 231 226 234 231 229 228 227 222 217 214 
102 101 105 110 100 103 107 129 155 144 122 120 131 149 165 117 100  91 100 142 168 154 139 144 128 105 115 116 124 139 134 128 132 127 128 135 121  96  80 100 131 135 136 151 131 134 129 158 191 217 208 208 191 169 162 151 157 195 211 199 212 204 208 206 202 184 172 170 191 209 216 226 221 231 223 219 221 229 232 226 221 227 236 240 237 234 219 222 226 228 236 230 237 238 237 235 234 233 230 228 
104 102 103 104  98  99 100 121 148 144 127 131 137 142 153  62  27  19  21  80 167 175 171 165 105  37  36  39  97 163 172 160 166 157 152 156 164 141 125 147 171 152 127 132 137 173 202 222 202 200 193 197 202 189 190 189 177 192 209 198 207 199 180 167 176 131 120 120 157 189 205 221 215 230 219 211 215 221 224 221 224 233 238 238 240 234 213 209 211 214 222 214 224 227 228 224 223 225 227 226 
110 109 104 100  98 104 105 120 148 147 133 133 133 141 160  74  26  26  22  76 173 185 178 179 113  30  25  23  88 178 186 164 168 166 170 171 179 168 155 151 147 140 153 182 205 183 180 194 185 193 206 214 208 196 187 189 178 177 195 191 190 179 149 132 152 117 112 131 178 204 215 213 205 217 214 207 208 210 209 210 219 230 232 228 234 231 210 203 205 208 215 206 216 223 225 219 217 221 225 225 
107 107 106 106  95 105 105 117 145 150 134 124 130 146 165  91  21  28  23  67 169 178 168 179 120  35  35  31  87 174 177 162 170 166 171 161 150 128 121 142 170 194 199 189 155 119 145 196 216 209 216 207 212 199 172 169 159 141 151 153 152 146 149 145 153 154 164 176 179 188 200 194 197 190 191 185 198 197 193 193 204 220 227 224 232 232 213 206 206 209 215 204 202 211 213 206 204 210 216 216 
100 102 104 106  92 101  97 109 144 153 134 123 126 140 163  98  20  26  23  57 161 180 171 184 129  64  56  52  88 164 180 183 194 163 140 121 118 136 173 198 203 204 181 141 100 105 165 210 231 220 216 182 204 203 178 169 147 115 121 133 154 152 171 169 159 167 168 161 169 162 159 157 164 164 172 174 178 182 182 186 204 222 231 234 235 235 218 206 199 198 203 197 191 200 203 194 188 188 195 197 
100 104 103  98  97 101  95 109 146 149 126 123 132 131 157  94  27  22  21  48 159 184 169 184 156 147 108  98 126 167 179 148 141 117 139 173 195 202 213 192 177 195 196 176 186 175 196 213 227 217 211 189 192 190 152 123 129 161 205 225 238 238 232 228 227 226 220 215 210 211 195 196 180 186 172 167 162 169 160 158 176 192 202 220 234 223 209 199 195 199 205 210 210 215 217 210 201 198 200 204 
 92  95  91  85  77  87  85  93 115 117 103 106 117 113 139  97  50  45  32  50 126 149 150 164 161 151 145 145 153 147 136 115 134 163 199 209 205 190 186 188 192 207 220 220 228 214 210 219 222 221 195 159 140 145 144 175 213 233 246 248 247 248 247 244 244 249 252 252 251 255 252 253 242 246 241 240 223 226 213 194 183 169 156 155 185 183 183 186 188 189 186 183 192 194 191 185 186 195 198 194 
 90  92  88  81  71  85  90  93 100  97  93  99 106  88  98  84  82  97  88  99 107 106  98 100 125 126 144 147 120 132 156 179 209 199 163 147 175 178 188 209 216 213 218 217 220 216 208 215 196 184 146 122 115 159 196 232 250 245 241 234 237 243 245 244 243 244 244 243 243 247 246 246 243 248 248 248 245 253 253 250 247 235 220 212 171 159 148 148 160 173 179 179 197 199 193 184 187 200 203 196 
 87  90  89  86  74  89 102 107 108 106 109 117 108  91  86  76  86 104 101 112 118 126 132 128 139 113 123 122 156 191 206 199 183 123  75 126 194 211 210 219 221 213 223 220 216 206 178 164 126 112 110 138 175 197 205 220 231 230 238 241 239 246 249 248 247 247 247 246 248 247 246 241 245 245 247 244 251 251 252 253 255 255 254 253 248 229 185 134 102 113 159 200 213 221 225 221 219 221 217 208 
 86  88  89  90  74  82  93  96  92  92  97 102  93  96  92  78  81  88  84  95 142 144 134 120 124 119 160 188 197 200 180 170 169 117  59 121 193 209 196 210 224 216 214 197 183 166 135 109  82  71  98 147 178 190 195 217 229 225 237 250 245 248 248 246 246 249 250 250 253 251 254 246 252 248 249 243 240 233 231 223 207 201 195 181 173 166 146 115  94 104 142 175 218 228 239 243 237 227 215 206 
 89  88  88  89  85  82  86  88  83  87  94  92  90 102  97  86 104 120 116 121 133 125 113 141 192 208 221 223 210 192 179 191 194 172 114 165 200 185 136 161 205 201 195 172 140 129 109  85  91  80  91 113 141 168 181 202 218 220 225 224 235 236 237 236 235 231 223 217 207 207 213 194 190 170 166 156 151 151 163 163 146 147 155 151 162 161 164 170 177 183 185 187 192 194 204 220 224 219 214 215 
103  85  75  84  87  90  95  94  88  88  96 103  89 101 114 130 146 139 107  78  94  86  98 126 122 142 151 143 153 159 171 153 180 198 209 210 220 184 140 118 146 195 205 184 180 175 178 157 157 138 133 118 107 101 111 130 159 157 159 153 151 158 155 145 143 148 139 122 141 145 157 146 154 147 161 161 166 175 190 184 191 196 199 181 173 176 165 158 151 149 152 147 125 127 130 135 146 164 187 201 
 85  80  79  89  89  94  97  97  94  94  96 100 127 141 153 149 131 110  89  74  74  80  83  89  71  87  84  72  78 100 124 117 164 198 222 194 158 126 106  84 114 189 209 193 163 151 171 186 201 190 197 195 176 161 146 124 121 119 131 134 125 134 142 148 162 178 181 174 179 181 189 176 177 166 171 166 159 143 138 117 113 110 137 145 138 150 145 152 167 177 170 139 116 124 126 118 112 115 123 128 
 90  88  83  89  94 100  98  88  88 106 133 150 148 145 133 118 113 117 114 107  94 106  93  91  95 102  98 111 124 153 183 195 199 186 147 106  66  76 109 135 170 210 215 202 182 155 140 137 143 134 141 149 172 184 192 199 191 187 179 179 189 182 176 174 169 159 153 152 150 150 152 142 143 139 143 140 124  62  38  33  31  54 132 188 190 203 195 197 210 214 192 145  93 106 116 117 113 110 110 112 
 96  84  81  93  97  96  98 113 138 155 145 126 122 112 101 102 120 135 129 113 111 106 102 109 117 125 146 175 194 205 194 177 138 129 114 113 135 160 193 207 205 202 206 212 205 207 201 192 190 177 159 150 147 149 141 153 149 162 152 150 149 145 143 145 148 151 157 160 164 166 167 169 178 187 194 197 177  86  36  35  32  63 134 178 187 186 167 163 166 163 151 123  85  87  88  87  88  91  96 100 
 91  92  86  84 103 116 135 147 149 137 114  94 111 112 116 121 126 125 118 111 110 102 117 132 153 179 208 206 178 179 158 145 117 132 146 168 184 202 210 212 199 178 181 194 210 214 206 208 200 183 169 185 195 196 184 182 174 184 179 179 179 181 180 178 184 191 192 187 192 196 191 190 183 181 171 164 151  95  68  74  62  75  98 105 109 106  97 105 105  94  95  91  96  94  94  98 102 105 106 107 
 94  79  84 111 145 131 116 110 110 112 118 126 109 107 114 127 129 115 102  98 104 126 171 199 216 191 167 145 154 164 167 172 164 174 176 184 194 209 202 205 199 174 175 183 209 217 210 221 198 151 114 133 189 205 219 217 214 211 209 205 195 184 173 169 166 157 148 141 126 131 125 125 110 109  95  89  94  90  94 110  94  96  89  84  92  95  95 111 117 109 111 107 107 109 114 121 122 118 116 118 
118 112 105 113 112 102 103 116 124 120 117 122 107 106 116 130 119  92  77  81  83  98 122 138 147  82  71 117 172 184 189 180 166 164 168 173 171 198 197 200 188 153 150 156 205 221 210 213 202 187 165 186 177 182 189 168 164 146 142 128 132 109  94 101 107 100 100 106  93  98  92  98  91 106 105 111 111 120 119 129 114 116 104 104 119 121 111 117 124 124 125 112 117 118 120 120 115 111 117 127 
140 128 102  96 105 109 119 130 129 123 123 128 119 110 107 109 102  90  87  93  95  89  80  73  70  73  86 100 113 121 135 145 144 139 141 148 153 168 182 176 151 124 112 112 168 164 154 145 136 127 121 120 109 110 112  91  97  93 107 104 103 102  97  92  96 108 115 114 120 116 111 111 114 118 117 114 115 122 124 123 122 116 116 125 124 120 118 119 120 121 126 131 122 119 109 102 109 123 128 126 
118 106 100 112 109 106 108 116 117 111 106 107 107  96  90  96 104 106 103 100 103 104 104 100  92  88  88  91  70  70  73  79  84  89  97 106 117 118 117 114 106 100  94  93  87  88  89  90  89  88  92  94  91  97 112 107 120 119 124 114 113 118 118 109 108 114 119 119 128 129 129 126 122 118 115 113 108 116 120 123 126 120 118 125 130 123 118 118 119 122 128 133 124 121 114 112 116 125 128 124 
111 109 112 120 117 107 102 104 107 104 104 108 106 108 110 112 112 110 102  95 110 116 121 117 110 102  99  99 113 107  99  92  88  87  91  96  92  88  83  87  94 101 101  96  96 102 109 113 113 110 107 103 107 108 113 109 116 118 118 112 115 122 124 119 114 117 121 122 125 126 127 123 117 113 114 118 123 127 126 128 130 122 114 117 133 125 118 117 118 119 121 123 125 123 120 118 116 115 115 117 
110 110 119 127 114 106 102 103 104 103 108 115 116 118 116 109 105 106 110 111 116 122 124 118 111 108 107 104 112 112 111 105 101 103 110 118 103 107 108 107 109 113 111 107 105 110 117 121 127 126 118 108 113 115 111 106 106 115 124 129 120 124 124 121 119 122 126 127 118 117 117 120 120 118 120 123 129 130 125 126 131 126 119 124 122 119 118 122 124 123 119 119 122 126 129 124 116 112 118 126 
147 146 155 156 111 108 111 116 115 109 108 113 118 112 104 105 112 119 119 116 107 113 117 115 115 118 116 110 113 116 113 105  96  98 108 117 109 118 121 115 109 111 114 114 113 113 112 109 115 121 119 111 117 122 121 123 112 114 112 117 127 126 123 120 119 122 125 127 117 113 116 126 132 127 122 119 125 125 119 119 125 123 122 129 124 124 127 130 129 121 115 114 125 134 136 126 115 115 122 126 
170 163 160 146 122 116 117 125 126 120 115 115 117 111 111 121 126 120 112 109 111 113 111 109 115 123 123 116 112 116 114 105 100 105 111 113 109 118 119 112 108 113 117 114 113 118 116 109 107 112 113 109 109 117 116 129 120 124 114 116 122 124 123 120 115 115 120 127 124 116 115 124 129 124 119 119 121 123 117 115 120 116 117 125 130 130 131 130 124 115 112 116 122 132 132 118 114 123 125 116 
137 123 126 119 129 120 114 116 121 122 120 118 114 113 119 125 123 112 109 112 127 125 119 111 111 120 122 116 114 115 114 111 109 108 109 109 124 125 123 120 118 116 112 106 105 115 119 115 112 114 116 115 115 121 117 125 117 123 118 122 121 121 125 123 122 116 121 127 129 118 116 121 120 119 123 124 119 122 118 116 119 117 119 125 124 125 127 122 120 115 119 119 108 117 121 116 120 131 132 124 
 96 101 118 119 125 127 126 121 119 121 118 111 112 115 120 125 124 119 115 114 116 116 122 121 117 121 125 117 116 113 110 110 104  97 102 113 124 117 115 118 119 114 114 117 113 114 114 112 112 112 116 120 110 118 124 121 118 118 121 122 120 110 118 121 133 122 122 119 124 113 117 124 117 122 129 121 126 124 117 109 107 110 112 110 123 121 121 104 116 121 136 131 136 140 148 159 163 163 166 173 
127 120 116 106 112 120 123 118 110 109 112 115 131 125 117 110 105 107 119 131 124 120 121 122 119 121 117 105 116 115 114 111 101  95 103 116 116 115 112 106 104 108 116 120 117 118 117 115 114 116 121 124 116 117 118 117 120 122 119 115 126 121 120 129 128 123 117 117 119 110 114 119 114 115 118 116 123 123 122 122 129 139 146 147 167 167 167 154 165 173 191 193 197 197 202 211 214 215 216 218 
190 187 175 160 134 134 128 114 104 106 118 129 125 122 121 120 119 119 124 130 131 121 118 118 116 119 116 104 114 114 117 119 112 105 107 117 113 118 117 111 109 114 116 115 110 114 117 118 118 117 120 122 129 126 120 115 118 124 127 124 122 122 117 130 123 127 117 120 129 131 139 147 146 149 158 166 174 178 182 186 194 202 203 200 202 207 213 214 221 222 222 214 219 218 219 220 218 214 216 220 
197 214 220 214 213 208 196 182 164 150 142 139 130 118 107 104 108 113 119 124 132 122 121 122 120 118 113 103 115 111 112 115 114 108 107 112 113 115 114 111 115 124 126 123 118 118 117 113 110 109 111 114 130 130 127 121 120 126 132 133 134 139 140 160 159 173 169 174 183 193 201 204 202 199 207 221 217 218 218 217 219 220 216 210 210 209 209 216 221 228 222 215 214 213 212 207 200 195 199 207 
212 226 230 230 231 223 216 216 216 212 207 204 193 174 153 142 136 130 123 120 106 103 111 122 119 116 115 109 118 109 103 104 104 102 107 113 129 123 113 108 109 117 123 125 119 117 114 111 110 116 125 132 150 157 165 167 170 177 184 186 200 204 208 215 217 219 217 217 219 230 231 228 226 220 219 233 237 235 231 227 227 228 223 215 205 205 200 208 202 204 189 181 168 166 163 159 152 146 147 152 
208 226 231 245 247 235 223 222 225 225 224 223 225 217 211 207 200 190 180 172 152 145 144 138 121 110 112 113 104 102 104 110 107 104 110 120 121 113 110 111 116 125 142 157 152 154 160 165 170 178 187 194 199 205 208 210 213 222 228 229 227 228 236 227 234 228 230 226 226 231 224 221 227 216 207 214 227 226 225 221 217 203 183 166 145 153 153 165 151 152 138 140 140 134 134 141 148 147 144 141 
129 142 162 184 198 190 197 207 223 237 239 247 241 237 227 222 219 204 195 205 219 215 209 208 180 169 155 150 130 123 114 108 113 126 140 147 151 155 163 172 181 185 190 194 204 207 210 209 209 213 219 222 227 224 226 232 233 230 227 227 225 220 230 233 233 206 214 197 203 202 180 170 168 170 149 155 153 160 162 160 139 151 158 159 160 169 171 172 167 172 168 166 157 170 175 186 191 191 196 204 
158 142 133 129  99  96 113 122 150 176 198 218 235 236 236 238 234 220 220 237 237 224 217 225 219 222 214 204 205 188 174 174 185 196 204 208 215 218 220 220 219 217 214 211 213 217 222 223 222 224 228 231 246 235 227 222 210 195 190 194 196 180 174 174 167 139 150 131 135 147 138 136 130 137 125 138 136 146 160 168 154 175 201 211 212 219 219 212 213 218 218 212 200 211 211 210 223 223 228 228 
213 211 198 184 136 116 112  82  89  92 106 116 123 136 169 196 200 203 219 233 227 219 228 235 242 237 236 225 229 210 201 214 228 228 226 228 231 230 231 232 232 230 226 224 220 216 207 196 187 181 181 184 190 183 174 165 150 139 141 150 144 130 124 128 135 132 148 143 148 160 160 169 172 178 179 192 181 180 204 213 210 209 227 229 226 229 225 221 220 226 230 228 210 222 226 194 201 189 184 164 
224 235 235 226 195 179 176 140 138 124 117 108  83  78  94 104  97 108 137 153 151 161 197 209 220 215 233 236 234 224 219 225 233 231 225 222 217 211 208 211 213 206 192 183 174 163 149 136 129 131 139 150 147 148 153 159 160 159 162 168 172 169 168 171 177 183 194 199 202 203 200 217 224 219 218 215 217 205 226 230 228 213 228 226 230 230 228 223 222 226 229 226 227 229 210 109  78  57  66  59 
228 232 228 220 209 213 221 199 189 187 180 175 167 152 144 131 107 101 111 116 121 122 141 145 151 149 169 174 203 207 207 200 192 183 172 160 145 135 133 144 157 161 157 154 159 156 159 168 177 184 194 205 203 202 205 212 220 223 221 219 209 212 208 205 209 223 222 232 231 227 221 226 219 202 224 227 221 207 222 226 223 213 230 232 231 230 228 225 223 223 223 222 219 225 207  99  63  57  65  65 
224 225 224 222 205 215 216 211 199 218 199 193 206 205 197 187 177 173 178 188 198 186 182 180 163 150 135 124 127 135 145 151 155 157 158 159 169 162 160 171 181 188 196 204 203 203 211 224 229 226 223 226 225 219 214 216 222 227 225 220 220 222 214 213 215 221 177 165 148 142 128 120 107 103 183 221 228 219 223 227 211 212 224 227 233 232 230 227 225 224 224 224 230 235 214 110  64  69  65  67 
228 228 229 230 206 214 208 223 209 210 130  79 115 140 161 180 201 204 205 220 224 222 219 230 213 212 197 191 179 174 176 186 191 193 204 219 217 215 216 219 216 213 218 230 227 220 220 226 227 223 223 229 228 224 220 220 225 229 228 223 224 227 222 226 225 204 106  56  64  60  55  58  58  70 177 228 224 222 222 231 208 219 226 229 233 229 226 225 224 223 224 225 215 233 220 125  65  70  57  66 
