 39  35  42  70 135 142 136 113 126 113 101  90  99 101  96  83  77  80  84  83  78  76  73  71  70  73  86 101 102 107 109 108 107 108 108 105 107 109 112 113 113 113 112 113 119 114 113 119 126 127 125 123 125 129 130 128 129 133 135 134 131 136 141 143 143 141 139 136 137 134 137 144 143 137 136 142 143 141 141 138 137 147 150 140 144 150 151 146 141 144 146 145 148 155 146 152 143 147 141 155 
 47  40  37  49  74  95  97  83  80  69  60  64  78  80  80  78  83  91  92  86  94  91  89  90  90  93 102 112 106 109 110 112 117 124 126 125 119 121 124 124 122 120 122 123 132 130 130 135 138 136 135 136 133 139 142 139 137 137 136 134 140 139 138 137 138 139 139 139 138 135 137 144 143 137 137 142 143 139 139 141 143 152 153 143 149 152 151 148 147 151 153 151 158 160 148 152 146 152 149 156 
 40  75  95  97  99 105  82  71  65  68  54  59  66  71  77  84  99 111 111 103 111 108 105 107 110 112 114 115 117 118 116 117 122 128 128 124 129 132 134 133 130 130 134 138 135 134 135 136 136 132 132 134 129 134 136 133 130 130 134 137 134 132 132 136 141 142 140 139 140 138 140 145 146 142 144 149 149 142 144 147 147 150 153 146 146 149 148 147 146 148 149 149 147 152 150 149 140 147 153 158 
 99 143 168 161 174 153  96  78  77  87  66  66  76  85  92  98 108 119 122 118 118 115 113 115 120 121 119 115 124 125 124 126 131 136 133 128 131 133 134 133 130 130 135 140 129 130 132 133 131 127 128 132 132 134 136 134 132 132 138 144 147 143 142 148 151 148 141 139 147 146 145 145 142 137 136 138 139 133 138 142 136 137 145 147 147 154 160 162 162 160 163 167 170 171 176 171 165 175 188 186 
166 160 163 160 166 147 101  82  86  92  81  85  92 101 108 107 108 114 118 117 119 118 117 120 126 131 128 123 130 132 133 133 136 139 136 130 132 131 130 128 126 126 128 130 126 126 130 133 133 132 134 139 137 138 140 142 142 138 138 140 147 141 139 144 148 145 145 147 146 149 153 156 158 158 160 161 161 154 160 168 163 162 172 180 192 196 202 204 200 194 193 198 196 183 184 178 189 206 214 188 
156 132 133 134 132 123 101  84 100  95  94 100  97 106 112 111 111 118 121 119 127 127 126 125 129 136 135 129 135 136 137 132 130 130 128 125 133 130 129 129 131 133 133 132 133 132 133 137 138 137 137 139 145 139 137 141 145 146 148 152 152 150 155 166 173 172 176 184 184 189 195 199 200 200 200 199 183 170 173 184 179 171 171 174 186 179 175 174 171 164 157 157 155 149 168 170 184 192 189 146 
128 116 129 127 134 127 115  96 102  91  92  97  98 106 111 113 118 125 128 127 131 130 128 128 132 135 134 128 139 138 135 131 129 130 131 130 137 134 135 139 142 143 143 143 144 142 141 143 140 136 138 144 154 152 152 156 167 179 188 193 196 195 204 213 213 213 212 209 206 205 200 191 183 175 167 161 153 142 142 147 142 134 130 129 137 129 125 127 126 121 117 115 130 138 175 186 192 195 187 136 
111  94 114 124 122 118 112 104  93  91  95 101 108 111 116 120 126 129 128 126 133 130 128 129 132 132 131 132 140 138 138 139 139 139 142 145 140 140 142 145 142 139 142 150 142 147 156 164 166 169 180 191 192 203 208 205 210 219 216 206 197 194 193 184 172 176 177 161 156 153 144 133 127 127 125 122 123 127 126 121 123 130 133 131 121 126 135 143 143 139 141 146 154 154 175 187 186 205 191 135 
 93  58  64  84  79  82  87  94 101 106 110 112 115 117 120 123 127 130 127 122 131 133 136 136 135 136 141 144 141 146 149 144 136 133 138 144 138 139 144 151 155 162 171 179 186 194 200 202 207 213 209 200 195 196 188 176 169 165 152 135 147 169 186 184 172 154 136 124 122 128 133 130 127 130 134 137 155 153 144 140 153 171 173 164 155 165 179 191 194 192 193 198 204 193 197 198 194 206 188 135 
 86  76  74  76  72  81  95 109 121 127 123 116 117 119 119 116 117 123 129 130 129 137 145 147 146 144 142 140 136 141 141 133 127 132 144 155 166 173 184 195 202 206 209 212 204 200 191 179 173 170 162 151 139 141 137 128 126 128 125 116 131 161 178 180 179 165 150 152 154 162 169 170 172 179 186 189 196 188 169 155 167 190 195 184 156 163 173 181 182 179 175 174 177 164 161 156 151 159 143 100 
 90  97  95  77  73  74  88 122 160 173 150 119 113 119 122 118 117 124 133 141 143 144 141 136 134 136 135 132 133 145 157 163 171 182 191 195 204 207 208 203 195 184 174 168 157 147 138 135 131 126 126 131 115 126 134 135 136 142 147 148 159 174 174 174 183 185 187 200 197 196 191 184 182 182 179 174 173 167 150 132 132 144 145 137 123 124 127 131 136 137 132 126 120 117 119 118 117 125 117  91 
 94  86  84  65  66  78  96 119 142 150 133 111 107 117 125 124 123 126 131 135 133 133 130 125 132 150 163 168 191 203 214 216 212 206 193 181 170 167 160 148 139 133 127 122 125 121 124 132 135 133 137 145 149 163 178 185 186 189 193 196 200 201 197 192 188 181 172 168 161 154 144 135 132 130 120 110 119 121 118 113 111 112 110 107 113 114 112 111 115 118 116 110 109 112 116 115 113 115 109  96 
116  97  97  78  77  89  93  89  90  99 110 111 124 127 128 127 127 129 127 123 132 149 164 172 181 196 206 208 211 216 208 187 165 154 143 134 126 126 122 117 118 126 129 128 138 145 155 166 179 194 200 200 207 210 210 201 190 182 178 176 160 146 141 136 121 119 120 112 112 110 107 108 112 116 109 100 110 109 110 113 113 109 110 113 110 116 116 111 108 111 113 111 114 116 118 117 116 113 105  96 
146 126 107  95  82  83  89  96  99 123 118 126 125 129 127 121 135 138 161 168 185 201 213 213 213 214 212 205 194 190 184 179 172 159 141 127 117 125 133 139 149 164 178 185 206 211 213 211 211 211 205 197 175 166 153 139 129 123 119 116 119 109 105 105 108 114 119 116 111 113 116 118 118 115 112 108 111 110 111 113 113 111 111 112 109 116 121 118 113 113 117 120 116 119 119 116 115 116 114 110 
107 104  93  91  94  97 109 115 108 125 113 125 121 130 147 164 179 186 213 209 209 194 178 182 179 175 164 162 159 171 191 207 207 188 167 155 157 168 179 189 197 205 209 209 199 197 188 174 160 149 139 133 124 122 119 116 113 111 110 109 110 108 107 111 119 122 121 118 114 112 112 114 114 114 115 117 108 109 111 114 115 115 114 112 114 114 113 110 108 109 114 119 113 117 118 114 113 115 116 114 
103 111 107 106 106 107 111 116 118 140 147 166 172 179 187 202 182 177 183 171 157 160 147 147 116 116 115 136 121 154 197 221 217 202 197 200 209 207 198 187 179 171 161 153 136 133 126 117 111 113 115 115 112 116 119 117 114 111 111 112 112 113 115 117 117 114 111 107 116 115 112 110 109 109 111 112 110 111 113 114 114 112 110 109 115 113 110 109 112 116 120 122 110 113 115 114 113 114 114 113 
117 120 110 103 106 114 131 152 170 186 196 206 205 209 174 166 143 140 144 161 178 212 205 186 127 131 124 139 165 186 212 222 215 206 212 224 214 203 181 153 133 122 116 112 115 117 120 122 126 127 120 110 123 122 120 118 117 120 123 126 119 118 117 114 112 111 112 113 108 113 117 114 111 111 113 113 109 110 111 112 111 109 106 105 115 116 117 117 117 116 116 116 112 113 113 112 111 111 112 113 
104 117 120 122 144 166 193 208 210 195 206 212 213 200 131 110 118 122 123 147 158 170 158 165 149 174 177 191 206 199 190 180 172 171 181 192 204 207 204 190 171 155 142 134 129 125 122 124 132 136 129 119 118 116 114 117 122 127 128 127 116 116 117 115 114 115 117 119 103 110 112 108 108 113 119 120 108 109 110 111 112 111 111 110 115 116 116 112 108 107 109 114 118 116 115 114 112 111 112 116 
129 158 174 182 198 206 205 192 178 156 192 212 218 190 146 135 149 148 156 158 161 164 167 188 192 198 186 185 162 147 132 123 122 124 130 136 147 164 186 201 206 205 198 192 174 162 143 127 122 123 122 118 115 116 118 121 123 123 120 117 115 115 115 114 112 110 108 107 110 111 107 104 110 122 125 120 110 110 109 110 112 114 116 116 111 109 108 106 108 112 118 123 117 115 117 119 117 113 113 116 
171 194 196 192 188 175 152 132 132 125 175 196 194 169 178 185 182 177 207 193 192 196 196 197 206 204 173 136 131 124 118 118 117 115 113 112 114 123 135 150 166 183 193 195 195 198 196 185 168 146 124 108 112 115 118 120 118 118 119 120 116 113 109 108 108 110 111 110 111 109 107 114 134 151 148 134 114 112 110 109 109 110 112 114 112 109 107 109 112 114 113 111 110 110 115 120 119 112 110 112 
192 190 173 152 130 122 117 118 121 123 129 136 145 154 171 188 199 201 196 190 176 172 180 202 218 216 204 197 175 172 159 137 125 122 119 112 112 117 121 121 124 134 148 154 173 185 200 208 210 200 183 168 147 138 122 111 110 115 116 114 115 108 111 111 103 111 118 108 119 112 107 113 125 135 141 143 125 119 110 119 106 117 115 117 120 118 117 117 116 114 114 116 115 110 113 113 143 138 132 120 
154 141 128 115 117 115 116 121 126 133 144 154 185 194 206 210 201 184 165 153 138 133 136 152 170 182 195 206 203 209 210 200 189 174 154 136 126 121 114 105 104 109 114 114 116 130 154 179 193 200 201 203 203 197 180 158 137 122 109 100 112 103 111 124 127 131 130 117 110 112 115 120 127 134 133 129 138 130 120 124 109 116 115 116 115 118 120 121 118 114 113 112 109 106 114 122 153 154 149 135 
116 115 114 109 118 119 125 136 151 169 189 203 211 206 196 177 155 134 120 114 116 112 110 114 119 128 143 156 167 179 192 200 206 210 206 200 184 169 146 125 117 117 116 112 109 106 111 124 136 148 167 184 201 210 216 212 200 185 170 160 131 113 109 121 127 127 124 120 114 112 113 119 126 131 130 129 126 114 110 118 112 117 115 113 109 110 111 109 109 111 113 113 111 117 131 134 136 127 129 128 
115 117 115 113 126 139 162 187 204 209 206 201 178 163 142 123 111 109 113 116 116 113 113 114 114 112 112 112 117 126 134 140 150 169 192 206 209 208 201 188 176 162 145 132 130 117 111 117 119 118 123 133 134 153 178 201 215 218 210 200 185 160 136 125 119 110 108 115 113  91  82  94 104 100 103 113 111  90  84  91  99 102 102  95 104 102  98  96 100 108 110 107 109 108 122 141 144 143 136 127 
113 114 126 141 174 185 198 208 209 199 181 164 131 124 114 110 111 116 118 120 117 115 114 116 118 117 113 108 109 114 116 112 109 114 129 141 155 168 184 194 198 199 194 189 184 168 151 143 133 120 108 105 110 113 119 132 151 169 175 173 192 176 149 129 119 108 106 118  99  74  62  76  84  79  84 100 103  73  63  67  84  88  96  89  86  89  87  86  90  94  89  79  76  78 103 139 139 141 130 115 
133 146 171 196 197 204 205 191 169 149 130 119 113 114 115 117 118 117 116 115 117 115 113 111 113 113 112 110 112 113 114 112 107 104 105 109 113 121 130 140 155 175 190 197 211 213 214 212 202 182 157 139 135 127 117 112 117 125 128 125 142 141 120 104 106 103 102 110 109  91  77  73  72  72  82  94  92  64  64  71  92  90 100  95  90  99 102  97  94  97  93  85  59  65  94 129 109 110 105  98 
184 204 214 218 207 192 165 134 113 108 113 118 114 118 120 118 116 117 120 123 117 118 113 112 107 111 110 112 108 106 106 107 111 114 115 115 116 116 115 113 118 128 136 139 177 187 199 210 218 220 218 214 187 175 153 132 121 117 113 107 113 111  96  84  84  88  82  98 129 131 105  68  49  60  66  75  82  71  85  89 107 100 104 101  97 106 109 103  98 100 103 102  83  78  89 117 108 108 106 100 
214 223 216 204 171 148 125 116 118 122 124 124 117 123 123 119 114 117 120 122 116 120 112 120 107 116 109 113 108 111 112 113 118 124 122 116 116 117 116 113 114 118 120 120 118 124 139 156 170 178 185 193 203 204 198 188 177 162 142 124 127 113  98  91  66  64  58 104 133 160 122  67  39  59  48  57  60  91 138 145 164 161 156 160 155 159 163 163 161 159 158 158 152 127  98  99 100  87  93  97 
213 197 176 158 129 125 125 128 127 125 124 126 118 121 121 117 115 115 113 110 111 113 111 120 116 123 117 119 116 120 123 123 123 123 119 114 115 116 116 115 117 120 118 113 114 115 117 120 121 122 129 137 150 164 181 195 206 206 189 170 169 157 113  93  73  57  60  96 127 135 102  64  41  49  43  47  45  87 148 164 180 173 167 170 168 171 173 173 172 169 167 166 165 128  82  67  56  54  79  93 
184 165 141 118 125 125 128 130 128 122 121 124 124 124 122 117 115 115 111 106 112 114 113 115 114 120 124 129 119 119 117 115 113 115 118 120 119 121 121 117 116 115 111 107 120 121 124 124 117 110 109 112 112 119 126 135 154 173 176 167 178 182 123  96 107 111 108  99 106 103  79  60  47  57  85 103 107 123 146 135 148 145 138 137 140 132 126 130 138 144 146 147 150 143 129 122 109 110 125 115 
139 130 131 132 120 119 120 123 123 120 119 121 118 117 114 112 115 121 121 117 116 119 124 121 119 117 125 130 120 118 117 116 116 117 121 124 115 119 118 112 108 107 108 107 111 114 121 125 121 113 109 110 115 113 101  92 100 120 129 125 134 145 115 111 143 153 150 123  79  72  67  70  64  82 151 185 191 196 206 186 199 200 193 189 175 162 154 166 184 196 198 198 198 203 203 202 201 208 185 118 
119 120 123 125 120 118 119 123 123 119 115 115 119 118 115 112 115 119 119 116 117 122 133 128 131 121 125 124 117 118 121 128 129 125 121 119 117 118 118 114 113 116 119 118 118 115 114 115 114 108 107 108 115 118 113 102 104 116 116 108 107 105 118 133 152 141 144 141  83  66  65  74  66  79 164 192 179 191 206 181 188 192 195 200 203 190 185 196 208 210 206 202 202 210 212 208 201 211 189 112 
123 120 120 125 124 123 123 123 118 112 112 116 120 122 121 118 118 120 118 116 121 118 127 121 133 124 126 119 121 121 127 139 144 139 130 125 124 120 116 116 124 130 128 120 123 115 109 110 112 111 110 112 112 125 128 119 119 129 126 115 109  98 140 147 149 146 152 153 124  89  73  77  69  78 166 179 173 188 204 178 186 192 199 205 211 202 199 205 206 201 201 206 200 197 201 208 202 206 186 116 
122 126 127 127 123 119 118 118 116 113 113 115 120 124 126 125 122 120 119 119 116 114 116 117 124 123 122 118 116 119 125 133 134 129 129 129 130 124 120 120 124 125 125 124 121 120 120 121 122 124 124 124 127 124 128 121 132 129 130 120 113  96 126 129 132 134 157 155 126  89  78  76  78  96 172 184 175 192 194 183 198 208 204 202 210 205 202 205 208 209 211 212 210 197 202 208 206 213 178  99 
116 117 113 108 116 110 107 109 112 117 125 132 121 118 116 118 121 121 117 113 115 114 114 115 116 117 115 112 119 119 120 121 119 115 116 120 125 122 123 127 129 126 125 127 124 129 131 130 129 130 129 126 137 128 131 123 135 125 130 125 105  92 101  97  79  69 100 121 117  83  77  75  79 105 172 183 172 194 194 187 202 211 206 206 216 209 203 202 205 207 204 200 201 193 199 198 195 207 174  98 
115 108 105 106 113 109 105 105 108 113 123 133 126 123 120 118 118 115 112 109 106 105 106 107 110 113 115 115 117 112 108 110 113 114 118 122 122 119 120 125 126 125 123 124 122 126 128 127 127 127 124 120 128 127 130 124 129 127 134 133 101  98  94  88  52  35  56 100 109  82  78  78  79 110 176 185 172 196 198 192 202 209 205 208 220 213 206 202 201 201 197 194 192 189 192 187 185 199 170 100 
112 106 107 115 111 106 103 106 110 110 111 112 115 120 123 117 108 104 108 114 106 106 106 108 110 114 117 120 117 110 104 106 111 115 118 121 126 119 115 115 115 115 116 118 122 124 124 123 124 126 125 121 124 126 127 124 127 128 128 125 107  99  77  78  54  45  48  84  89  77  77  81  77 117 183 193 187 205 201 194 205 210 205 208 211 211 211 206 201 197 196 195 191 191 190 184 184 197 167 104 
106 101 102 109 110 102  98 103 109 109 106 104 104 104 103 104 105 106 107 107 109 109 109 110 110 113 116 119 122 114 107 108 110 110 108 108 120 117 114 116 116 114 112 114 123 123 121 118 121 128 130 127 128 132 129 130 127 129 119 110 108 100  87  99 101  97  75  67  71  72  78  85  74 124 190 201 199 210 203 196 210 215 209 210 206 212 216 212 203 197 197 199 194 192 192 190 195 204 181 138 
105 102 102 103 112 107 104 105 106 105 104 105 110 103  97 101 109 112 105  97  98 101 103 105 107 110 115 119 115 110 107 108 110 109 108 110 115 113 114 119 121 118 116 115 121 120 117 115 120 127 129 126 123 132 131 136 126 133 119 111 105 118 141 157 168 167 138  90  66  74  79  88  76 133 194 200 195 207 202 197 208 210 202 204 208 212 214 211 204 201 201 204 198 196 195 196 201 210 208 196 
102 105 107 107 103 106 110 113 110 106 106 110 102 101 102 105 110 111 109 106 102 104 107 108 108 109 112 115 115 110 108 110 111 110 111 114 119 115 112 114 116 115 116 119 122 122 120 121 125 131 130 127 123 137 135 137 121 126 113 108 108 125 157 150 153 163 163 116  72  78  79  89  79 141 196 193 185 202 200 194 200 196 186 190 205 202 199 198 199 199 200 200 194 193 192 192 194 203 219 234 
110 115 113 107 108 114 113 114 134 158 157 141 129 115 108 113 114 107 107 115 109 111 109 107 115 134 152 161 154 129 113 114 114 116 117 114 123 123 108 108 128 132 119 115 121 117 118 124 128 130 134 140 137 130 124 122 118 112 112 118 115 131 145 153 137 159 160 146  96  75  88  82  95 146 204 189 189 217 195 190 204 199 203 200 206 201 195 197 201 202 199 194 191 188 185 187 193 203 220 236 
108 111 113 111 111 112 114 132 176 218 224 208 144 126 115 118 119 112 109 112 120 119 113 111 127 161 201 225 210 164 124 109 110 118 124 122 114 116 109 111 132 139 133 131 130 125 124 128 132 134 137 142 127 121 116 114 108 104 111 122 116 116 127 142 146 161 162 148 104  75  83  86 103 147 200 192 189 214 194 194 211 212 222 218 201 200 200 204 208 209 205 202 201 197 192 188 187 196 216 234 
100 102 103 103 109 109 106 108 126 146 148 136 124 113 106 111 115 112 110 111 116 117 117 114 116 128 143 155 149 128 116 115 114 117 123 121 110 114 112 115 126 133 130 129 136 134 130 129 127 125 124 126 117 111 107 107 102 100 106 117 109  89  82  70  78  86 120 138 108  77  76  81 101 148 196 191 189 209 191 195 212 218 234 231 226 229 233 237 238 237 234 233 230 228 226 223 218 219 230 241 
102 103 101  97  97 104 106 101  98 100 102 101 107 106 108 111 111 107 105 106 113 111 111 111 111 112 110 110 115 117 126 128 115 107 110 110 108 112 118 123 128 134 135 131 119 123 126 125 120 117 116 117 116 107 103 106 106 101  99 102  95  97 111 103 103  86 103 118  94  81  78  81 100 157 192 179 195 208 191 197 211 219 243 243 248 250 251 251 251 250 250 250 249 247 249 250 248 246 244 244 
105 106 102  95  99 100 100 100 101 101  99  96 100 108 114 114 110 107 106 105 118 110 106 109 115 117 116 115 112 109 116 119 115 114 115 111 111 113 122 127 127 133 138 133 114 118 122 122 120 119 116 113 118 108 103 108 111 103  94  90  96 123 152 163 170 145 118 102  81  83  76  74  91 157 192 185 192 201 188 196 205 215 248 251 248 248 248 247 247 248 250 251 250 245 243 246 249 247 243 241 
101 104 102  99 101  97  95  99 104 104 102 101  98 106 111 109 108 110 109 106 113 108 108 112 114 110 105 103 113 106 107 110 111 115 114 104 120 114 120 122 116 124 133 126 126 123 117 118 126 131 124 112 114 106 103 109 110 101  92  88 101 136 148 154 157 148 102  70  64  80  85 101 115 174 196 192 188 197 185 192 194 206 246 252 250 249 247 247 249 250 251 250 249 244 242 243 247 245 242 243 
101 100 101 104 107 106 105 105 103 101 101 103 104 110 110 105 105 109 109 103 105 103 104 109 113 114 114 112 113 108 109 111 112 118 122 121 121 115 116 114 110 122 131 125 131 121 114 116 128 135 128 117 112 108 106 110 108 101  93  91 104 145 156 160 150 128  70  35  40  76 123 164 177 192 194 191 196 199 190 198 198 209 249 251 251 250 248 248 250 250 249 249 249 247 249 251 245 241 245 246 
105 100 100 102 101 103 104 103 105 106 104  99 106 109 108 103 106 112 110 103 101 103 103 102 108 115 113 105 109 108 110 115 118 114 111 112 117 120 116 109 111 120 125 123 135 128 121 118 114 110 112 118 112 110 107 107 106 102  97  92 110 137 153 158 145  91  37  23  22  80 158 189 199 174 179 189 199 197 190 194 196 214 253 251 253 252 252 252 252 253 253 253 250 250 244 230 205 206 229 243 
112 110 106 104 105 104 103 103 106 110 107 103 106 107 106 104 110 116 112 103 102 104 107 110 111 109 109 110 109 106 107 112 115 112 108 106 110 116 122 124 119 117 120 125 133 128 121 113 106 105 114 126 116 110 104 100  99  96  92  88  94 117 116 111 105  63  22  26  34 112 162 167 168 176 174 179 197 203 193 176 161 197 249 251 253 253 253 252 252 251 252 252 250 252 227 186 173 177 199 235 
113 113 111 109 111 109 105 104 107 112 108 103 104 104 102 101 104 109 108 102 100  98 101 108 109 106 108 114 106 103 105 112 117 117 113 111 104 111 126 139 133 118 113 117 123 120 117 113 109 108 111 114 115 111 104  98  96  95  93  90 105 116  87  61  66  48  21  26  67 149 171 160 158 179 169 174 188 192 187 171 148 197 249 252 252 252 252 251 252 251 250 249 244 231 200 176 171 169 181 209 
108 109 111 112 103 102 101 101 105 110 109 105 103 104 103 100  98 100 103 104 105  99  98 104 108 106 108 113 115 111 110 112 114 111 106 104 107 108 119 135 135 123 116 119 121 115 108 106 108 109 102  95  99 101  99  93  92  94  95  93 109 124  91  47  42  40  23  20  56 131 152 151 154 165 138 134 118 115 126 138 128 195 245 251 251 250 250 251 251 250 250 249 242 195 172 178 176 178 188 193 
106 107 109 109 105 107 107 105 105 107 106 103 103 104 104 102 100  99 102 106 110 108 106 107 109 109 109 109 113 110 109 109 108 104 103 104 105 100 101 111 118 116 117 122 119 113 105 102 106 112 110 105 115 120 117 103  90  87  86  84  88 106  93  55  39  39  35  28  47 101 127 128 138 141 123 113  71  61  78 105 108 199 246 251 251 251 251 252 252 252 250 249 242 194 172 179 174 176 187 188 
110 112 106  99 104 109 111 109 105 104 105 104 101 101 102 105 106 105 103 102 104 112 115 112 109 111 111 109 110 108 108 108 104 101 104 110 104 101 101 105 108 111 114 116 112 117 115 105  98  99 102 103 116 125 125 108  93  92  96 100  86  77  69  53  38  42  44  32  42  87 127 121 132 129 123 100  65  52  64  80  83 202 251 247 247 247 250 249 249 248 248 247 245 242 233 223 224 222 225 237 
107 106 104 105 101 103 105 106 107 109 106 102  99  96  98 105 106 101 100 101  99 110 118 115 111 111 111 109 113 113 111 108 103 101 107 112 101  99 102 110 111 105 104 108 104 111 116 113 105  96  96  98 102 109 113 113 120 130 137 139 133 105  78  75  68  53  42  26  39  81 116 115 113 112 111  97  58  56  56  66  80 184 241 244 242 250 238 248 245 252 237 242 239 249 251 246 242 237 235 241 
103  96  97 104  94  95  96  99 104 106 107 104  96  97 100 103 101  98 102 107 105 109 111 109 107 109 110 108 106 110 113 114 112 110 108 107 104 105 105 107 108 107 105 103  99 100 103 105 103 102 108 116 127 141 157 171 179 180 170 159 145 143 128 126 119  96  76  52  42  58  68  72  77  87  86  77  74  80  78  81  87 161 214 222 210 223 211 224 210 204 187 210 213 211 208 207 204 202 200 198 
105 102  98  98  98  99 101 101 101 100 102 104 100 105 107 100  95  98 103 107 108 107 104 103 106 113 116 115 124 125 126 127 124 118 109 103  96 102 103  99 103 111 109 100  97  98 103 111 119 131 148 162 194 203 210 208 195 176 155 140 122 149 157 158 154 149 144 122  78  68  54  51  58  68  72  69  86 104 120 124 110 124 116  87 105 100  92  92  83  70 102 167 184 178 173 174 180 183 181 177 
105 112 106  99 100 102 105 105 101  97  98 102 101 106 105  97  95 104 110 110 111 110 110 110 112 114 115 115 136 131 124 120 118 115 109 103  98 102 102 100  99 100 102 102 112 120 136 157 174 189 202 213 215 209 197 174 148 122 103  93 104 131 140 145 147 155 167 160 150 131 105  85  72  69  76  85  92  91  94  96 103 121 119  96 117 113 118 110 101  67  99 159 181 179 177 177 178 180 180 180 
104 105 104 102  96  97 101 104 100  93  94 100 105 104 100  97 101 110 113 110 107 110 115 118 116 112 110 110 119 113 107 105 105 105 102  99 105 101 102 107 109 111 126 143 162 170 183 198 204 200 195 191 161 150 133 116 101  93  93  97 111 127 137 155 164 165 175 172 157 138 114  95  83  77  80  85  84  83  83  78  93 112 132 136 136 132 132 116 116  91 123 175 175 176 175 171 168 170 176 182 
125 111 105 103 107 102 102 103  99  91  93  99 113 109 105 104 105 105 105 106 101 102 107 115 117 114 112 113 111 107 103 101 103 104 102 101 106 107 117 133 150 164 180 193 197 191 186 180 168 150 134 125 123 111  99  98 105 121 142 159 180 186 186 193 184 161 147 132  99  91  81  77  78  82  83  82  80  90 102  90  90  78  87  94  89  84  80  71  76  68 112 176 176 174 173 174 176 175 171 165 
161 140 118 103 106  99  96  98  98  94  98 107 105 102 104 108 109 105 108 115 115 108 106 111 114 112 108 108 107 103 100 100 104 112 119 125 144 155 169 182 198 208 204 193 174 161 145 131 120 110 105 103 109 109 118 137 160 179 197 209 200 201 185 172 151 124 105  83  80  88  91  87  84  86  89  88  89  95 105  93 101  85  91  97  86  83  80  85  85  79 125 200 199 193 190 196 198 184 155 129 
190 182 159 134 113 101  96 102 104 100  99 105 103 105 104 103 104 110 114 115 115 111 107 105 103 101 101 103 104  98 100 115 129 144 164 184 199 204 206 201 190 176 159 146 121 122 118 108 102 107 117 124 141 165 181 186 194 201 200 198 182 159 135 118 104 101  98  88  91  95  96  90  84  87  97 104  96  99 107 110 107 102 105 113 107 102  98  97  95 102 127 154 160 161 155 147 144 138 118  97 
200 200 191 179 165 141 116 106 108 108 107 105 107 110 112 109 109 111 113 112 111 112 110 106 103 104 105 105 119 131 147 162 176 189 197 202 192 183 170 156 139 120 106  98 103 105 106 108 122 145 169 183 195 199 205 200 187 173 159 143 131 120 114 108  98  97  99  93  93  92  89  88  88  93  98 101  95  96 101 109 113 112 112 114 118 113 112 113 108 101 103 110 109 115 117 111 109 110 105  96 
172 187 195 197 189 182 165 140 117 104 100  99 107 111 112 110 109 113 117 118  98 104 106 103 110 128 144 150 169 182 196 199 195 185 168 153 143 128 114 108 101  98 105 117 115 125 138 153 172 196 217 227 226 200 185 168 138 123 116  97 102 101 106 106  98  96  98  95  91  86  83  88  94 100 102 102 111 105 102 103 107 108 108 108 104 100 102 108 110 107 103 104 107 114 116 110 104 104 104 103 
133 152 171 183 191 196 195 182 163 143 123 109 102 104 106 104 105 108 110 109 114 126 137 145 159 181 198 204 200 185 170 160 148 131 116 110 107 103 103 108 107 106 121 141 165 180 198 207 209 208 206 203 179 143 124 113  94  98 111 102  98  95  99 101  98 101 105 103  95  91  90  96 102 104 107 110 109 106 102 100 100 103 105 107 103 100  98  98  98  99 102 106 107 111 112 107 104 103 102 102 
109 114 129 144 167 180 195 202 198 185 173 165 133 124 110 101 107 123 139 146 171 181 193 202 202 193 181 172 159 135 117 115 112 103  99 104 100 102 109 122 135 154 185 212 222 226 223 209 188 167 149 137 120 103  99  98  93 103 112 104 101  92  92  92  91  97 103 100 100  95  95  99  99  97 100 106  95 102 106 105 102 102 102 102 102 102 103 100  97  96 100 105 103 104 104 104 105 105 103 102 
105 110 117 122 134 143 162 184 194 194 197 204 186 170 151 140 151 172 190 197 199 191 188 187 174 148 125 114 116 109 104 104 106 105 107 109 122 138 162 185 201 209 215 218 211 200 179 155 136 122 108  97 101 107 107 103 102 107 106  99 108  99  97  95  90  93  98  95 103  95  92  97  97  94  96 102  98 104 107 103 101 103 104 103  99 102 104 102 101 102 103 105  99  98  98  99  98  97  98  99 
113 137 154 152 149 144 151 174 195 202 200 200 206 202 197 196 200 203 200 194 167 149 137 135 127 111 102 106 115 115 107  99 101 117 134 142 173 190 206 214 217 213 197 182 151 137 118 106 107 108 105  99  99 107 103  97 101 107 106 104 107 103 103 102  99  99  99  95 102  97  95  97  98  98 102 108 102 102 102 101 102 104 107 109 108 109 109 107 104 100  98  97 101 102 103 101 100 100 101 101 
115 149 192 200 191 183 178 183 193 197 196 194 200 202 205 209 209 203 192 185 139 121 109 108 104  94  94 102 106 114 120 126 142 166 188 199 211 215 207 189 173 159 138 117 113 107 101 102 108 112 112 110 107 105 103 101 103 107 107 104 106 103 101 103 107 105  98  91  98 103 105  99  94  94  98 102 109 103 104 110 110 103 101 106 106 110 117 121 117 108 102 101 103 106 104 100  98 100  98  92 
159 168 198 205 189 152 128 137 152 151 144 141 147 153 165 182 197 205 204 199 194 173 149 134 122 112 106 105 119 137 159 177 192 202 203 197 193 178 154 132 119 112 104  96 105 105 104 103 102 104 108 112 106 110 111 107 106 108 109 108 105 102 100 102 106 108 106 102 108 105 101  99  99  99  98  97 107 104 106 112 114 110 111 115 112 111 115 119 117 110 104 102 102 105 105  99  95  97 101 102 
197 195 204 203 194 145 107 107 113 109 114 127 129 135 143 145 149 161 181 197 200 197 193 187 179 171 165 162 180 192 200 201 195 184 165 148 129 117 106 102 103 102 103 106 103 106 107 105 101 100 103 106  97 101 103 102 102 105 106 105 106 104 101 101 104 104 103 101 109 102  95  95  98 101 105 108 100 101 106 114 116 111 107 107 117 110 106 107 108 106 105 104  98 106 111 110 103  99 100 103 
206 208 203 192 191 156 127 118 112 108 127 156 207 215 211 182 144 126 138 158 161 177 198 210 211 206 202 203 197 202 198 182 163 143 121 104  98  95 100 107 109 103 103 109 107 107 107 105 104 102 102 103 102 102 100  98 100 103 100  94 102 102 101 101 100  98  97  96 107 103 101 101  99  96  98 103 108 107 108 109 107 101  98  96 112 105 100 102 105 105 102 102  97 103 108 108 101  96  96  99 
174 192 197 196 189 186 182 174 153 131 123 128 170 192 210 199 167 138 128 130 138 151 175 201 213 210 203 201 198 206 205 190 172 155 138 125 111 111 114 116 112 106 106 110 106 104 102 101 103 104 104 104  98  98  95  95  99 103 102  96  98  99  99  99  97  96  96  97  96  97 102 108 104  96  94  99 108 105 102 100 100 101 104 106 104 101 100 105 108 105 101 100 106 104 104 103 101  98  98 101 
123 139 158 176 193 204 212 212 207 198 180 163 141 140 140 137 133 128 124 123 123 121 142 186 217 213 193 179 180 196 208 207 202 199 194 188 168 161 147 133 121 115 110 109  99 100 100  99  98 100 102 105  99 100  99  96  96 101 103 101 102 102 100  97  93  94  96 101  96  93  96 102 101  95  96 103 101 102 103 101 102 103 103 103 104  98  96  97  99 101 103 106 104  98  97 104 108 105  98  96 
122 117 123 132 152 166 183 201 218 230 230 221 205 194 172 150 145 153 155 150 153 149 152 173 198 204 185 161 132 144 160 172 180 188 203 216 208 202 192 180 172 159 141 126 115 107 100  97  96  97 100 103 101 104 106 101  98  99 102 102 100 100 107  96  99  92 101 103  96  93  94  96  96  94  98 105 102  97 100 104 105 103 100  93 102 100  98  97  97  97  99 100 103 100  97  97  97  96  96  96 
129 126 123 123 105 114 129 149 174 198 214 220 217 218 212 202 197 200 197 189 185 179 169 164 172 179 168 150 128 124 122 126 131 140 155 169 182 187 196 202 203 197 185 174 165 157 148 141 132 122 115 113  97 100 100  98  98 102 103 102 101  99 107 100 109 100 105  98 100  99  98  99  97  94  95  97  99  94 100 107 103 102 103  99  97 100 102 103 103 102 100  98  98  99  99  97  94  92  92  93 
128 126 125 127 127 124 119 115 121 133 144 149 186 190 197 203 204 204 204 204 195 186 169 152 143 140 133 123 125 116 111 113 120 124 125 125 132 138 147 157 165 176 187 195 196 195 196 195 187 174 165 163 149 143 131 119 113 112 108 102 104  97  96  94 104 101 101  94 103 101 100 105 107 107 106 107 100  98 105 108 100  98 104 105 101 101 100 100  99  97  97  96  97  99 100 100  99  97  96  95 
119 118 124 133 137 137 133 127 125 126 125 122 133 136 147 163 176 186 202 217 217 211 197 183 171 162 151 141 127 120 115 115 119 120 116 112 112 112 115 120 125 131 141 151 157 163 174 185 190 193 199 206 200 198 193 184 177 171 162 153 144 132 120 113 112 108 107 105 103  99  97 100 102 101  98  99 101  96  98 101  96  98 106 109 106 104 101  98  97  99 101 102  98  98  97  96  95  96  99 101 
109 117 121 122 126 133 138 138 139 140 136 132 122 120 122 128 132 136 149 163 190 190 191 193 196 192 182 171 155 153 146 138 131 126 120 116 115 111 111 116 118 114 111 113 118 120 127 134 141 149 163 176 183 191 197 200 205 210 212 210 207 200 188 186 174 168 161 163 153 146 138 132 126 117 111 110 114 101  95  96  93  95 100  99  96  98 101 102 102  99  96  94  97  98 100 100  97  96  97  98 
101 113 115 106 121 126 129 129 129 133 134 133 130 128 129 128 125 124 126 132 137 139 145 157 169 175 176 173 170 182 194 197 192 181 168 158 139 127 118 119 119 116 116 120 119 116 114 113 112 112 119 127 129 132 137 142 153 164 170 170 198 199 196 211 203 205 198 205 202 199 197 195 189 181 176 176 177 162 152 148 140 137 135 128 117 121 126 128 126 119 110 105 110 111 112 110 106 102  99  98 
 92 103 113 110 112 117 120 120 123 129 134 136 135 137 137 134 132 132 132 132 134 131 129 130 133 139 146 152 162 179 197 209 214 214 208 201 191 180 170 165 154 138 129 129 121 119 117 116 114 110 110 113 108 122 144 166 180 178 161 143 137 137 134 155 154 164 161 173 177 182 190 197 199 195 194 197 204 192 188 187 180 176 174 168 177 179 181 184 185 185 184 183 172 169 164 156 149 145 146 147 
100  99 106 113 112 111 116 125 129 128 128 131 131 134 135 134 132 131 133 136 130 135 138 134 130 131 132 133 132 134 141 154 166 177 187 196 194 204 204 211 193 194 184 189 171 163 152 142 131 122 119 122 112 133 157 173 185 191 184 172 132 124 118 120 120 119 121 124 131 131 137 144 145 140 145 154 161 159 153 149 152 158 158 152 173 182 191 193 196 203 204 202 195 198 197 189 182 183 192 199 
100  95 105 111 111 110 114 119 122 119 119 121 131 128 124 122 123 127 134 139 136 141 142 138 134 134 135 134 134 131 131 133 135 137 143 150 164 166 168 175 182 193 201 208 213 210 207 200 187 172 162 160 152 153 148 140 139 142 138 128 129 124 120 120 116 110 107 108 116 111 111 116 116 111 111 117 109 114 118 119 121 123 121 117 121 130 139 142 140 140 140 141 146 152 159 165 178 194 203 202 
 98  97  97 102 105 106 110 114 116 116 117 118 122 117 111 111 117 126 133 137 133 135 135 130 128 131 134 135 142 139 136 135 132 131 134 140 141 134 137 135 151 154 164 163 176 180 189 195 195 193 195 200 199 198 193 185 182 178 168 156 153 154 154 152 143 133 125 123 119 114 112 115 115 109 106 107 112 116 117 115 112 110 109 108 108 107 109 111 108 106 111 120 154 165 175 181 188 187 166 140 
116 122 105 111 107 109 111 111 111 110 111 112 121 117 114 116 120 123 121 117 124 123 121 115 116 122 128 131 136 136 136 135 132 127 129 133 135 130 136 126 136 127 134 130 134 137 143 150 153 156 163 171 172 177 182 185 189 193 196 196 195 199 201 198 189 180 171 168 161 163 165 165 161 152 149 148 152 148 141 136 131 128 126 126 126 117 110 110 108 106 111 120 146 162 178 188 194 188 161 132 
124 128 118 133 111 116 119 119 119 123 127 129 111 111 113 117 120 119 112 107 120 119 116 110 111 116 121 121 123 124 128 131 128 123 124 128 138 137 139 132 134 130 138 140 141 140 141 143 140 135 134 136 131 137 142 143 142 144 150 154 164 169 174 175 176 177 176 174 184 191 200 204 202 200 200 202 198 195 194 195 195 192 188 187 178 173 170 167 162 157 155 157 145 152 160 169 180 188 188 183 
128 110 119 124 110 118 125 127 133 144 153 156 118 116 115 116 118 117 115 114 112 115 115 115 116 120 119 115 116 119 124 127 124 121 123 129 131 134 131 133 126 132 133 139 146 141 139 141 142 140 138 138 136 139 141 141 136 130 126 124 126 127 127 127 131 139 143 140 143 148 155 160 164 168 171 171 179 181 188 195 198 195 196 200 191 201 206 201 194 192 195 197 201 190 182 182 184 187 194 201 
130 115 119  96 112 120 125 130 135 138 149 158 135 132 127 122 121 123 124 125 112 112 118 119 124 120 119 115 113 113 114 114 110 108 113 120 120 122 118 128 124 130 125 127 136 132 130 132 135 136 138 138 141 138 138 140 140 139 140 143 140 139 134 128 127 129 129 126 128 127 125 126 130 130 129 127 134 136 141 147 147 147 150 157 144 154 162 161 155 159 167 175 181 172 167 170 171 169 173 180 
100 125 124 105 122 124 111 122 131 123 130 139 130 131 128 122 121 125 131 134 133 126 137 136 144 121 120 116 116 112 110 111 111 107 109 114 113 109 108 113 120 120 120 120 111 116 122 127 130 133 134 134 129 127 131 138 139 135 134 139 139 142 145 145 142 139 139 138 135 130 130 135 137 133 130 131 130 131 132 132 132 131 129 128 136 131 130 136 134 126 127 135 135 134 135 138 138 136 136 139 
 96 110 128 132 131 130 107 105 119 126 131 125 130 129 128 124 116 112 120 131 141 138 146 147 149 127 117 108 120 118 118 121 120 115 111 110 112 113 116 118 115 113 116 122 111 113 115 119 120 121 121 121 117 115 118 127 134 133 127 122 128 129 132 135 137 138 137 136 131 133 138 142 139 135 134 136 133 138 143 144 139 136 135 138 148 140 135 137 137 131 128 129 138 132 129 133 136 134 131 130 
 81  90  96  91 117 130 117 104  98  98 116 127 124 120 121 123 114 105 109 123 136 132 131 128 124 111 107 106 123 122 120 118 117 119 124 129 121 125 131 132 126 116 113 115 119 116 115 115 116 115 116 117 115 113 111 115 121 126 127 123 118 116 117 120 123 125 124 122 125 128 133 135 133 128 128 129 131 134 137 137 134 133 134 135 139 133 130 134 137 135 134 135 132 127 125 130 133 133 131 131 
 63  73  69  56  82 102  99  90  72  59  85 113 113 108 109 116 116 108 107 113 123 124 123 124 117 112 105 105 125 126 124 116 109 110 119 125 111 112 115 120 121 118 116 117 119 114 112 116 120 124 128 133 132 136 134 125 120 121 121 118 124 121 118 117 118 118 116 114 114 115 117 117 119 120 120 119 123 120 118 119 123 125 125 124 128 126 125 125 125 125 126 129 121 120 120 123 122 121 122 126 
 55  63  62  55  61  71  64  65  63  56  71  87  88  85  89 101 110 113 114 115 102 108 108 122 119 120 104  96 114 121 125 121 114 110 108 107  95  89  88  95 105 114 122 130 122 115 113 122 129 129 132 139 143 156 161 152 141 138 135 129 134 133 132 131 128 124 120 117 123 125 123 120 118 118 117 114 119 116 113 115 120 122 119 117 121 121 119 118 117 119 121 122 122 120 118 117 114 110 113 117 
 58  60  57  50  52  62  48  48  62  71  80  74  76  78  79  83  92 102 104 101  86  82  68  86  95 117 103  96 102 108 114 115 111 104  91  76  76  71  67  70  79  89 101 109 110 104 107 117 126 130 129 131 123 145 156 148 140 140 137 126 126 132 139 140 136 129 122 120 124 135 138 133 127 124 126 124 128 128 130 132 131 129 127 123 135 130 124 120 125 127 126 119 130 119 114 113 113 112 110 113 
 51  54  46  45  47  46  38  44  66  83  81  67  78  69  74  80  75  69  73  79  75  63  59  71  78  97  99  87  88  99 101 102 111 106  89  81  74  65  72  75  71  70  71  79  77  72  80 114 125  82  97 117 134 113 105 106 115 121 118 122 129 123 127 132 126 124 121 108 107 103 119 127 123 140 123 127 128 137 133 131 139 131 122 130 149 148 142 146 130 125 120 130 137 149 123 117 119 108 121 118 
 44  49  42  42  39  38  39  47  64  77  72  60  77  66  69  74  64  54  57  66  53  50  61  67  62  69  81  77  72  94  99  97  99  94  88  95  81  72  83  84  82  88  83  83  76  74  77 112 118  56  65  77 110  77  71  78  82  77  78 104 110  92  94 103  99  98 101  96  85  71 108 127 106 133 121 120 123 126 125 129 137 133 125 126 128 132 140 143 133 120 114 115 136 163 128 117 118 103 118 109 
 45  47  46  49  35  42  44  43  47  53  54  49  62  63  66  67  64  60  60  62  61  57  61  63  60  64  69  67  69  79  78  73  72  69  65  67  60  50  59  60  68  88  87  80  96  97  90 105 112  78  76  71  71  72  84  78  67  64  66  84  92  73  73  85  82  74  76  80  55  61 121 126  68  76  91  98  83  79 100 113 101 102 111 103  87  92 107  98 114 107 103  82 112 154 123 115 117 110 118 106 
 41  38  46  55  47  52  49  39  34  38  42  43  54  64  68  69  75  73  67  65  82  66  56  61  71  77  73  66  72  91 112 117 105  86  72  65  59  40  42  43  48  60  60  64  79  84  67  66  73  68  71  65  46  70  85  65  65  88  87  77  99  88  83  87  89  84  76  73  66  78 118 111  71  65  73  80  65  56  87 101  69  68  89  82  74  77  72  60  71  83  77  53  95 154 126 119 117 114 115 105 
 56  39  46  54  46  54  55  45  37  37  38  36  49  60  56  55  67  69  63  66  78  66  52  54  65  66  63  67  70 104 153 179 169 150 140 136  93  64  60  59  52  49  50  66  67  75  60  52  53  63  60  57  50  54  55  41  52  78  75  64  85  85  75  70  80  89  83  76  83  89  89  81  95  91  78  73  76  58  73  87  69  68  79  68  73  74  53  49  45  68  55  43 100 164 128 118 111 108 100  96 
 63  35  34  34  36  50  58  51  41  36  35  33  35  44  37  39  59  62  56  67  74  74  65  59  59  50  50  66  73  76 103 134 148 156 161 153  91  65  63  63  57  57  60  74  66  75  67  68  68  79  63  60  69  56  53  47  53  63  56  57  57  63  56  50  62  67  61  63  65  70  69  57  71  64  62  53  53  40  40  55  65  63  60  59  59  54  41  43  42  54  53  55 110 164 110 102 100 100  87  88 
 75  49  49  46  42  58  67  56  41  35  38  42  40  50  45  53  73  68  56  66  70  73  65  64  68  58  56  73  76  63  72  88  90  94  96  87  75  58  58  56  54  62  62  68  69  71  64  73  72  80  55  54  44  53  66  59  60  71  63  58  55  65  64  64  66  50  37  45  63  54  59  52  56  53  64  36  42  48  45  53  67  57  49  65  62  46  43  37  46  38  53  65 131 172 102  93  95  98  83  86 
