 85  80  76  77  86  95  97  96  99  96  92  93  95  93  87  82  79  78  80  84  87  89  92  94 127 173 108  63  52  63  73  78  71  67  67  64  57  54  49  35  45  60  67  61  59  68  69  61  69  69  69  68  65  63  66  71  71  75  70  66  66  67  78  98  66  57  78  65  47  45  74  61  67  68  63  58  61  61  61  68  62  67  60  53  65  73  70  67  81  85  88  89  90  87  77  66  61  61  50  41 
 99  96  92  91  96 100 101 100  99 101 102 103 102 100  96  94 103  96  89  88  90  89  83  78 113 167 114  68  52  56  62  67  61  59  66  69  62  59  56  47  52  67  71  62  58  66  70  64  55  59  60  58  60  66  69  68  70  72  65  59  61  62  67  79  63  53  62  52  44  41  65  66  66  60  58  58  54  54  59  59  57  66  66  61  63  68  69  68  87  91  92  90  88  85  74  62  60  64  56  48 
 94  94  95  98 102 105 108 111  99 102 105 106 103 100  98  98 105  97  89  87  91  91  82  72 113 166 121  65  47  46  52  61  51  50  58  64  58  54  54  51  48  61  64  54  50  58  65  65  44  52  51  45  51  65  66  57  63  65  57  49  51  51  50  55  64  56  51  46  49  42  52  68  68  54  61  67  56  57  65  58  46  57  66  63  56  56  58  58  73  81  87  86  87  87  78  66  57  63  60  53 
100  99 101 105 106 105 108 113 112 110 108 106 105 103 101  99 103 101  97  92  92  90  84  74 106 156 126  65  51  46  45  53  51  42  47  58  58  57  60  59  55  64  64  51  44  49  55  57  43  50  46  35  41  59  61  48  54  63  59  48  49  49  46  46  57  54  45  50  58  47  43  66  65  49  62  76  64  64  69  60  50  55  66  66  54  52  56  51  66  78  86  86  86  86  76  62  59  65  65  63 
106 104 104 108 107 104 105 111 120 115 110 106 105 104 102 100  97 102 101  94  90  88  83  76 105 150 127  59  52  50  55  68  64  47  47  58  59  56  58  60  56  61  61  51  47  52  58  58  44  50  46  36  41  58  61  50  47  62  61  50  51  53  48  44  44  47  41  54  59  52  42  61  63  51  62  77  73  69  70  64  58  54  65  67  52  53  58  51  66  80  89  88  86  87  77  60  53  63  64  65 
106  99  99 105 107 105 107 113 110 110 109 104 101  99  99 101  93 100 101  93  89  89  84  76  90 140 130  58  50  46  51  69  68  51  51  64  60  53  56  62  55  59  58  53  53  59  61  59  49  54  53  47  51  60  62  54  45  61  60  51  57  62  51  39  43  48  42  56  51  53  44  56  68  59  59  69  72  64  60  64  57  48  61  63  44  47  61  55  62  78  88  83  84  89  83  67  45  57  58  55 
108 101 100 106 108 104 104 109 106 106 110 109 104 101 103 104 101 104 102  96  92  91  83  74  80 139 157  92  82  56  48  60  54  43  54  65  65  54  63  70  63  64  63  57  53  55  58  56  52  57  59  55  53  58  58  50  52  63  60  51  59  69  58  41  52  53  49  56  46  46  43  53  67  58  52  58  63  54  49  58  55  48  58  60  47  50  64  64  62  78  84  83  81  89  80  68  49  60  60  53 
102  99 101 108 110 105 104 109 105 101 105 109 105 101 102 102 105 102  99  97  94  88  81  76  86 133 162  96  81  54  49  53  46  37  52  56  58  43  53  56  57  52  53  51  44  50  63  67  48  51  56  53  46  53  57  48  55  60  55  46  53  67  64  48  63  57  59  63  58  46  47  58  68  58  56  64  65  58  58  64  62  64  66  68  66  60  58  61  62  82  87  97  87  97  83  77  65  67  68  63 
103 100 101 106 107 104 107 116 101 108 107 103 101  98  98 103 104 103  99  96  93  89  85  83  96 123 159 107  62  56  55  67  56  52  60  71  62  56  59  64  62  49  43  44  48  59  67  64  54  52  53  50  48  59  66  60  52  60  59  51  54  65  65  55  68  61  61  69  69  59  53  55  56  50  53  63  65  59  56  60  59  64  72  75  68  56  48  46  50  77  91  98  84  89  83  81  62  61  64  62 
103 102 103 104 101  98 100 106 100 111 109 104 108 108 103 105 103 101  98  95  91  89  89  89  75 104 162 126  49  54  53  68  53  55  62  82  68  71  66  71  67  55  54  61  69  77  75  64  66  62  63  63  61  70  76  69  61  69  71  65  63  69  70  65  74  65  62  72  77  71  62  57  54  51  56  67  71  67  66  71  68  71  78  87  87  79  70  66  61  88 106 109 100 102 101 100  82  81  88  92 
126 127 130 132 129 125 124 124 128 132 136 144 154 157 152 146 160 156 151 146 144 142 141 140 119 144 184 163 106 132 125 118 121 119 117 131 119 126 125 129 126 119 122 131 136 141 140 129 125 123 128 131 129 134 136 131 126 132 136 133 132 133 134 132 141 132 129 139 150 151 145 140 143 140 142 147 150 149 152 158 160 154 153 160 166 166 159 155 148 159 165 156 155 160 167 165 159 156 164 168 
177 180 184 188 189 188 184 181 177 168 183 205 212 218 220 209 214 210 207 207 210 213 213 212 203 153 130 174 198 210 203 215 221 205 193 192 186 194 202 204 204 195 192 192 191 195 199 194 187 188 196 200 196 198 203 200 199 198 197 199 202 205 206 205 211 204 201 207 216 217 213 209 217 213 210 210 210 210 214 220 215 207 201 207 217 220 220 219 218 214 206 184 191 198 212 208 212 206 206 205 
199 199 202 206 213 214 208 202 200 174 197 228 220 225 238 225 226 219 213 215 223 227 226 221 208 128  43 100 194 213 212 217 228 205 198 188 198 201 216 210 210 198 194 193 193 200 207 204 203 201 207 208 199 201 210 214 218 206 197 200 208 212 214 214 204 202 204 211 218 221 219 219 220 218 214 211 209 210 217 224 212 207 204 208 211 213 217 221 215 211 210 190 200 201 214 207 207 205 208 204 
197 195 199 199 197 200 203 200 190 182 204 233 228 219 225 224 222 218 217 222 222 216 212 212 208 116  28  77 174 214 214 201 211 195 187 187 201 200 201 202 192 191 186 196 192 205 204 206 209 209 209 208 206 205 205 204 209 205 199 196 198 203 208 211 199 198 201 208 222 214 220 213 219 223 219 214 215 217 216 216 214 215 216 217 218 218 215 211 213 212 204 190 203 217 214 191 198 201 204 202 
204 203 207 205 196 198 205 203 188 183 216 237 237 225 224 226 225 221 223 226 221 212 211 217 209 100  30  74 173 208 203 202 208 200 191 195 202 196 187 192 201 204 197 207 200 207 195 194 209 210 207 206 208 210 204 196 200 204 205 203 201 201 199 197 208 210 208 212 219 208 212 201 213 221 221 217 221 219 209 205 213 217 219 216 212 212 210 208 212 218 212 203 211 229 221 197 195 202 206 204 
204 204 205 200 190 192 196 192 185 171 223 235 236 230 233 232 224 219 217 217 214 210 212 219 204  74  23  63 171 204 200 208 200 195 185 185 192 188 183 189 203 201 193 199 194 200 193 192 205 211 212 208 212 219 217 207 199 198 199 201 203 202 199 197 200 211 205 214 208 208 210 206 211 218 218 218 224 222 214 213 211 219 220 214 208 211 217 224 222 229 224 209 208 219 220 212 200 204 205 203 
189 189 192 188 183 191 200 196 131 138 219 245 250 237 229 218 222 214 210 211 213 213 213 215 172  40  63 129 191 194 201 208 203 191 173 166 173 175 174 181 178 176 171 169 171 181 192 202 200 213 218 211 207 211 207 198 194 184 176 176 178 181 189 198 193 208 198 208 193 197 198 201 194 196 188 184 189 189 186 191 182 187 187 181 176 179 184 189 203 211 215 210 208 210 207 201 189 183 173 166 
136 137 140 139 140 154 160 152 129 134 167 175 170 164 166 163 160 152 146 148 153 153 147 142 102  41 169 237 202 133 142 144 148 138 119 112 118 118 114 118 112 112 114 106 108 111 128 138 135 149 157 149 136 131 126 122 125 114 106 106 106 112 131 153 140 148 137 142 119 109 110 116 117 117 109 105 108 106 102 108 105 105 102  98  97  98  97  94  98 108 122 134 140 135 124 114 117 108  98  95 
 93  92  91  87  85  90  83  63  75  88  67  81  80  85  89  89  89  85  83  82  84  83  78  73  52  52 184 236 142  57  69  70  82  84  76  74  78  78  74  78  77  74  79  69  74  67  77  77  70  75  81  83  76  69  69  72  75  69  71  75  74  80 110 146 130 129 124 126 107  73  72  76  77  78  76  79  86  82  78  82  76  76  74  73  76  78  77  73  71  67  69  78  83  80  76  76  74  72  72  77 
111 109 109 103 100 101  82  53  66  93  42  72  80  88  81  73  76  78  80  79  78  78  78  77  43  38  90 125  66  39  70  73  73  82  82  76  76  74  74  82  87  79  82  73  85  79  85  81  84  79  79  85  86  81  83  90  88  84  85  87  80  84 121 163 169 161 161 161 145  90  85  86  93  92  86  88  92  88  84  91  87  87  87  83  84  86  86  83  87  79  77  84  86  81  80  84  81  82  85  87 
121 102 112 111 110 111  90  77  96 169 136  83  87  87  74  83  85  83  81  84  86  85  78  73  50  49  56  67  69  66  71  80  76  78  86  85  77  79  88  88 103  90 101 108 108 110 106 110 106 108 115 106 107 116 110 108 103 108 109 103 102 114 136 153 159 168 172 168 166 128 121 113 123 122 110 119 111 107  99 115 105 105 118 100 117 108 121 110 109 113 115 112 112 116 115 109 116 105  95 102 
105 105 104 105 110  92  79  45  57 149 157 109  91  83  85  89  89  87  86  87  87  84  79  75  70  65  65  70  74  72  75  82  93  83  80  83  91 109 122 119 116 115 134 143 149 160 150 139 119 120 136 142 152 158 143 133 118 119 121 124 132 135 130 122 119 145 148 143 142 138 143 139 139 139 130 125 123 120 115 120 129 132 131 121 122 125 130 127 131 134 134 130 125 123 125 128 129 122 115 119 
 86 101 102 100 109  84  94  71  55 116 135 107  86  82  97  91  85  87  89  90  89  87  87  87  76  71  72  77  80  80  81  85  82  85  99 118 136 155 158 147 104 112 141 156 170 185 170 151 138 134 146 153 161 166 150 146 136 133 133 141 154 155 138 117 101 130 124 126 125 138 136 125 105 117 120 101 111 112 116 109 121 124 120 119 118 124 120 116 113 116 115 112 109 112 115 116 119 126 128 125 
122 101 104 114 139 120 118 134 124 127 126 117 115  93  97  84  93  95  96  94  88  86  86  88  84  84  86  88  88  87  91  95 106 118 135 142 142 154 165 162 106 119 155 166 161 165 163 166 152 150 159 157 156 161 154 161 150 148 143 140 143 147 148 146 130 137 112 124 133 148 138 126  95 120 131 100 109 114 123 111 104 100 109 105 124 118 120 107  93 100  98  93 103 120 118 102  94 116 136 131 
134 119 101  87 141 193 153 121 130 119 118 135 163 112  93  89  97  98  97  94  89  87  87  88  87  87  88  91  97 105 115 122 138 149 157 145 129 137 156 162 132 149 181 178 150 141 151 174 164 164 163 140 128 142 158 180 159 157 148 131 120 126 144 157 152 137 102 108 120 128 128 127  93 121 123  89  89 103 114 107  96  86 100  87 114 102 114 103  89  97  95  88  98 115 110  89  85 112 140 132 
 89  97  68  77  98 132 112 111 106 110 114 139 197 132  94  95  94  95  93  92  90  90  92  92  84  84  86  96 115 129 134 134 138 149 161 155 144 149 154 146 130 138 163 163 154 153 136 121 112 123 126  94  79 102 127 150 155 153 142 129 121 127 140 149 144 143 128 117 115  92  97 100  93 113  92  59  54  87  99  99 102 101 111 102 106  93  99  99 106 109 109 104  99  97  96  95  97 115 140 128 
110 136  90 104 125 165 142 128 142 144 126 150 217 142  90  99  97  92  90  91  89  90  91  91  91  87 104 123 135 145 143 132 145 150 155 159 157 162 151 134  99  97 110 128 150 155 115  74  51  74  94  76  69  78  93 104 121 117 112 106 102 108 115 113 127 142 155 145 127  96  96  91  99 104  74  49  35  72  85  88  97 109 114 109  96  86  82  87 112 114 111 104  95  86  89 101 101 117 138 129 
136 146 114 129 166 226 204 184 175 163 130 172 227 143  81  92  98  88  91  97  95  92  93  91  90  95 145 156 141 151 152 129 141 150 145 153 146 155 130 112  68  62  57  71  88  84  78  84  70  71  84  74  76  58  70  77  89  81  83  76  61  67  79  74  81  83 101 108  90  82  80  72  71  68  66  72  53  71  73  66  70  86  90  84  81  75  68  66  76  86  76  65  78  86  84  87  75  95 111 107 
169 127  92 106 148 216 229 199 147 142 150 198 242 187 126  86 100  94  98 104 100  98  92  84  85 117 179 169 146 139 131  97  88 115 123 123 113 123 104  81  76  72  62  57  59  56  59  73  79  60  59  61  65  47  56  70  81  70  70  67  54  52  62  67  65  65  75  76  61  54  58  59  47  45  50  67  60  66  55  44  51  61  69  72  71  67  57  52  49  56  50  48  61  70  68  69  55  62  70  70 
151 114  99  97 123 160 194 185 125 128 169 208 242 238 197 111  99  93  97 100  98  97  94  86  80 120 200 195 161 118  99  75  68  88  94  85  75  77  65  49  57  57  53  60  72  70  62  62  84  61  52  59  66  57  63  76  81  71  69  72  64  56  64  78  79  77  77  71  54  46  53  64  61  50  47  58  58  57  56  58  53  53  55  56  54  54  59  59  59  60  55  51  57  65  69  70  69  65  62  61 
110 104 108  97 115 119 154 175 131 107 156 202 232 253 244 179 115 101  97 100  98  95  91  84  90 145 218 203 152 105  81  65  76  75  74  64  61  57  57  54  54  53  44  45  60  67  61  59  66  61  55  57  59  64  66  70  70  62  61  68  69  60  64  81  79  79  72  60  44  32  41  60  60  53  53  56  58  47  50  61  46  38  40  42  32  37  55  64  54  57  62  62  59  64  73  76  83  79  74  71 
130 125 128 125 144 152 183 203 172 102 131 187 224 242 252 244 154 116  93  97  99  96  91  87 101 180 234 193 115  87  64  50  66  61  63  56  62  56  63  64  51  60  58  51  56  61  62  65  52  62  58  57  50  63  58  54  58  56  52  61  70  63  60  74  73  71  63  56  51  39  42  63  87  83  78  62  59  38  41  54  49  36  45  54  43  46  66  75  55  58  70  75  66  69  78  79  78  78  80  82 
192 159 164 170 168 194 228 221 200 112 119 157 200 228 248 250 230 154  95  92  99  98  92  92 106 192 240 204  97  64  30  42  47  56  71  59  67  58  62  50  49  64  66  61  66  69  64  60  52  63  58  63  52  64  52  49  64  65  60  65  80  75  66  72  67  64  52  54  65  56  50  65  77  84  87  68  78  55  55  63  58  38  48  63  49  53  72  74  62  55  64  69  61  66  80  78  83  81  80  84 
222 205 194 202 199 222 229 224 201 147 104 116 189 218 237 247 253 225 155 102  97  88 100  88 109 199 235 202  98  48  34  37  32  52  67  59  59  61  62  54  65  72  71  65  64  64  57  50  56  61  58  60  58  61  54  47  67  70  63  65  78  75  68  78  70  59  52  60  66  59  56  65  59  58  59  72  73  76  76  83  65  43  48  55  63  53  64  68  65  60  58  60  55  86 110 137 162 149 121 101 
238 237 222 226 221 232 224 226 227 172  94  99 181 215 233 247 249 250 216 153 106  93  91  84 102 196 243 217 107  50  52  37  36  50  65  70  64  57  50  48  46  51  52  47  45  50  53  51  52  59  62  58  54  55  60  61  55  64  62  57  58  49  44  55  58  48  49  61  66  61  58  62  68  61  56  73  60  65  60  65  58  45  53  57  69  51  57  64  60  48  69 119 150 192 207 235 242 247 223 191 
240 242 238 241 231 234 232 235 243 188 110 127 196 238 246 252 246 243 252 213 124 104  79  85  89 185 251 242 127  61  58  44  45  56  78  94  84  61  53  59  47  50  46  35  31  43  56  63  63  63  65  62  53  56  64  63  44  61  66  58  48  36  34  42  53  45  47  57  63  59  56  58  68  65  59  66  59  58  53  57  57  51  60  65  67  54  60  71  78  66 124 209 241 255 251 253 250 254 253 251 
240 241 242 244 242 240 240 244 247 220 168 195 235 255 251 253 249 243 254 243 156 104  90  85  94 195 249 243 150  75  57  55  52  61  76  85  79  66  63  69  68  70  63  45  36  44  58  68  70  58  61  63  56  55  53  39  41  58  68  61  52  48  52  56  64  57  52  55  58  57  55  55  68  65  56  56  63  66  61  63  63  60  62  67  68  64  69  78  71 101 193 251 252 253 251 245 245 244 246 254 
246 239 241 242 248 242 245 246 249 245 220 236 247 249 250 253 254 247 252 251 196 104  96  84 145 229 251 240 168  86  54  62  65  62  54  51  61  72  66  52  65  74  76  65  53  51  52  53  47  42  58  66  49  44  47  34  44  53  61  56  49  58  65  60  57  55  54  55  58  58  54  49  62  64  57  51  70  67  55  48  59  58  57  67  69  72  66  66  70 132 234 253 243 248 254 244 244 239 253 249 
230 223 231 234 248 239 247 249 245 243 233 239 248 243 252 254 253 249 245 249 213 114  87 110 208 251 254 244 162  87  62  59  66  63  53  45  55  68  61  41  47  62  71  68  61  57  54  49  37  34  58  66  39  37  55  53  45  49  54  47  42  58  68  54  45  48  50  52  56  58  52  43  47  59  57  47  73  65  54  46  54  54  48  58  55  65  55  52  63 124 216 238 239 242 249 241 246 238 249 239 
221 216 228 231 245 236 244 248 247 240 239 243 252 248 254 245 249 248 243 246 212 134  86 160 243 250 254 247 144  78  73  52  38  54  62  54  44  42  43  41  38  48  56  54  51  54  56  55  50  33  47  53  32  38  59  56  42  46  54  47  43  62  74  59  57  59  57  53  55  60  55  47  49  64  62  42  67  61  59  60  59  57  42  45  37  53  49  52  63 109 197 230 248 235 235 243 233 236 247 239 
228 231 232 231 235 240 243 242 245 242 243 249 251 250 249 249 245 246 234 229 214 113 110 200 251 250 253 245 157  70  62  57  49  46  53  59  51  44  42  39  46  39  53  63  52  47  53  52  49  45  45  42  36  43  52  50  38  48  60  55  48  66  74  54  49  60  58  51  55  58  50  44  55  64  66  43  57  60  74  75  70  58  40  38  44  42  41  50  70  83 180 228 249 241 232 243 235 233 238 252 
223 217 217 221 220 218 225 237 243 243 245 249 251 250 247 244 238 241 234 218 191 112 125 209 252 253 253 241 153  63  55  53  46  47  58  64  55  46  44  41  44  38  53  63  50  42  44  40  46  49  55  49  36  37  44  45  37  47  60  52  43  59  68  52  46  50  45  45  55  59  55  53  56  55  58  49  67  68  81  88  75  61  43  41  49  48  45  52  62  64 163 232 238 239 236 242 245 239 236 250 
213 206 205 213 215 214 226 243 245 246 248 250 253 252 245 236 229 220 214 192 155 108 138 221 248 252 249 236 156  68  56  52  50  55  67  70  54  44  42  40  37  31  44  55  45  41  44  38  30  38  51  47  34  35  45  49  36  45  59  53  39  50  60  49  46  48  40  39  53  61  53  47  53  53  50  46  61  65  75  85  74  62  46  46  57  58  54  57  77  65 135 214 222 235 231 241 245 238 231 245 
231 228 226 227 231 236 242 245 240 241 241 244 250 252 238 218 198 167 157 146 116  94 132 220 242 249 245 237 169  83  62  54  54  61  73  71  53  45  48  49  34  24  31  41  38  43  51  44  35  40  50  48  37  40  50  51  37  46  60  56  38  40  48  38  42  55  51  43  60  75  65  47  45  62  64  57  61  70  71  73  80  72  60  59  68  65  55  53  68  60  82 156 207 234 218 237 240 239 230 244 
241 242 239 236 241 248 248 240 234 235 235 239 250 251 225 191 153 117 108 110  94  89 114 199 236 250 246 241 182  96  66  55  43  52  65  61  48  48  57  60  46  36  41  45  40  48  58  53  43  45  51  50  42  48  57  56  38  41  55  51  31  29  34  25  42  60  57  45  55  70  62  45  53  87  92  81  69  75  62  52  74  72  64  64  71  69  58  56  56  62  55 109 200 237 220 234 238 239 229 240 
225 224 226 232 238 240 240 242 231 233 232 235 248 242 198 148 118  99  97 101  93  95  92 162 227 251 249 243 185  98  69  63  45  53  65  62  49  51  60  63  50  48  59  59  41  43  54  51  45  48  57  58  54  61  72  72  47  46  58  59  42  40  50  45  69  75  67  57  60  64  63  65  83 106 100  93  74  75  55  49  65  67  61  59  65  63  57  57  60  67  58  86 179 225 235 230 239 243 226 236 
226 219 223 234 236 233 236 242 227 229 228 233 238 227 168 112 106  99 102  99  95  94  74 122 217 247 252 244 182  94  69  68  59  65  79  70  59  61  71  61  42  52  71  61  41  33  44  45  36  43  55  56  48  52  62  63  43  45  51  53  42  53  61  58  71  70  66  63  60  60  66  81  98 110 100  90  74  86  87  94  98 101  91  81  83  82  74  72  65  73  63  76 139 210 244 238 246 244 234 240 
236 224 226 236 239 242 245 242 238 230 225 233 228 218 147 101 108  98 105  98 102  94  81 113 218 245 254 249 180  90  70  70  53  52  72  60  58  68  88  64  53  65  78  55  48  34  47  51  43  49  63  67  57  56  61  61  50  59  54  55  43  70  68  58  63  68  72  70  67  69  82  93 103 103  94  72  67  94 116 112 120 119 118 111 122 118 117 116 116 137 129 148 162 232 244 246 244 236 240 242 
237 221 220 232 240 245 247 243 246 228 213 222 223 208 139 101 105  97 106 101  99  93  92 141 232 249 248 244 181  88  63  67  47  35  48  49  48  48  66  60  59  54  58  50  53  44  54  61  55  52  62  69  61  54  57  60  48  51  53  59  48  60  59  54  66  69  69  67  66  72  86  98 106  88  66  53  63  87  83  56  73  74  89  70  84  79 120 144 190 204 218 236 243 253 247 243 243 236 237 240 
238 224 224 234 239 240 241 237 237 222 210 226 231 209 136 108 112 100 107  98  93  85  90 145 235 249 241 239 179  79  48  56  48  30  41  57  54  39  42  46  51  41  47  61  69  59  61  68  63  51  55  66  57  44  44  50  39  40  49  58  49  49  55  60  58  65  69  69  66  66  70  73  82  74  63  54  58  74  73  53  54  69  81  54  69 117 195 228 243 241 250 249 254 245 249 249 248 243 241 241 
230 221 226 235 233 231 233 231 235 228 217 230 234 203 128 107 110  95  99  93  94  91  93 143 224 243 237 239 189  90  54  64  50  33  38  66  65  48  42  54  51  43  49  69  69  56  49  59  61  44  46  57  50  36  38  46  43  43  56  60  51  43  57  69  48  57  64  64  65  67  68  67  56  63  67  59  51  61  68  60  50  62  74 107 136 204 239 246 254 252 254 247 253 246 248 237 252 251 246 240 
224 218 223 232 230 229 234 234 233 230 214 221 226 198 124 106 108  98 101  93  97  97  90 127 213 239 231 236 198 104  60  63  56  41  33  56  55  46  37  52  45  40  42  63  58  50  43  57  62  47  49  57  49  42  49  59  51  46  58  55  48  37  51  59  48  54  56  53  55  62  66  64  58  61  65  59  53  62  68  59  53  71 127 223 236 255 246 248 253 253 253 247 254 254 254 246 251 253 244 236 
234 222 223 232 233 235 241 241 241 243 223 227 238 210 127 108 103  99 105  94  97  98  85 111 207 232 219 225 206 120  71  65  53  47  31  47  45  44  29  43  32  33  35  62  54  55  46  57  62  52  51  54  46  42  52  61  53  41  50  43  46  34  45  39  48  52  52  49  52  61  66  63  55  57  60  55  51  62  69  62  53  80 160 250 255 250 251 254 251 248 250 249 253 252 252 254 249 254 241 231 
235 228 228 235 239 239 244 249 251 253 244 241 248 230 165 114  91 104 108  90  99 100  81 107 181 221 220 231 201 134  82  66  59  45  40  48  42  44  41  38  33  36  38  57  67  59  47  56  67  50  47  48  34  34  49  59  49  42  43  44  46  39  38  35  34  48  57  51  50  65  73  64  58  63  63  56  52  58  65  65  89  87 176 237 248 246 254 245 249 246 245 245 246 246 248 252 246 251 248 244 
233 224 223 231 241 243 246 250 247 251 246 242 249 251 219 174 117  92  96  95  94 100  91  91 152 216 226 231 202 129  72  70  57  39  38  42  39  43  51  45  49  52  45  47  62  56  44  47  56  41  39  42  35  31  41  49  50  46  45  49  47  41  39  41  35  48  60  56  54  69  73  58  53  59  61  57  54  56  61  65  68  82 183 237 248 245 249 236 244 241 237 237 240 245 250 252 251 252 251 249 
238 224 216 226 240 246 246 245 250 254 250 243 249 253 246 226 187 135 111 103  96  97  89  80 121 197 229 229 216 124  67  82  64  49  41  40  35  39  45  44  63  66  49  40  53  54  41  38  41  38  37  46  54  46  39  44  46  43  45  50  48  41  39  43  45  51  59  60  62  70  69  51  53  57  60  60  56  54  59  65  65 120 209 244 252 249 248 242 247 243 239 237 240 245 247 248 251 251 249 248 
247 230 219 226 238 242 241 241 246 250 249 244 247 251 243 228 229 213 161 112 101  93  83  88  87 145 208 230 218 121  67  75  70  60  49  40  36  36  38  39  57  55  40  40  58  55  39  36  34  37  35  46  64  56  40  43  41  39  46  56  55  45  41  46  49  50  58  60  59  62  62  51  57  58  64  69  65  58  62  73 115 185 238 244 247 250 248 249 247 246 243 240 240 245 246 243 248 252 252 251 
246 232 224 228 236 239 240 243 243 243 239 239 244 247 236 222 222 228 208 155 101  90 101  85  72  89 171 228 213 119  60  53  62  61  50  39  38  36  36  40  56  51  43  56  76  65  46  49  48  47  42  51  67  61  46  43  39  37  46  61  63  51  44  48  47  46  54  58  51  50  57  59  55  55  66  80  76  61  63  77 162 229 247 241 241 247 246 250 245 246 243 236 232 235 237 234 233 244 252 252 
243 230 222 228 237 240 241 243 248 243 238 240 244 242 229 215 219 213 223 208 130  94 107  79  81  74 143 229 223 131  51  54  63  68  54  38  38  35  32  39  54  51  42  51  70  62  46  49  61  51  47  55  61  60  50  39  37  32  38  55  61  49  41  43  44  41  50  58  51  48  58  66  65  56  60  73  68  54  62  85 192 247 247 245 239 243 243 249 246 248 243 227 217 218 223 224 208 223 240 246 
243 228 220 227 237 240 239 239 241 238 237 243 246 240 224 211 220 209 206 219 174 102  89  91  90  78 127 227 237 145  45  69  63  70  56  39  41  40  39  48  55  57  43  40  56  59  50  50  65  49  51  59  58  61  59  44  44  33  36  52  58  48  40  42  43  36  46  59  54  51  60  69  69  51  43  51  50  48  76 118 213 253 245 247 233 232 236 245 236 241 235 218 208 216 229 235 203 217 232 241 
232 224 222 232 238 238 239 242 247 235 229 235 241 236 222 211 221 218 214 220 184 117  90  88  84  69 110 237 231 155  75  72  61  59  53  45  43  46  49  49  46  43  41  50  60  56  54  65  62  50  53  61  51  43  50  58  52  47  47  50  46  36  35  42  38  45  56  55  49  54  66  69  56  53  42  50  47  53  94 203 249 251 251 245 237 231 233 240 246 240 234 225 220 229 236 232 222 222 225 230 
233 217 208 218 234 239 238 237 242 239 235 235 236 228 210 194 217 221 212 199 154 103  92  95  80  88 147 233 225 162  86  73  69  59  52  52  56  56  51  47  31  31  34  53  72  73  66  68  63  54  55  57  46  37  43  53  58  53  49  47  41  35  38  47  49  54  66  69  62  63  69  68  58  46  54  65  94 155 202 230 248 250 251 246 239 236 240 246 244 240 236 228 218 222 228 224 227 223 222 227 
234 222 213 217 225 231 235 239 235 238 235 231 232 229 210 188 190 205 196 168 126  95  96  97  87 100 182 234 223 147  75  78  69  53  47  58  68  64  53  47  39  35  30  42  62  64  55  52  47  45  44  44  39  33  40  53  51  47  42  41  37  33  39  47  46  46  59  68  63  60  61  58  57  52  56  75 168 237 250 241 241 248 251 247 239 236 241 245 238 236 236 229 215 216 223 223 228 221 212 211 
238 232 227 225 225 227 233 240 232 231 224 220 228 234 219 197 186 196 176 143 110  94  97  89  86 100 194 234 225 137  70  89  72  56  52  63  71  62  49  43  50  47  36  37  50  54  49  48  45  49  44  38  36  32  34  47  52  50  48  48  44  40  38  40  42  38  49  61  58  52  52  51  51  55  55  80 200 254 249 247 236 247 253 251 246 244 243 243 240 239 241 234 219 217 226 230 225 223 216 210 
245 235 225 225 232 238 238 236 243 237 226 223 233 240 231 214 199 185 144 112  96  92  97  85  86 109 184 222 225 144  74  76  74  62  55  59  61  52  39  31  48  52  46  41  49  54  48  45  48  56  46  35  40  37  33  42  50  49  51  53  56  52  45  40  51  43  51  65  61  53  55  59  56  50  60  81 163 245 254 239 230 240 249 249 247 247 243 237 237 236 239 235 219 214 223 228 218 225 229 224 
247 239 229 227 233 240 243 241 250 243 239 240 241 240 233 227 216 176 119  96  93  92  95  84  88  95 140 207 230 144  68  55  69  59  50  52  59  59  49  38  50  55  48  40  47  51  44  37  44  57  44  35  49  49  41  50  53  49  46  50  56  57  49  39  40  32  43  60  57  48  53  62  60  58  54  73 142 237 249 234 230 237 242 239 240 241 234 224 223 222 231 233 220 215 222 226 223 229 231 227 
245 243 235 228 230 237 243 247 243 243 234 234 238 233 230 227 232 194 134 103  97  95  93  86  82  69  91 192 237 158  63  60  63  58  48  47  62  73  66  52  53  59  48  36  47  58  51  39  51  64  49  37  55  61  49  47  64  59  51  48  53  52  42  30  31  27  40  58  57  51  58  69  59  63  47  81 172 237 238 243 237 242 242 236 234 233 229 222 218 220 232 240 234 228 231 234 235 237 234 232 
244 241 227 221 232 242 241 244 243 241 215 210 221 227 235 229 235 227 175 114  96  96  92  93  88  76  88 191 243 196  67  63  57  59  48  40  51  60  51  42  54  62  50  38  52  69  60  40  53  60  46  38  59  72  56  40  61  64  53  45  51  51  38  28  30  30  39  50  54  50  57  71  69  65  66 130 216 228 247 237 240 244 246 241 233 230 233 236 234 234 240 246 244 236 234 240 246 244 243 246 
246 243 229 223 232 240 242 244 244 236 224 222 208 207 231 237 240 237 188 124  98  94  90  90  88  76 112 213 252 201  79  60  61  60  52  48  49  44  37  39  54  55  47  46  57  60  48  39  53  51  41  47  68  73  59  51  64  66  53  42  52  59  49  37  45  41  43  52  52  48  53  64  62  66  69 164 227 219 231 231 244 250 252 250 247 246 246 245 246 243 244 245 241 235 238 246 250 248 245 247 
249 248 237 230 237 242 240 242 236 242 238 237 207 168 185 223 235 232 182 117  92  93  92  94  85  74 133 226 253 207  92  62  64  65  57  49  49  44  39  42  48  51  47  45  51  49  40  35  52  47  40  43  57  63  56  50  60  61  49  40  53  63  53  38  56  51  51  56  57  53  54  60  62  62  65 182 226 203 216 227 244 251 253 252 250 251 251 248 244 244 247 250 245 238 239 246 243 243 246 251 
251 251 243 237 242 243 237 237 232 244 231 238 221 149 130 176 205 202 158 108  94  95  90  90  93  84 157 232 249 205  94  62  62  68  56  39  42  48  44  37  40  52  51  42  46  51  49  46  42  46  47  44  46  55  53  40  39  42  35  36  53  61  49  37  44  41  46  57  63  63  61  62  75  70  83 198 231 203 209 222 238 248 252 249 246 249 249 244 245 246 248 249 242 234 234 243 249 248 249 247 
248 249 242 236 240 241 235 234 239 239 219 232 236 178 140 149 146 146 120  97 100  99  89  89  92  94 177 235 252 210 100  72  64  71  58  41  45  53  46  37  46  54  50  43  49  53  50  48  44  47  54  53  49  55  52  33  23  24  24  35  53  53  42  36  37  35  40  52  60  60  54  51  63  65 110 203 232 210 207 211 221 239 250 249 246 248 248 242 245 245 247 247 240 233 238 248 240 236 232 231 
240 243 235 227 233 235 233 236 236 228 222 230 224 212 198 159 119 120 104  97 103  97  87  95  89 100 191 239 255 215  99  73  65  67  59  53  57  53  46  46  55  47  41  52  70  70  62  64  74  54  51  54  49  51  50  33  28  24  25  44  59  49  35  37  50  48  50  59  69  71  64  55  67  72 144 202 227 207 199 197 198 226 248 250 247 248 247 241 239 241 245 244 233 218 216 222 209 203 203 215 
245 241 234 232 235 235 232 231 227 215 216 225 220 220 218 198 143 122 101  90 108  97  91  91  83 122 207 246 250 205  84  60  59  62  56  52  59  66  62  55  43  39  34  45  65  71  67  68  71  58  49  63  52  47  36  39  38  37  37  40  41  36  31  32  53  49  53  68  74  62  54  61  67  84 169 215 219 221 207 195 198 212 230 243 249 249 243 236 241 243 246 242 225 206 199 201 209 207 211 221 
239 234 231 232 233 234 233 231 226 214 215 220 218 213 212 211 199 156 114  96 106  97  92  89  92 152 227 253 253 223 101  60  63  63  59  54  57  65  63  54  41  42  37  39  55  67  71  75  66  58  49  69  63  63  52  59  61  58  54  51  49  46  44  43  59  60  61  69  74  64  62  76  64  98 190 226 214 226 221 213 199 195 198 215 237 249 248 244 231 234 236 230 221 215 215 218 214 210 215 228 
231 231 229 228 228 230 232 233 232 221 221 223 215 211 217 217 229 175 117 101  97  98  89  91  92 168 236 246 254 245 128  62  66  63  61  59  55  50  45  42  47  50  44  43  53  60  60  64  57  46  37  53  60  67  63  66  64  54  48  51  56  53  49  47  54  62  63  62  65  64  65  73  65 118 215 232 211 220 231 238 216 196 181 189 218 242 247 241 230 233 228 219 215 222 228 228 227 217 219 233 
232 234 234 229 226 229 233 235 240 227 225 228 222 222 228 231 229 168 107 103  94  99  87  87  96 182 243 246 252 248 138  66  65  61  61  62  53  39  31  32  45  54  54  54  62  65  55  50  56  48  44  52  62  68  69  70  73  61  52  57  63  62  55  51  59  65  68  69  70  62  59  69  66 131 236 237 213 216 231 243 237 213 189 188 212 235 239 230 229 233 226 215 216 230 237 235 237 232 230 238 
233 236 234 228 226 232 237 239 239 225 223 229 229 231 236 236 233 164 108 108  98  99  91  88 104 192 249 255 255 243 145  80  68  63  62  61  53  38  30  31  37  47  49  47  58  61  53  46  49  45  46  45  57  60  64  60  66  61  55  55  61  64  57  49  63  59  57  63  66  54  53  69  70 140 247 242 224 213 222 230 237 222 204 200 213 229 231 223 219 223 221 215 219 233 241 240 232 239 243 245 
237 240 238 230 229 237 243 242 238 228 231 239 236 236 239 239 221 146 105 105 104  96  98  91  97 187 241 251 252 240 152  90  75  68  61  53  46  38  34  34  54  66  63  52  50  52  48  44  51  46  47  40  56  58  62  53  45  53  54  50  54  64  61  49  59  55  50  53  59  56  56  66  66 137 246 244 235 213 216 223 230 223 209 201 208 220 223 218 222 223 221 218 219 225 232 236 239 246 250 248 
248 250 245 235 234 242 245 243 244 239 246 251 246 240 243 245 203 129 103 105 111  93  95  83 107 200 246 252 253 243 155  86  79  71  56  42  35  35  36  35  51  69  69  51  39  34  31  32  61  51  48  36  56  58  62  46  43  60  63  51  48  57  54  38  46  53  50  48  55  59  53  51  53 124 238 240 239 213 216 226 218 214 202 194 201 218 227 226 224 222 222 222 221 223 231 239 244 243 242 239 
251 249 244 240 240 244 247 247 243 252 246 248 245 231 234 240 190 122 102 109 102  96  91  91 119 215 237 251 253 247 142  78  81  75  59  46  48  55  51  39  46  65  59  52  28  25  14  24  38  46  44  38  51  71  66  43  53  65  66  53  44  46  43  34  38  47  48  42  41  51  55  51  47 123 239 248 226 216 214 212 213 217 200 188 204 219 221 226 226 229 228 225 226 233 237 238 247 247 240 227 
247 246 241 235 235 240 247 250 244 248 240 244 236 216 219 224 190 122 101 106 100  97  93  92 129 220 243 253 253 246 140  68  64  65  60  55  60  66  57  42  38  52  44  39  26  29  20  26  26  36  37  36  52  74  69  46  58  69  68  50  36  38  39  34  47  53  53  49  51  59  58  50  40 107 221 241 231 225 219 211 211 228 222 204 206 213 217 223 222 224 224 224 229 237 241 241 236 237 235 233 
248 249 245 235 231 237 246 250 249 247 244 250 234 211 219 227 189 124 103 105 100  97  91  86 131 218 243 247 247 235 136  61  58  60  56  51  55  60  51  35  36  48  41  35  32  37  31  32  43  50  46  37  45  61  58  39  58  68  65  44  30  31  34  29  53  55  53  50  56  63  58  45  48 100 204 228 230 227 219 211 215 240 243 220 206 209 219 227 217 215 212 214 221 230 235 235 244 241 238 238 
242 247 246 237 234 241 248 251 247 247 248 253 231 211 228 240 172 114 101 105 102 103  96  87 113 205 246 246 245 232 147  73  65  65  56  47  50  55  48  34  37  50  48  38  41  42  38  35  51  60  58  44  42  52  51  40  46  54  53  40  37  45  46  39  44  46  45  46  58  72  71  59  57 101 201 230 234 230 224 219 210 232 242 227 211 215 227 232 227 220 215 214 220 228 232 233 252 247 238 233 
244 249 246 235 231 237 241 239 247 247 251 253 230 215 234 237 159 110 103 106 101 103  95  84 101 194 247 241 235 219 143  67  60  63  58  52  54  58  51  37  37  49  52  39  48  48  46  38  35  50  56  46  42  46  44  35  40  47  46  39  43  53  51  39  42  46  45  45  55  69  69  61  68 109 211 245 247 233 223 221 198 209 226 229 221 223 230 226 236 229 224 224 227 230 233 237 247 243 239 234 
248 251 243 230 226 234 237 231 246 245 250 253 232 225 237 223 152 108 104 105  96 100  95  84 123 204 250 232 225 217 158  84  61  63  59  51  51  56  50  37  54  60  60  43  62  63  62  46  46  54  56  49  48  54  53  44  47  54  54  47  47  56  56  47  47  55  58  54  55  63  64  55  71 106 205 243 247 234 225 228 213 206 217 230 222 220 225 221 225 222 223 226 229 229 232 237 236 236 238 239 
241 245 239 227 227 238 244 240 239 239 244 249 233 232 237 206 135 104 100 101  96  99  98  94 120 198 230 211 211 217 165  99  72  71  61  50  54  57  48  38  58  62  55  39  58  58  51  37  48  56  52  42  47  57  56  50  41  53  52  40  44  59  60  50  38  50  53  51  52  54  53  54  69  95 189 229 242 235 235 244 231 215 218 225 218 217 223 220 215 216 223 232 235 232 229 230 229 227 232 238 
242 246 241 230 226 232 240 242 239 239 243 248 237 240 238 196 122 111 100 101 100  92  87  88 102 170 200 198 209 218 154  77  75  74  55  44  58  60  48  48  64  74  63  51  55  50  36  35  51  70  63  49  56  59  48  44  52  70  63  45  53  72  70  55  54  63  60  59  66  60  55  66  79  98 182 219 235 230 234 239 222 215 214 217 219 225 229 224 217 220 228 239 243 238 229 223 224 220 227 237 
247 244 237 229 224 225 233 241 243 240 241 246 239 243 236 189 118 105  96  99 101  98  95  94  95 105 149 180 219 227 174  68  78  77  56  36  38  45  51  58  53  62  57  47  50  47  38  36  45  59  55  44  50  53  44  37  42  61  65  55  53  62  65  61  52  61  63  64  70  67  62  66  73  95 169 206 221 228 236 230 225 211 210 218 218 219 222 222 221 222 225 230 231 230 230 232 226 223 228 231 
243 237 234 233 227 222 230 243 248 242 239 244 240 244 229 172 113 104 100 100 101  99  98  99  84  64 101 174 236 246 177  73  71  73  62  44  41  47  52  54  38  42  41  39  44  51  50  46  33  47  52  45  46  53  53  48  41  52  64  61  52  53  61  62  46  58  66  66  66  64  64  66  61  85 153 197 208 227 242 229 229 211 209 219 217 212 214 218 225 224 224 223 220 219 223 230 233 231 227 216 
233 229 230 235 228 218 222 234 245 240 237 244 243 247 224 157 113 111 109 106  99  94  94  96  84  73  86 185 238 245 145  65  58  62  61  52  48  56  58  49  30  27  25  26  34  47  52  44  34  47  55  47  37  41  49  49  39  41  54  56  44  43  52  52  36  49  63  62  52  53  58  59  51  72 137 197 204 223 244 230 226 208 207 219 219 216 219 222 224 224 225 223 219 217 223 231 227 231 231 219 
222 223 228 232 223 212 211 220 233 230 232 241 242 244 213 139 103 105 106 104 100  97  96  96  84  85 104 206 236 236 135  68  65  65  63  52  43  53  57  43  34  31  34  36  39  54  64  56  37  45  56  52  36  38  47  45  36  38  55  58  42  44  54  49  43  54  68  66  54  58  69  67  59  64 121 206 211 224 247 237 230 216 214 222 220 219 222 221 223 222 224 226 225 225 230 237 228 235 243 238 
212 219 226 226 218 211 212 218 232 232 235 245 245 241 203 123 104 102 100 102 102 100  93  84  86  80 132 226 233 225 151  67  66  65  66  53  41  54  65  51  41  40  49  48  38  48  59  51  38  40  52  51  35  36  41  28  29  36  62  65  43  44  57  47  47  50  60  60  52  63  75  66  64  47 100 207 216 225 249 241 230 222 219 221 220 225 228 223 225 223 224 227 226 226 231 238 233 232 239 238 
214 212 223 231 224 215 212 210 228 234 248 251 244 247 214 144 104 102 104  87 104 100  84  86  86  77 135 214 231 217 160  82  55  63  69  60  47  57  64  53  38  51  66  60  41  40  50  49  38  39  47  51  43  32  27  21  19  36  55  53  46  54  61  54  42  48  58  56  52  62  72  65  63  55  61 185 213 219 240 242 228 221 223 232 235 232 229 228 230 226 220 222 231 238 234 227 231 228 232 234 
218 212 220 232 229 221 217 214 224 231 248 248 240 252 239 195 137  99 101  92 104  97  88  87  84  80 132 204 223 219 164  85  66  67  65  52  40  45  51  44  37  48  61  56  42  41  48  48  33  36  39  36  28  20  19  24  13  33  44  41  42  52  54  50  37  42  51  49  46  54  61  56  58  57  57 156 215 209 226 233 235 228 230 242 244 234 228 229 237 234 226 223 229 238 236 227 230 228 227 223 
221 213 219 229 229 230 231 229 225 229 244 246 240 251 253 239 197 111  94 103  98  93  97  84  87  80 126 197 205 220 169  82  69  63  59  49  37  42  51  51  44  44  50  51  46  48  54  50  53  56  53  39  26  24  31  36  34  46  55  53  51  55  55  51  45  47  52  52  51  61  67  61  61  61  73 117 210 212 225 235 235 230 234 246 249 243 240 243 244 244 236 226 223 229 232 230 228 228 226 219 
232 222 222 227 226 228 231 228 225 227 237 243 239 242 248 245 234 150 102  99  95  92  95  90  91  75 113 186 198 220 171  85  67  64  65  59  45  43  53  57  57  51  52  55  50  50  53  50  55  55  50  36  28  31  38  42  46  53  59  59  56  52  49  49  49  46  50  53  55  65  69  62  59  69  69  72 170 215 227 240 237 232 236 248 250 245 243 247 249 247 239 227 224 229 230 227 230 231 229 223 
232 225 225 226 223 225 229 226 225 222 225 232 234 234 236 240 240 197 122  94  96  95  89  95  90  71 104 170 206 222 172  84  68  68  69  58  41  38  51  56  55  46  50  57  52  48  52  54  59  52  42  34  32  37  45  50  47  51  59  65  62  53  53  59  60  56  58  61  61  65  68  61  50  71  63  58 117 195 215 228 237 233 237 247 249 240 237 242 251 248 239 229 229 234 231 224 230 226 221 217 
221 220 226 229 225 228 235 233 222 221 219 223 228 227 224 229 216 204 129  99  96  98  88  93  89  75  94 128 196 219 174  80  56  60  62  52  42  49  59  58  45  35  42  57  59  56  59  61  62  53  46  45  41  34  36  44  39  42  54  64  60  48  52  66  59  53  56  58  53  51  51  45  48  62  65  70  82 150 201 220 226 224 233 247 249 243 240 244 249 246 237 228 228 232 231 223 223 219 218 218 
227 229 236 236 226 225 229 225 219 225 224 225 228 219 208 208 186 179 120 104  94  97  94  89  93  82  82  80 170 209 178  80  48  56  62  58  54  65  67  53  51  36  41  58  60  54  50  48  43  40  49  61  56  38  33  40  37  40  53  65  58  43  48  65  48  44  48  50  43  39  38  32  38  39  54  66  52  95 183 214 224 224 233 247 250 242 238 242 245 243 234 223 220 225 226 222 222 223 229 232 
