 96  91  89  92  92  86  84  85  95  93  90  89  91  94  96  96  86  88 101  92  99  88  95  90  93  92  91  91  91  99 116 133 159 169 147 129 105  87  93  83  84  81  81  83  84  82  85  90  90  90  88  84  81  80  81  83  80  85  85  80  79  84  87  86  86  83  82  83  81  78  77  80  77  79  79  76  77  82  84  84  79  78  77  80  81  78  77  78  84  78  75  76  78  77  77  78  77  80  80  76 
 92  88  89  93  94  93  91  93  91  91  90  91  92  91  89  88  89  88  95  89  97  90  96  93 100  95  89  88 100 122 146 159 176 190 175 148 111  85  88  83  90  87  84  83  80  78  82  89  85  85  84  83  83  84  85  85  81  85  86  83  81  82  82  80  87  84  84  86  85  81  78  78  80  82  82  78  77  77  76  73  78  76  75  76  76  75  76  80  77  74  75  77  78  76  76  78  74  77  77  74 
 96  95  95  98 100  99  98  99  92  92  94  96  98  98  95  93  93  92  97  96  99  92  93  92  98  99  97  97 114 140 156 158 168 178 174 161 138 112  94  78  87  85  83  82  81  80  82  84  85  84  83  82  82  81  79  78  82  85  87  86  86  86  85  83  79  76  77  82  86  84  81  80  81  83  82  79  77  78  75  71  76  75  76  75  73  72  77  84  75  74  77  80  79  77  78  82  77  78  76  75 
 96  95  95  95  96  96  94  92  91  91  92  93  96  97  96  95  93  96 100 100  94  90  94 102 117 131 141 142 145 150 142 130 135 137 144 150 154 147 125 106  96  89  82  80  83  86  85  83  81  80  80  82  83  83  82  81  80  79  79  81  82  83  85  85  84  79  77  80  82  79  77  76  82  82  79  76  77  80  79  76  75  76  80  81  78  75  78  84  78  77  79  80  78  76  78  84  81  81  78  76 
 93  94  93  92  93  94  92  88  93  91  90  89  90  90  90  89  91  93  92  96  86  94 109 133 160 167 166 156 148 147 144 140 136 133 138 135 139 148 146 151 131 117  96  82  82  87  89  87  84  85  86  86  84  85  86  87  84  80  78  79  80  81  81  83  88  84  82  82  80  78  77  80  83  81  78  74  75  79  79  76  75  77  82  85  83  79  79  82  77  76  76  78  77  75  76  80  77  79  78  76 
 96  97  96  93  93  95  93  87  94  92  90  89  89  89  88  87  87  91  86 100  92 110 128 157 180 174 164 151 138 132 132 134 135 126 135 125 122 131 133 150 158 145 121  97  84  86  88  87  88  91  91  88  82  81  84  87  88  83  82  85  84  81  79  81  81  82  84  85  82  79  79  85  81  80  78  76  78  81  80  75  76  76  79  83  84  79  76  77  73  72  75  80  82  79  77  76  73  77  79  77 
 94  97  97  93  90  90  88  85  91  88  88  89  88  89  89  88  91  89  94 110 116 130 140 158 160 166 170 169 157 134 109  96 107 108 118 111 114 125 126 137 159 153 134 110  95  86  81  83  81  85  88  85  80  78  85  93  83  79  78  82  86  85  81  79  79  82  87  86  81  76  77  80  78  79  79  78  83  85  82  76  78  77  77  79  78  78  76  76  70  71  75  84  87  83  79  77  75  78  78  77 
 94  96  97  94  89  86  87  88  96  89  92  93  88  87  90  89  93  82 104 116 152 148 138 131 141 153 156 157 162 155 137 126 120 136 136 128 132 141 143 145 146 145 125 117 118  98  79  87  84  85  86  86  81  78  82  90  85  81  76  76  84  91  89  81  77  82  85  82  80  83  83  83  76  79  78  77  81  85  82  75  74  77  76  74  74  80  83  84  74  74  78  83  83  78  75  76  77  76  74  74 
 96  94  92  91  90  90  88  87  90  87  93  98  92  89  90  89  88  85  97 113 157 160 140 132 129 135 134 136 146 150 146 145 139 146 148 147 149 141 130 127 126 130 117 124 146 127  90  86  90  87  86  87  87  84  81  80  89  88  84  79  79  83  84  83  82  84  85  82  82  84  85  83  80  80  77  75  79  85  85  82  78  78  76  76  79  83  84  82  79  76  76  79  79  76  76  77  76  77  78  79 
 94  93  93  93  92  92  89  88  87  82  88  95  91  90  90  86  93  89  84  82 120 142 140 151 141 140 129 121 125 126 125 130 137 136 130 131 135 129 125 131 118 131 125 136 162 135  87  80  88  83  81  85  88  87  84  82  79  83  85  83  84  84  82  78  81  85  85  81  80  82  85  85  81  79  77  75  78  81  83  82  83  82  78  77  80  83  81  76  78  77  76  77  78  79  80  81  78  80  82  82 
 88  92  98  98  94  91  91  92  91  83  85  89  87  89  93  92  95  99  96  85  96 117 114 122 137 141 138 134 134 128 124 128 140 136 132 134 139 134 131 141 138 149 141 139 142 112  76  77  83  80  78  80  82  82  84  87  77  79  79  80  82  84  80  76  76  83  85  80  76  77  82  85  82  80  80  80  81  81  79  79  78  78  76  77  80  85  83  77  81  82  82  81  80  79  77  75  74  75  77  77 
 86  91  96  96  93  91  92  94  92  86  89  93  93 105 125 137 118 123 131 131 125 143 121 100  96 110 122 129 132 126 125 136 138 138 138 146 156 149 136 134 129 132 127 122 110  91  79  87  83  81  79  80  79  78  80  84  85  84  79  74  76  80  81  79  76  81  83  79  77  78  80  81  83  81  81  85  84  80  78  80  78  80  80  78  79  80  78  73  74  78  80  79  80  81  81  78  75  77  78  78 
 90  90  89  89  91  92  93  93  92  92  98  97  91 110 149 176 115  91  84  96 103 162 151 113  98 104 100  90  77  65  68  86  99  95  90 100 121 126 113 103 106 101 111 117 103  92  89  84  81  77  77  81  82  80  79  80  81  86  87  83  78  79  83  85  79  79  77  77  81  85  81  75  79  77  77  81  80  77  77  81  77  81  82  79  79  78  76  73  72  77  78  75  76  81  80  77  78  82  85  85 
 92  88  84  83  86  90  94  95  91  90  93  93  88  95 122 149 132  94  94  98 126 142 150 121 109 119 117  91  56  31  27  34  44  43  39  51  87 111 111 105 101 101 112 115 100  89  85  78  83  81  80  80  82  83  82  80  77  85  87  80  77  83  84  81  83  81  77  78  82  83  81  78  80  78  78  78  77  75  75  78  74  79  83  82  80  79  80  81  75  80  78  70  68  77  80  76  81  84  85  83 
 91  86  81  81  84  88  88  87  87  84  87  91  88  82  89 102  99 103 131 126 137 122 133 123 114 119 113  89  59  42  40  41  57  60  53  52  74 104 123 135 121 122 128 123 103  88  84  80  82  82  82  81  81  83  83  81  84  86  84  79  81  86  86  80  80  79  78  78  79  79  80  80  84  82  80  77  75  75  77  80  80  78  77  79  82  80  77  73  70  76  76  71  70  75  77  74  77  78  78  77 
 91  87  85  87  92  93  89  85  85  82  83  89  90  86  84  86 104 126 124 104 105 119 123 117  99  98  89  76  66  65  67  67  84  93  85  70  71  89 114 137 140 139 143 140 124 113 104  94  92  88  86  85  85  82  80  78  89  85  81  83  86  88  84  81  84  84  84  82  79  77  77  77  77  78  79  77  74  74  76  79  74  72  72  74  78  79  76  74  69  72  74  75  74  74  75  77  80  78  75  75 
 83  83  86  88  91  91  88  85  88  84  82  81  84  85  86  86 131 148 120 103 112 140 113  84  98  93  79  66  59  59  61  60  68  78  77  70  74  81  91 105 131 137 149 149 137 130 122 112  98  88  80  81  84  85  82  80  84  80  81  84  83  79  75  76  78  79  79  79  77  77  79  81  82  87  91  91  91  92  91  89  93  93  93  92  91  92  94  97  97  95  96  98  94  85  79  79  76  74  74  76 
 95  96  98  98  97  96  94  93  91  91  88  83  81  83  86  86 125 150 135 119 104 123 110 105  93  91  84  72  65  67  70  71  74  71  62  61  77  85  86  90 103 129 160 161 139 130 138 141 113  99  88  89  94  95  94  96  95  97 100  98  93  88  88  92  91  91  90  90  92  95  98 100 122 123 120 116 119 127 132 129 136 128 120 121 129 134 131 126 115 117 123 127 123 107  86  74  69  68  71  78 
125 120 114 112 113 114 111 108  96  99  97  90  91  99 104 101  95 118 134 139 115 109 107 114  94  95  92  81  72  68  66  64  86  78  63  59  74  84  87  94 102 134 165 167 147 144 154 157 128 118 110 109 106 100 101 107 114 117 115 107 104 107 113 115 122 117 111 109 111 114 114 112 120 116 107  99 106 118 122 119 113 105 100 105 117 123 118 109  97 104 113 122 126 119  95  73  73  69  72  78 
121 108  97  96 104 109 105  99 103 101  93  83  87 100 106 102  95  71  77 107 120 123 118 108 112 113 112 104  96  91  84  79  81  84  84  88  99 105 113 125 136 145 157 160 154 152 146 129 103 102 104 103  95  87  92 105 103 105  96  84  85  99 108 107 104  96  90  89  96 100 102 101 102  99  93  87  95 104 102  92  93  98 103 103  98  93  91  90  93  97  98 101 111 114  96  73  70  66  68  74 
100  94  97 105 108 101  98 101  93  87  86  90  94  92  87  82  92  88  75  63  62  78  96 103 101 107 112 110 107 109 114 118 125 124 127 134 141 143 142 140 136 135 140 144 134 112  94  87  86 110 117  76 101  93 100  92  92  96  85  80  97 101  90  89  93  85  94  96 105  82  96 122 108  84  98 100  96  82  96  86  89 101 104  91  84  91  95  91 108  99  81  85 116 119  90  69  68  67  70  71 
107  98  96 104 103  96  98 110  93  88  85  88  91  91  90  92  90  99  99  82  61  49  44  41  49  56  64  73  79  85  89  92 103 110 113 115 122 130 125 111 103  93  85  80  74  69  73  82  84 120 133  95  92  90  99  92  89  94  93  97 104  92  80  85  95  91  96  91  93  73  92 124 124  93  95  94  92  85 100  93  89  95  94  88  92 104 105  97  92  91  80  88 117 117  87  67  70  66  65  67 
122 101  87  87  88  86 100 120 105  95  85  82  85  92 100 107 101  93  85  85  96 100  84  62  37  32  26  27  31  36  37  38  45  51  52  46  48  55  53  43  45  46  52  62  67  70  75  84 110 149 164 134  92  87  89  85 110 106  98  91  86  81  86 102 110  99  88  81  83  78  95 121 129 104  98  97  97  99 114 114  98  96  91  90  99 108 105  94  90  94  87  93 115 112  87  74  75  72  72  73 
127 104  88  86  86  83  88  99  90  79  72  74  83  93 102 109  93  84  71  68  81  96  97  87  83  62  39  27  26  24  24  23  24  23  23  25  24  30  50  71  79  81  85  89  87  81  77  76 112 144 160 155 106 100  97 102 128 128 120 105  95 100 110 115 116 110  96  92  96  98 104 118  91  82  82  88  87  90  98 103  99  96  92  93 101 107 106 101 100 105  96  95 112 115 103 102 104 110 119 126 
130 127 129 137 140 131 118 109 121 116 111 111 111 105  98  94  83  88  89  83  82  93 102 106  92  69  47  40  42  39  36  34  36  30  31  38  37  46  85 130 136 134 133 133 132 128 122 118 106 133 143 147 118 115 110 120 127 136 141 132 126 142 153 145 141 152 149 147 137 131 120 125 121 126 128 138 132 134 129 137 144 142 140 141 142 141 142 143 146 150 136 128 140 142 138 144 143 150 162 172 
121 134 147 153 154 152 141 130 111 114 120 123 118 111 109 111 130 133 130 120 118 122 123 120  89  65  45  42  46  44  40  38  34  31  31  30  24  33  72 113 146 145 148 154 157 149 133 118 105 139 139 122 117 126 123 129 118 122 135 134 124 135 149 144 148 160 151 154 148 151 130 124 130 138 132 143 135 138 127 132 137 133 131 131 127 119 119 125 123 129 118 109 117 116 109 114 106 102 104 110 
 83  94  98  93  93 101 104 101 109 118 127 131 128 129 135 141 145 146 141 132 126 130 134 132 104  84  63  57  56  51  45  45  34  32  31  27  22  32  62  92 128 132 134 133 135 129 115 103 114 137 128  97  85  85  78  74  76  84 102 104  85  78  83  78  94  91  81  93 118 141 109  86  78  82  71  80  79  87  71  88  90  78  77  75  73  75  73  73  67  75  69  66  76  76  70  73  77  71  69  72 
 74  83  93  96 106 120 126 125 122 132 139 138 137 141 141 137 132 128 131 130 127 132 134 125  96  94  85  82  83  75  68  72  63  56  54  57  56  56  71  91 132 147 146 135 135 134 129 126 118 112 114 111  94  84  83  78  62  70  84  86  74  66  67  65  66  61  70  86 136 165 129  98  69  69  67  73  75  80  64 109 133  79  64  71  72  76  72  73  73  75  70  68  73  75  73  77  72  75  78  77 
 86 106 127 140 146 148 144 136 135 137 138 137 132 126 125 127 119 118 122 123 118 120 122 114  87  90  89  91  94  89  85  90  87  82  80  86  87  75  73  87 128 137 138 136 145 147 138 133 125 119 121 124 122 124 125 118 107  98  94  88  73  67  72  75  67  72  75 101 134 143 132 119  77  80  77  78  72  77  89 145 203 134  90  74  69  72  70  79  70  71  71  74  76  75  76  81  74  75  77  77 
122 135 148 151 147 143 136 129 128 125 126 129 125 116 116 119 117 113 113 113 109 112 111 101  84  87  84  84  88  83  76  77  80  76  74  82  85  68  64  84 127 131 128 126 134 133 127 125 143 135 137 141 139 138 133 121 132 130 134 137 131 120  93  61  64  72  71 105 127 111 102  88  74  76  75  76  76  88 128 191 218 181 135  82  63  79  81  77  98  78  68  73  77  77  78  78  74  75  77  76 
144 149 150 146 139 134 130 128 120 116 116 120 116 108 104 107 110  99  95  95  96 105 106  95  96  93  84  85  97 100  92  89  93  95  92  95  91  62  55  86 115 117 113 112 117 115 115 123 126 122 127 132 132 137 139 133 139 135 134 141 160 176 148  96  80  80  66  88 104  88  84  75  71  74  75  77  84  95 137 176 147 123 114 103  89  82  98 143 173 116  75  71  74  76  76  71  79  80  80  79 
147 146 143 138 132 124 119 116 119 116 112 108 103  97  92  91  98  89  85  88  93 107 115 110 108 104  91  89 104 112 105 102 106 115 113 116 107  67  56  93 103 101  96  98 105 103 104 117 119 114 117 120 120 128 138 137 141 145 140 124 121 145 157 146 146 139 114  92  79  70  71  76  78  75  65  57  68  78 118 127  86  75  82  90  99 110 152 222 198 122  72  68  69  73  78  74  76  77  78  78 
147 141 134 128 123 117 111 107 114 113 106  94  87  89  88  84  88  86  90  93  96 111 125 127 109 108  96  92 105 113 109 106 115 121 116 117 112  68  56  99 118 108  96  97 104  97  91  99 107 102 109 116 118 125 128 122 133 140 149 144 125 123 134 138 145 163 160 105  67  66  72 100 142 142 133 120 124 119 137 112  59  66  73  71  90 114 136 179 163  95  65  78  77  74  78  73  72  74  77  78 
138 127 119 121 124 120 113 107 106  98  88  83  85  87  86  85  86  84  86  86  91 111 133 140 122 120 106  94  97 106 109 107 111 124 116 115  92  67  65 109 135 123 117 120 115  97  88  94  91  89  93 103 112 118 122 121 129 128 130 134 135 137 136 133 136 137 152 134  92  80  88  93 158 192 199 187 194 187 203 162  70  56  70  76  84  85 102 108 121  90  79  86  80  73  74  72  71  75  76  74 
138 126 116 116 118 113 106 102 101  90  82  83  88  89  87  86  83  79  79  79  87 113 142 154 130 132 125 111 104 111 117 118 127 136 121 116  92  86  89 126 150 132 119 115 108  94  89  93  93  91  89  90  94 101 111 118 127 129 129 132 137 141 141 139 146 133 146 154 121  95  88  76  65 154 204 194 170 141 162 140  88  61  66  68  76  76 101 102 102  85  81  85  82  78  79  79  71  74  76  78 
140 132 124 120 117 109 102  98  98  91  86  88  92  92  89  87  87  82  80  74  74  92 118 129 130 140 141 128 118 121 132 140 142 144 131 125 117 118 119 135 130 113  95  89  91  94  93  93  95  97  96  92  89  94 103 112 122 124 127 131 133 135 138 141 142 130 137 150 141 114  86  67  72 154 205 211 194 153 128  87  75  62  62  66  79  77  86  91  89  73  73  84  87  85  85  83  79  75  72  74 
151 145 136 126 118 112 107 105  97  93  90  93  95  93  90  89  94  90  88  81  70  72  84  88 117 126 129 123 116 121 136 146 140 144 144 139 133 128 118 111  92  87  82  81  88  97  97  92  89  95  98  97  96  99 102 104 113 118 125 131 132 131 135 140 142 132 128 140 152 137  92  51  69 148 198 209 194 152 112  80  65  67  69  76  84  80  82  92  96  82  84  98 101 100 100  97  98  93  81  70 
136 140 141 139 133 127 119 114  98  95  94  96  96  94  93  94  94  92  98  97  85  77  76  72  82  90  98 103 106 112 118 122 124 126 135 129 123 112 104  89  82  85  86  86  89  94  95  93  90  94  93  91  92  99 102 102 114 118 128 137 138 136 139 145 143 143 147 157 170 164 119  66  58 128 172 188 176 131  71  42  65  74  79  88  83  82  86  99  96  80  80  92  96  95  96  92 110 113 103  84 
105 119 137 148 151 145 132 121 114 110 106 104 100  95  94  97  95  90  94  97  87  79  75  70  63  66  74  81  86  88  88  88  92  84  96  95  96  91 100  90  80  81  83  86  87  89  94  97  99 101  97  88  88 100 111 114 118 119 126 137 140 139 144 152 147 151 173 179 160 144 124  94  98 148 166 171 157 121  58  44  47  60  78  98  83  85  85  87 100  81  77  88  95  96 100  99 107 109 105  91 
130 132 131 128 130 137 138 136 136 131 124 116 106  98  96  97  95  84  85  87  82  78  79  76  70  67  64  63  62  63  65  66  72  55  66  67  74  71  87  80  82  79  82  89  93  91  92  95  94 102 101  91  89 102 117 125 126 122 126 138 143 143 149 158 160 157 181 174 113  75  78  77  84 107  94  88  89  89  55  68  44  49  67  91  73  89  95  94 103  82  77  87  96 102 109 111 109 100  94  85 
 90 126 108  94  96 117 114 133 131 144 145 131 124 127 123 110 105  93  92  84  91  77  77  71  75  69  63  60  63  64  64  62  55  64  72  69  66  68  73  76  76  81  83  83  90  97  96  88  97 101  96 109 104 121 127 140 141 123 132 149 144 143 156 158 167 160 159 130 108  74  71  66  66  88  60  56  59  70  66  69  43  43  63  88 102 109 109 103 107  93  81  83  95 107 112 112 115 103  87  79 
 25  71  74  60  57  87 101 117 130 125 129 139 141 134 131 134 116 119 111  94  91  94  91  77  76  72  69  70  69  65  63  64  61  61  63  67  70  72  76  80  73  81  84  82  86  96 102 100 109 114 112 124 120 132 133 140 144 147 143 140 147 157 160 158 135  99  75  48  46  47  67  68  73  74  81 113 121 107 100  91  56  39  55  96 117 112 107 105 100  96  99 108 114 112 109 110 102  89  81  82 
 27  50  53  37  26  63  97 110 107 108 117 130 132 127 128 135 142 134 124 132 117 108  96 101  85  80  79  82  81  76  74  78  73  67  69  82  88  84  80  80  79  88  94  96 100 110 119 123 122 129 132 138 139 145 142 142 149 154 152 150 159 155 127  98  73  45  37  31  32  46  71  71  81  82 127 168 173 155 159 128  67  47  47  72  96 111 112 105 107 101 104 111 109 101 102 110  99  83  75  77 
 43  42  51  43  22  32  63  75 106 117 126 122 105  91  92 102 118  98  99 145 137 112  95 122 127 117 108 102  99  94  89  88  89  85  93 108 113 105 100 102 104 111 118 125 131 137 140 141 137 143 150 150 153 155 157 154 158 131 124 119  94  78  72  57  41  30  31  37  36  56  85  96 112 106 149 180 179 161 165 117  53  44  45  60  85 110 113  97 100  92  91 100 105 105 111 123  99  83  74  76 
 72  74 101  98  63  24  27  30  50  64  98 123 108  72  64  80  67  57  68 107 113  98  87  99 154 151 142 132 127 126 124 117 116 112 113 119 118 112 111 116 128 133 138 143 147 148 146 143 147 150 152 138 136 135 144 144 113  73  61  65  53  50  53  44  29  23  14  27  44  77 104 128 138 108 119 160 179 161 151 118  79  56  52  72  90 100 103 102  93  94 102 116 128 132 132 132 113  91  86  97 
 89  85 103  98  84  46  42  38  31  26  37  54  53  43  53  75  30  19  25  33  47  40  36  32 101 121 130 124 124 133 135 129 123 121 119 116 114 112 111 111 115 118 121 122 121 120 123 127 133 130 123  86  75  66  82  84 101 107  81  54  61  60  40  33  30  43  33  53  75  98  99 122 133 111  85 117 150 156 145 137 108  80  68  81  96 110 116 113 102 111 122 133 145 155 155 150 134  99  97 127 
106  91  81  65  68  58  58  52  50  46  33  18  11  16  23  25  21   8   2   2  18   1   9   8  20  43  63  63  64  83  91  79  63  64  63  62  64  66  63  56  60  63  64  61  59  64  74  84  70  65  62  38  38  40  57  71 154 196 158  77  48  39  30  43  58  81  76  81  86  83  73 105 130 129  87  88 103 128 127 125  94  82  77  88 116 140 137 119 111 125 135 139 151 168 175 174 147  89  90 138 
 86  85  70  54  53  68  74  69  62  64  53  28   9   7  11  10  17  38  32  15  15  22  65  36  15  10  24  35  38  62  74  53  35  35  33  32  33  35  34  29  35  40  39  33  35  51  69  78  69  38  29  28  37  45  55 101 157 187 171 100  46  46  64  70  83  90  93  80  75  61  61 104 138 130  98  95  89 119 130 116  83  76  69  87 129 154 147 137 131 149 157 161 172 179 175 174 149  92  95 146 
 80  82  69  53  62  91 103  93  87  80  61  35  10   1   8  20  22  34  46  19   9  93 180 115  18   4  10  21  28  43  50  34  20  23  25  22  20  21  21  20  17  22  24  22  24  39  58  72  72  38  27  32  30  17  30  85 154 185 170 104  56  58  75  81  78  77  76  74  81  75  67  96 148 127  85  77  71  92 106  99  76  75  71  87 128 158 159 151 147 151 152 158 173 174 165 159 122  98 101 123 
 70  70  60  53  68  97 109 103  96  79  57  34  10   4  24  52  64  38  34  24  35 153 248 187  28   6   2  11  14  19  24  20  20  21  19  14  12  15  16  16  13  17  21  20  19  26  42  57  43  25  18  27  40  53  91 146 185 203 201 157 106  81  76  71  71  66  73  82  92  82  63  75 111  93  66  63  58  66  83  81  73  78  78  93 130 158 158 150 143 140 135 145 163 166 158 157 128  75  84  64 
 67  56  48  52  64  74  79  80  64  46  31  23  12  10  37  70  80  61  43  37  69 175 237 200  56  38  28  30  26  22  29  38  34  33  30  30  38  47  51  50  40  41  45  47  44  41  51  64  69  79  68  59  82 134 196 235 201 202 212 202 155 109  86  75  72  64  75  85  89  75  52  56  65  64  65  72  71  68  87  89  85  86  86 100 133 156 157 154 154 152 149 157 172 172 164 164 144  79 102  82 
 75  63  57  62  66  63  60  61  32  17   9  10   9  10  30  54  55  38  27  46  59  91 108 122  79  68  58  52  43  31  35  49  61  60  58  60  68  77  80  78  62  59  61  67  65  59  64  77 146 179 170 143 137 158 190 198 207 195 204 201 155 110  90  79  62  49  58  69  73  68  57  63  68  70  75  73  75  76 110 119  97  90  87 108 141 158 160 165 162 163 157 158 168 169 159 155 155 122 128 115 
 72  69  65  64  64  65  63  59  44  25   9   9  11  16  26  41  32  22  23  43  32  32  21  37  50  51  47  45  44  37  38  54  47  53  56  55  56  59  58  54  61  50  49  58  58  52  59  72 121 170 186 182 165 152 178 192 211 201 205 181 122  86  75  62  60  39  49  62  68  69  64  69  70  80  92  88  93  88 117 114  93  84  88 121 156 162 157 164 155 150 133 124 140 158 159 157 159 164 155 127 
103 102 102 103 107 108 102  94 101  87  81  46  40  26  60  81  70  69  71  75  72  77  75  78  86  79  75  82  88  84  79  82  86  84  84  86  84  80  83  90  82  86  80  80  87  85  84  93 110 140 152 174 177 182 186 198 218 213 199 187 144 104 100  85 101  90  88  96 104 109 106 104 109 117 135 136 129 122 124 106  93  80  90 116 159 163 162 155 146 148 129 118 137 155 158 160 158 163 165 129 
181 180 179 182 184 184 179 176 178 172 176 144 138 120 148 164 161 157 156 161 166 164 163 162 166 160 162 172 177 172 169 171 175 170 168 172 174 169 166 166 167 178 181 177 184 180 164 168 177 187 169 165 163 155 133 163 210 216 197 193 177 167 182 172 165 166 167 173 179 183 183 181 180 165 158 151 140 144 142 122 100  86  96 113 152 156 158 146 136 142 131 127 145 156 151 149 145 147 154 140 
158 155 153 153 154 155 155 155 155 152 150 145 139 134 137 142 142 134 131 138 146 148 142 137 137 138 145 151 150 144 144 149 163 156 151 151 153 155 161 167 153 157 180 191 212 210 165 147 159 183 176 145 116  75  49 117 200 209 197 197 181 158 164 156 150 157 164 166 165 161 160 160 159 151 155 153 144 144 136 113  87  82  93 109 137 144 145 137 118 121 116 119 139 151 148 145 128 133 131 141 
 92  88  85  85  88  90  88  85  94  91  78  82  69  74  68  75  77  69  66  71  79  80  79  77  75  76  79  82  78  74  75  79  81  77  88 103  98  78  75  86  82  97 138 157 176 174 117  82  92 112 139 136 131 120 116 169 205 212 201 206 169 101  85  87  84  89  93  94  91  89  89  91  89 100 124 129 111 104 100  83  69  76  89 106 126 139 141 137 126 123 119 122 134 144 151 152 142 135 101 116 
 83  79  76  79  83  84  79  74  78  78  66  72  56  63  57  64  59  59  63  70  72  69  67  66  71  68  68  68  69  70  72  74  70  73 107 157 167 128  92  84  79  98 129 142 157 163 119  67  76  78 120 153 173 175 166 152 184 213 207 200 159  94  80  85  79  77  76  76  78  82  85  88  87  85  93  90  79  84  92  82  69  85  99 115 124 139 137 133 133 127 130 137 138 142 147 148 139 131  87  89 
 83  84  84  84  84  82  82  83  76  76  71  76  67  69  65  71  60  63  68  73  73  67  64  64  74  73  70  67  67  68  68  68  69  69  95 141 164 149 128 122 123 145 146 158 181 204 185 107  74  81 109 150 165 125 103  63 151 204 206 191 154 100  83  80  86  84  80  78  78  80  83  84  88  83  92 104 111 126 128 109  77 100 112 128 128 145 136 129 119 108 119 138 143 146 148 142 145 159 135  97 
 81  86  91  87  80  78  82  89  83  77  73  74  72  72  73  76  78  73  70  71  69  67  68  69  69  72  72  69  67  67  68  68  71  70  73  79  83  87  94 103 124 180 185 186 186 204 216 147  79  81  75 128 185 153 157 143 167 207 202 193 158  96  81  90  80  82  83  81  80  81  83  86  79  86 114 140 149 156 146 117  84 111 124 140 140 158 147 139 130 112 120 145 153 159 159 149 141 164 170 136 
 92  88  84  85  83  81  80  81  90  82  77  79  81  78  77  78  79  80  77  72  72  74  73  68  64  71  72  66  66  71  73  69  72  75  70  67  73  75  71  69 108 183 194 164 163 189 195 166  90  77  82 116 174 198 182 181 192 216 189 188 169  99  79  87  78  86  83  77  79  82  82  84  79 104 138 161 169 157 133 111  97 129 142 151 156 156 161 158 153 135 139 154 157 162 164 155 150 161 170 154 
 84  85  88  93  93  88  85  86  89  85  84  88  90  87  83  82  77  77  75  73  75  78  75  70  63  71  74  71  70  72  70  64  70  75  71  69  73  72  67  70 118 182 181 155 146 174 176 155 104  77  78 114 175 198 150 104 149 194 188 187 174 118  88  76  84  81  86  91  85  80  82  86 126 140 158 167 159 129  88  56  98 131 143 154 162 163 168 163 145 132 140 157 158 161 165 156 156 157 151 134 
 91  89  88  92  92  89  88  90  93  88  83  82  81  80  79  78  81  79  77  76  79  80  75  69  70  74  74  70  68  71  71  68  69  71  67  67  73  74  78  88 140 195 189 158 120 140 159 165  96  69  76 108 154 189 172 141 164 195 188 184 158 101  79  81  83  79  85  83  84 116 143 135 154 155 175 190 149  79  46  56  94 127 140 154 162 162 164 157 156 139 144 157 156 158 162 153 151 139 118  97 
102  92  84  83  86  87  87  88  88  84  79  75  76  80  84  87  86  83  81  81  83  81  76  71  76  77  76  71  70  72  76  76  76  72  65  67  73  70  71  83 111 171 194 189 146 147 165 177 123  78  78 108 147 185 198 198 204 204 188 182 164 121 106 118  95  86  84  78  87 139 175 161 156 168 174 157 108  63  51  61  92 128 145 157 164 160 161 155 161 143 145 160 162 166 168 157 153 161 151 118 
 96  88  81  83  87  87  84  82  79  81  82  81  81  84  85  83  86  83  82  84  85  82  79  79  73  77  80  81  80  78  76  75  78  75  73  78  82  72  70  84 103 138 174 196 188 176 183 173 116  79  87 123 155 172 178 193 204 190 164 155 170 186 191 194 170 143 137 149 149 152 158 154 149 131 104  81  67  61  61  64  98 132 147 159 166 162 163 156 136 123 135 159 168 173 171 158 155 168 171 151 
 91  88  87  89  87  84  82  83  80  85  86  82  81  83  82  78  85  83  84  86  82  78  78  83  75  78  82  84  82  78  74  73  78  78  79  85  86  79  91 118 159 144 162 178 199 182 194 171 113 110 126 139 145 138 134 163 186 169 144 118 120 146 170 188 190 164 159 177 170 136 118 127 102  71  49  51  55  55  74 102 121 146 149 156 166 166 166 156 132 124 139 158 159 162 166 158 157 160 162 163 
 90  90  90  89  84  81  82  85  84  85  84  80  81  85  88  87  86  82  83  85  83  76  75  79  78  78  80  81  79  77  76  77  83  80  76  82  76  75  97 141 184 166 162 168 187 169 189 174 128 121 127 138 145 142 142 162 166 141 129 112  88  68  66  93  95  86  83  91  90  72  61  67  60  59  61  59  54  70 110 142 148 159 157 162 171 173 170 155 143 134 146 161 158 158 162 158 144 153 159 159 
 89  87  86  86  89  89  86  82  86  85  84  84  84  84  83  83  85  77  74  82  85  79  74  74  77  79  80  81  82  82  81  80  78  79  74  89  76  80 101 152 175 174 147 148 131 126 168 176 128 105 105 121 136 163 187 187 151  87  80 101 104  85  58  63  61  62  58  54  58  68  71  67  76  67  71  72  65  93 141 166 163 160 164 168 166 168 163 150 115 110 123 146 158 159 157 151 150 155 157 151 
 90  87  85  86  89  89  86  83  84  85  86  86  85  83  79  77  85  80  80  84  84  79  77  80  82  82  83  84  83  81  80  79  76  83  80  88  80  84  99 135 154 155 141 139 120 118 162 172 144 142 134 117 120 160 199 208 156  64  49  81  86  86  81  73  79  79  76  72  71  74  77  77  80  76  84  87  85 110 149 167 163 161 163 159 150 149 148 139 120 116 128 146 149 150 152 149 158 156 153 151 
 85  86  85  85  86  85  84  83  84  83  82  81  81  82  84  85  84  83  85  88  85  80  80  83  78  79  80  81  82  82  80  80  81  87  83  82  80  79  80  92  91 129 108  80  87 115 152 169 140 122 112 117 127 144 169 187 155  71  43  71  82  79  75  67  69  75  80  81  78  76  76  76  80  84 101 105 102 124 158 171 158 154 154 148 141 141 144 136 124 124 140 154 153 150 150 147 150 151 152 153 
 84  88  91  90  85  82  84  88  81  82  82  81  81  82  85  88  77  80  84  86  82  78  77  78  79  79  80  81  82  82  82  82  83  85  83  79  89  86  78  73  66 115 125  78  59 122 174 155 101  73  68 109 154 175 192 216 210 142  65  51  72  72  67  72  75  79  84  85  82  78  80  82  88 100 119 118 107 127 159 168 155 149 145 141 137 142 144 136 106 111 128 142 144 148 155 155 150 152 151 148 
 87  91  94  91  86  83  85  88  80  83  87  87  85  81  81  81  79  82  85  85  83  81  80  80  83  83  83  83  83  83  83  83  86  85  83  76  92  85  83  78  87 110 155 122  68 135 196 148 124 107  97 121 164 189 203 220 233 196 110  74  90  94  87  78  88  85  84  83  83  85  94 104 101 110 122 114 103 128 161 167 157 150 147 143 138 141 143 134 124 126 137 144 143 148 155 155 154 154 150 145 
 90  89  87  87  86  84  82  80  84  87  88  86  82  80  82  85  83  83  83  80  80  81  82  83  78  79  80  81  82  83  85  86  87  82  86  75  91  82  89  89  90 105 127 117 118 164 189 177 137 138 135 143 152 142 149 184 197 203 171 143 138 148 148 115  92  90  90  99 108 119 134 146 135 131 128 109  99 129 162 164 157 156 155 148 137 136 139 134 118 125 140 149 149 152 154 148 149 150 148 146 
 89  88  82  82  89  88  81  78  85  87  86  82  80  81  84  84  89  84  79  78  81  85  86  84  80  79  79  81  84  86  85  84  80  91  81  73  89  89 124 190 180 140 112 143 188 195 190 193 182 179 170 153 130 125 111  87 138 185 194 169 112 110 160 143 110 104 127 128 146 156 174 192 183 176 154 126 102 138 164 166 162 153 152 152 147 142 139 131  99  95 120 140 143 147 149 150 155 155 152 147 
 86  87  81  81  89  88  82  81  80  83  85  83  83  86  86  84  86  85  82  81  81  83  82  82  81  80  80  83  86  86  82  77  90  81  81  96 108 129 187 251 252 219 175 177 196 197 194 184 191 191 176 153 144 151 151 144 149 173 150 132 117 120 156 191 193 174 198 186 183 189 204 210 207 181 144 118 106 145 173 173 160 150 150 155 149 145 142 135 111  99 119 137 146 154 152 159 154 149 141 137 
 86  89  85  83  88  86  81  84  77  80  83  83  84  86  85  83  82  86  88  86  81  77  80  83  79  79  81  82  84  82  77  73  85  91  83  91 109 114 167 255 255 254 211 185 190 192 189 181 173 184 185 188 203 185 180 205 189 193 151 136 153 191 194 211 229 217 231 216 204 204 205 192 152 136 130 118 124 149 180 177 159 151 152 153 146 143 142 138 113 111 122 133 153 160 148 154 149 140 133 133 
 87  93  89  86  88  85  82  86  85  87  86  84  85  87  86  83  86  88  90  87  83  81  82  85  81  81  82  82  83  82  79  76  76  86  82  83  71  50 109 228 235 221 185 184 201 193 191 196 155 143 148 159 177 160 161 171 192 183 142 149 137 163 187 167 218 229 196 150 143 135 117 119 118 143 178 159 146 150 182 179 162 152 149 149 143 142 139 130  93 106 120 127 150 158 144 151 147 141 138 141 
 81  87  85  82  86  85  83  89  90  89  85  82  83  88  89  86  92  89  85  83  82  81  80  79  83  83  81  81  82  83  83  83  87  76  90 117  95  46  47  88 116 124 132 164 189 190 193 192 167 138 148 145 145 142 179 188 205 200 127 134 120  87 108  74 135 183 105  35  55  56  36  73 108 157 200 171 144 156 189 182 158 146 141 142 142 144 138 124  97 116 132 130 141 153 146 154 139 136 135 137 
 78  82  79  78  84  83  81  87  82  81  77  75  79  84  85  82  88  85  81  79  80  79  76  74  80  81  80  80  80  81  82  83  76  91  95 138 188 142  60  40  69  96 139 184 196 197 198 173 139 132 165 168 170 146 179 198 148 176 140 145 169 151 164  94  86 164  88  23  52  60  44  86 118 161 190 169 142 162 180 164 147 140 137 138 141 146 141 126 110 126 145 134 127 138 135 132 123 121 124 128 
 84  86  80  77  83  82  78  81  82  82  79  78  82  85  84  80  77  78  80  81  81  80  79  78  77  79  81  81  81  79  78  78  86  86  82 109 163 176 128  81  57  70 125 192 205 202 201 169 154 152 175 173 187 141 157 195 156 142 164 181 188 172 194 109  83 162  94  32  43  56  47  80 109 137 151 144 119 151 171 168 140 138 140 141 140 144 141 127  89 105 135 129 119 130 125 108 106 107 116 126 
 82  84  81  74  75  82  82  78  82  78  77  81  85  84  84  84  78  80  81  80  78  78  80  82  79  80  82  81  79  77  77  77  82  85  85  89  86 133 135 101  66  24  45 142 201 193 184 171 135 121 151 183 177 139 147 203 202 178 140 140 165 134 137 142  93 122  84  38  47  49  52  85 104  98  97  99 114 145 164 160 137 141 144 143 140 138 133 128 117 122 119 113 121 138 141 131 111 112 116 118 
 84  84  82  80  80  81  81  80  82  79  79  83  83  79  76  75  78  79  78  78  77  76  76  76  77  79  79  77  74  74  78  82  77  81  84  80  74 100 128 138 116  44  21  87 168 185 185 159 107 103 124 168 186 107 133 212 221 194 149 137 156 147 135 142 140 147  98  33  36  37  53  88 108  93  85  91 112 142 153 142 142 135 127 122 127 137 141 141 145 141 127 109 106 115 124 125 101 114 131 141 
 89  83  81  83  84  81  80  83  80  77  79  82  81  77  75  74  80  79  78  78  80  80  78  77  74  77  80  82  81  80  83  84  80  82  89  77  78  77 116 153 135  50  48 100 141 159 188 145  95 101 106 145 169  61  77 186 219 198 164 142 142 152 119 116 151 185 183 121  94  58  69  96 111 108 112 119 127 142 151 145 150 141 128 122 128 140 145 144 136 138 138 135 132 134 139 143 125 139 155 163 
 91  82  79  82  82  79  80  85  79  77  77  80  80  78  79  82  84  82  80  80  83  84  82  79  81  80  79  80  81  79  76  73  80  76  77  66  85  92 130 161 138  59  62 111 129 130 171 158 127 129 130 171 203 122  59 152 190 192 180 158 148 170 134 124 189 208 205 157 131  99  99 105 115 119 130 131 118 116 125 129 138 135 128 122 119 122 121 119 126 125 125 128 133 140 145 149 143 147 150 150 
 88  83  78  80  81  80  81  85  84  81  80  80  79  78  80  85  88  85  81  80  79  80  79  79  79  76  73  74  80  84  86  86  95  95 102 106 123 132 152 162 143 108  75 110 134 102 111 167 171 179 181 195 195 145  52 132 179 193 190 163 143 154 134 114 153 149 133 111  94  90  86  81  86  79  82  84  78  76  83  86  93  98 100  97  92  94  96  98 100  94  88  86  94 103 104 102  99  99  99 100 
 80  82  82  80  81  85  85  81  83  82  82  83  81  79  80  85  86  84  81  78  76  78  81  84  87  92 102 110 118 126 134 141 158 158 174 184 159 153 163 176 152 121  86 135 137 104  88 134 148 158 169 186 189 147  68 102 162 183 180 149 127 116 109  71 100 118 128 136  96  97  86  84  90  78  80  94  95  96 101 102 105 114 121 118 111 109 107 105 103 107 107 104 111 120 115 100 108 105 101 105 
 79  82  84  82  85  88  84  77  79  82  84  83  81  82  83  85  82  84  82  78  78  79  88  97 150 165 180 187 189 192 194 194 190 184 189 193 140 136 155 178 167  97  54 132 137 128 105 108 126 153 172 173 170 120  94 134 162 184 188 156 142 119 126  83 105 130 139 164 123 129 114 108 108 106 118 126 128 120 123 127 138 140 142 136 124 112 105 103 136 139 138 133 133 138 140 138 150 146 137 128 
 89  87  83  83  84  85  84  83  81  87  87  79  78  84  86  83  80  87  86  85  85  81  86 103 174 206 225 216 205 205 200 189 185 175 172 167 130 136 152 158 141 110  59 118 142 135 114 131 136 146 165 164 186 152 135 165 176 191 198 152 143 115 127  98  93 129 140 174 150 153 154 150 135 122 124 123 138 137 141 133 134 125 115 108 106 113 130 147 154 149 147 144 128 116 127 149 150 151 148 133 
 90  91  88  82  78  79  87  94  86  89  87  81  80  85  85  81  75  82  84  86  87  80  76  84 126 179 221 219 201 195 192 186 177 159 156 146 126 125 140 138  96 113 113 139 146 138 135 142 147 139 173 188 188 171 176 194 182 186 183 122 116 109 106  99  87 128 161 180 148 131 152 171 154 131 138 151 142 155 163 143 129 126 113 101 104 121 134 137 132 133 135 132 125 121 122 127 130 122 122 121 
 80  85  89  87  82  80  84  89  85  86  83  80  82  87  86  81  82  82  79  78  82  79  75  81  91 130 174 197 201 196 186 176 170 153 157 148 145 127 126 108  73  95 129 150 161 138 131 127 131 122 158 177 171 163 170 185 164 161 150  81  78  98  90 114  80 101 144 167 161 135 145 150 164 152 147 156 140 155 144 125 120 124 124 120 120 120 113 102 112 122 128 124 122 125 126 123 117 119 133 141 
 78  82  86  89  89  87  86  85  85  84  82  81  83  85  84  80  87  85  77  77  84  81  80  86  77  89 119 158 180 179 171 169 161 149 155 148 149 124 109  88  67  85 129 136 152 143 140 124 138 141 160 169 165 162 156 170 175 176 166 101  84 112  88 119  71  81 132 154 163 139 143 146 170 184 157 136 120 121 105 114 126 125 131 137 134 123 113 111 112 138 151 132 107 102 112 118 130 138 146 136 
 87  87  86  87  88  89  89  88  87  86  84  83  82  81  79  79  79  79  75  77  84  81  76  81  82  81  95 119 137 144 150 157 157 154 153 154 155 143 130 123 102 116 145 125 129 143 147 128 131 143 165 176 169 187 188 193 204 196 169 110  76 112  93 118  72  80 128 140 143 131 136 147 148 183 171 140 128 114 103 120 134 131 135 142 138 122 110 107 101 133 150 128  96  91 109 126 138 143 145 132 
 88  89  90  90  88  85  83  82  85  86  86  86  83  80  80  83  80  81  76  77  83  80  78  85  81  82  83  95 124 155 174 181 179 186 178 183 174 174 162 169 163 144 152 140 135 151 144 134 140 121 130 118  83 152 199 204 217 196 150 101  56 102  85  97  80  66  96 120 145 154 139 131 136 154 160 134 132 124 122 108 122 121 119 121 129 135 129 120 114 121 124 119 113 117 121 120 122 128 142 150 
 80  85  87  86  83  82  82  82  82  85  87  85  83  83  83  83  81  81  80  79  80  79  81  86  80  78  84  86 103 163 210 205 208 207 200 203 196 185 173 179 169 147 150 142 135 115 117 126 137 141 150 124  33  44 157 210 227 231 193 151 105 111 124 104  74  67  72  95 129 177 159 132 141 150 162 150 125 104 113 126 130 130 128 126 126 125 124 122 147 152 129 110 127 141 130 120 129 123 133 151 
 83  86  86  84  84  85  85  83  84  86  86  82  82  83  82  80  76  77  81  81  79  78  80  80  79  74  81  82  84 131 191 212 213 201 208 210 192 181 182 176 163 172 184 164 150 130 149 164 179 185 193 200 141 126 183 203 234 236 235 227 179 168 194 145  65  52  67  77  86 152 170 136 140 140 148 155 149 138 138 150 154 140 129 124 116 112 124 143 140 129 124 124 129 149 150 125 112 106 108 116 
 86  88  87  84  84  85  83  79  88  89  87  82  81  83  83  81  78  81  85  87  86  84  82  81  82  79  83  86  81  92 140 193 206 188 201 209 190 193 203 184 205 221 222 187 170 167 175 169 180 186 184 168 108 102 121 143 201 221 231 218 154 117 128 108  71  54  78  88 101 125 149 158 166 149 130 121 127 136 139 136 114 109 117 134 134 123 127 144 133 113 111 121 125 136 139 124  93 102 111 115 
 82  86  87  83  80  79  79  77  88  88  85  81  81  85  85  82  80  82  84  85  86  84  82  81  78  84  86  89  87  78 102 151 202 198 200 201 204 208 205 191 210 236 235 187 135 109 107 107 132 160 172 145  76  55  47  72 131 206 233 233 216 160 116 103  59  54  69  88 127  89  82 141 165 163 149 131 122 123 120 110 108 116 135 154 156 146 142 146 156 154 121  99 111 110 104 119 111 118 126 133 
 81  86  88  84  79  78  80  80  82  82  79  77  79  84  83  80  81  80  79  78  79  79  79  79  75  84  80  78  84  80  86 111 171 208 213 201 208 199 184 191 179 179 172 164 141 117  87  71 109 157 191 168 106  72  75 103 120 157 184 205 226 215 165 116  60  44  55  71 101  82  75 103 136 151 150 127 108 111 123 130 140 141 138 133 133 141 149 153 152 144 124 101  94 106 121 126 133 130 128 131 
 84  86  86  84  83  85  84  81  79  79  76  75  78  82  80  76  83  82  79  78  79  80  80  80  79  85  80  74  77  76  75  83 108 171 205 201 200 190 176 182 165 157 147 157 140 120  90  83 124 152 175 159 124  85 108 114 133 137 171 197 208 224 210 166 124  84  67  70  94 140 148 134 137 154 159 141 121 119 126 132 137 135 131 130 133 139 140 140 120 103 109 115 107 125 147 141 145 149 143 128 
 86  83  79  81  87  91  86  79  82  81  79  78  80  83  80  75  81  79  77  77  79  79  78  76  73  77  81  82  80  75  75  79  70 124 178 195 192 190 177 156 163 155 141 147 127 122 112 123 147 170 186 154 109  57 125 146 113 134 165 193 222 232 219 218 159 112  47  44 100 168 166 172 166 166 160 143 132 134 137 136 160 144 130 127 125 118 116 120 128 122 115 126 142 134 128 143 155 164 150 115 
