 52  39  45  39  70  82  55  45  47  41  49  48  40  43  39  36  45  57  57  48  42  34  41  36  44  32  46  54  56  47  44  52  64  68  62  55  50  48  47  50  54  58  61  62  65  67  62  56  63  70  63  46  41  48  57  52  40  38  39  32  40  43  49  56  59  56  53  50  36  27  30  49  51  63  49  58  63  65  74  83  75 129 157 142 115 112 116  95  84  89  97 132 140 136 131 126 163 167 165 156 
 48  35  45  51  79 123  98  46  44  47  44  51  39  43  42  37  39  44  44  38  37  32  37  37  52  50  61  64  52  44  39  44  52  55  50  44  40  49  54  51  48  50  54  58  48  51  51  50  58  69  70  64  62  60  60  54  40  36  37  33  42  44  50  57  59  56  54  53  42  31  35  41  45  51  46  57  48  60  90 107 105 135 156 137  95 100  88  75  80  76  78 107 124 124 133 131 150 148 149 139 
118  81  53  54 108 175 174  90  59  67  48  50  48  47  43  40  41  43  41  36  35  35  41  45  61  66  72  70  65  60  54  50  53  61  67  70  68  75  79  79  79  79  72  61  65  68  69  67  66  69  73  73  85  75  73  74  67  65  71  73  79  63  52  57  69  77  78  78  51  39  49  41  50  47  48  52  48  55  96 114 123 133 152 138 129 116 102 105  88  71  79  68  66  76 106 120 124 121 122 110 
244 229 196 138 103 154 184 115  60  77  79  69  50  52  51  48  43  38  38  39  34  38  45  53  60  66  68  68  67  69  67  59  58  67  80  89  89  90  88  85  87  86  72  55  65  70  73  70  66  66  69  71  93  82  85  94  95  97 104 107 103  95  89  87  88  97 118 140 120 103 106  86  97  98 104 107 107  95 113 115 125 121 132 119 131 119 108 124 116 101 111  98 106 104 115 121 109 109 115 108 
142 148 160 165 140 155 181 137  75  96 128 115  82  54  34  47  73  83  68  52  52  53  51  61  56  57  55  62  52  61  65  62  60  66  70  71  64  68  70  68  63  62  67  70  72  82  85  80  80  86  87  82 101  95 101 110 109 110 115 112 110 106 103 101  95  93 108 128 144 137 141 123 125 129 125 123 121 105 104 106 116 116 117 104  96 124 114 132 168 141 111 127 132 124 116 114  96  97  96  97 
 54  52  69 117 181 197 210 194 162 178 214 202 182 107  44  58 118 154 142 117 126 108  87  93  78  72  63  75  63  66  67  67  76  84  77  67  73  76  82  88  83  78  85  98 116 126 124 110 110 121 116 102  91  95 102 106 107 113 114 109 114  96  85  91  93  85  78  78 100 110 116 109  96 104  94  99  96  91  85  99 113 130 125 119 106 109 119 142 172 156 121 130 120 125 117 125 115 114 100 111 
 98 128 154 141 125 158 180 196 204 226 249 242 243 182 114 104 138 168 174 159 139 125 107 121 117 125 123 138 134 127 126 130 136 147 146 130 130 119 127 135 131 112 108 107 115 124 112  93  91 103 106  86  68  66  88 100  85  93 105  90  77  71  68  72  74  68  63  67  71  82  96  91  85 127 147 164 147 138 130 154 163 189 183 173 154 115 136 150 149 187 193 180 165 171 163 169 164 163 151 162 
111 149 161 139  93 118 150 162 175 204 221 215 212 214 187 180 183 177 159 115 116 121 112 116 114 143 148 153 155 158 174 188 181 182 186 184 182 163 160 143 138 137 150 134 124 123  93  77  64  74  94  80  62  57  89 106  78  69  75  61  66  77  82  78  76  78  72  83  76  87  83  81 126 138 102 111 119 106 110 128 139 185 199 193 184 181 187 167 156 200 205 202 199 196 196 199 201 193 185 176 
 76  83  81  76  96 120 142 144 145 171 195 197 185 192 189 200 207 191 160 118 101 107  96  91  91 128 141 138 133 135 124 156 191 202 168 162 160 161 149 129 131 172 194 181 178 163 124 114  92 102 115 113  98 111 112 116 124 110  91  96  91 101 101 111  98 100  94 104 102 119 115 147 228 214 117  83  65  76 115 104 110 162 188 199 198 191 186 179 179 179 180 194 200 193 188 190 193 190 176 164 
119 109 116 123 123 127 137 140 136 143 156 161 156 158 153 150 147 143 141 134 125 130 131 122 112 131 144 137 136 139 123 145 159 173 154 160 142 148 153 178 188 210 206 200 196 183 149 136 105 111 110 109 133 107 114 123 109 119 129 105 103 112 116 146 134 132 125 128 129 122 154 181 195 219 205 154  81  52 116 112 111 155 187 197 187 162 161 168 169 166 175 170 175 175 174 174 174 171 163 153 
181 169 186 182 162 136 131 143 138 127 129 138 137 134 135 137 151 175 188 197 186 177 178 159 126 117 136 138 130 126 128 137 124 137 137 127 117 125 141 190 213 224 207 208 196 189 168 138 101 102  91  83 129  87  95 103  75  92 112  75 104 105 111 151 142 125 118 107 104 105 113 128 130 131 158 185 143  72 124 124 103 130 136 102 122 144 166 170 168 162 144 145 155 171 183 184 176 167 161 155 
171 176 197 188 160 132 130 151 152 142 146 158 160 148 149 151 180 216 221 222 189 174 180 157 118 106 139 149 128 127 147 149 149 155 151 115 114 135 152 178 203 208 192 185 165 157 157 127 115 118 115 108 130 124 119 116 116 117 113 104 105  93 100 131 127  94 106  92 102 106 105 114 110 103 112 108 127  76 103 107  89 111 101  58  70 121 158 165 166 182 135 146 150 168 184 184 175 167 158 150 
112 121 148 163 170 169 188 208 208 202 207 213 217 206 199 171 173 198 192 188 168 163 187 163 127 114 139 124 150 158 166 148 202 207 188 137 132 151 166 161 176 159 150 149 127 104 130 111 129 121 125 120 124 140 132 123 133 127 113 118 105  82  93 120 130  97 144 140 107  96 119 161 153 152 166 127 112  92  87 108 109 113 111 136 119 109 168 163  82 162 162 169 173 177 176 172 175 178 174 167 
108  96  99 124 153 159 183 202 198 187 183 181 173 168 162 152 153 161 149 137 113 130 152 140 104  76  88 107 161 175 182 184 168 153 155 152 143 132 131 136 143 128 127 138 136 122 126 129 158 162 151 139 126 122 131 134 122 121 127 122 113 109 122 126 126  97 161 166  78  73 103 148 156 155 165 158 145 159 148 146 123 104  89 118 125 118 173 178  80 105 154 185 197 196 192 180 163 187 185 176 
138 137 137 155 148 134 139 155 157 146 138 133 140 142 140 142 152 161 162 155 126 127 126 129 128 118 121 142 170 172 183 182 153 127 147 149 141 111  89  94 104 105 103 104 119 116 106 117 148 171 172 170 131 116 124 132 120 125 136 127 100  98  99  92  94  81 149 162  75  66  97 140 151 146 148 148 169 170 146 132 111 107  89  86 120 132 171 192 120 108 145 177 193 187 179 166 151 188 188 179 
118 128 133 139 112 106 111 114 100  93 106 120 139 147 151 149 151 160 164 164 157 138 113 110 126 133 127 123 124 118 131 115 136 119 144 123 130 117 106 103 104 102 102 104 107 107 100  99 114 127 133 138 121 103 103 108 106 113 121 114  94  92  91  81  83  75 134 150  90  65  91 148 160 143 140 147 141 143 152 180 195 204 168 126 117 134 162 176  92  88 119 161 194 187 180 168 161 183 175 162 
133 131 115  98  69  73  79  77  76  96 125 139 139 150 158 161 162 164 159 151 165 162 145 130 129 131 134 139 141 131 121 113 151 154 153 110 119 113 113 117 111  91  77  73 102 111 114 114 120 116 106 103 107  93  88  91  88  92  96  92  74  78  79  71  75  79 132 157  90  59  85 151 173 160 165 182 166 174 198 220 227 226 191 137 121 131 135 145  84  93 123 168 177 175 170 143 125 129 122 120 
157 159 139 112  92  80  67  68  97 142 157 139 134 144 152 154 156 154 145 133 144 159 162 155 152 155 165 179 168 178 152 154 168 191 181 154 146 131 124 128 126 110  97  93 102 116 128 139 149 144 126 117 105 101  97  97  96  95  98 101 112 106  92  86 102 113 135 149  89  61  80 129 146 142 154 169 183 182 183 164 148 141 138 117 114 113 105 118  99 110 122 149 154 156 151 112  91  82  84 100 
141 143 146 139 126 117 113 115 129 148 143 119 130 143 149 138 121 108  98  90  80  88  95 103 117 123 126 133 141 174 148 132 104 113 107 108 113 116 110  99  95 104 120 130 131 141 145 149 154 145 126 115 113 111 106 104 105 103 103 109 119 115 108 113 136 141 126 121 112  94 100 115 109 109 117 118 119 124 131 114 113 103 108 106 103 105 105 102 100  90  98 121 147 149 151 122 118 101  92 100 
133 108 111 122 114 117 136 156 156 142 118  97 111 136 151 135 104  81  73  72  62  63  69  88 117 127 129 136 147 186 167 139  95  80  73  80  93 105  97  78  85 117 135 129 141 152 154 155 159 151 134 127 132 126 110  99  94  82  75  78  82  91  94  99 118 123 105 107  99  95  97  89  73  79  88  80  86  88  93  85 107 100 104 107 106  95  83  66  86  75  86 101 126 116 111  94 116 109  98  99 
132 105 103 116 103 136 151 170 169 161 128 121 111 117 128 114 112  83  75  71  67  75  85  73 101 151 161 177 182 185 178 189 164 109 101 110 114 113 126 117 128 134 153 146 128 134 139 141 142 141 140 139 145 135 127 121 111  95  84  79  73  83  97  89 105 130 128 140 124 126 123 106 112  91  97 111 114 110 106 107 121 137 141 137 146 140 126  94 108 117 120  95 113 123  81  77  80  87 101 124 
 96  90 101 118 135 167 182 171 158 159 156 152 137 129 123  95  97 116 149 150 158 173 176 152 170 199 190 203 210 216 190 188 181 124 100 119 130 131 145 142 152 151 161 153 146 133 146 147 126 132 144 131 140 138 141 147 146 140 134 133 117 109 109 104 118 135 135 152 172 163 160 159 179 159 147 146 157 148 139 131 120 113 121 134 135 129 124 114 138 149 145 118 112 141 130 103  90  89 100 123 
119 110 108 110 124 127 131 113 130 159 170 137 106 115 129  99  82 123 173 165 215 230 217 171 164 164 159 205 203 199 162 153 159 125 105 127 165 162 160 150 149 140 139 136 140 152 149 140 138 129 118 116 142 142 146 151 153 150 146 144 150 143 140 135 140 139 138 154 155 139 129 134 152 151 159 172 173 158 144 132 112  92  93 107 110 104 103 106 128 137 136 121 116 142 156 111  91  81  84 104 
115 106 105 103  98  87  88  87 138 189 198 142  75  89 119 117 101 138 155 109 185 222 203 122 110 132 138 178 170 145 128 127 129 126 125 132 143 141 130 125 127 126 127 140 139 162 140 123 147 144 127 145 148 144 142 146 153 159 158 154 156 173 178 171 165 156 158 168 153 146 145 151 151 153 166 182 178 148 120 116 132 143 142 138 138 137 135 135 132 132 134 139 122 122 141 111 109  98  89  98 
 86  88  94  96  93  97 102  99 128 160 161 126  93  87 101 112 110 171 214 200 212 222 204 153 145 142 116 136 118  91 100 105  96 106 111 102 100 106  97 105 110 114 116 144 175 171 170 166 165 180 187 177 183 176 166 163 167 172 169 163 169 188 186 182 180 177 181 181 173 173 176 183 169 174 175 176 174 174 172 170 167 167 170 172 167 173 172 177 166 167 165 173 167 157 165 160 164 157 146 143 
 91  95  97  89  90  99  91  96 111 134 125 117 124 119 128 141 119 155 202 225 220 210 185 134 132 147 119 117 101  89 101  95  92  99  91  95  99 108  92  97  94  95  96 132 180 178 191 188 174 185 193 173 180 182 182 179 181 186 186 182 188 178 151 162 180 173 167 152 168 170 164 162 139 158 171 174 164 165 170 175 170 164 168 180 173 169 158 171 172 185 173 169 182 189 180 183 170 176 187 183 
 85  88  87  79  83  87  82 102 139 166 161 161 162 148 150 165 130 139 159 172 176 150 126 111 109 105  84  89  94  96 105  93  85  91  94 100  97 103  89  94  88  85  80 126 174 189 191 180 176 179 185 192 179 185 186 188 189 185 183 183 186 155 112 126 160 158 132 102 139 154 152 133 102 135 165 165 115 119 147 165 146 104 111 145 163 146 120 128 146 166 144 122 141 169 161 146 122 145 184 195 
105 108 106 104 122 122 129 122 146 140 141 135 116 115 130 152 117 121 134 130 129 118  72  67  70  85  86  83 118 119 128 138 126 126 145 124 124 127 132 130 115 104  91 139 182 169 160 159 158 155 157 160 170 190 182 183 182 174 177 182 181 161 121 113 152 172 137  99 123 156 168 123 103 133 175 164 134 112 140 175 165 101 105 151 169 154 131 130 152 167 147 122 116 164 175 129  98 123 151 158 
143 146 143 138 128 129 124 106 109  96  94  91  87  88 100 119  85  86 115 125 104  97  78 106 121 131 134 139 169 174 169 169 156 159 179 180 184 164 156 150 158 159 155 167 184 162 143 139 138 135 134 140 152 182 175 173 158 169 167 155 161 155 131 121 145 161 143 119 128 150 173 114 109 121 156 172 134 115 129 171 167 127 114 139 169 158 145 154 151 165 155 147 108 161 171 141 112 134 126 104 
124 123 114 102  89  97  97  90  98  99 102 106 112 104 113 143 115  80  89  92  89  82  85 137 146 137 133 139 168 188 193 175 125 143 190 196 191 151 138 143 185 192 167 121 150 171 187 178 151 137 152 175 178 187 176 193 179 175 155 139 148 154 154 151 156 161 163 164 162 153 170 115 107 144 169 175 165 154 145 165 157 156 147 158 165 163 159 173 154 165 162 164 140 160 165 148 152 171 172 153 
 95 106 109 103  98 105 102 105 113 120 116 118 113 108 123 169 148  87  99 110  92  77  85 138 123  90  79  87 154 176 153 166 182 196 192 205 202 187 184 185 204 184 141  76  92 145 195 202 184 176 185 196 196 206 196 207 197 185 173 169 158 164 180 191 183 175 191 212 203 176 172 124  82 158 188 181 200 211 200 193 180 201 198 193 177 192 201 205 179 175 180 197 200 178 176 161 190 186 202 195 
 87 106 119 121 113 117 107 111 112 117 103 103  95 108 125 155 126  54  79 100  79  64  82 137 113  76  72  88 136 148  64  78 149 153 120 178 195 194 176 180 194 179 141  90  57 111 171 194 186 180 183 190 198 199 170 159 190 188 184 177 154 151 167 180 171 167 184 199 188 178 160 119  68 151 201 211 219 239 240 221 210 219 212 193 165 189 201 189 189 176 181 199 196 182 180 165 182 178 189 185 
 82  96 106 106 102 108  92  93  85  90  72  73  73 109 127 147 123  50  71  66  55  49  83 146 112  69  66  77 123 135  60  45  53  67  53  86 163 170 137 159 186 175 124  80  65  89 131 168 177 165 170 185 196 177 139 127 183 155 153 162 156 144 145 147 146 161 170 159 145 188 199 191 187 214 235 245 244 247 252 239 246 238 234 217 197 193 170 135 180 159 138 124 140 173 169 150 134 178 188 183 
 84  89  89  81  78  81  75  76  71  70  59  55  50  87 117 117  98  66  62  68  49  51  75 115 101  54  42  68 124 146 110  85  67  76  64  74 127 166 161 178 181 188 154 100  65  70 104 149 175 202 192 196 200 179 125  82 134  96 105 159 160 147 151 157 153 164 181 182 200 234 250 253 254 254 254 251 254 247 249 232 232 246 253 247 243 234 208 184 193 153  98  64 119 167 163 160 141 168 172 173 
 76  82  90  88  89  81  86 100  96  70  51  46  54  56  88  86  61  64  65  60  55  70  78  87  99  90  83  95 118 122 117 106 109 111 109 109 101 143 152 173 177 163 139 119  69  78  83 112 155 193 176 198 198 177 103  43  78  51  60 125 146 146 156 164 161 171 197 215 226 232 238 238 234 236 241 245 238 252 210 136 145 206 230 241 243 251 244 239 236 212 174 157 103 117 149 173 160 137 108 142 
 74  87 110 114  90  73  85 117 113  74  51  59  59  55  74  87  94 102  85  68  85 106 123 138 159 161 138 116 123  93  99 102 112 100 108  95  92 106 100 107 122  83  72  96  69  86  65  69 114 132 129 187 190 166  84  32  48  38  42 100 124 143 151 147 148 163 190 217 213 211 212 214 213 213 221 233 240 251 228 129  73 135 201 209 219 242 247 244 253 254 247 249 151  63 128 173 123 105  61  58 
 84 100 122 121  72  51  51  72  73  57  65  94 103 116 106 108 154 154 109 108 105  93  89 104 122 121 111 106 108  83  79 100 117 103  96 103  91  86 101 114 126  86  75  78  76  93  80  72  86  80  96 153 179 157  75  37  40  47  42  84 115 143 145 130 128 135 148 169 179 182 186 187 191 199 210 218 248 246 246 174  85  90 139 166 197 234 247 242 247 252 251 252 179 109 168 195 137 118 107 108 
 77  96 110 111  77  70  68  70  68  71  90 116 139 132 127 126 145 148 120 110  77  56  48  56  65  72  76  74  75  84  83 130 159 154 127 153 128  71  81 102  99  73  73  70  92  95 103 111 112 104 128 148 154 135  68  39  35  45  34  55  75 103 113 105 105 104 101 104 111 129 141 144 156 179 196 201 229 233 223 166 102  72  83 122 167 218 246 243 249 253 251 250 230 212 222 243 225 168 151 162 
 60  77  86  97 113 122 132 134 130 127 128 130 131 112 131 137 126 136 129 103  82  69  65  66  66  76  79  68  57  70  84 131 171 182 174 194 165 102  97 120 115 114 115 129 133 125 126 132 134 120 137 125 128 116  71  43  35  43  38  48  59  76  94 101 102 105 108 105  90 103 111 111 119 142 167 180 204 202 211 160  84  67  79  85 120 187 228 230 239 250 252 252 241 222 242 254 226 162 173 169 
 62  66  66  85 138 140 138 135 136 142 145 146 149 145 147 139 142 149 142 144 142 123 125 134 130 126 125 114 122 101 105 111 134 145 166 165 166 147 138 138 132 144 121 130 121 126 120 116 127 113 132 127 126 119  88  52  37  41  44  52  83  83  93  97  90  99 114 116 124 122 116 108 102 111 138 161 177 178 155 105  77  69  60  74 103 178 224 222 227 241 248 252 249 240 242 235 231 204 221 228 
 90  85  88  82  97 105  94  95  90 119 124 126 128 119 131 122 127 115 121 128 129 126 134 124 136 129 129 125 134 107  89 101 123 126 127 135 137 135 122 123 108 110 103 108 102 121 138 135 138 135 124 138 133 139 107  55  47  46  45 100 102 109 110  91  85  89  87 100 108 108 123 108 104 110 144 141 157 174 154  97  61  62  70  70 126 177 213 207 201 218 238 243 244 248 223 200 205 201 197 212 
 63  78  78  82 106 113 103  92  84 128 144 131 131 119 138 143 144 126 130 127 137 145 134  94  89  92  99 143 131  88  62  70  80  81  83  87  90  98 106  96  91  85  98 103  73 101 138 143 135 126 112 117 115 118  92  68  58  47  52 132 150 144 154 137 111 112 111 105 107  92  98  85 104 100 101 130 150 189 183 122  69  56  80 114 171 184 187 174 174 199 229 246 247 231 191 172 190 196 184 185 
 56  79  80  81  93 102 104  89  84 137 153 113 104  94 127 165 158 118 100  85 134 170 158  92  69  79  69 148 160  94  54  55  56  61  71  70  76  85 104  91  91  83 107 122  65  81 117 121 108 108 106 106 106 117  96  92  81  65  47 100 150 143 164 164 138 136 145 155 143 138 124 105 122 109  86 109 146 193 197 157 122  96 106 146 194 191 177 160 156 170 188 198 214 200 167 154 172 181 172 169 
 45  54  71  59  59  68  85  81  91 142 149  91  87  77 108 172 162 100  70  57  98 163 167  99  85 110  85 156 158  87  47  51  57  71  86  80  86  89  97 106  92  83  93 114  74  71  91  94  93 114 122 117 118 121 106 115 101  78  63  95 141 142 156 155 128  82  76 127 136 150 125 137 149 147 175 181 187 211 203 185 183 164 157 185 194 202 195 171 159 165 169 166 167 167 162 161 171 177 174 174 
 64  65  85  71  71  67  77  75  92 122 125  76  91  86  86 137 130  82  65  69  97 145 146  88  83 107  87 127 143  96  68  69  74  82  84  75  85  86  84 107  88  77  63  77  67  66  80  87 103 128 126 116 109 107  92  88 108 146 166 144 134 144 156 164 144  69  43 113 134 133  79 120 120 101 163 178 190 203 199 197 208 198 191 209 202 212 201 172 160 175 188 187 176 176 179 183 191 192 182 168 
 90  88  87  98 106  87  84  73  84  84  87  67  87 105  72  89  90  68  63  69  78  90  93  67  77  83  82  94 105  94  84  82  90  97  99  97  89  90  92  91  88  86  81  77  78  87  97  95 111 124 110 106  98  91 107 106 133 176 226 168 137 135 150 166 149  89  63 112 132 134  67 104 111  71  90 113 126 140 155 171 187 195 203 218 222 220 205 184 176 183 187 183 190 183 182 187 191 192 181 161 
 81  98  93 119 121 102  93  84  88  70  66  64  62  99  71  67  63  62  53  50  62  58  61  58  69  63  67  66  93  98  92  84  87  90 100 115 106 101 100  94 114 115 116 107 106 118 118 105 111 117 103  99 104  88 135 165 155 133 179 172 144 128 146 157 144  94  71 102 126 149  96 122 145 121  95  94  98 103 107 110 117 132 148 163 175 168 166 175 186 192 197 201 196 190 189 193 196 200 196 186 
 88 120 120 119 134 130 120 115 111  95  80  81  86 115 113  93  73  82  71  66  67  74  72  71  75  76  72  77 110 108 102 103 107 105 108 124 116  96  79 108 143 140 116 116 128 134 126 112 108 118 122 113 128 112 123 149 144 130 130 142 152 139 160 154 146  76  39  80 113 135 101 120 148 148 138 109  92 100 102  89  91  95  98 106 101  88  88 111 131 147 170 195 202 197 194 196 198 196 195 196 
117 153 159 149 162 159 149 144 138 122 110 113 108 131 135 117 112 112 109 104  96  95  96 101 104  93  90 103 106 101  97 114 138 139 118 103  85  71  56  88 114 121  93  88 130 143 144 132 129 140 149 150 166 156 151 160 164 148 126 114 137 128 151 156 153  96  59  96 123 143 121 119 142 122 138 122 108 107 117  98 104  99  95  90  89  78  71  76  88 104 122 137 153 158 170 182 192 200 213 225 
103 160 191 176 181 180 175 172 165 141 118 113  93 108 121 111 124 119 126 125 118 108  96 100 110 107 105 115 116 112 107 121 147 149 123 102  93  87  82 123 145 159 134 127 129 154 177 184 186 190 187 178 187 191 187 189 192 164 127 113 119 115 141 154 153 101  53  81 118 144 135 139 148 125 148 141 125 111 122  91  96 100 106 108 113 110  99  86  80  85  94  99 115 120 130 139 146 155 170 184 
104 154 190 171 150 150 150 157 159 142 120 114 105 104 104  94 111 111 128 140 116 107  90  93 117 132 127 121 108 113 116 124 137 134 122 118 121 113 111 133 141 151 137 128 140 160 179 190 196 199 191 180 167 160 150 158 170 152 122 114 130 126 142 155 150 105  48  70  96 128 118 146 139 132 152 155 130 114 129  93  77  84  87  96 102 117 123 114 106 110 117 119 110 105 102 101  98  99 104 111 
128 135 140 119 112 112 110 117 124 117 108 111 104 103 103 111 122 118 118 131 110 107  98 104 127 136 122 107  96 106 115 124 127 118 117 130 122 109 110 112 120 123 129 116 141 152 162 169 175 177 168 156 136 137 136 133 126 116 115 121 144 138 142 153 149 115  58  78 112 131 117 143 127 119 140 142 132 124 150 127  90 103  91 100  92 114 131 130 124 124 129 128 137 127 115 105  94  85  80  79 
141 108  96  95 105 109 109 110 109  98  96 108 102 106 107 131 130 115  96 105 108 107 108 120 130 121 108 107 115 112 113 122 121 104 105 127 137 119 136 129 150 144 155 127 120 125 127 126 132 140 144 141 151 165 178 163 131 116 105  87 108 107 116 140 138 111  47  64 108 123 123 142 138 116 151 148 130 124 149 144  97 131 112 128 113 127 140 141 137 132 129 126 120 117 117 119 118 113 111 112 
113 113 121 129 118 117 111 108 112 120 125 127 106 100 103 124 124 130 105 113 106 116 115 116 126 121 108 109 117 117 113 111 114 119 124 128 147 130 129 122 123 110 113 109 100  92  94 105 112 119 129 136 133 157 172 167 144 127 112  79  75  72  79  81 109  96  69  80 105 103 111 127 140 118 147 157 124 124 152 129  90 128 122 144 121 136 151 152 141 139 138 131 123 127 132 126 110 105 118 130 
 99 107 111 112 113 106  97  95  98 102 109 114  99  89  95  98 100 110  91  96  95 105 104 105 114 106  96 102 100 104 104 100 104 114 117 113 105 100  96  99 100 102 111 125 129 128 147 164 155 133 117 106 123 144 152 148 130 115 106  79 105 108  98  75  95  78  57  72  78  77  85 101 120 104 114 114  98 113 157 137  99 120 111 129 116 135 156 156 142 145 154 153 140 140 145 136 118 115 130 141 
110 109 110 113 118 114 111 114 120 121 117 112 128 123 128 115 118 117 113 111 102 104 107 119 124 110 106 120 108 108 110 112 112 110 108 106 111 117 125 134 145 155 165 171 158 151 150 142 120 103  95  90 144 159 160 151 129 110  97  67 100 136 132 123 125  99  43  58  77  83  74  69  76  66  75  73  68  92 150 150 112 124 111 130 117 134 155 153 137 138 152 156 159 154 155 152 139 134 140 144 
142 145 151 155 136 132 132 145 171 194 196 189 187 188 198 182 191 185 188 177 167 168 176 187 190 185 184 192 189 185 183 185 183 177 170 168 164 163 160 152 147 142 129 118 105  92  79  68  61  71  84  86 141 158 162 158 135 114 100  71  84 142 140 145 146 129  55  66 127 135 118 105  98  83  92 106  82  99 143 146 114 125 121 139 119 133 152 152 138 136 142 143 151 148 154 158 149 145 152 155 
182 189 194 191 153 137 138 157 158 137 132 143 130 140 148 144 153 147 155 145 144 144 152 156 156 159 163 161 162 157 153 157 162 162 157 154 133 121 106  93  86  79  66  55  59  50  45  46  60  84  96  87 143 155 157 152 130 110  99  74  97 150 140 141 143 138  64  68 135 150 135 144 148 133 128 141 131 135 152 149 117 129 124 130 120 130 149 157 151 146 145 139 135 135 147 157 150 145 153 161 
205 215 222 222 173 157 165 186 166 111  86  99  83  94  88  91  81  75  91  97 109 102 106 106  92  90 103 110 107 100  95  97 108 115 110  99  79  66  54  50  52  53  57  60  63  75  93 107 119 123  98  58 162 165 158 152 132 111  96  67  95 145 150 154 158 152  76  57 124 152 136 147 155 151 141 156 153 155 160 154 128 143 139 130 129 133 148 159 154 149 147 139 144 141 151 160 150 141 145 153 
146 148 148 145 136 125 121 125 122 107  95  93 118 128 105 103  71  64  86 108 123 104 106 104  76  64  86 108 113 107  96  91  99 107  95  75  61  55  59  71  82  89 103 119 128 135 145 145 145 143 111  65 136 139 138 146 141 126 110  76  86 134 154 160 165 157  86  52 100 156 154 152 145 142 135 154 150 153 153 147 125 146 144 130 133 136 150 159 155 154 155 153 149 143 152 163 155 147 149 154 
 90  81  86  86  87  88  88  78  96  99 123 123 142 167 144 146 124 123 137 147 157 139 140 147 131 128 137 143 151 151 143 144 134 144 121 122 103 105 120 117 144 147 150 159 130 111 129 125 113 138 136 114 132 144 146 141 122 114 110  78  92 135 151 159 153 152  99  57  90 155 174 159 158 130 116 147 153 154 149 160 135 156 129 124 126 122 151 161 164 150 161 154 149 150 150 173 157 148 140 156 
121 107  96  97 106 100  90  82 128 148 156 170 163 188 176 175 170 163 178 178 170 163 166 186 173 177 178 182 183 180 171 182 178 173 173 149 144 147 130 110 130 132 119 139 107  95 111 129 114 151 138 115 130 148 155 155 139 121 108  86  94 136 153 162 160 156  98  49  97 147 162 157 160 146 137 161 145 144 152 163 148 160 147 151 133 128 152 162 162 151 159 150 156 156 155 169 157 153 147 159 
153 136 111 113 106 103 104  95 119 100  82 144 180 198 194 166 135  91 143 185 182 174 180 179 140 112 143 194 198 189 158 132 158 172 184 143 109 130 101  89 121 137 112 145 132 112 112 140 127 154 124  79  90 126 138 144 139 118 101  88  85 127 149 156 163 161 110  59 117 152 162 162 159 151 137 147 143 136 160 167 163 154 151 155 155 145 158 162 156 150 155 148 155 156 156 163 159 159 160 167 
177 169 141 146 126  97 107 136 148  85  41 131 186 186 195 174 127  38 106 190 195 163 185 177 143  55 105 190 205 198 141  44 115 182 183 149 113 139 111 101 133 154 127 157 135 111 116 118 112 118 121  84  93 141 151 140 128 105  85  68  75 122 150 150 157 151 106  56 122 156 162 167 156 154 138 148 148 136 168 175 184 160 153 151 161 149 150 153 140 143 153 150 155 156 159 160 160 157 160 164 
186 183 159 164 164 103 106 163 162  89  50 131 185 183 199 193 144  41 106 197 196 160 190 184 160  49  95 189 203 205 155  33 110 195 172 149 132 147 131 112 127 142 119 128 112  78  85  87 107 108 126  80  94 139 151 137 116  95  84  67  70 121 159 154 163 151 108  54 113 153 152 157 146 150 135 154 152 138 166 179 195 183 178 174 173 161 154 152 131 140 153 156 155 152 161 159 161 153 161 169 
191 184 165 169 169 114 107 156 118  63  59 109 150 158 163 158 130  65 113 169 169 152 165 164 148  81 106 175 193 192 162  74 113 173 174 159 133 123 117  84  82  99 105  94 118 108 124 134 130 112 121  77  84 112 132 130  95  63  63  53  66 116 153 144 163 154 118  65 114 163 155 159 148 145 111 138 140 123 138 147 161 171 177 183 189 181 171 169 140 156 168 175 164 156 165 160 162 144 159 175 
194 189 181 183 136  82  84 115  87  63  79 113 115 121 114 121 128 109 130 134 135 128 124 141 151 133 129 158 147 146 157 141 149 159 151 134 100  98 123 106 113 138 146 134 126  95  74  93  81 103 122  86  63  79  95 105  83  56  59  66  74 110 140 134 149 147 112  55 107 170 162 169 164 153 116 127 130 115 113 110 113 129 141 147 171 174 175 169 152 167 187 195 182 169 173 169 163 139 149 166 
162 156 154 151 111  78 104  93  89  83 102 134 147 161 160 161 142 132 157 165 167 156 153 162 162 147 152 176 177 177 171 162 170 182 169 152 141 134 130 100 101 124  99 105  99  73  63 107  81 117 126  79  56  76  74  67  73  60  53  74  85 107 137 148 147 150 114  53  79 156 152 159 160 157 150 136 135 134 129 126 118 117 119 106 116 124 132 106 117 133 172 187 190 180 177 182 169 151 152 171 
125 115 104 105 118 112 120 104  93  78  79  79 138 165 178 167 114  76 110 153 185 165 163 166 137 107 120 153 186 193 151 120 123 152 183 163 108  91  73  59  75 120 108 114 117  84  84 117 105 113 115  69  61 104 124 113 101  81  64  65  82 102 131 146 156 160 125  69  88 155 156 152 143 136 137 139 142 138 128 127 119 119 133 129 123 116 110  91  93  98 125 138 146 152 171 187 181 166 171 190 
133 131 113 116 124 106 109  98  93  72  48  62 134 162 169 161 121  54  66 145 179 163 155 163 139  81  81 142 176 201 159  86  80 143 182 160  98  99  89  87  95 134 125 135 128  88  92 109 112 102 101  68  53 112 146 137 125 113  94  80  79  86  99 117 141 149 114  64  89 146 158 156 148 140 144 150 155 153 139 136 113  93 105 103 127 124 129 136 139 128 125 125 112 124 149 170 173 167 176 194 
115 121  95  96 103  89  97  84  93  91  42  67 136 164 162 163 152  66  46 151 176 169 150 167 169  90  63 144 186 203 184  81  55 124 138 130 103 111 106 106 109 123 110 110 121  88  99 107 121 107 106  90  71 112 131 114 104 109 104  89  71  75  73  82 103 114 100  80  89 125 142 143 149 146 153 157 146 152 144 154 127  90 103 100 101  97 105 131 145 145 138 140 155 148 143 139 134 133 146 162 
143 156 128 130 149  99  72 104 145 120  48  67 127 151 160 162 152  77  49 137 175 170 145 157 169  99  63 125 184 183 179  93  65 111 110 121 118 115 108 106 130 134 128 115  94  77  94  96 104  91  82  81  93 114 124 111  99 101  96  80  67  85  92  93  98  94  89  92  82  90 103 102 120 125 136 141 132 130 117 139 125  97 122 124 119 113 113 140 145 146 131 129 130 131 135 138 136 128 122 120 
167 185 158 170 174 143  68 126 170 116  65  74 100 107 146 158 143 116 106 142 170 159 146 154 160 134 121 144 169 182 182 133 122 158 162 157 157 148 141 124 156 146 153 134  74  72  89  82  84  78  63  78  88  98 110 109  97  93  91  82  82  97  99 101 110 107 107 123 103  88  90  76  90  84  87  86  84  87  83 136 142 109 125 111 125 124 126 158 163 170 148 141 126 129 134 136 137 135 135 136 
167 185 170 150 161 147 117 136 152 136 112  90  85  94 106 125 126 133 129 145 143 135 135 145 152 151 157 165 165 162 164 163 154 144 143 152 152 149 153 141 161 140 139 131  91  84  84  89  71  72  69  77  85  95 100  96  99 114 119 111 112 112 105 105 122 141 151 156 140 137 130 107  93  81  78  74  79  78  83 116 131 123 126 121 124 122 131 159 168 162 150 151 147 145 147 137 131 131 124 126 
160 168 163 131 112 112 122 127 136 151 138 106  87  92  84  97 104 100  92 112 125 121 120 127 134 137 141 147 145 156 155 147 137 119 102  99 118 120 113 114 122 118 115 132 115 113 110 116  91  89  81  82 101 104 106 108 119 136 141 138 137 132 125 123 136 155 162 156 152 155 146 126 109 105 102  98 110 104 104 110 115 113 112 117 119 117 128 146 147 133 129 138 139 134 136 122 115 121 117 123 
158 162 159 130  91  98 109 114 113 118 118 106 112 107 109 111 110  74  60  79  83 105 125 127 118 112 111 113 148 166 148 124 133 137 127 129 137 135 127 148 139 139 130 143 136 151 147 137 116 107  97 103 110 103 102 108 115 120 124 128 137 134 126 122 127 137 136 129 126 126 117 104  96  95  92  88 100  97  96 103 105 104 108 114 113 109 111 117 112 104 112 128 139 131 127 108 103 116 126 141 
163 175 173 144 154 141 144 148 134 119 126 139 152 141 137 119 106  50  42  65  75 114 145 137 114 112 129 146 143 155 128 109 133 147 148 165 140 116 143 183 171 167 158 127 115 152 167 155 138 116  99 103 109 111 113 112 112 115 118 120 128 129 126 122 122 124 123 119 120 122 118 108  99  93  89  85  75  75  81  91 101 107 112 117 114 115 121 126 121 110 110 117 116 113 116 103  98 111 120 134 
148 154 152 138 142 140 143 142 130 126 132 134 139 152 167 165 158 113 104 123 151 168 171 152 139 154 186 208 150 152 132 127 148 148 142 162 114  72 121 164 163 160 164 102  80 125 160 159 147 117 102 103 100 113 119 112 108 112 114 111 116 121 125 124 122 123 126 129 131 136 138 131 120 109 102  99  99  96  95  97 100 104 108 112 103 102 103 105 105 103 101 101  87  87  93  81  76  85  88  98 
116 109 101 102 127 142 154 148 141 150 151 136 137 155 153 146 142 137 139 159 161 158 147 134 133 143 154 158 150 142 129 131 144 143 144 160 145 120 139 156 159 160 160 121 123 136 158 152 144 128 139 144 139 145 147 144 139 138 137 135 132 133 134 133 133 131 133 135 125 129 133 134 128 119 114 112 103 103  99  89  80  80  86  93  87  93 102 110 112 104  89  78  80  78  84  72  66  70  66  71 
136 134 120 125 125 132 144 149 142 142 142 136 126 152 146 143 142 155 148 156 158 155 150 146 146 148 149 147 157 150 145 146 149 147 147 152 148 156 139 140 143 154 141 146 150 133 140 129 123 114 136 140 153 145 144 151 155 149 147 150 145 139 131 128 126 122 118 115 115 114 114 117 114 106  98  93  97 107 115 109 100  99 109 120 134 127 114  98  89  87  87  84  67  69  81  79  79  84  77  78 
159 160 148 138 127 131 131 128 131 139 141 137 132 139 145 146 143 141 144 148 143 152 144 144 130 142 135 134 142 136 138 127 122 127 128 138 136 125 130 129 115 137 118 125 132 126 105 114  94  88  93 109 121 120 120 120 123 124 120 115 126 120 115 117 123 126 123 117 125 132 122 124 123 106  94  83  97 109 127 119  88  80  90  88  90  94 101  64  57  83 136 141  87  74  80  98 101 101 114 128 
139 138 132 127 131 133 131 128 131 136 131 121 125 117 110 112 117 121 124 124 118 124 118 123 118 130 120 115 119 120 131 128 122 123 116 121 127 131 137 137 117 121 115 122 128 118  93 102  87  83  91 104 118 121 121 117 115 123 138 150 136 137 132 129 136 138 126 113 130 135 126 125 117  93  86  85  89  95 105  94  62  48  56  62  52  60  86  82  85 101 145 160 126 127 147 171 175 177 190 201 
123 125 127 128 131 129 125 122 125 129 124 116 122 124 126 122 113 110 125 144 130 108  96 121 144 153 137 125 100 110 136 148 151 144 118 108 123 144 137 135 111 103 130 148 156 118  71  74  81  84  88  87 111 117 117 105  92  93 114 136 143 151 139 121 128 138 131 120 133 139 130 131 116  83  75  79  93  90  96  96  82  80 102 124 130 130 149 159 160 158 180 197 206 206 217 226 222 219 221 221 
113 118 121 121 122 123 121 119 116 117 115 111 117 118 121 117 104 100 122 150 133  70  43  93 152 158 133 115  73  82 114 138 151 141  99  74  99 146 143 130  92  62 118 157 150 107  55  42  47  53  76  87 109 113 113 101  76  58  59  69 106 139 139 122 129 134 118 105 137 138 128 131 120  88  79  82  97 102 121 150 162 164 177 196 194 194 197 207 212 215 217 225 241 227 221 221 213 209 202 191 
113 119 118 113 112 120 127 129 129 124 122 120 137 134 132 121  99  88 116 155 133  54  21  74 149 154 129 107  44  58 100 134 152 132  73  33  66 136 158 144  99  49 103 154 137  96  49  30  36  35  64  77  87  91  97  97  82  62  53  54  58 105 115 107 123 127 109  99 129 130 120 127 130 114 114 118 117 123 141 179 211 217 215 225 224 226 212 212 210 206 188 185 185 166 155 153 143 131 119 108 
130 134 132 124 129 130 135 138 139 136 134 133 126 122 123 118  94  79 105 145 128  70  46  76 140 148 132 108  50  61  99 130 146 132  79  44  71 121 142 131 117  72 103 142 132  96  63  54  69  55  65  60  71  72  79  87  87  80  82  89  84 119 113  98 123 136 128 131 140 150 144 151 155 144 142 141 145 138 133 158 198 210 203 204 184 181 154 147 136 126 101 106  98  85  86  93  83  74  81  90 
132 137 128 125 123 119 114 112 111 112 114 117 106  92  85  93 102 101 109 129 125  99  90  95 138 145 143 125 109 106 119 131 142 141 123 115 126 138 137 125 132 118 130 144 143 122 115 108 112  92 105 104 112 106 103 115 120 124 127 133 146 164 151 138 159 171 160 155 166 171 161 154 144 126 115 107  91  88  76  89 123 132 118 111 104  99  78  88  80  74  65  91  85  78  86  96  86  82  98 118 
124 128 109 115 116 115 118 116 111 114 126 133 122 102  77  82 114 129 126 129 145 150 151 140 156 155 161 161 166 166 168 171 167 160 163 171 167 163 160 153 145 155 161 156 159 139 146 136 131 124 145 145 146 142 138 163 171 183 170 167 181 177 167 155 149 144 129 110  96  90  82  73  67  63  58  53  61  76  70  65  80  86  77  74  91  85  76  99  96  85  87 108 107 103 110 119 122 129 133 129 
170 165 147 136 115 106 128 127 120 109 131 133 130 100  80  88 103 108 104 100 141 150 147 142 140 139 135 140 135 134 140 142 131 122 126 133 123 118 117 117 110 103 103 105  95  90  97  93  99  97 107 104 107 112 114 132 131 138 127 128 102 103  92  74  61  59  56  53  51  54  57  63  75  83  79  70  89 106 102  91  97  98  91  93 110 107 110 119 128 127 127 125 134 130 132 135 135 142 141 130 
183 180 164 137 105  88 124 123 113  91 123 122 115  91  88  90  71  57  60  62  60  66  56  65  63  71  57  59  61  50  55  64  57  54  58  56  52  56  58  57  55  51  48  50  53  54  53  51  55  48  48  56  63  64  58  65  56  60  51  51  51  60  59  53  61  79  81  68  90  84  77  78  89  98  93  80  91 111 110 103 115 123 124 133 127 126 143 134 140 129 132 135 133 121 125 133 119 102 106 117 
187 182 168 139 112  93 128 124 111  88 120 118  96  90 101 108  87  75  83  91  98  81  44  48  58  79  70  71  64  46  56  78  81  83  77  56  57  80  86  83  92  95  84  76  88  93  82  81  79  54  38  62  88  87  84 103  98  94  72  64  81  96  95  81  83 100  97  77  88  92  96  97  97 101 109 115 114 128 121 115 130 141 139 142 136 123 129 117 130 111 102 126 113  76  78 108 100  68  74 108 
167 156 151 140 107  98 120 120 114 104 128 130 119 117 123 131 134 133 135 137 158 125  79  64  75  88  90  94  74  53  69  97 100 102  94  65  58  89  96  97 120 129 112 101 105 120  98  93  93  71  44  69 103 100 110 148 151 135  95  80  76  88  94  88  89  99 105 104 104 117 133 135 121 108 118 137 120 132 125 120 137 139 122 114 144 119  97  88 116 100  67 107 114  63  55  93 101  78  77  98 
103 101 118 129 122 126 136 140 138 140 148 153 154 160 154 149 158 162 158 161 161 149 131 106 109  93  92  96  85  60  76  98  92 100 108  89  84  99  95  96 119 125 113 113 115 141 102  84  96 103  74  96 109  97 103 152 158 143 108 101 111  99 102 121 125 114 112 122 110 100 105 120 118 100  97 108 106 122 124 128 142 136 105  85 132 123  85  73 110 105  56 121 122  93  88 105 115 114 113 110 
110 122 139 158 160 158 156 159 161 164 168 172 168 169 152 140 138 124 112 120 102  87 104 125 120  99  96  93 104  97  97 106 101 101 122 130 123 129 101  95 127 134 115 119 127 136 110  84 108 124 128 121 111  91  95 137 158 141 118 121 135 114 108 111 125 109 101  94 101  96  94 102 111 107  97  97 105 124 135 124 148 136 101  81 126 123 109  93 107 113  98 125 130 128 118 128 132 141 131 129 
158 172 170 179 184 178 168 158 148 135 123 114  94  88  74  72  73  56  46  60  68  63  80 106 108  96  89  89  98  95  88  92  87  87 110 115 115 116 101  96 118 111  97 102 114 124 115  89 101 109 116 118 110  94  96 130 155 136 112 110 117 107 101  94 107 107 104  90 104 106  99  96 108 109  96  87  99 116 130 114 141 140 125 122 133 121 128 121 117 125 129 129 131 135 127 133 130 126 114 122 
149 147 128 122 101  93  84  76  67  58  53  52  60  50  47  63  72  56  50  67  86 106  96  85 101  96  82  90  97  82  80  93  84  87 105  93  87  93 107  99 103  67  74  98 118 135 124  94  96 104  72  89 110  99 100 130 156 143 111  97 102 108  99  91  91 109 101  87 105 105  93  89 103 111  97  82 102 113 125 116 137 143 138 146 136 121 125 127 119 122 116 121 122 108 100  99 107  90  85  92 
 72  68  56  52  54  47  51  63  64  57  65  83  83  65  64  84  91  75  68  76 103 135  99  63  95 105  88 101 104  75  80 111 104  98 112  96  68  97 120 102 107  45  57 117 130 144 123  89 101 120  55  54 113 104 104 131 159 149 109  81  95 114 104  96  86 111 102  87 100 103  94  89 104 114 104  92 103 108 118 120 136 141 119 112 125 119 100 100 109 108  84 106 129  94  78  78 103  85  81  85 
 58  68  69  74  78  73  81  98  93  76  79  98  96  79  78  89  93  93  98 102  96 131  96  62  97 114  97 103 112  76  76 113 112 102 118 113  62 111 129 108 119  47  44 112 124 143 122  83  98 119  60  43 114 106 106 131 160 151 110  80  89 108 105 100  93 114 109  96 102 109 103 100 109 115 110 106 106 104 108 116 128 138  99  71 112 119  77  74  99 102  63  99 120  91  78  82  99  80  75  81 
 83  88  86  87  93  91  89  90  91  93  97 101 100 103 110 106 101 117 137 136 101 127 109  83 103 113  98  96 113  89  81 107 111 104 116 117  75 110 120 112 118  74  60  97 117 133 121  91  99 103  78  65 105 102 105 129 153 146 118 102  99 105 107 100 102 105 108 103 112 114 110 110 114 110 106 109 115 116 116 121 123 139  97  60 111 117  82  82  92 105  70  96 112  96  81  87  89  78  68  79 
100 101  94  91 106 116 114 101 107 123 117  95 100 121 137 119  94 104 119 110 103 118 110  91  91  97  93  90 101  99  92 104 109 105 106 100  94  97 104 111 109 103 100 102 100 106 102  92 107  98 104  97 103 102 105 121 134 122 105 103 107 100 106  99 110 103 113 114 114 110 106 109 115 105  98 105 102 113 121 124 119 141 104  67 110 110  99 109  95 121 103 108 113  93  63  71  74  79  66  73 
