121 158 199 210 189 157 150 179 178 169 170 167 161 160 166 154 160 156 152 153 153 161 148 154 152 151 149 148 157 169 182 182 156 102  67  52  44  50  61  66  66  71  67  68  76  80  77  77  75  74  80 100  84  90  87  87  84  82  90  90  73  81  94  77  60  71  59  58  58  56  59  64  98 127 125 109  82  71  68  85  82  59  62  85  74  61  62  59  59  53  34  26  37  34  19  14  14  19  16  20 
204 204 180 161 156 167 174 164 170 164 166 171 157 152 156 149 154 154 152 153 146 147 136 137 142 159 178 182 182 153 118  78  39  34  43  54  58  54  51  54  65  68  66  74  73  75  79  72  68  70  71  70  73  72  63  75  81  82  91  87  89  71  97 127  99  85  78  67  70  65  59  60  96 111 103  74  77  89  62  85  97  70  65  77  71  53  55  40  45  62  54  33  20  21  15  18  18  17  13   9 
189 182 178 174 170 170 164 168 170 164 166 166 164 164 155 153 151 153 148 146 137 129 144 158 182 189 175 136  85  51  36  46  63  74  57  53  56  61  50  53  62  58  63  61  68  70  60  60  64  57  56  53  63  61  62  59  62  73  96  92  98  91  92 111 102 109  97  69  67  69  65  84 110  88  84  72  68  62  72 101 102  74  56  57  63  62  48  49  48  56  63  52  35  44  33  17   9  11  12   8 
192 198 194 172 163 157 161 165 158 160 164 149 152 158 158 149 142 143 135 142 149 176 188 188 159 103  54  27  38  35  40  33  66  88  44  54  52  56  54  58  52  60  62  59  66  76  60  54  62  68  61  48  47  49  63  75  70  72  87  88  93 101  88  62  49  75  91  86  64  64  56  69 101  79  64  92 102  75  67  87  70  70  79  62  70  74  59  54  51  41  44  51  58  65  73  53  28  16   9  12 
181 176 180 173 161 151 152 157 152 154 155 153 148 146 144 144 135 146 159 178 192 175 126  74  45  43  44  41  36  31  31  35  33  39  47  51  58  61  56  54  55  61  64  65  67  69  71  58  57  77  86  82  61  54  63  68  50  50  64  90 101  88  81  49  40  41  62  86  87  65  64  64  69  75 107 127  93  79  68  77  79  73  84  90  63  30  30  34  33  44  38  37  43  51  67  66  67  38  17  22 
173 177 165 164 165 158 152 148 154 158 151 150 147 141 141 155 173 186 182 154 101  46  28  35  65  69  56  42  36  37  34  42  49  51  51  58  51  44  47  49  51  59  58  65  69  65  65  63  65  69  66  70  70  57  63  77  69  68  61  69  91  89  75  61  48  41  56  90 102  77  82  90  73  79  82  94  73  64  55  59  69  60  76  86  53  37  29  10  13  15  20  27  23  38  44  48  65  59  25  15 
165 174 173 164 159 160 159 164 157 152 162 159 155 168 175 183 185 152  74  49  34  35  47  50  65  80  56  51  56  52  49  48  45  52  69  58  51  49  54  58  57  59  61  70  73  79  81  65  70  78  63  64  74  73  57  67  80  81  68  63  64  65  68  70  57  52  77  85  83  87 102  95  87  72  62  63  51  57  64  73  79  58  66  73  56  34  26  20   8  11  10  11   9  14  21  24  35  34  20  18 
164 170 174 167 150 154 154 147 135 148 162 170 183 183 162 120  92  67  41  50  55  46  58  64  66  85  91  70  68  60  45  53  53  56  59  62  52  49  61  58  56  60  67  66  61  66  75  83  84  81  86  76  63  67  70  58  61  69  63  69  61  69  94  84  83  74  78  67  66  78  79  57  52  61  59  60  53  79  98  83  76  55  49  42  34  35  23  20  18  11  12   8   9  10  11  11  16  11  16  20 
160 157 162 162 152 147 148 147 163 168 186 187 147 103  86  83  69 102 113  93  63  58  61  62  61  68  90  76  57  65  45  52  58  52  63  63  54  47  53  59  61  57  64  68  68  67  67  73  73  76  71  74  68  60  67  58  58  69  72  76  72  80  91  89  95  77  74 115 121  97  58  47  45  51  55  44  53  61  79  80  70  57  41  33  33  31  30  24  21  15   7   8   8  15  15   9  12  12  13  16 
151 144 145 156 148 145 168 186 190 179 144  96  80  60  82 103  79 122 141 117  54  60  59  50  52  55  55  56  55  60  54  46  53  57  70  73  71  63  58  61  66  61  64  65  67  60  57  56  67  83  74  75  89  69  70  60  58  67  71  72  69  72  72  86  98  88  72  76  80  93  76  58  54  68  75  64  63  54  57  51  45  36  29  16  24  25  28  32  23  15  11  19  15  10   9  11  14   9  15  20 
151 141 142 159 172 191 193 160  92  59  55  54  54  71  73  70  71  86 119 112  46  48  48  46  44  50  59  55  45  52  63  58  56  60  70  74  81  80  70  57  61  70  67  67  62  64  62  63  60  68  76  72  87  82  71  83  77  75  76  67  68  69  75  80  81  94  81  62  63 106 109  94  94  83  87  80  65  50  60  55  37  16   7  16  30  31  29  28  33  21  23  21  14   8  12  14  13  11  10  17 
149 151 173 192 179 145  79  35  32  44  55  44  45  44  40  48  50  49  50  60  53  52  51  50  41  50  50  51  53  60  51  55  58  63  57  65  60  67  70  69  69  64  66  72  70  57  58  60  56  58  51  59  74  80  78  85  70  60  58  57  52  57  68  78  96  92  93  81  86  85  88  86  79  95  83  64  62  61  51  40  20  10  11  14  15  23  18  19  28  25  15  11   8   5  13  22  14  11  11  15 
179 191 170 120  64  51  57  38  39  31  33  37  54  46  47  52  53  51  44  48  47  46  46  50  48  45  52  57  52  48  56  59  52  48  46  54  65  75  66  64  72  58  59  61  56  62  58  59  59  55  61  63  65  72  76  97  88  66  58  41  49  69  66  67  77  78  89 111 105  88  86  96  94  86  80  76  69  52  50  38  28  16  13  17  12  15  14  11  23  27  21  19  14  14  15  17  19  15  11   8 
158  98  43  31  49  59  60  47  43  46  40  35  46  45  44  46  47  50  57  54  55  49  39  38  51  48  52  64  65  44  43  41  45  47  48  55  65  81  89  89 102  88  79  75  70  77  67  55  48  56  59  58  66  66  77  93  79  49  50  61  65  67  75  76  74  84  80  93 112 112 101 106 101  95  81  54  28  21  26  29  27  21  17  19  11   8  11  22  39  38  31  23  20  22  21  17  20  14  14  15 
 35  34  44  44  43  51  49  48  43  44  37  41  44  45  42  48  45  46  54  55  52  57  55  48  49  50  53  55  56  51  40  46  52  53  49  45  50  64  67  75  84  98  94  92  80  76  64  68  50  52  58  62  62  67  64  73  72  56  59  57  62  73  84  85  80  80  84  77  93 102 100  89  72  65  60  26  11   9   5   9  13   9  11  17   9   9  21  24  22  29  24  14  14  13  16  21  21  17  16  19 
 44  38  47  47  39  47  50  54  46  46  45  39  34  36  43  41  50  54  50  47  46  49  56  51  54  52  55  54  54  54  63  97  63  58  68  54  43  50  50  48  57  67  66  73  92  92  69  62  66  57  56  64  62  63  69  66  66  73  66  49  51  58  75  68  71  74  81  90 104  98  69  34   9  11   6   5   6   8   5  13  19  19  35  20  17  16  19  18  17  10  10  11  13  14   9  16  23  22  19  33 
 44  45  46  40  38  52  49  54  48  45  47  54  46  46  56  49  62  69  64  61  53  46  45  55  52  50  56  60  58  48  54  73  55  55  86  84  72  68  64  58  63  53  53  62  90 105 101  85  72  54  55  66  58  54  67  65  56  73  97  77  66  55  62  64  66  94  77  76  96  91  63  26  13   8   6   4   6   4   6   7   5  10  29  40  31  28  31  16  15  10  14  14  15  16  25  22  14  19  17  25 
 39  39  47  45  45  40  45  57  47  42  45  49  54  66  68  60  56  55  53  52  58  49  38  52  67  62  55  60  57  58  49  51  50  60  69  86 118  94  72  58  77  79  61  57  74 113 114 111  99  90  77  67  57  61  61  75  87  94  94  64  49  48  58  70  59  78 101  84  66  70  81  45  21  11   4   4   3   3   5   9  15  21  11  22  31  33  31  19  17  25  23  13  16  15  30  26  26  17  16  21 
 36  35  39  42  38  29  20  23  25  26  24  34  58  57  63  58  62  66  55  55  56  55  60  65  63  65  59  56  66  59  46  51  62  64  51  53  97 110  98  75  79  68  48  61  71 105 127 125 108 112 113  94  87  78  75  67  79  87  63  46  44  44  52  69  58  64  93  80  68  74  64  41  25  19  10   7   7   4   8  14  32  37  23  29  34  41  38  27  17  23  22  20  28  18  21  33  30  30  30  31 
 36  42  42  35  21  10  16  10  15  18  14  20  42  60  58  61  70  67  59  57  52  61  72  58  65  69  62  62  66  62  47  53  56  58  76  61  55  84  89  86  73  58  69  62  67 103 119 127 115 109 114  95  95  95  95  90  84  74  56  48  50  62  62  58  63  54  67  70  67  62  27  18  14  17  15   8   2   8   9  22  30  19  18  33  42  40  41  28  25  18  18  31  35  26  25  33  27  34  49  55 
 38  41  32  18  19  16  14  13  20  28  30  22  20  33  51  54  59  59  59  51  52  52  58  64  75  67  61  63  74  72  57  64  71  74  88  98  77  66  69  84  77  67  83  77  67  84 119 121 113 110 105  99  89  92  94  83  74  66  62  56  43  49  56  60  64  62  60  60  63  65  37  19  16   8   4   8   8  15  17   6  15  27  32  30  37  45  42  30  36  30  21  30  39  35  34  31  37  48  60  63 
 45  31  19  17  12  11  19  13  18  21  11  22  24  14  41  51  41  49  49  48  51  51  55  53  66  70  67  63  72  73  63  63  69  62  62  85  82  74  69  79  91  71  53  65  85  91  99 115 118 108 111  94  91  87  63  55  75  80  73  63  46  52  51  62  68  66  64  68  75  77  38  24  15  11   7  14  26  22  21  13  15  22  39  48  56  74  74  47  30  35  33  32  35  30  32  39  42  55  61  65 
 43  26  21  25  16  14  18  19  31  23  20  15  12  16  36  45  41  34  32  38  43  43  48  51  62  74  70  79  72  68  67  64  71  58  63  75  85  65  59  85  78  64  51  59  71  96 119 103 102  91 100 103  81  70  55  46  54  69  58  59  56  57  58  67  82  74  63  66  76  69  45  43  23  27  15  22  36  25  29  24  22  29  35  71  95  84  96  79  66  63  51  58  57  50  50  51  59  72  64  71 
 36  21  26  16  17  16  24  21  25  23  12  14  23  23  32  35  27  33  37  39  39  38  43  52  52  67  75  74  69  70  60  64  64  65  69  69  74  71  78  84  63  66  71  55  57  69  84  95  99  97  91  94  84  69  67  58  54  47  42  59  60  58  63  57  68  66  65  68  68  61  59  46  37  25  26  28  46  47  39  31  21  52  97  99  97  98  81  77  80  76  66  78  69  65  67  62  68  75  72  74 
 19  11  16  15  17  20  20  20  14  25  26  15  31  32  26  22  25  35  37  38  44  41  43  62  47  57  72  82  68  60  60  54  58  59  64  68  71  73  72  69  74  60  63  58  53  58  55  85 113 106  93  91  92  76  78  77  68  62  53  53  50  52  63  63  59  50  58  58  58  62  62  56  52  40  42  51  61  59  33  24  15  50  72  73  75  88  84  71  61  66  75  68  68  61  49  58  69  75  79  67 
  6   4   7  10  19  28  26  25  28  26  33  27  24  27  18  23  43  39  32  34  42  46  49  63  64  71  78  83  91  84  71  69  51  60  68  68  73  72  72  65  75  69  79  61  54  52  51  65  78  91  89  83  86  69  72  78  70  63  62  56  53  53  53  62  58  57  55  50  53  56  60  69  64  64  66  54  65  51  29  20  15  29  29  48  53  71  79  72  82  82  78  72  80  71  59  56  63  84  79  66 
  7   7  10   7  12  29  42  34  36  32  31  36  36  31  37  42  51  42  38  44  50  56  56  60  87  88  78  87  89  90  81  70  74  69  61  58  77  74  65  66  70  71  85  75  59  52  57  52  57  69  73  76  75  77  81  72  63  74  64  57  51  50  51  60  57  51  50  52  61  61  51  60  67  61  77  81  68  55  48  32  39  63  56  56  77  97  97  88  81  81  83  80  80  83  73  66  73  64  65  78 
  6   9   8  10  15  15  47  49  33  43  42  26  32  34  39  57  52  42  29  35  47  48  53  64  85  97  92  79  89  87  77  72  75  72  65  61  63  64  57  56  61  66  64  96  96  70  76  61  57  53  56  59  72  98  81  72  81  76  82  77  68  67  59  54  49  56  63  54  63  60  52  53  52  54  77  99  95  75  67  74  90  91  75  75  87  95 102 100  91  84  75  73  82  91  70  57  68  73  66  90 
  9   7  11  15  21  26  29  48  54  50  49  36  35  37  47  44  52  55  27  27  26  41  54  61  60  79  86  85  82  86  81  64  46  48  61  56  59  64  54  51  55  56  76  89  87  94 101  88  78  67  54  66  63  94 108  91  78  68  72  67  60  67  63  49  50  55  57  53  66  66  65  61  57  64  67  68  76  77  72  80  99  92  88  78  86  74  85  84  88 102 101  95  85  85  84  70  74  75  74  87 
 10  12  15  19  25  35  29  41  48  50  54  59  51  57  52  39  59  49  27  32  37  35  52  60  58  80  96  86  90  90  86  74  51  49  50  47  54  57  54  49  56  55  76  77  72  67  70  85  84  80  69  68  72  82 109 111  80  74  66  53  52  58  62  53  58  54  55  58  57  75  66  48  52  59  60  66  72  79  82  69  70  79  68  62  67  70  62  83  93  93  95  92  94  94  95  87  77  76  84  86 
 21  23  22  25  29  28  21  28  29  25  30  51  53  58  57  43  43  41  37  31  41  42  33  51  60  64  81  87  88  87  87  80  63  53  53  49  47  54  59  50  51  64  70  70  78  71  74  73  68  63  73  73  75  74  83 108 111  88  59  70  64  75  72  56  56  63  64  62  51  61  71  64  64  64  56  64  70  67  71  76  75  73  85  70  68  85  67  66  74  88 101  91  90  76  64  71  78  94  89  83 
 16  31  30  24  33  30  24  36  36  31  30  49  65  64  62  59  37  31  32  35  37  32  46  68  73  67  67  84  76  81  69  67  63  62  62  67  55  52  65  65  63  75  80  83  85  78  74  64  54  59  80  93 100  80  74  88 130 144  92  88  82  92  77  63  55  66  76  62  63  66  65  93 101  75  57  61  65  60  68  76  95  84  84  77  66  61  59  52  54  69  88  87  75  88  90  70  80  93  88  98 
 25  27  31  25  32  33  29  23  25  31  20  52  69  53  65  56  50  48  27  28  30  33  66  80  87  90  83  85  94  94  91  67  68  72  83  94  66  64  68  78  79  83  89  80  82  81  79  71  64  58  66  83  97  91  74  67  88 127 138 104  92 110  96  63  61  59  79  76  60  52  64  74  95  97  84  82  76  62  64  62  68  85  96  93 104  88  92  90  83  87  76  86  93 101 106  97  92 103  94  91 
 24  30  32  25  29  28  19  16  25  31  35  57  63  49  59  33  38  59  49  35  33  38  45  60  85  79  83  85  83  77  84  65  70  72  73  73  68  67  70  80  81  76  97 103  84  74  71  62  74  69  62  72  87 102  98  75  68 100 120  96  99 110 127 104  79  65  68  88  86  59  58  70  82 105 100  86  79  68  63  69  64  87  98  95 111 114 127 123 110 105  90  81  89 103  99 111 112 115 117  97 
 12  17  23  36  34  23  14  19  33  51  58  57  43  36  36  24  18  30  38  40  36  36  30  47  71  66  63  77  59  73  91  68  62  64  69  68  64  65  67  84  97 103  95 102  83  75  86  84  78  71  60  59  84  84 103  82  62  79  97  95  88 101 128 121 108  78  57  76 105  80  64  83  86  77  76  79  69  69  70  66  69  82  99 110 120 128 102  90  94  88  86  99 109 116 114 108 109 122 132 112 
  9  11  17  30  39  37  23  24  39  44  40  40  35  39  31  26  18  15  43  53  42  47  42  49  63  65  61  65  80  79  79  64  55  63  63  67  65  65  71  82  82  87  90  86  88  91  99  96  78  67  68  55  67  89  84  86  73  71  95  95  99 109 116 115 118 124  98  62  90 108  81  82  67  57  56  66  65  67  73  73  66  80  81 113 138 129 113 106 103  90  87  86 111 111  94  95 110 112 116 108 
 10   8  20  35  34  30  26  18  22  30  36  43  37  36  41  38  31  15  18  51  69  64  60  64  70  77  60  72  76  66  70  71  57  61  65  68  58  60  64  61  68  71  71  85  97  90 103 109  93  97  91  75  60  61  78  80  75  62  58  75  96 105 115 119 117 125 124  94  70  81  74  69  63  61  65  61  64  71  77  85  86  88  98 116 118 105 103  85  73  82  96  90  94 100  95  99 123 117 113 105 
 16  15  25  34  25  21  20  19  19  36  43  40  34  39  33  38  27  28  40  59  80  77  68  83  77  82  80  65  60  68  73  70  80  84  62  58  54  60  58  65  67  78  82  92 106 104  97 104 106 108 126 105  81  66  76  86  72  61  61  64  91  94 102 101 109 108 113 122 108  97  83  72  63  71  67  69  63  61  79  86  88  98  79  88 112 107  90  67  58  60  83  81  87 109 115 106 125 117 107 103 
 20  15  27  37  30  26  35  33  27  28  34  42  42  42  36  40  36  34  37  48  64  69  72  73  75  75  80  76  69  79  75  64  88  98  77  70  65  66  70  76  70  79  78  95 103 117 139 139 123 123 129 113 110  91  93  85  73  76  77  67  78  83  83  93 101  84  74  88 110 121 124  84  58  60  53  53  53  51  77 104 101  74  59  62  75  84  71  76  68  61  83  83  83 103 127  99 108 116 108 116 
 13  21  42  39  35  30  29  34  29  26  22  40  33  34  34  35  38  50  43  52  69  69  73  63  64  64  69  76  76  79  69  73  71  63  70  70  73  76  63  76  77  73  82  93  82  94 123 139 126  95  91 106 109  90  91  92  96  94  85  67  70  72  82  83  77  69  64  67  75  93 115 110  78  57  62  55  59  55  81 113 129 102  80  67  68  86  86  67  53  51  60  73 115 108 116 104  89 101 109 118 
 13  31  59  45  35  42  35  33  41  24  20  23  39  39  39  28  49  57  59  72  69  66  65  61  70  68  68  74  81  64  67  72  75  66  73  79  78  86  79  76  74  74  76  81  91  92 108 121 113  94  89 111  96  97 106 107 105  96 107 103  78  71  71  66  68  71  66  59  74  76  89 117 101  65  66  72  60  60  84 115 122 118 113  85  89 100  91  79  65  55  56  61  84  91  87  93  88  90  86  86 
 26  25  43  49  34  33  38  39  37  26  26  26  32  35  30  44  58  43  53  70  64  65  68  69  70  67  72  74  79  77  66  67  75  72  68  69  64  77  77  73  75  85  85 102 112 111 111 118 106  77  59  89  93  90 107  95  99 102  98 109  92  69  66  71  70  75  80  74  71  67  67  86 106  87  82  91  74  63  86 123 124 100 102  96 109 108 100  92  85  74  72  73  71  75  70  86  96 100  77  78 
 22  18  25  44  40  27  26  35  40  30  41  39  20  24  37  53  54  37  56  69  68  67  66  76  74  70  67  65  78  69  66  66  64  64  76  61  58  75  77  78  81  93  96  95  96 103 115 113  79  51  49  55  82  91  93  93  69  84  97  86  91  92  93 106 109 100  90  95  91  76  67  71  91  95 112 105  95  92 105 144 124  99  65  47  75 110  96  85  95 106  99 100  73  69  65  72 103 100  91  89 
 32  27  21  45  51  36  30  43  54  38  34  37  28  24  41  47  53  75  68  71  72  76  73  80  75  66  72  69  72  76  76  61  49  64  81  79  63  73  79  75  77  84  93  98  92  89  81  67  47  48  46  46  82 115 107 108  77  71  81  83  99 110 110 112 124 122 111 111 133 122 100  82  74  81  79  81 101 124 121 129 117 118  95  66  83  94  76  74  70  75  87 100  73  63  81  90 102  81  84 103 
 46  41  29  31  49  50  36  45  55  45  37  32  33  40  41  61  83  84  85  85  89  83  77  88  86  69  77  76  64  65  71  58  62  71  75  67  66  64  60  54  52  63  66  70  87  84  70  58  51  50  44  42  51 100 122 122 115 100 103  91  87  93 112 116 118 114 121 115 103 130 138 107  74  67  69  64  72  97  97  88  85 101 101  71  71  74  67  58  57  52  75  85  61  59  68  87  84  67  75  99 
 57  57  53  47  42  36  46  50  56  62  49  50  45  42  45  73  82  79  86  94  88  75  80  87  82  74  77  77  65  61  59  52  60  68  83  73  66  68  73  73  67  63  55  62  81  89  79  58  53  61  43  46  54  70  99 110 107 111 106  94  95 105 101 112 113 110 115  99  90  85 112 121  87  92  84  66  53  80 112 108  84  79  72  65  67  58  51  67  64  72 113 116  80  67  63  57  53  62  74  93 
 50  58  68  64  49  46  54  52  49  56  67  71  70  62  74  70  65  74  79  94  90  80  82  80  91  87  74  79  68  76  70  61  53  62  77  82  68  65  68  73  72  61  60  69  70  76  73  67  54  46  48  44  48  60  85  98  95 112 111 115 106 104 102  94  96 101 111 105 103  96  85  85  76  84  99  95  79  71  82  85  74  79  79  68  61  59  57  60  67 106 121 110  87  74  74  78  67  69  79  90 
 58  54  48  59  58  56  56  65  63  52  64  65  61  67  71  82  90  82  77  90  88  76  89  99  83  95  81  74  66  67  76  73  67  72  78  79  64  63  75  81  78  60  59  62  70  68  60  57  58  57  52  49  52  56  75  97 103 112 115 112  98  97  93  83  73  89  97 102 113 105  85  79  74  87  85  82  80  80  74  59  71  86  73  65  63  81  70  69  96 109  85  68  67  70  71  78  82  91  86  93 
 64  57  54  51  53  64  67  66  64  62  59  61  59  59  67  77 102 105 101 100  94  83  90  97  91  86  88  72  74  70  70  66  70  84  84  90  78  58  63  68  68  64  67  59  56  55  56  61  60  60  64  61  49  62  78  86 103 106 109  99  79  74  65  70  78  81  87  99  98 105  95  82  80  74  67  68  81  82  75  79  67  73  82  64  53  62  66  96 113 111  90  91  92  89  87  73  78  97  95 101 
 60  53  53  59  54  54  65  69  59  54  54  62  69  68  88  87  98 107 108 118  96  73  81  82  92  82  91  82  69  72  73  78  77  85  92  80  71  51  62  71  66  64  71  71  60  59  53  61  57  67  69  63  52  70  70  69  74  81  83  88  84  83  62  67  73  72  74  81  94 111  86  64  66  68  71  81  81  71  74  81  61  60  77  61  51  58  71  84  89  72  93 119 112  99  78  67  64  72  73  79 
 62  71  84  97  81  47  51  60  56  54  61  99  83  75  92  93  96  85  80  89  87  86  81  69  73  87  97  77  73  75  81  76  81  81  81  80  88  78  73  80  75  60  64  75  74  62  60  62  58  65  69  72  71  71  71  75  76  68  76  81  85  77  87  82  66  76  71  83  95 100  77  61  66  55  56  67  90  75  74  77  85  73  53  63  82  92  86  73  61  48  55  68  79  84  71  60  59  58  73  92 
 48  52  68  88  92  65  38  60  61  70  85 103 109  88  79  80  96  86  71  85  70  66  71  68  67  72  83  80  75  82  74  70  71  75  81  92  97  98  78  77  79  64  61  73  74  65  64  60  61  66  67  76  85  92  82  73  72  58  63  70  70  66  71  76  61  57  71  88  92  90  73  71  65  57  59  53  71  77  60  73  96  96  69  64  85  85  86  76  58  63  48  62  75  73  68  78  82  59  75  99 
 63  49  49  89  96  82  61  91  91  83  92  93  95  97 101  98  72  73  94  89  80  71  77  70  80  82  80  90  76  78  74  70  77  70  75  90  96  97  90  90  90  77  67  78  83  77  73  63  64  61  59  63  77  88  77  80  72  58  67  77  57  57  65  64  65  48  64 103 105  98  84  78  78  70  52  47  48  57  74  86  83  73  71  84  94  97  83  86  73  77  60  57  48  58  82  79  79  72  80  87 
113  96 108 108  99  88 101 103  96  87  96  95  87  89 101  87  74  65  72  95  99  86  73  68  77  85  86  85  85  82  75  72  75  80  82  66  69  79  76  88  89  83  79  85 100  99  80  85  85  74  79  87  81  84  81  83  86  83  75  68  66  53  65  73  69  71  67  99 128 127  95  90  90  89  71  55  59  63  86  90  85  66  74  97  95 111  99  82  73  54  56  61  55  65  72  52  44  74  94  94 
102 132 125  86  99  74  92 119  99  93  96  85  77  88  94  87  80  69  64  77  87  75  69  64  75  93  74  69  77  83  80  72  78  98  95  85  84  86  84  82  95  87  83  87  98  95 100 115  99  82  74  94  88  81  82  94  95 104 101  57  69  61  52  72  78  72  88 103 113 101  93 109 112  87  77  61  69  66  68  92  78  74  65  75  75  98 117  88  85  68  45  72  94  80  68  58  51  52  64  75 
 94 145 104  71 102 113 106 114 107  84  73  78  85  96  91  91  79  68  72  57  54  65  71  71  72  78  70  59  73  89  77  79  84 106 100  93  81  67  78  96  87 100  95 104  97  94 107 115  88  75  71  72  83  79  94  93 101 113 108  58  67  92  55  61  85  75  77  98 108  98  85  79  66  70  67  69  71  68  60  58  68  86  68  80  87  97 115  98  94  67  61  81  96  90  80  82  81  79  64  73 
 97 133 109  80 111 132 120 107  96 102 100 101  96  89  72  65  63  65 103  82  54  70  74  61  64  64  69  60  63  71  69  68  73  91  89  91  89  80  75  86  90 104  95  86 103  96 102 108  93  71  70  73  88  98  87  98  91  99  87  61  74 111  86  69  74  73  75  94 111 120  90  75  67  81  78  68  58  52  61  64  67  76  75  87 100 105 115 100  91  99  84 100 109  98  84  95  98  90  78 100 
 70  93 101 107 117 123 112  98 115 122 111  99  97  81  82  65  75  74  78  73  63  65  70  60  61  57  66  66  60  55  68  74  75  86  89  91  91  95  86  84  78  87  94  97  89  82  94  99  96  74  68  74  80 100 101  85  94 102  95  69  59 113 108  72  62  68  67  77 111 126 112 100  79  78  69  73  78  67  69  63  74  79  88  84  97 124 133 118 115  94  70  94  97  66  73 101  93  81  77  88 
 66  61  74 102  97  81  84  85  99 107  89  93  83  83  80  72  71  73  68  70  64  73  82  70  56  51  55  52  60  57  61  76  71  70  85  84 113 103  80  77  74  85  91  98  91  89  85  86 109 102  87  90  74  93 105  84  81  91  77  84  95 132 129  89  72  68  63  71 101 107 111  96  76  92  71  68  76  70  77  87  82  83  91  91  87 100 113 113 102  93  77  72  74  69  65  78  91  76  72  78 
 68  71  87  85  74  79  95  87  90  78  84  87  91  83  74  73  83  82  75  68  68  75  68  84  70  64  50  46  52  59  61  70  74  84  79  74  89  88  77  86  94  79  78  93  96  84  88  86 102 111  98  92  80  58  80  90  81  92 109  94  82  94 123 109  90  70  70  78  90 115 111  87  75  81  79  90  83  83 106 102  86 102 108 111 100  93 107 117 124 104  88  88  79  87  94  87  96  80  75  85 
 83  85  90  89  91 105 102  98  88  74  74  82  83  79  85  86  95  91  81  79  79  74  66  79  77  70  60  59  60  63  68  66  65  81  80  86  81  81  94  92  88  84  93  99  98 112 109 109 105 109 110  97  91  75  50  62  82  77  76  81  68  81 114 123 126 100  71  79  87 114 122 109 105  84  83  95 102 103 126 102  80  91  92  86  87 111 118 100  94  93  87  83  87 111 102  81  85  84  76  76 
 76  81  78  95  92 107 112 100  83  69  72  78  81  99  94  97  93  77  74  85  91  90  86  75  80  83  78  65  74  74  77  88  78  79  85  99  97  92  91  83  78  65  90 107  96  91  82 106 115 116 123 101 102  94  65  56  62  64  65  68  84  69  74  77  88  97  86  84  93 111 120 137 128 104  95  83  85  87  84  89  81  87  97  84  97  96 103 107  93  87  72  82 104 107  91  77  76  76  80  72 
 70  75  81  85  93 102 100  85  80  85  89  83 103 122 111 104  97  98  88  95  83  62  60  61  76  88  90  68  65  70  67  89  96  86  96 101  96 104  98  82  73  65  61  65  65  80  83 105 104 108 113 108 110 116 116 105  77  73  67  61  68  65  55  51  72  85  84  84  89  93 115 125 132 122 116  93  86  78  69  78  82  81  92 100 103 106 106 108 105 102  86  82 105  96  94  84  76  74  70  86 
 71  70  72  79  80  94  94  84  87 104  89  86  96 117 115  90  84  77  82  97  92  80  81  65  56  82  89  77  74  64  66  85  97  83  87  79  91 101 108  98  83  82  84  66  81  96 104 119 112 112 113 109 109 121 117  99  98  91  74  60  66  62  68  63  70  73  79  76  70  70  78  92 109 102  94  89  85  77  74  73  71  75  90  92  94  92  93  94  93  94  88  74  73  83  88  85  73  72  74  73 
 75  70  72  69  66  74  91 107 109  92  83  84  92  97  73  73  76  67  70  82 103 101  90  68  69  77  97 111  89  62  60  70  93 104  81  78  88  97 103 103  92  91 104  95  92  92 107 107 119 119 120 107  95 107 102  86 100  97  84  74  68  72  68  59  64  81  83  82  73  69  87  84 114 101  91  84  75  68  69  72  78  80  97  95  86 101 104  85  99  85  89  92  81  74  79  64  76 105 108  74 
 74  65  64  63  63  76 102 110 103  88  91  84  90  84  82 108 114  97  75  75  72  84  99  97  84  69  73  89  83  70  59  60  61  71  71  74  83  90  98  95  89  85 107 101 103  97  97  85  96 111 114 109 103  94  79  83  96 104  95  75  63  71  78  71  77  82  85  89  81  87  85  85  86  74  83  84  82  89  73  70  77  67  79  77  72  87  86  74  84  91  90  84  89 101  92  87 108 131 105  92 
 67  64  66  63  72  75  77  86  86  91  76  74  77  94 118 134 123  80  79  78  82  91  82  71  74  75  76  82  89  85  64  60  61  60  78  83  88  87  85  84  99 109 125 115  95  81  83  99 126 134 111  99  94  85  72  84  84  77  91  93  95  96  93  78  63  64  72  87  99  88  84  96  84  86  86  88  91  83  81  85  75  72  76  63  62  76  80  83  85  77  83  84  85 103 101 106 111  98  95  93 
 77  78  75  68  79  95  92 109 107  88  81  86  82 110 129 123 109  89 101 110 116  95  78  66  84  88  86  94 121  94  69  59  54  65  72 102 100  96  90  93 111 127 113 122 117  95  97 118 110 117 113 103  88  75  86  70  75  69  59  73  80  79  70  58  50  46  78  96  99  93  93 102 109  96  74  83  98  86  78  95  88  77  83  78  81  83  73  76  75  75  85  83  96  90  90 106  99  93 101  94 
 77  78  84  97  89  96 104 111 113 116 121  98 124 124 127 117 101 105 107 105 105 112  97  83  75  73  80  90  93  85  75  57  53  59  73  77  81  93  95  83  93 106 113 109 107 115 109 111 104 125 136 126 127 115 103  82  76  76  69  82  90  84  83  68  66  49  82 108 106 116  95 109 110  98  77  72  87  79  86  85  78  84  77  70  77  64  71  78  72  79  79  80  79 105 116 125 123 125 107  98 
 71  64  85 104  97  97 110 107  94 126 140 132 124 128 112  97  92 114 122 109 101 117  97  91  75  67  84 110  94 105  99  62  50  53  57  79  76  59  62  81  75  65  89  90  86 102 106 104  87  99  98  94 115 123  98  99 107  99  92  79  96 103 103 104  95  95 112 111 104 118 122 121 105  97  88  74  79  77  84  83  70  78  76  73  68  63  65  67  61  58  70  88 103 117 118 118 127 122 117 105 
 61  81  96  87 101 116 103 103  98 111 135 136 125 114 107 103 106 116 123 117 111 104 100  90  78  80  91  87 106  96 103  85  57  50  55  63  54  58  55  60  78  73  62  74  85 110 100  86  75  78  84  75  77  98 102  90  91 104  86  78 106 122 118 126 121 123 112  82  67  91 116 118 118  99  84  90  79  74  67  78  70  64  58  49  55  50  54  56  57  54  54  59  72  80  95  98 113 125 111 111 
 82  88  75  73  89  91  99  97 105 118 116 120 118 128 124 112 122 120 117 122 109 101  98  83  75  69  84  86  96  75  83  97  58  51  51  58  43  48  59  40  47  54  65  83  79  91  90  85  77  85  66  65  67 102 131 106  97  97  77  75 107 123 115 115 110  88  72  65  78  78  89 104  87  82 102  87  67  74  63  59  52  54  52  50  50  49  56  61  62  60  56  56  54  79 113 111 113 121 118 123 
108 113  85  78  85  83  93 115 112 128 124 119 107 108 122 126 126 105 105 105 105  96  88  86  88  80  68  77  75  61  62  58  42  45  56  59  50  52  48  48  42  45  58  59  64  59  65  89  99  97  94  91  88 103 119  76  72  75  70  57  77  98  97 109 112 109 111 106  96  68  80  78  59  62  62  59  59  54  56  57  59  53  59  55  54  46  46  55  59  61  60  61  70  99 120 120 122 129 121 128 
 94  99  86  92  93  95  91  98  99 103 110  98  83  81  91 102  95 103 105 100 100  87  77  84  83  70  66  68  76  66  55  62  55  50  47  58  58  61  76  70  57  51  58  76  68  75  88 102  92  97 117 116 109  92  99 110  95  83  57  49  56  62  85 100  99  86  83  99  66  47  55  56  46  52  64  79  88  83  93  84  72  71  71  53  49  45  45  53  54  56  53  54  64  91 121 126 115 116 116 115 
 94  83  81  88  93  97 101  90  89  85 104 103  92  96 102 101 106 109  94  94  87  77  66  62  75  81  78  76  68  69  68  54  54  50  47  54  63  53  68  89  97  94  93  85  86  94 105  87  80 108 105  84  90  67  60 102 112 100  71  50  45  52  61  64  76  79  74  74  74  63  54  33  39  52  60  70  82  75  76  75  88  81  76  72  69  62  57  53  44  48  51  54  69  96 107  94 106 103 106 115 
 75  62  69  96 112  95 103  94  91 105 105 114 117 129 114 126 114  97  93  89 100  97  95  96  83  83  86  78  72  70  48  34  35  40  40  55  71  72  76  83  77  87  82  81  75  85  65  59  92 103  93  76  69  74  75  86  85  82  69  50  42  49  52  51  62  87  86  90 103  83  56  40  42  57  70  80  79  70  62  65  68  66  71  67  58  43  45  44  42  44  42  55  59  68  69  71  86  94 112 107 
 80  72  72  80  85  93  99  93  97 112 122 108  90 106 124 126 113 108 125 109  90  94  99  96  92  81  69  75  71  47  45  38  31  40  45  57  77  61  77  68  63  68  72  81  87  69  68  54  71 102 107  85  61  69  91  95  96  89  64  38  43  57  60  44  56  68  70  65  63  50  51  46  56  82  86  85  64  44  48  49  51  51  58  44  39  42  46  45  52  55  49  60  69  74  75  86  92  95 103 109 
 76  80  81  80  93 101  95  82  95 127 120  99  91 113 122 106 108 109 111 112  76  81  93  88  95  84  79  62  73  68  48  35  34  38  36  48  68  57  74  79  67  89  95  95 102  72  56  57  76 114  87  58  69  75 109 124 107  97  88  51  47  74  77  56  54  50  51  52  50  48  56  53  63  70  74  68  52  41  36  46  47  38  44  49  54  51  55  46  47  61  56  73  89  89  72  88 105 112 133 136 
 59  60  68  78 105  93  86  80 102 120 120 118 104 115  95 103  77  83 109 101  97  84  71  79  81  89 100  64  62  62  52  41  37  49  41  49  60  59  65  72  69  61  63  82  84  74  75  80 116 118  89  51  51  72 100 121 107 100  90  91  99  86  96  69  44  43  40  40  39  44  63  64  67  69  76  82  60  40  35  37  41  46  48  51  46  45  44  49  52  57  47  68  70  70  72  92 106 104  96 103 
 58  70  70  90 106  98  98 118 119 117 110 112  97  90  96  92  78  95 109  99 100  92  63  58  61  69  55  50  57  44  43  45  42  49  46  46  51  61  74  69  64  56  45  59  82  66  73  84  84  92  93 100 116 118  95  90  79 104  96 102  99  97 107  93  65  49  40  40  37  41  53  52  62  83  69  76  88  69  55  47  47  37  42  42  42  45  46  44  50  52  47  57  76  70  71  79  94  83  77  87 
 65  65  87  86  81  86  94 101 108 126  95  81  95  95  88  74  78  91  91  88  83  86  74  60  44  47  60  71  56  43  48  44  34  44  48  53  54  61  63  53  77  72  62  72  66  86 105  91  74  98 100  95 111 124 121 119  88  88  83  81 100 111 110  98  80  58  45  54  56  53  52  56  65  67  74  65  71  66  57  50  43  39  38  37  31  35  35  34  45  48  56  72  83  71  67  84  66  67  75  66 
 75  70  79  80  92  77  76  86  96 115  89  74  96  77  69  81  82  72  73  83  97  86  91  77  59  47  65  69  52  42  37  38  40  45  49  64  67  52  59  57  56  51  63  76  70  77  90  78  71  94 101  97  92 107 101  98 108  95  85  88  84  89  80  62  73  67  59  66  85  88  80  67  61  78 105  98  86  78  64  50  43  36  34  30  35  37  32  37  40  53  60  73  90  75  85  98  98  90  77  65 
 92  83  89  95 101  95  74  78  91  87  59  63  92  84  79  79  72  67  65  68  89  86  73  70  64  67  65  44  32  24  36  45  45  37  33  58  74  69  57  57  63  50  58  87  91  87  79  74  90 102 106  94 102 106  75  68  94  81  77  92  87  94  86  53  51  54  71  80  85  76  68  69  74  88 104  89  68  68  62  48  47  48  45  41  42  47  43  40  50  57  73  86 105 111  97 112 122 100  91 100 
108 110  88  81  83  95  85  77  74  74  87  84  72  72  74  93  97 107  84  57  50  41  30  27  34  52  59  43  36  48  52  53  38  41  47  53  65  79  68  70  79  51  61  93  98 102  95  70  66  76  87 102 122  84  55  65  69  70  93 105  90  76  75  76  71  64  84 101  73  54  49  58  57  71  86  82  62  47  39  38  46  44  39  39  33  31  39  49  55  62  60  78 100 107  90  84  78  72  75  83 
 92  89  87  78  94 103  78  80  84  64  68  75  76  76  59  67  89 105  94  88  75  60  63  53  44  48  58  47  40  37  46  50  40  40  44  61  49  72  71  59  80  81  64  71  78  66  73  76  72  80  98  94 100  59  46  77  99  93  97 110  98  83  67  55  52  76  86  95  98  71  59  55  61  70  75  73  57  58  68  62  51  43  39  33  33  34  36  48  53  50  54  65  87 103  99  94  78  89  84  66 
 84  72  74  73  83 102  78  79  71  56  52  65  75  86  70  48  53  75  75  71  59  70  62  51  38  44  38  23  23  30  40  43  37  33  40  56  51  71  88  74 106 109  75  62  62  73  81  94  87  74  88  78  84  78  82 105  99  99 112 110 104  79  58  52  56  66  77  97  83  59  55  58  68  91  76  63  61  67  75  77  49  43  40  26  28  38  37  43  47  46  46  56  74  67  75  90  84  80  72  61 
 65  67  67  68  83 105  83  85  99  71  71  67  62  78  69  61  58  65  88  68  49  55  49  47  43  33  39  29  28  30  43  49  37  34  39  42  47  64  78  84 101  80  75  81  78  83  83  89  86  53  54  61  75  91 111 114  87  88  87  79  74  60  56  61  59  62  83  83  92  87  71  76  78  70  55  73  56  50  60  68  55  47  43  36  28  34  45  46  39  41  44  43  53  70  79  89  94  77  62  61 
 65  83  93  77  79  98  95  89  77  79  95  74  72  67  72  70  68  73  81  60  48  58  51  29  42  31  24  24  24  22  22  33  34  30  39  29  48  65  67  73  77  66  69  94  99  91  82  77  79  68  69  90  96 119 126 103  72  66  62  54  50  61  62  59  67  91  73  79  72  80  82  63  62  50  53  62  52  53  55  62  59  39  42  49  53  49  47  45  44  47  51  45  40  52  76  87  83  71  62  67 
 69  75  89  78  76  82  85  74  63  65  88  88  82  87  77  67  62  91  86  76  67  45  32  29  29  34  28  24  21  21  21  29  33  33  39  40  45  58  64  51  55  78  94  90 105  99  81  64  61  85  87  89  85 101 114 101  88  71  57  51  49  55  53  51  80  88  91  91  70  55  44  48  56  47  50  60  46  52  57  61  53  54  56  64  66  72  72  58  47  46  51  47  41  41  45  58  49  47  57  70 
 91  81  81  80  72  67  74  57  64  73  65  63  75  78  76  59  62  68  74 105 101  71  49  46  44  45  43  33  35  26  27  23  24  31  46  52  68  69  70  60  49  57  88  98 110  95  72  67  65  75  96  99  91  92  86  80  78  71  75  72  55  52  47  50  72  61  73  90  80  65  53  52  44  43  50  55  55  65  64  58  76  74  61  54  66  89  95  82  51  57  57  46  43  41  45  49  58  62  80 114 
 77  87  87  78  69  73  65  58  58  59  60  59  62  70  74  62  74  81  89 111  89  57  53  46  55  52  50  47  42  42  46  35  28  35  51  53  61  74  68  72  69  65  65  81  97  93  69  64  69  73  83  91  87  76  68  86  87  87 113  93  70  64  64  71  87  88  80  80  78  69  56  55  60  67  60  60  62  78  73  69  67  69  66  65  78  99 110  92  55  55  60  47  43  46  36  43  53  69  69  79 
 75  80  76  74  79  76  72  61  70  64  58  73  73  71  69  71  96  82  81 107 105  80  53  48  60  47  47  45  46  43  38  41  34  30  42  50  59  75  67  62  65  71  51  63  88  89  66  66  73  78  81  82  72  66  54  68  87  91 100  89  78  65  52  75  85  64  53  51  56  60  64  62  66  71  70  74  66  57  63  90  70  53  66  76  64  81 107  88  73  59  52  47  49  47  43  40  42  52  62  64 
 94  90  78  83  87  89  72  63  67  67  64  71  63  59  72  63  74  77  62  75  74  51  49  51  51  47  50  38  30  32  32  39  56  43  40  43  65  77  61  58  65  75  53  52  63  65  62  70  95  82  94  89  71  53  51  59  77  80  83 100  90  88  78  47  47  43  43  49  43  55  55  56  54  56  63  81  91  82  79  96  86  71  66  62  46  52  68  71  69  61  57  53  51  50  45  49  45  40  40  49 
 83  72  70  62  67  71  71  81  73  61  68  62  61  62  55  59  65  65  69  58  44  42  49  46  46  48  48  45  31  30  44  51  55  47  55  56  62  76  68  64  65  76  59  38  48  66  83  97  89  84  62  47  51  40  43  52  73  93  83  76  66  54  49  49  42  45  47  45  40  41  44  44  54  68  88 115 110 101  91  84  95  81  59  57  56  65  64  76  75  78  71  49  47  54  44  45  44  46  46  45 
 78  59  60  50  41  42  66  84  75  59  66  62  48  55  60  57  56  56  72  55  51  48  44  46  44  47  46  50  52  45  59  79  60  39  43  47  54  52  71  80  81  93  82  64  83  81  79  86  84  75  77  52  45  40  43  53  56  67  81  57  41  46  45  38  43  42  42  39  42  43  46  53  62  76 113 130 119 116  94  74  80  89  88  80  65  72  88  87  83  80  83  68  57  45  43  47  50  54  52  51 
 59  69  55  52  53  48  53  63  64  59  72  80  63  55  55  63  68  70  64  48  46  45  47  49  48  42  44  56  49  70  79  54  52  44  52  73  74  49  43  51  72  89  96  88 105  92  85  85  85  69  76  66  49  46  42  45  51  60  74  68  55  45  33  29  35  43  43  44  46  45  47  57  54  47  68 101 122 122  86  83  98  87  88  83  75  91 103  99  94  89  93  81  51  44  40  41  39  47  48  52 
 60  57  62  61  63  63  44  62  79  72  75  66  69  61  48  57  55  59  47  43  49  55  46  45  43  40  47  47  56  88  87  94 104  78  70  72  89  59  41  42  53  82  90  82  72  69  87 110 101  79  81  76  54  48  45  45  52  52  64  82  66  57  46  36  35  35  43  43  41  44  59  72  72  59  66  98 100  90  71  76 104  97  91  87  79  89  95 106 101  85  81  63  59  47  40  43  37  40  41  48 
 73  70  59  52  60  62  55  62  69  70  65  57  58  59  42  43  46  38  43  42  51  53  46  42  41  38  35  19  45  97 117 117 104  78  90 104 102  63  44  45  54  86  85  65  59  46  48  82  89  78  81  76  65  45  48  43  48  46  57  88  77  52  57  50  40  43  42  37  40  55  59  61  71  78  85  87  82  62  63  74  80  67  78  89  77  88  83  79  83  67  68  70  70  69  53  43  38  42  38  43 
 67  72  66  64  65  58  52  61  68  68  59  59  52  64  55  42  50  46  43  46  48  46  48  32  19  20  22  31  49  97 112  87  76  54  79  86  85  61  53  67  84  94  69  51  49  46  46  52  47  59  88  85  64  40  45  46  52  49  44  79  78  54  59  54  51  46  48  49  54  51  51  66  84  85  73  67  90  81  84  91  82  61  50  44  48  69  81  90  83  73  64  70  65  65  59  56  51  41  40  39 
 57  51  61  64  76  76  70  63  76  77  74  60  59  73  75  44  39  44  45  46  62  55  53  47  29  38  39  20  64  93  90  85  84  83  92  85  77  57  59  64  69  74  81  64  60  69  73  67  52  53  63  75  60  50  46  48  49  52  48  59  71  63  64  51  48  57  49  59  63  53  55  67  80  97  86  68  72  77  87  80  96 105 105  86  74  66  58  65  77  71  56  58  55  58  71  65  48  46  49  36 
