204 203 210 212 217 211 211 212 210 206 200 189 194 189 178 167 160 157 159 150 147 148 140 136 138 141 139 136 143 151 150 142 159 171 180 194 201 208 205 199 201 196 197 206 206 208 208 215 216 216 205 206 203 205 200 205 208 208 213 221 208 198 200 206 201 199 193 187 186 182 190 189 176 181 184 180 194 195 196 198 188 186 194 192 188 184 180 171 169 150 140 131 130 124 121 118 126 127 130 141 
195 196 191 188 193 195 195 190 185 185 179 173 167 169 164 153 162 153 154 145 141 145 137 140 145 146 152 154 168 178 187 195 207 206 197 198 187 187 190 196 200 206 210 223 226 221 218 213 223 225 208 208 194 204 202 207 205 212 205 211 203 192 200 195 190 190 185 176 175 179 181 189 176 166 173 176 192 180 175 170 160 155 150 137 132 124 117 109 117 125 131 136 149 167 179 190 196 203 214 211 
188 186 175 175 176 179 176 174 168 170 168 168 167 167 163 159 158 148 157 160 150 160 158 161 181 188 199 199 200 194 188 182 186 182 185 195 201 209 219 217 214 221 217 222 222 227 228 227 226 222 212 210 197 187 197 198 198 193 195 199 185 189 186 176 178 179 176 175 160 164 176 169 163 148 150 147 138 124 119 120 117 120 127 127 142 159 161 177 193 206 214 218 216 216 208 201 195 187 176 170 
169 162 161 159 162 160 167 171 164 171 167 165 165 169 155 165 170 174 178 190 197 207 202 190 192 185 179 173 175 184 193 196 205 205 201 197 209 206 203 218 221 226 224 224 225 225 216 224 218 213 210 218 198 171 182 185 184 186 187 185 181 171 177 175 167 166 161 154 144 139 135 123 118 118 126 119 131 138 156 171 186 197 203 207 214 210 210 205 190 186 181 163 161 163 161 158 162 164 163 165 
158 157 159 154 156 166 167 165 168 162 168 175 176 174 178 200 205 211 209 202 198 197 178 179 183 183 187 200 205 201 206 205 206 205 205 201 204 213 204 219 225 222 219 224 224 202 190 216 211 185 193 213 194 154 165 174 176 178 182 173 171 158 155 151 139 133 121 129 136 126 138 157 165 180 195 206 212 215 217 207 204 197 186 181 175 163 163 160 159 163 169 157 169 165 162 167 164 164 174 169 
155 158 160 154 159 173 170 168 178 192 204 204 210 201 190 198 196 195 195 202 211 206 196 202 201 199 196 202 201 199 198 204 201 211 195 193 208 204 211 220 217 217 211 210 212 199 193 186 187 180 179 179 178 147 137 146 155 147 147 153 154 152 153 160 161 171 188 190 200 210 216 217 217 215 201 194 184 176 170 171 170 163 165 171 161 163 169 160 167 166 170 173 167 172 170 163 172 168 163 163 
157 153 161 162 172 192 195 200 208 202 199 188 189 184 198 210 211 214 219 225 223 216 206 205 194 197 199 200 202 204 207 196 198 201 172 151 187 188 192 205 195 199 202 194 192 201 196 186 174 166 161 142 130 122 126 139 144 158 169 179 188 191 204 210 214 212 205 197 190 179 177 173 171 164 167 170 168 170 173 177 174 170 176 175 172 176 169 173 166 170 174 179 174 173 176 169 174 174 166 174 
172 181 196 194 187 188 179 179 180 196 204 211 217 206 213 226 224 221 226 226 222 220 201 193 186 187 192 190 186 184 193 182 184 180 170 145 173 181 186 184 170 164 171 163 161 151 127 128 133 129 142 154 163 174 192 201 212 212 212 211 206 202 185 180 177 176 164 166 163 164 169 168 176 169 178 177 171 174 171 169 175 167 164 167 168 173 171 172 166 167 169 178 172 173 176 176 176 171 175 182 
188 173 166 167 169 186 200 207 207 227 219 217 225 209 211 226 225 224 230 225 216 219 195 186 180 163 170 169 175 169 171 173 170 170 172 133 158 166 158 145 133 120 127 139 138 142 156 169 186 200 208 209 216 205 201 195 189 174 168 167 162 158 161 154 161 163 169 168 168 167 172 172 172 170 180 176 169 174 169 167 178 178 169 169 168 177 175 173 167 168 175 178 168 172 175 179 175 168 172 173 
172 176 186 193 196 211 216 219 223 206 217 220 223 219 229 223 220 219 218 220 213 217 190 171 168 154 159 163 164 156 159 156 154 152 145 121 124 124 121 132 149 165 174 195 216 219 215 213 207 196 187 179 160 153 154 157 158 158 160 162 159 154 154 156 150 154 154 150 156 159 160 159 159 157 158 158 156 161 156 163 163 163 163 164 165 165 165 165 159 161 167 165 164 168 175 180 174 179 179 173 
196 195 202 195 195 213 220 225 215 199 216 223 226 217 214 215 210 210 205 205 207 200 175 155 154 148 149 145 143 131 128 123 124 129 130 136 156 172 193 200 211 213 214 210 208 195 180 168 175 170 169 174 172 169 173 177 176 178 180 179 176 177 172 167 162 176 170 169 166 165 166 159 163 155 160 156 151 154 157 156 162 156 152 157 153 155 157 159 155 150 155 159 159 156 161 172 165 172 173 172 
205 194 195 196 202 209 213 211 210 196 196 216 211 207 205 198 203 196 182 192 193 184 167 144 135 127 117 116 128 129 143 160 171 185 195 206 217 215 207 194 186 187 183 172 180 172 174 173 174 179 176 174 170 165 166 173 167 164 171 172 173 168 171 172 174 179 175 175 171 167 172 173 170 170 167 168 168 174 169 169 172 167 169 174 172 170 169 171 168 169 166 167 167 164 162 173 170 162 166 164 
198 192 192 196 193 201 213 206 202 188 182 198 195 193 198 199 185 180 170 155 134 130 122 115 128 129 140 170 190 201 212 221 233 236 227 222 206 198 196 191 186 192 193 193 193 191 190 184 177 181 184 183 173 169 175 177 178 176 174 176 173 170 173 175 177 173 169 167 165 171 173 175 171 169 168 172 170 165 165 167 169 169 170 168 171 174 168 169 168 165 169 171 175 169 168 174 173 166 168 166 
187 181 180 181 172 186 204 198 196 187 164 177 182 171 169 147 135 123 119 134 150 162 183 193 205 224 238 235 227 219 207 205 209 205 207 208 212 216 214 211 213 218 218 216 222 221 214 204 203 203 198 193 187 186 185 189 188 178 177 178 188 183 180 180 182 182 181 180 182 186 180 181 186 181 182 185 184 171 174 175 176 175 169 168 172 172 168 171 166 174 167 165 163 158 162 161 164 164 163 163 
178 176 169 171 171 166 181 193 186 164 146 126 128 114 128 147 162 175 200 214 224 218 216 210 198 206 201 195 196 214 211 216 215 220 222 219 223 222 223 218 223 224 228 227 229 228 231 228 236 235 235 234 230 229 231 229 229 224 221 219 223 217 206 200 197 205 199 193 185 190 189 185 185 172 178 187 183 181 186 184 184 191 185 186 184 186 188 188 183 190 187 186 183 182 184 178 180 177 174 177 
167 165 159 157 155 144 142 132 115 127 140 154 179 199 215 220 219 218 206 193 186 174 172 178 176 179 177 182 181 182 181 185 184 191 194 193 196 182 189 186 190 196 199 198 198 199 196 201 203 205 210 214 209 210 216 219 227 227 229 237 231 236 241 240 244 245 241 239 241 243 241 239 238 225 228 223 219 212 208 205 202 200 200 199 189 189 194 190 180 184 178 179 188 181 180 189 184 188 186 186 
152 138 128 119 118 121 144 169 182 207 219 223 209 187 177 163 154 151 148 146 157 159 162 155 153 156 155 157 162 164 166 167 172 174 176 177 177 167 171 169 179 182 182 182 181 182 178 179 177 175 179 174 173 174 169 177 181 182 178 183 182 184 184 187 188 191 189 185 184 196 200 202 208 207 208 214 220 221 221 220 229 226 225 230 228 224 227 227 223 221 218 216 214 214 208 205 199 204 205 198 
122 135 150 167 199 222 219 200 188 163 146 134 113 130 132 125 132 134 138 139 131 134 135 132 133 129 127 131 134 137 137 136 138 136 138 141 143 144 138 137 139 144 150 147 143 150 153 152 154 156 158 152 148 151 151 157 156 166 165 168 170 165 171 173 167 172 173 173 174 175 179 175 171 177 179 183 179 172 179 182 186 180 175 178 182 179 186 186 189 195 189 189 187 194 197 197 204 210 210 206 
197 215 216 195 156 123  94  69  63  75  75  89  98 107 119 116 110 106 100 101 113 108 106 118 121 110 111 109 111 120 119 118 119 120 121 117 115 118 115 114 112 115 123 113 110 129 125 125 112 119 125 128 119 126 122 129 134 138 134 132 139 140 139 138 143 140 144 141 142 150 152 148 151 162 156 163 164 153 156 167 163 159 162 163 167 168 166 173 161 163 167 166 168 168 171 173 176 168 171 171 
165 129 100  89  74  75  81  91  86  89  90  91  96 113 122 113 113  97 100  89  88  93  94 107 103  96  92  98 104  92  85  87  89  90  84  79  77  82  88  84  87  88  86  84  82  93  91  84  85  96  95  99  97  90  99 106 106 114 117 114 115 115 117 118 120 128 126 127 124 136 131 125 129 128 127 134 140 137 136 135 134 133 142 142 136 140 143 141 143 144 145 145 145 147 150 143 148 147 148 143 
114 122 122 130 119 126 131 137 124 129 128 129 129 134 127 123 124 123 123 116 116 117 110 114 114 105 106 103 106  98  99  98  94  92  86  87  85  81  81  79  77  76  70  70  72  77  75  62  66  71  70  64  76  86  83  76  78  88  97 100 102 104 104 104  97 112 112 115 112 116 115 111 121 121 121 123 127 130 129 126 134 134 130 131 127 132 132 125 121 129 136 126 123 126 127 121 130 126 123 125 
153 151 144 143 138 146 159 165 155 154 150 146 155 155 150 147 150 146 141 146 149 144 139 136 136 130 127 127 124 126 125 121 124 121 115 112 109 109 107 107 104 100  96  87  92  98  95  83  86  84  77  85  80  85  93  81  87  92  92  86  93  99 100 110 109 107 105 103 104  99 101 105 110 109 108 113 116 121 114 109 111 111 112 115 107 105 112 116 114 111 116 119 117 115 114 119 118 111 114 107 
184 185 178 176 176 167 178 184 184 184 175 170 175 170 171 171 170 165 163 157 162 163 158 165 158 153 158 151 152 153 155 157 154 154 149 148 139 141 141 137 140 141 127 128 124 124 123 119 116 118 110 105 108 111 110 108 108 114 110 112 108 110 114 113 116 110 111 114 114 119 114 109 111 118 115 114 114 114 120  97 104 109 100 103 102  96 104 105 103 106 110  98 103  98 103 107  99 101  98  90 
179 189 190 190 194 184 197 203 202 206 208 200 194 199 196 193 199 197 200 198 199 201 195 188 186 184 180 175 183 180 178 182 183 179 172 173 163 166 165 164 165 159 164 159 160 159 156 153 148 150 149 149 146 143 141 142 149 146 149 141 132 143 138 128 132 137 133 128 127 134 133 130 129 130 131 133 129 127 120 121 121 130 125 125 131 121 123 121 114 114 122 111 108 106 106 108 112 104 102  96 
169 168 175 179 175 155 163 168 167 171 169 158 159 152 151 150 156 151 155 160 158 171 173 176 180 181 189 188 191 197 196 201 203 197 201 205 201 203 206 201 201 200 194 193 196 194 189 178 184 180 179 178 170 168 172 168 169 164 161 166 160 162 160 163 158 160 157 155 156 156 157 151 150 164 154 155 150 150 155 154 143 149 145 147 145 139 148 143 139 133 138 136 128 135 134 129 132 125 122 115 
185 189 183 184 191 162 161 172 173 181 188 191 181 180 180 175 186 171 165 169 165 160 158 156 154 147 153 152 149 148 149 150 144 153 151 160 155 169 171 168 166 179 181 183 188 193 190 193 190 195 197 196 198 200 201 201 193 198 200 202 200 195 195 198 192 189 190 189 184 180 176 179 173 176 178 177 174 170 168 176 162 170 169 171 169 167 169 168 162 162 169 163 159 157 156 155 151 155 152 147 
188 189 181 183 185 169 162 174 183 196 200 199 190 186 192 185 187 194 188 189 189 184 179 183 186 183 185 189 191 190 189 186 184 188 183 169 172 174 174 164 161 161 154 154 159 160 158 153 152 147 154 148 150 154 156 155 159 166 170 170 171 171 173 178 178 181 190 194 194 202 197 204 204 207 212 210 212 203 206 208 204 201 206 201 199 190 192 197 195 188 192 181 177 178 179 173 172 171 172 173 
190 187 183 182 186 174 170 176 185 191 197 196 182 175 184 176 182 188 178 181 177 178 180 177 183 182 186 188 185 182 183 183 187 186 190 181 190 186 193 194 191 187 176 190 189 186 187 187 185 181 185 176 170 182 176 171 174 165 169 171 162 159 156 160 159 155 152 149 149 153 153 150 155 152 158 165 158 159 164 170 168 175 184 180 187 186 186 189 195 192 202 195 200 199 205 203 209 206 206 207 
184 189 182 185 187 175 170 181 188 185 184 191 190 180 178 181 187 183 181 182 182 186 187 189 181 179 188 184 183 185 188 189 182 189 190 184 182 183 186 186 189 183 188 196 196 195 197 202 192 190 186 183 188 186 186 184 185 188 188 184 184 187 185 185 185 183 181 179 174 177 178 174 176 181 177 177 179 176 172 167 161 163 164 162 161 158 148 152 162 154 150 146 158 155 153 153 156 157 162 170 
190 182 179 183 181 179 173 183 184 180 181 181 181 188 183 181 182 180 175 178 177 181 186 185 177 181 184 182 183 181 178 182 184 192 180 181 186 185 187 191 184 181 190 192 197 196 191 193 189 183 184 182 190 188 187 181 182 189 196 192 190 194 197 193 191 193 195 197 188 185 185 179 188 186 183 180 181 184 183 183 186 180 185 179 174 177 179 179 186 184 177 177 178 178 177 182 172 174 174 170 
203 204 202 201 200 195 187 207 197 184 196 196 189 185 189 183 180 189 183 181 180 176 179 176 171 173 177 173 169 177 176 178 179 184 183 177 185 178 182 179 179 183 180 184 182 185 183 179 180 181 184 184 186 178 177 180 180 182 185 186 185 187 183 186 191 189 189 193 191 191 191 186 191 193 188 187 182 189 187 186 184 192 193 187 187 180 182 186 184 183 188 179 183 185 186 183 180 184 183 182 
191 190 194 191 192 194 186 196 189 183 191 195 193 186 189 185 182 192 187 186 183 182 184 184 181 177 185 183 175 182 171 172 179 179 182 184 190 181 180 171 172 179 182 174 178 178 175 180 173 172 178 173 180 177 173 176 175 179 179 182 180 182 184 182 186 183 182 187 184 188 183 185 188 184 178 181 183 185 181 178 184 187 186 180 187 184 187 189 190 185 182 178 180 181 182 181 182 184 186 187 
186 184 179 184 185 183 177 194 187 179 188 192 187 180 187 187 184 190 185 187 180 180 180 180 186 185 188 184 176 186 187 180 185 185 188 189 193 190 194 186 182 191 186 186 188 184 177 183 186 180 180 183 187 186 185 180 182 180 184 181 180 174 177 177 170 177 177 176 175 173 177 180 183 176 175 178 174 180 178 183 182 181 185 180 186 186 183 183 182 179 181 178 174 179 179 179 182 182 181 185 
175 181 175 178 178 178 177 191 186 181 186 182 179 183 188 185 180 186 185 193 188 185 184 182 185 181 191 181 180 186 184 180 187 189 189 184 189 193 185 183 182 188 192 182 187 192 196 192 190 192 189 187 189 184 188 191 181 190 188 187 188 186 189 187 181 190 186 187 186 180 183 173 179 186 177 176 175 171 172 174 170 171 179 176 175 179 176 174 176 176 183 181 186 187 183 176 176 180 178 179 
173 175 178 178 176 182 179 183 185 185 185 183 181 180 184 181 180 190 189 190 184 189 191 181 181 182 182 184 186 191 186 185 188 190 187 184 190 192 188 186 180 186 190 191 188 192 189 192 191 190 184 191 194 190 194 197 193 192 195 185 182 185 180 189 189 181 186 194 187 185 183 178 186 193 182 185 186 184 185 190 188 183 185 188 181 185 186 182 186 181 176 177 180 182 181 176 175 182 178 180 
185 183 182 181 174 176 179 187 186 179 178 191 184 185 190 193 187 187 189 192 185 184 187 184 184 189 188 183 179 187 189 183 188 185 191 193 189 191 190 189 183 192 182 191 186 190 194 197 197 192 190 189 191 191 191 189 192 191 190 193 184 178 180 176 181 188 189 187 188 179 184 185 176 174 183 189 189 182 188 190 184 180 189 183 184 185 191 181 190 182 181 182 183 184 185 182 176 181 186 184 
181 174 174 176 178 184 177 187 189 177 185 191 186 181 187 182 182 184 188 190 183 185 190 185 183 184 185 185 179 184 185 187 183 186 186 189 194 193 197 192 178 186 191 186 183 186 193 191 190 186 193 197 194 193 194 195 193 189 195 202 193 184 184 182 180 189 190 191 190 187 181 179 184 182 182 188 190 183 188 189 185 187 191 185 185 184 181 178 185 180 181 184 182 180 181 182 179 180 180 179 
176 172 173 178 182 178 170 177 189 183 176 189 188 183 183 177 180 180 179 184 181 179 178 177 181 181 178 180 181 181 185 185 181 188 191 193 192 188 192 186 185 190 193 186 186 193 193 194 189 191 190 192 194 193 192 191 189 192 191 197 189 184 185 188 184 182 185 183 185 183 186 183 180 182 187 187 194 190 185 193 187 188 189 184 186 187 185 187 189 183 184 186 179 180 182 178 173 177 178 179 
170 172 171 177 171 170 163 168 175 185 178 190 175 180 182 180 175 176 176 185 184 178 172 173 182 184 180 186 179 184 185 184 180 185 189 191 192 189 193 194 184 187 195 189 188 190 194 193 188 183 192 189 188 189 189 185 179 189 186 186 179 173 177 184 176 179 175 173 185 183 181 179 181 178 187 188 188 185 185 191 187 186 189 180 183 185 180 187 188 186 183 184 177 177 184 183 179 177 177 176 
169 171 176 171 165 171 170 178 183 183 182 179 186 184 186 181 169 184 181 178 181 178 175 178 186 180 179 184 177 180 188 185 180 184 181 185 190 185 188 195 183 194 196 186 194 191 189 192 182 177 186 187 181 184 188 181 175 174 183 182 182 178 185 185 177 182 182 178 181 180 178 183 186 177 188 185 185 182 182 193 189 186 193 182 186 189 181 182 180 183 181 187 184 183 192 189 182 178 181 183 
163 172 169 168 162 166 168 175 180 179 186 188 184 183 188 183 173 183 185 181 182 180 181 185 181 181 184 190 182 187 188 185 190 191 188 191 192 193 198 196 190 190 192 186 188 187 188 191 182 179 177 177 186 185 185 180 175 178 178 183 177 174 178 182 183 180 181 172 181 177 177 189 190 175 184 189 188 189 193 195 189 191 189 186 190 193 191 187 188 189 186 191 194 192 197 190 184 179 182 185 
169 176 168 163 170 178 176 175 183 180 194 191 186 189 189 186 179 187 190 191 188 174 182 182 183 182 183 192 181 186 188 190 193 194 199 190 188 192 197 197 189 188 194 190 185 191 194 193 190 180 174 170 181 184 182 182 178 183 181 185 183 176 178 182 179 182 188 184 184 176 183 183 184 185 191 189 187 189 194 196 195 189 189 196 193 187 188 189 191 187 183 191 198 196 195 187 187 184 184 188 
163 165 167 164 155 168 176 175 179 191 184 188 199 188 188 186 179 189 198 197 195 197 192 194 203 187 188 197 191 191 200 197 198 201 197 193 195 198 192 205 204 196 197 194 193 194 186 183 189 177 174 176 178 173 177 183 178 180 179 185 183 176 180 187 183 185 186 186 188 184 181 184 169 181 188 188 189 191 188 190 194 181 184 196 196 193 187 186 188 193 190 194 196 194 196 193 190 190 190 194 
121 117 117 113 117 114 115 120 139 140 134 146 151 153 149 150 144 151 159 157 159 156 154 164 162 153 157 160 152 158 166 161 159 167 163 167 171 172 166 180 178 171 178 169 171 171 172 180 184 174 165 162 165 168 168 171 172 171 181 178 166 178 170 178 180 173 182 176 178 176 177 178 164 169 187 182 181 185 185 194 195 182 187 189 193 190 190 191 188 189 186 192 189 199 200 195 193 187 194 200 
111 115 115 116 117 126 134 135 144 143 145 150 151 154 153 144 137 150 161 152 158 155 155 163 159 155 151 149 145 151 156 146 142 153 155 145 145 144 147 158 155 146 154 150 145 144 142 141 134 134 133 135 133 137 144 144 144 151 149 150 157 150 154 161 152 156 155 152 157 154 154 155 157 154 154 157 160 160 156 171 168 161 168 155 162 165 167 164 161 167 160 158 173 171 165 163 162 159 168 163 
 49  42  44  46  48  54  56  70  91 102 102 111 114 114 121 118 106 115 118 123 129 127 126 129 125 128 130 127 125 124 130 126 145 150 141 141 148 151 148 161 150 151 155 141 127 115 120 106 102 111 108 109 108 121 129 137 147 150 154 147 159 168 162 176 167 157 138 150 155 156 172 171 173 169 169 165 164 173 166 173 174 165 159 156 165 170 166 165 166 168 163 162 166 161 158 165 166 165 172 165 
 31  25  27  29  32  34  39  32  52  73  77  82  86  84  86  75  80  81  90  96  96  86  84  91  86  84  87  89  85  84  87  88  94 100  99 103  99 102 104 101 100  98  92  73  55  50  53  56  56  60  51  48  52  44  50  56  65  86 105 111 127 120 121 126 132 114 104 123 128 131 127 132 137 129 137 133 130 129 131 138 142 142 137 137 141 134 139 145 141 143 138 143 146 149 148 152 146 145 149 147 
 18  35  39  27  24  28  42  17  37  53  52  55  60  60  58  58  60  60  66  65  64  66  66  77  66  67  65  70  71  64  68  72  71  74  72  76  69  72  75  77  69  65  58  35  29  47  48  37  42  26  20  29  45  41  53  93  25  50  72  77  85  83  85  89  91  84  88  91  90  91  97  90  93  90  93  91  93  94  84  90  91  91  99  99  91  92  96  96  95  97  90  82  94 100  96  94  87  91  98  94 
 42  71  77  34  29  45  44  44  28  51  51  50  55  55  55  51  53  53  53  55  58  50  53  53  52  51  49  55  54  51  52  54  54  60  54  54  56  53  53  53  53  56  46  61  79  53  40  11  46  46  49  53  45  64  48  47  23  24  50  57  64  62  60  61  61  62  65  61  63  65  64  65  66  63  62  65  64  65  67  72  67  62  63  69  67  66  65  67  67  63  66  67  68  69  68  69  69  72  69  69 
 51  60  70  49  42  57  47  28  59  65  75  77  76  80  74  72  71  76  82  76  77  71  77  74  72  69  70  71  70  70  69  66  66  66  65  63  65  64  60  64  61  51  34  60  79  61  78  54  78  57  57  55  69  90  82  64  27  24  50  51  54  53  49  55  58  48  54  56  53  56  53  53  52  50  56  51  51  53  53  53  56  55  51  54  54  50  56  50  45  47  49  48  46  45  48  47  48  46  49  51 
 55  50  53  69  67  61  61  79  92  97  98  93  96  98  94  91  94  91  98  97  97  99 101  95  91  93  94  86  87  90  87  86  93  89  85  84  83  83  80  89  80  76  59  34  52  83  79  70  81  61  91  92 105 117 134  91  15  47  65  71  72  74  72  73  71  72  71  69  68  72  68  69  70  72  71  70  70  72  71  68  63  67  62  64  69  66  65  61  63  60  61  61  61  56  57  54  55  53  59  55 
118 117 112 121 115 115 119 126 126 125 122 122 116 129 121 112 116 118 127 127 129 126 119 120 126 119 122 114 117 116 114 121 120 114 119 116 112 121 107 108 117 110 104  77  73  70  76  74  72  79  78  71  74  74 109  75  60  83  84  95  94  99  95  98  95  95  94  97  94  91  95  97 103 100  97  97  96  97  94  88  94  90  88  88  94  94  85  84  83  85  83  81  93  88  81  77  80  80  79  83 
134 130 127 148 135 139 141 136 140 133 134 130 126 136 133 131 135 138 139 149 151 145 148 152 146 140 139 134 137 137 138 135 136 137 136 142 138 133 132 141 140 141 141 132 129 127 131 125 120 117 113 104  99 103 100  99 118 121 125 123 134 134 128 135 131 128 126 131 127 122 127 128 125 124 127 127 126 125 125 125 125 125 119 123 124 116 120 120 111 112 114 115 111 112 106 101 101 100 103 105 
137 131 142 142 137 139 142 143 137 124 144 137 133 144 134 131 138 136 143 144 145 151 152 151 151 179 173 170 167 164 170 173 165 170 166 167 159 155 158 156 156 154 156 149 140 144 148 141 129 136 133 120 116 128 129 130 135 138 139 142 152 151 146 145 155 150 142 152 151 147 141 143 145 140 141 148 150 147 146 148 146 145 149 151 143 144 148 141 142 142 145 142 144 136 132 130 122 123 126 128 
111 105 113 117 117 104 111 124 108 101  93  89  94 105 103 102 103 109 123 134 133 141 146 151 141 163 163 154 159 169 169 172 167 172 176 177 178 167 165 167 171 158 164 162 156 163 161 150 143 143 137 117 125 141 137 133 141 145 144 145 152 154 156 154 163 158 160 160 159 159 176 176 177 179 172 176 175 170 167 169 173 165 170 161 163 163 155 158 154 157 163 154 150 156 152 150 146 145 146 149 
 76  72  80  79  78  76  59  51  38  34  36  37  37  37  42  42  44  48  64  75  87  98 101  99 104 102  96 104 101 109 110 117 109 107 109 117 124 121 126 130 135 130 133 132 135 135 134 121 128 129 113 119 126 119 122 128 129 131 130 132 135 142 150 156 164 155 156 154 155 154 170 176 171 176 185 180 180 180 178 183 192 184 169 159 160 164 160 152 156 160 154 151 148 152 148 149 133 137 151 144 
 54  55  62  62  56  55  32  30  31  24  21  25  22  34  21  13  19  81  34  37  65  76  77  74  76  71  66  76  78  86  86  85  89  87  83  82  85  85  90  89  94  92  94  89  90  91  85  68  73  73  69  64  61  69  72  73  78  81  75  88  93 105 104 106 108 107 111 111 112 116 113 116 110 115 117 119 125 122 127 126 131 131 132 129 138 144 135 132 133 131 139 130 118 123 110 113 122 122 116 122 
 43  44  48  44  45  42  30  55  52   8  37  29  58  71  36  27  22  37  54  20  43  58  51  47  56  57  52  52  53  65  53  57  61  65  64  59  62  67  63  68  66  74  77  65  62  60  54  39  32  31  33  27  35  33  34  35  30  34  33  47  62  62  68  74  73  77  80  80  82  81  81  86  88  83  90  84  89  94  93  91  90  91  91  95  94  92  97  87  89  85  81  72  61  58  63  58  56  53  61  61 
 49  51  56  47  55  29  22  41  26  31  84  53  73  72  48  53  35  46  81  21  38  46  47  43  44  42  47  44  44  43  46  44  48  48  47  48  46  43  45  48  47  52  50  45  56  76  57  40  38  41  31  30  21  20  18  43  69  56  53  36  26  41  46  51  55  56  57  57  56  62  60  62  62  66  66  65  62  65  66  67  70  69  64  70  67  66  73  66  47  52  65  55  45  34  37  40  46  84  59  49 
 66  67  66  72  68  52  31  26  28  37  31  41  62  73  52  42  61 108  16  40  55  60  60  51  64  58  56  55  58  53  56  52  52  54  55  55  53  54  56  53  52  51  55  47  70  73  62  84  85  90  98 104  45  40  38  39 114 105  95  66  11  27  39  35  40  41  42  43  44  41  45  44  43  41  44  41  48  43  45  47  45  46  46  45  44  47  39  51 139 149 124 121 135 122  98 127  86  65  75 187 
 89  87  98  86  86  91  77  70  71  61  58  62  54  52  61  48  66  73  55  72  74  75  71  69  74  76  74  75  71  66  69  70  72  70  69  75  73  68  67  69  67  68  62  62 101  98  61  89 121 135 137 117  53  58  55  48 118 106  95  69  26  30  47  50  51  50  47  51  52  55  55  55  53  52  55  57  49  49  52  48  53  51  51  50  49  48  36 108 246 246 228 238 255 183  54 225 114  27  69 210 
109 120 119 118 109 108 111 111  99  95  98  99  99 104  92  95  89  88  97  94 103 103  94 100  99  97  99  97  99  94  89  91  91  94  99  95  87  89  90  92  90  89  82  76 128 128  51  57 118 130 142 124  66  75  56  70 141 122 112  71  23  52  60  63  61  68  64  68  69  67  69  73  70  69  73  73  72  75  70  76  67  70  66  68  68  67  58 145 255 249 238 246 255 154  48 235  98  43  81 214 
126 139 139 132 134 138 137 133 130 132 123 124 130 137 128 134 137 141 135 138 139 133 129 127 125 127 129 125 125 127 121 118 111 111 111 119 112 115 121 121 124 111 109 105 101  96  75  40  37  40  36  41  42  38  51 104 106  90 105  58  48  69  81  82  86  85  76  88  92  87  84  87  91  93  95  95  92  84  92  85  87  86  86  85  80  79  79 125 194 182 176 191 201 154 148 203  91  80 128 244 
133 144 138 140 151 146 139 145 145 148 145 143 147 137 148 141 148 158 147 154 156 160 168 174 173 182 178 182 175 175 173 173 165 169 165 153 160 150 148 153 153 147 153 150 142 136 130 129 117 110 111 105  90  74  74  73  69  75  74  86 103 109 106 113 119 116 111 116 127 119 121 124 124 122 126 124 121 120 119 116 118 115 113 112 115 111 116 103  98 118 115 103  91  90 110 120 148 137 169 230 
109 118 113 118 111 109 110 119 118 119 121 125 125 120 131 125 127 127 129 136 138 146 152 144 152 154 159 162 155 161 160 169 164 167 181 178 178 151 151 161 155 162 160 162 162 161 147 144 141 134 123 127 120 113 103  95 110 103  96 108 114 131 128 120 121 135 136 141 145 162 162 160 167 156 158 159 152 151 149 150 145 147 144 145 146 145 138 133 135 137 131 129 118 116 125 123 123 126 107 110 
 81  87  91  88  87  94  90  91  92  96  99 104 103 102 102 102  97 102 101 110 115 104 106 110 110 108 115 119 117 113 112 120 126 113 111 117 120 122 124 130 131 128 134 134 129 133 131 125 120 114 112 108  87  77  79  74  81  85  84  92  96 102 103 104 115 128 130 130 148 172 178 188 181 186 192 195 193 192 190 197 194 188 165 145 146 159 160 162 161 159 156 152 152 150 154 137 141 144 144 130 
 52  51  57  60  51  57  63  59  57  55  58  67  69  66  66  70  69  81  76  74  87  83  78  77  81  84  83  84  86  86  90  89  93  99 102  95  94 101 104 101 105 111 102 107 111  98  98  95  97  99  95  90  70  65  59  59  57  55  42  50  51  54  62  56  48  67  79  93 104 112 110 120 108 113 117 121 117 115 118 124 130 138 132 123 123 128 130 137 129 138 142 139 136 137 147 138 142 137 131 123 
 40  39  36  40  43  41  39  38  37  42  37  40  45  42  41  46  41  40  42  45  46  45  49  46  43  52  51  52  51  57  57  55  60  57  67  67  60  64  64  66  69  68  71  72  67  69  59  68 192 237 233 233 229 230 226 227 223 214 183  78  31  44 150 209 177  68  46  64  83  93  93  98 101  96 107 103 104 103  99 110 103 111 112 107 104 105 103 105 109 101 101 106 108 105 107  99  93  91  77  83 
 62  58  52  49  51  51  51  45  43  46  50  52  47  48  49  46  45  43  44  41  41  43  42  41  40  45  42  40  44  39  43  41  43  42  40  43  44  44  44  42  44  43  45  45  46  44  43  57 217 255 252 251 255 252 254 253 252 252 255 102  49  58 119 255 249  91  32  36  58  66  65  69  69  70  70  73  73  77  78  78  75  78  82  84  84  87  84  84  87  91  87  88  98  94  85  93  79  65  53  40 
 95  92  92  84  81  78  78  73  75  81  84  81  76  79  70  69  71  67  65  63  57  51  47  50  47  52  55  50  52  49  48  54  47  46  46  50  46  41  44  45  45  45  42  40  43  40  34  64 216 255 251 250 253 249 253 250 250 248 249 101  64  71 128 255 222  65  11  48  56  53  54  51  52  52  55  53  50  55  53  54  58  52  51  54  52  53  58  52  54  51  54  52  50  55  54  52 106 119  57  74 
137 132 134 129 125 118 114 113 114 127 130 128 126 122 116 112 110 103 119 110  96  92  90  97  91  91  94  91  89  89  81  83  79  80  74  69  66  69  66  62  66  67  60  58  63  68  56  95 233 253 253 251 251 250 251 247 249 246 246  90  69  85 181 255 196  56  35  69  76  72  73  68  70  67  66  66  67  67  67  61  59  64  59  63  64  61  61  59  55  59  57  57  59  54  50  48 146 115  51 182 
133 136 138 135 136 139 142 142 143 145 140 132 133 133 130 127 118 111 118 110 114 117 111 106 108 112 114 107 108 105 110 104 117 111 104 111 111 116 118 118 119 126 113 121 122 111 103 113 215 243 243 245 245 249 248 251 254 246 198  73  50  75 221 255 194  47  39 102 121 122 118 108 110 107 101  99 104 102 100 103 102  96  91  95  91  89  90  81  85  85  84  86  85  82  70  56 142 103  56 188 
150 148 146 147 145 147 134 145 143 144 149 144 149 155 157 165 172 171 177 175 174 166 168 166 165 164 164 160 158 155 141 130 142 136 135 136 133 135 131 126 133 131 129 134 123 128 127 108 115 126 122 124 125 116 120 131 139 127  95  81  82 132 169 161 113  61  78 111 131 143 145 135 139 138 135 137 142 139 139 145 141 137 139 146 141 137 143 132 126 132 125 129 135 123 131 101 160 137  51 123 
138 139 140 143 147 145 141 139 140 137 141 139 140 146 145 145 140 142 145 151 157 153 149 150 159 157 154 169 166 163 152 151 154 153 159 156 154 152 157 152 145 142 141 140 139 135 147 136 135 130 124 116 118 106 107 111 104 112 110 106 109 102  86  90  96 113 111 110 125 136 136 126 130 129 121 121 126 126 128 132 133 128 134 142 131 132 135 134 135 135 129 124 136 137 129 119 106 105  76  62 
120 116 127 123 121 118 122 125 128 124 131 137 127 123 116 111 105 109 104 102 109 113 111 111 115 120 126 117 122 125 129 128 138 132 128 134 136 132 131 130 120 129 151 160 156 152 151 148 156 153 163 159 159 153 151 157 145 148 159 153 152 170 162 171 156 155 152 155 151 157 157 147 149 146 145 137 142 143 140 145 141 134 137 144 137 135 139 131 124 128 126 129 136 126 129 132 127 112 111 113 
 87  88  82  89  92  89  92  98 102  94 102 102 108 100  94  87  81  79  79  75  84  86  90  93  92 100  93 106 106 111 120 121 123 122 122 117 114 122 124 121 124 123 127 139 133 128 135 133 129 133 132 137 138 133 137 142 130 133 146 147 158 162 160 167 173 176 180 183 188 190 198 199 197 187 168 169 174 172 171 170 169 163 176 177 168 165 166 166 169 164 150 132 154 152 155 157 150 155 147 147 
 48  56  58  56  50  55  57  64  59  61  59  58  56  49  40  39  37  36  39  38  32  45  48  48  46  49  62  78  83  85  83  93  96  97  99 102 104 107 106 104 107 105 104 112 116 108 114 107 108 110 113 111 106 111 112 110 120 120 112 113 109 112 117 114 113 118 123 124 125 127 131 127 133 134 139 138 142 147 143 144 153 148 150 157 154 158 151 155 158 158 163 157 166 164 169 173 163 171 170 166 
 47  46  46  43  48  44  46  45  47  42  46  40  30  30  30  22  25  31  30  19  25  19  31  22  49  77  20  40  48  52  52  59  59  60  61  65  64  64  68  67  68  70  73  78  73  70  78  78  78  81  89  86  89  92  80  84  90  90  94  92  97  98 102 101 110 114 113 120 114 120 122 115 117 117 119 111 110 115 119 116 116 122 123 126 118 123 117 122 123 121 122 123 134 128 131 129 128 127 129 122 
 53  57  52  51  54  52  50  48  51  47  45  37  48  50  53  54  56  58  41  33  55  41  42  44  46  83  12  23  41  46  44  44  46  45  48  51  45  50  50  48  46  48  51  53  54  56  49  52  54  52  52  55  55  53  50  57  56  55  54  58  62  67  65  67  69  70  72  73  80  81  81  78  85  87  87  84  90  87  88  97  88  88  94 100  93  97  95 105 109 109 104 105 106 109 109 105 106 103 106 100 
 82  80  78  76  75  70  74  70  64  68  56  55  74  69  78  70  71  76  54  47  68  51  48  46  70 152  30  25  44  46  49  49  48  49  43  46  46  48  46  46  45  48  51  49  50  44  46  46  47  51  47  47  48  43  42  48  45  47  47  50  46  48  49  52  49  46  49  47  51  51  53  49  54  52  48  52  52  54  49  55  58  56  58  58  61  59  55  62  60  66  65  65  69  71  69  74  68  73  74  53 
115 112 112 109 107 108 104  99  88  87  89  62  37  49  51  43  50  71  57  75  82  69  82  68  75  93  16  52  64  69  58  60  63  65  70  66  63  61  60  58  57  60  61  56  54  47  49  49  48  49  53  49  49  49  44  47  46  46  45  46  44  45  44  44  43  47  49  43  47  46  49  43  48  46  44  44  40  44  44  39  42  44  43  48  42  44  42  44  44  44  45  49  48  47  48  47  46  48  42  42 
165 164 165 159 162 165 152 155 145 136 133 120  95  67  54  53  44  51  51  33  19  46  68  40 106  68  49  90  91  95  87  94  88  92  99  92  94  94  93  85  83  84  84  88  80  75  75  72  70  68  66  62  61  68  65  60  65  60  64  62  59  59  59  59  59  59  58  56  55  55  59  56  50  55  51  48  50  47  48  49  49  49  47  44  43  47  44  46  43  48  41  46  47  48  45  44  45  42  41  42 
176 172 174 173 184 181 178 185 179 177 174 177 180 171 165 155 155 143 141 134 128 132 124 125 126 117 134 142 136 135 136 137 132 130 119 123 122 123 127 121 119 111 109 121 119 111 110 104 101 100  91  97  97  99  95  91  88  83  92  85  83  87  86  88  90  86  77  82  82  82  78  88  73  80  75  72  68  72  69  66  66  65  72  65  63  64  64  59  58  60  57  59  58  59  55  53  58  54  47  47 
170 165 163 164 175 160 162 161 166 163 162 156 167 160 157 151 159 154 155 152 149 150 163 174 172 170 176 183 179 183 181 179 180 178 175 181 176 171 172 169 166 164 166 169 168 160 160 150 144 142 138 140 140 144 136 128 124 122 127 116 115 118 115 117 110 112 113 109 108 110 114 112 109 114 103 100 101 104  93  99 102  89  96  95  89  86  87  86  84  89  91  83  81  82  78  84  76  73  74  71 
166 165 164 165 167 172 163 164 161 161 160 165 162 163 161 158 158 157 162 154 145 150 156 162 165 153 157 161 160 161 166 165 157 162 168 164 165 169 173 170 178 177 169 172 182 177 181 177 177 182 181 182 181 184 179 176 175 176 180 177 176 178 173 174 172 173 167 169 167 164 164 155 158 156 146 137 132 133 132 140 135 132 133 134 133 123 120 116 117 123 113 107 114 106 110 106 107 104 102  98 
166 158 165 171 169 164 163 166 164 166 158 161 155 159 157 145 160 162 154 160 147 158 160 159 161 164 165 166 169 165 168 169 163 161 168 171 168 167 161 168 168 165 170 157 169 169 165 164 162 163 162 162 164 166 158 161 162 156 161 168 172 162 166 167 171 171 166 172 174 171 176 177 179 181 180 175 173 176 180 189 186 176 181 182 179 178 174 176 174 175 174 174 173 170 170 163 169 161 158 151 
166 166 168 167 172 165 162 165 165 167 160 162 157 159 162 159 160 159 160 165 153 151 156 163 158 160 162 162 155 160 158 154 157 156 162 166 163 164 165 162 165 169 173 163 172 173 172 171 166 167 169 167 173 173 170 170 167 172 174 167 166 158 157 152 161 168 164 162 163 170 168 167 161 160 159 154 162 170 166 169 163 167 166 166 167 166 168 162 170 171 177 177 165 172 176 181 180 173 178 178 
159 161 159 159 161 158 172 166 163 167 161 158 155 163 162 160 163 163 156 163 163 155 159 169 163 165 160 156 158 165 159 153 153 159 166 168 160 162 164 164 165 162 167 165 162 164 169 168 166 161 158 164 161 161 161 157 155 159 163 163 156 158 162 158 159 165 173 169 163 181 181 179 177 173 172 175 173 182 170 170 172 172 167 170 170 173 173 177 179 174 172 168 166 168 169 170 168 163 157 160 
143 141 143 146 143 151 150 150 152 154 145 142 149 159 155 153 156 159 158 157 158 154 153 164 164 159 157 164 163 165 162 153 162 163 161 164 163 166 163 172 160 167 167 161 166 168 165 167 160 160 166 163 159 167 164 163 161 162 163 165 166 163 166 168 161 162 168 166 164 163 163 169 166 172 168 168 165 165 167 170 173 164 165 171 169 170 168 165 172 177 170 171 172 172 177 173 175 173 177 178 
137 141 134 138 139 138 138 142 136 141 134 136 142 142 144 139 141 139 146 142 138 151 144 144 150 148 143 154 151 153 147 151 152 152 149 156 157 155 161 159 160 165 163 155 164 167 162 165 158 161 157 158 164 170 168 165 165 162 174 162 166 164 166 168 164 171 168 172 167 174 175 168 170 170 172 168 167 166 160 162 155 160 168 165 164 165 165 164 171 168 167 168 166 165 169 164 165 166 162 164 
137 146 132 126 126 134 133 128 132 136 135 133 128 127 133 134 129 130 134 142 140 139 140 137 142 141 135 134 139 136 135 137 136 135 142 142 141 143 141 138 143 143 145 150 149 150 150 154 148 151 152 153 161 163 168 160 161 155 164 160 166 157 158 164 163 164 168 165 162 170 172 168 168 162 170 171 165 166 164 159 166 168 168 172 176 170 168 167 173 171 177 168 166 174 175 165 168 171 169 173 
 94 113 106 106 108 109 109 111 128 132 121 124 121 121 113 111 119 126 129 126 124 124 131 143 142 143 138 140 139 138 130 130 131 122 134 130 127 138 132 136 133 130 134 137 140 140 139 140 138 136 137 140 146 146 144 142 143 141 145 152 155 151 150 158 151 156 153 161 155 158 159 158 161 163 162 162 157 154 157 157 158 161 157 170 166 166 168 161 165 171 168 157 161 171 174 167 172 168 164 165 
 49  49  50  57  48  50  53  53  61  82  68  76  87  93  90  91 106 116 118 115 117 118 129 130 127 134 122 121 128 125 131 132 129 123 133 128 125 130 121 126 125 116 118 126 129 126 134 137 133 133 138 135 137 140 142 135 141 140 142 145 146 145 146 143 146 149 147 148 144 145 154 143 149 150 146 155 151 150 149 149 149 155 150 152 157 159 157 158 161 160 153 152 161 161 164 157 162 168 163 155 
 69  70  66  61  59  51  41  61  44  31  35  47  61  54  38  34  37  49  51  48  53  49  56  64  75  62  60  62  65  78  75  79  88  88  92  93 109 113 116 127 130 130 130 122 120 124 130 134 129 120 124 128 127 120 116 120 130 128 122 130 140 131 125 128 134 136 130 128 128 140 136 135 141 143 144 147 147 144 149 144 146 150 149 145 149 146 137 142 148 147 141 142 146 150 152 145 151 150 153 145 
 43  41  36  28  29  20  18  18  13  11  18  21  17  12  24  27  23  31  35  40  50  47  50  52  57  56  53  46  48  49  44  47  52  46  41  33  45  46  49  54  56  62  71  73  75  75  79  90  88  87  94  89  88  92  99  99 102 109 111 125 124 127 133 133 130 129 122 120 121 128 129 124 121 123 129 134 133 126 135 137 135 137 134 135 130 140 134 138 143 139 139 140 136 137 143 139 142 143 147 142 
 13  17  14  15  16  15  10  18  17  12  11  17  12  14  20  15  13  13  12  18  16  15  20  31  31  37  30  24  31  32  34  40  36  32  37  36  32  32  29  30  36  30  38  44  38  40  48  48  41  39  48  46  48  56  61  54  52  61  64  62  69  74  83  88 101 108 109 118 119 114 117 119 120 120 116 122 123 115 125 118 124 126 133 122 123 130 133 129 131 131 124 126 134 129 129 131 126 134 137 133 
 14  20  22  22  24  23  13  22  28  19  14  14  14  19  19  17  17  20  20  14  14  14  15  15  15  13   8  14  12  12  13  12  12  12  18  12  14  19  18  17  19  17  18  20  19  24  28  28  20  20  20  30  40  47  47  49  52  54  55  59  62  52  55  60  58  65  70  82  87  63  67  74  70  73  71  71  69  76  81  86  85  83  96  91 104 103 102  95 105 103 107 113 116 112 117 124 123 125 127 134 
 17  19  22  25  22  22  16  18  21  15  17  16  13  11  15  15  17  16  16  21  11  16  12  12  11  15  18  15   9  15  10  11  13  12  19  19  13  25  13  15  11  14  17  19  17  11  17  11  10  14  15  14  12  21  22  23  24  29  32  38  33  30  33  38  40  48  59  75  76  68  75  64  75  64  59  60  58  56  61  61  62  58  62  64  63  63  63  60  61  52  52  55  59  56  59  64  60  67  64  67 
 15  18  14  18  13  18  19  16  14  16  13  22  13  14  19  18  15  14  17  17  19  16  15  17  16  15  14  16  18   9  14   6  13  18  12  17  13  19  12  10  18  20  16  21  18  22  16  16  20  14  16  12  15  14   8  15  10   9  16  14  13  11  15  10  12  18  22  26  29  34  32  35  31  24  23  24  24  21  35  37  22  28  39  41  56  41  49  56  41  27  33  44  43  42  53  47  51  48  49  50 
 23  15  16  16  13  21  18  14  13  14  13  11  13  15  17  14  16  16  12  16  16  12  14  15  15  16  18   7  13  14  13  14  12  14  12  14  12  16  16  10  18  20  16  17  21  18  20  15  15  15  13  12   9  10  15  15  10  12  16  11  18  13  14  20  16  21  19  17  22  15  12  20  13  17  20  17  10  13  12  16  15  12  18  13   9  10  14  10   8   6  10   8   8  10  13  29  39  18  16  16 
