188 183 181 181 181 174 173 163 157 151 147 155 151 144 136 142 146 141 141 138 134 139 130 132 138 131 128 132 133 135 134 136 136 139 134 129 126 133 130 123 128 131 135 141 126 127 132 125 125 117 113 125 118 108 124 119 117 120 129 124 120 120 127 125 121 121 117 122 121 124 118 126 124 123 128 126 127 132 130 124 130 131 128 139 139 136 146 154 158 157 155 148 152 155 165 156 148 146 144 144 
195 192 193 195 191 185 179 169 170 175 164 166 159 154 156 162 158 160 159 150 145 151 146 152 159 155 153 151 149 149 147 144 139 139 134 137 141 136 136 130 134 138 140 143 133 132 139 129 124 129 128 128 124 120 127 132 122 124 128 126 128 121 125 126 124 119 117 118 118 117 115 116 119 117 120 115 113 122 114 120 117 120 123 133 124 131 138 136 133 133 135 131 134 137 137 131 124 123 125 124 
202 202 204 204 203 208 192 177 180 178 181 176 164 172 171 171 179 182 180 178 174 175 172 178 179 172 171 167 173 162 165 168 157 159 152 153 155 148 152 151 150 147 143 145 140 142 137 142 138 142 137 134 139 136 135 133 131 140 135 135 132 133 132 135 123 124 131 128 127 123 126 124 115 123 125 120 125 123 118 129 120 125 120 127 135 132 133 121 108 115 110 100 107 109  91  94  98 108 119 122 
206 201 204 208 204 204 191 182 182 181 187 181 177 188 183 180 187 188 183 180 181 181 181 183 185 186 191 189 188 182 187 185 174 178 169 169 171 166 166 162 164 165 157 156 155 153 150 149 148 150 147 150 151 145 144 144 148 151 144 143 142 142 146 142 144 143 144 136 137 141 135 139 132 128 134 129 129 131 134 130 138 130 135 137 132 139 139 132 134 127 121 114 119 121 105 109 115 120 125 127 
192 195 196 190 191 195 186 184 186 179 182 180 189 184 182 184 183 186 186 188 189 184 188 189 194 195 198 197 196 198 193 191 193 194 191 189 185 182 184 180 181 183 176 171 171 175 171 163 170 170 161 163 155 155 156 161 166 168 162 163 155 156 159 156 159 151 149 150 148 145 148 154 139 150 142 147 145 137 141 149 146 150 155 154 148 147 159 156 151 151 148 146 147 143 138 140 145 145 142 142 
186 187 191 191 188 184 185 180 185 182 188 190 188 189 186 186 185 189 189 188 184 177 184 189 190 186 193 191 191 198 196 197 197 202 198 196 192 190 192 192 196 190 189 189 183 188 181 181 182 180 177 176 176 173 175 178 176 182 177 174 174 174 175 168 169 168 166 168 160 158 165 161 162 164 161 166 160 162 158 158 158 168 170 174 175 177 172 172 169 168 164 163 162 168 162 162 164 167 158 160 
185 194 198 190 179 177 178 167 164 163 171 178 176 173 180 182 183 189 190 190 189 185 187 191 192 190 190 188 187 181 178 191 196 194 191 195 195 187 186 192 190 183 187 189 184 187 185 188 187 180 186 179 180 183 184 186 180 186 185 187 188 180 184 184 186 179 174 175 169 173 183 177 179 181 180 179 173 176 178 175 174 174 181 184 180 184 187 186 182 183 184 185 182 185 176 179 177 174 173 172 
182 194 191 187 170 172 171 170 171 164 172 170 169 174 173 175 169 174 172 173 172 169 171 171 173 175 173 179 185 186 183 185 187 187 186 188 186 187 186 178 188 181 182 184 183 185 185 184 177 178 179 176 176 181 177 187 196 196 191 186 184 188 193 190 194 188 187 189 186 192 193 193 188 190 187 191 190 188 191 189 191 191 199 195 194 199 198 196 191 196 191 193 198 195 194 191 190 186 186 179 
187 188 192 188 171 164 165 169 166 162 167 168 161 171 168 168 165 167 162 165 167 169 167 173 170 168 172 173 177 176 171 170 174 174 180 171 169 175 177 178 178 174 177 178 178 179 182 177 178 178 177 173 176 175 180 191 195 188 178 173 173 183 195 196 197 196 199 199 197 201 200 204 199 203 197 193 184 182 184 187 195 201 205 199 196 201 205 203 204 209 203 202 203 193 197 196 203 199 193 192 
165 168 170 162 155 155 154 163 167 170 171 161 160 166 163 164 159 164 163 166 164 166 165 164 169 161 163 172 168 171 170 168 171 171 172 169 165 167 171 168 164 165 171 171 169 168 169 166 165 165 169 172 169 172 181 181 185 173 175 178 180 187 191 189 190 191 192 191 192 195 195 197 199 195 193 185 178 180 179 183 183 189 194 192 199 201 197 199 209 205 203 204 201 199 201 199 200 201 199 197 
139 145 134 128 136 132 128 141 146 152 149 148 154 154 151 157 155 162 164 167 163 170 160 155 161 167 164 174 165 159 170 163 167 170 161 158 158 167 173 169 158 163 160 165 162 167 164 157 162 158 162 161 159 165 179 182 180 172 168 174 181 185 188 186 185 183 183 188 188 187 186 192 187 182 183 186 182 179 180 183 181 188 187 187 192 196 183 187 194 188 193 195 193 192 190 192 191 195 187 186 
181 175 168 171 173 164 160 153 146 150 148 138 135 146 140 131 136 147 143 142 148 147 140 146 151 149 158 164 161 165 169 166 176 169 157 158 158 161 164 164 163 162 161 162 162 159 155 152 152 156 152 153 155 161 166 173 181 173 168 169 184 187 182 186 186 182 190 188 186 185 183 191 186 188 180 176 163 165 170 174 176 191 189 184 184 186 186 186 185 186 195 191 190 188 186 190 185 188 180 182 
207 211 215 214 215 212 210 210 202 206 191 195 197 188 182 175 170 162 153 153 147 144 143 138 141 142 141 136 139 150 148 143 151 148 143 142 143 149 149 150 154 157 154 154 153 158 157 152 148 153 154 150 157 164 173 176 177 179 171 167 182 187 181 183 187 185 185 186 188 182 184 185 186 190 179 162 163 166 163 173 182 184 186 184 185 186 180 181 190 188 189 192 189 185 182 189 191 187 185 179 
172 176 180 175 176 183 183 188 188 202 200 211 217 233 237 233 237 228 206 200 193 197 184 186 186 173 163 168 161 160 157 153 149 148 147 135 137 126 131 134 135 138 137 143 139 140 140 137 133 132 140 133 143 158 170 177 178 174 178 184 186 178 179 175 180 183 181 184 188 181 182 184 176 173 177 161 158 169 164 173 183 177 177 182 184 184 177 184 193 190 184 193 186 182 186 181 181 180 170 172 
173 175 177 173 168 169 176 172 161 173 178 169 177 183 181 188 193 199 203 206 203 205 208 209 215 229 238 235 232 232 229 225 216 215 209 199 195 186 176 171 163 157 154 151 148 142 137 143 139 130 133 128 125 136 138 138 143 146 148 154 154 149 160 159 160 170 168 171 172 175 174 171 175 181 171 157 162 167 161 164 168 166 174 182 185 177 178 181 188 187 181 185 182 181 182 179 179 177 177 167 
170 179 170 178 168 168 174 168 169 177 178 176 179 177 177 183 175 181 184 186 177 171 179 172 176 138 115 191 200 206 216 215 220 222 230 231 237 239 235 238 237 233 224 206 197 189 187 190 186 178 174 168 166 166 159 151 144 146 144 139 143 142 141 135 139 140 145 142 150 152 149 146 150 152 151 147 144 144 153 164 162 156 165 172 179 170 174 174 170 177 174 171 176 175 174 178 175 170 176 171 
175 181 181 179 168 171 178 171 183 177 179 176 177 179 179 181 182 181 175 174 176 179 181 178 178 146 142 182 178 176 179 178 179 181 180 177 186 185 187 190 194 202 205 200 200 202 196 203 202 204 206 203 204 203 200 197 199 194 195 192 189 185 179 176 178 174 168 165 166 168 163 152 141 137 137 135 135 131 141 151 159 152 154 159 156 156 156 156 154 161 159 150 156 151 158 158 153 150 153 157 
181 179 186 181 180 176 175 178 175 185 188 182 182 185 185 187 172 172 181 177 173 177 181 179 181 184 187 183 182 181 179 183 178 168 175 173 180 175 174 171 170 173 171 167 166 166 164 159 172 166 166 176 177 177 177 179 178 182 188 187 188 194 196 200 201 201 206 206 206 205 202 200 201 198 192 192 185 189 191 193 194 188 181 183 178 178 178 178 173 173 168 160 158 164 161 157 162 154 155 152 
186 188 184 180 184 176 173 182 182 185 186 186 185 182 183 190 182 172 183 179 178 186 183 177 185 181 185 182 180 182 181 178 175 168 174 177 177 172 177 171 169 174 171 167 164 165 167 158 166 166 160 168 175 166 161 166 156 162 157 159 163 164 163 166 168 166 179 177 175 179 182 183 192 201 200 205 203 207 204 211 213 207 212 207 208 205 205 199 198 208 204 203 198 197 196 195 192 193 184 181 
172 171 170 172 172 172 171 183 186 191 186 184 191 196 192 188 186 186 192 176 182 192 186 184 188 190 190 187 184 179 185 179 175 174 176 179 182 178 172 169 174 172 166 163 163 165 159 151 161 158 163 177 186 180 175 174 171 174 171 163 167 168 166 157 159 156 162 158 147 158 168 162 159 168 170 164 175 182 184 186 196 193 190 191 196 188 184 188 191 192 197 199 196 194 200 204 200 204 199 199 
157 151 150 154 155 148 163 166 169 173 180 183 182 188 184 185 170 173 187 189 190 187 192 194 188 193 187 190 190 181 186 181 182 177 177 177 185 186 176 171 180 177 170 168 170 169 167 172 174 161 171 183 178 177 175 170 175 180 180 170 174 180 176 171 169 165 166 156 151 162 164 166 170 173 171 170 171 181 188 192 195 194 189 193 193 190 192 190 186 185 183 184 188 184 183 187 186 182 171 173 
135 132 128 126 134 127 150 155 169 162 173 183 173 176 174 173 168 170 174 179 180 184 187 185 189 187 186 192 196 191 194 191 187 188 192 185 188 186 184 180 186 181 176 177 177 172 176 182 184 183 185 181 181 181 180 178 178 180 177 179 182 181 180 184 173 168 176 159 156 175 171 169 176 178 171 171 175 182 186 189 191 191 194 198 191 189 194 191 197 199 190 184 189 190 189 181 178 178 169 170 
109  95  96  96  88 100 112 125 126 138 148 151 150 154 159 161 152 150 155 154 156 157 164 168 166 168 172 177 179 173 175 177 174 176 183 185 184 188 181 180 190 193 189 181 181 188 188 191 186 187 188 181 176 175 177 177 184 189 186 185 185 185 185 187 186 184 177 161 169 173 173 170 178 180 181 182 191 194 197 199 200 196 201 199 195 196 198 197 199 199 201 197 194 193 188 185 173 171 178 173 
 65  60  55  56  58  64  63  74  75  83  88  94 101 103 117 130 129 124 127 125 134 137 133 138 138 139 138 146 149 149 158 163 163 161 162 168 172 173 172 173 176 177 174 166 166 173 182 183 177 182 178 170 168 168 162 167 171 178 179 180 179 180 182 185 190 189 181 172 177 177 185 184 189 190 179 181 189 200 205 201 206 209 208 204 204 206 202 204 205 205 205 208 209 205 203 189 195 191 183 180 
 65  61  59  63  56  53  49  45  46  47  44  47  46  52  69  74  86  92  96 100 107 110 110 117 119 118 123 123 127 133 139 143 145 144 150 155 153 158 158 161 156 154 157 160 160 162 163 153 142 149 138 130 129 128 138 137 148 152 150 152 155 159 167 171 172 180 176 177 178 180 189 183 191 195 190 190 199 199 199 199 206 205 205 210 209 209 207 208 209 206 208 205 206 208 203 193 200 192 188 190 
 97  93  83  76  73  73  67  67  56  54  48  47  49  46  43  43  58  52  56  66  70  69  75  84  82 102 103 106 121 127 135 139 138 143 151 153 150 152 150 149 146 151 151 149 146 143 146 184 194 148 141 131 120 112 121 119  92 107 128 118 113 103 108 132 147 156 150 159 165 175 177 174 181 179 179 191 195 194 196 198 196 197 197 202 203 195 195 199 201 203 206 201 201 200 196 195 195 197 201 196 
124 119 116 112 113 105 108  97  97  96  84  82  70  73  70  75  74  59  65  67  66  56  67  80  73  75  85  83  82  92 106 113 110 119 132 137 145 143 144 143 142 144 147 144 140 154 219 249 142  59 135 235 222 220 168  53  47  59 180 227 206 185 139 119 101 118 125 139 155 155 162 168 162 160 168 177 177 184 187 188 190 194 192 193 195 192 195 192 194 192 193 195 194 192 185 189 192 189 185 190 
155 152 153 151 151 146 142 136 141 140 139 120 110 125 121 115 109 102 103 102  98 100 103 101  95  99  95  87  97  98  90 101  92 100 114 119 122 129 135 133 134 123 135 129 125 183 253 199  70  72 201 255 246 255 136  18  26  39 180 253 241 242 224 215  98  77 126 137 137 146 146 150 146 154 151 149 155 167 172 171 174 178 179 180 180 178 186 182 183 180 185 182 187 182 180 180 179 173 169 165 
170 169 170 176 178 177 175 176 167 171 171 158 156 164 161 154 152 155 143 141 140 135 133 135 132 131 133 124 123 126 123 120 119 130 128 133 129 134 139 141 133 124 127 125 132 196 252 161  51 104 234 250 250 238  75  18  39  64 222 238 235 242 227 189  85  77 114 124 134 134 131 146 146 136 133 134 149 154 154 160 171 169 172 160 165 165 171 172 170 172 170 167 169 173 171 168 162 164 159 146 
200 186 193 197 197 191 188 188 191 191 183 190 188 189 190 185 180 180 173 168 170 165 165 172 159 153 156 155 155 151 153 148 130 142 150 146 149 149 145 144 145 143 134 127 138 199 255 170 113 177 235 230 247 210  64  31  37 118 249 234 239 237 222 165  68  74 102 110 121 115 110 112 115 120 105 109 111 123 125 126 135 131 128 131 139 139 151 149 144 140 147 152 157 155 161 149 152 159 147 124 
201 214 214 219 218 211 217 221 217 211 205 200 202 204 202 199 192 188 188 186 187 183 181 185 185 177 183 178 180 171 177 165 134 158 179 164 163 170 158 157 154 142 140 141 142 172 212 222 240 232 169 161 167 176 145 115 116 227 254 248 254 254 235 121  59  97 111 129 123 110 105 110 108 108 104 103 101 109 100  94  98 101  93  83  89  97 104 107 104 102 109 112 120 124 113 115 121 129 118  95 
166 167 158 166 169 173 180 185 194 197 207 213 220 221 221 226 220 211 219 207 197 202 199 197 200 194 192 191 191 184 189 183 180 186 189 182 184 184 177 176 168 166 159 162 158 162 158 153 154 162 152 154 172 172 158 191 226 213 225 233 208 205 165  85  97 122 128 128 127 125 119 127 131 121 117 125 125 128 121 125 124 111 115 106 113 112 100 105 111 113 109 112 106 108 100 103 115 117 116 105 
202 208 206 204 197 194 192 180 170 164 166 167 165 167 173 176 175 194 194 204 212 215 226 224 228 229 223 216 216 219 216 216 209 206 204 198 198 192 189 181 175 177 176 171 173 178 180 172 165 168 160 155 154 147 160 162 152 151 151 157 131 127 120 135 144 142 144 137 145 148 143 140 141 133 139 141 138 142 143 150 150 148 148 147 148 136 146 149 140 137 132 132 134 133 137 132 128 136 133 131 
197 200 204 201 207 203 208 207 206 208 209 209 199 195 197 188 180 182 169 162 175 163 161 163 172 171 176 184 189 197 206 211 211 216 220 225 223 216 216 209 202 196 192 185 190 195 187 179 181 188 183 175 179 185 179 177 181 179 172 168 166 165 172 167 171 176 171 167 174 164 168 164 155 163 167 166 165 166 169 169 160 163 164 168 160 160 157 161 155 159 159 161 157 152 147 153 144 143 154 148 
198 198 194 205 203 203 204 200 199 198 199 202 198 199 208 201 198 201 202 201 207 204 198 194 204 190 185 192 183 181 177 175 172 170 166 173 169 174 183 180 184 195 191 198 205 213 215 208 214 211 213 210 206 207 200 205 202 194 185 186 179 170 179 175 181 187 180 178 177 180 177 176 179 181 182 183 180 186 190 193 188 184 185 188 180 183 180 178 177 177 181 175 173 164 158 171 169 169 170 165 
190 191 193 197 194 195 201 199 199 199 200 203 208 201 203 194 197 199 197 195 202 200 200 200 211 206 204 209 210 207 207 207 207 203 202 198 192 190 177 165 159 168 161 161 164 155 158 156 163 169 174 175 182 189 190 192 208 202 204 209 206 216 209 211 217 209 210 204 210 206 202 196 194 204 203 201 203 207 208 200 202 202 197 199 201 194 197 192 190 193 185 188 192 185 186 183 184 179 183 185 
194 193 188 193 196 191 196 195 193 192 193 193 197 186 175 178 176 180 183 184 183 186 186 195 202 205 206 201 204 200 198 204 201 200 197 199 197 200 186 179 178 181 180 189 192 186 184 181 186 183 179 181 180 176 176 173 172 166 164 164 168 171 178 178 176 177 175 173 187 195 199 202 208 210 217 222 217 220 223 228 228 226 225 226 230 223 222 221 217 223 213 211 208 209 210 204 200 192 197 200 
179 182 180 185 185 181 183 188 187 187 195 200 192 174 167 165 164 167 174 164 174 169 173 179 181 186 189 189 194 192 201 193 199 186 181 188 187 175 169 173 171 173 173 178 179 179 182 182 185 186 190 190 189 191 194 194 193 193 193 187 190 195 199 186 175 184 177 172 169 169 171 171 175 178 176 175 174 176 177 180 184 186 187 188 188 188 195 192 199 200 204 206 210 213 214 219 218 216 221 227 
181 185 187 186 186 186 182 186 186 183 174 184 187 190 177 172 165 168 169 172 169 171 172 173 171 163 162 170 163 157 170 165 167 169 167 165 172 178 178 171 171 175 170 173 180 181 176 181 181 182 188 182 181 179 179 188 185 185 185 177 182 193 192 180 184 188 182 189 190 190 199 207 208 206 203 210 210 209 207 205 208 205 208 200 196 191 186 186 187 179 183 175 179 177 174 175 170 176 178 177 
148 154 160 160 169 178 188 184 188 174 159 155 159 179 184 187 182 182 176 182 186 186 192 179 188 187 182 188 184 175 174 159 152 156 157 168 170 173 163 164 164 168 164 176 182 172 176 173 173 178 183 178 178 183 175 184 181 178 180 172 177 178 178 176 176 179 177 182 180 181 181 194 205 195 195 201 205 204 209 214 207 212 210 213 213 209 208 211 212 205 211 210 213 208 206 209 201 207 201 197 
153 151 142 139 139 136 141 142 141 140 136 137 140 149 161 163 153 168 175 180 186 177 178 183 184 184 189 190 188 185 183 185 176 172 168 163 160 161 157 161 158 156 167 182 175 168 172 170 174 168 169 177 172 183 178 180 179 170 173 172 172 172 168 172 175 174 172 176 181 183 177 185 196 197 200 199 199 202 203 203 210 204 203 207 205 205 207 210 201 206 205 206 207 205 204 208 205 209 207 203 
201 203 194 197 189 178 176 172 161 150 153 145 135 139 130 131 129 137 140 139 146 152 154 156 168 173 174 179 186 186 187 188 179 177 170 154 162 170 163 162 159 160 167 163 164 167 167 160 166 167 168 168 170 173 174 175 174 165 163 173 169 160 172 183 173 165 180 179 179 174 171 176 184 195 196 199 192 203 201 192 202 200 204 200 197 191 198 198 197 193 194 203 198 201 203 204 200 196 201 200 
112 131 139 156 178 187 193 195 201 203 203 201 193 186 183 183 174 162 157 146 136 137 142 134 132 142 145 151 146 156 167 166 160 162 156 148 159 161 155 154 152 157 164 160 163 167 158 158 164 166 169 171 173 176 171 179 182 182 172 177 188 184 171 185 182 173 188 190 180 178 175 173 171 180 188 183 177 190 197 193 200 199 201 198 193 194 201 196 190 189 191 199 194 197 199 199 198 199 192 195 
 81  73  80  74  74  87  90  90 102 107 137 147 148 157 165 173 179 177 189 201 196 189 186 180 179 172 172 166 152 153 152 142 139 141 140 141 142 137 133 136 149 147 144 146 145 147 151 155 158 165 166 164 164 170 168 170 185 190 186 195 192 184 192 186 169 179 180 184 187 188 187 181 174 178 191 181 170 177 189 190 194 192 193 187 190 194 190 191 185 179 183 189 187 187 190 190 186 180 186 182 
 99  87  88  80  75  78  86  90  86  77  78  82  86  96  98  85  80  62  48  57  79 100 130 143 156 170 183 196 197 194 199 195 191 185 186 181 173 166 159 162 153 151 146 147 143 136 139 147 147 143 144 147 152 153 158 167 159 146 153 157 170 165 161 172 166 163 159 155 172 179 183 184 183 190 188 181 179 182 186 187 194 193 193 192 189 181 187 181 179 178 178 181 193 193 190 193 188 182 190 192 
103  94  90  91  84  81  82  98 102  91  88  83  94 112 114 105  83  78  52   5   0   0   3  12  17  28  42  53  65  80  92 114 130 138 157 170 176 184 189 192 198 197 196 194 188 192 182 176 172 165 158 162 157 151 146 154 149 147 147 135 136 140 145 147 140 145 143 140 146 152 149 151 153 156 163 160 163 166 176 181 182 191 192 190 192 190 190 189 191 179 179 183 182 186 185 190 190 183 188 185 
114 100  97  89  90  83  81  81  94 101  90  80  87 109 106  90  92  89  78  64  23  14  13  15  20  17  18  19  20  20  20  14  14  22  28  31  37  47  57  69  91 100 126 139 157 165 176 192 207 211 208 208 207 205 202 198 195 193 182 174 182 180 180 177 174 180 171 165 163 163 154 153 160 151 153 146 145 143 138 141 148 148 151 152 156 160 154 160 161 157 163 155 151 161 164 168 174 170 167 161 
114 108 103  98  97  92  87  89  94  92  90  91  92 100 102 102 104  99  90  97  93  78  84  91  96  98  93  95  90 100  97 101 104 104 111 104 100 103 104  99 101  96 100 104 104  96  85 100 109 115 120 123 129 137 146 150 161 168 182 187 193 207 210 204 207 211 210 210 208 203 202 200 197 190 185 177 171 169 164 158 157 152 155 153 149 155 145 137 142 147 143 141 138 144 143 129 140 144 134 135 
110 118 119 114 105  92 100  92  95  88  94  96 100  92  87  95  90  84  78  88  96  87  84  76  89  86  80  80  86  95  89  98  91  88  90  81  85  89  85  79  77  78  79  87  87  83  70  56  55  58  55  60  58  55  54  57  65  67  63  64  74  76  81  82  90  97 113 118 123 139 155 166 169 175 192 190 195 208 220 215 215 218 218 211 202 201 193 187 183 180 182 176 171 168 163 153 152 152 146 141 
109 102 105 106 102 104 117 102 101 105  95  90 102  92  80  88  89  89  94  88  90  82  73  81  82  75  72  66  68  72  73  77  73  71  67  65  65  64  65  59  59  61  60  66  61  58  60  59  60  59  57  59  58  59  58  57  57  56  50  53  47  45  44  43  44  41  47  32  12  26  44  62  41  53  84  92  99 107 116 123 135 136 140 129 141 160 168 174 174 182 186 189 195 200 201 198 199 202 202 199 
114 110 112 114 100 105 100 107 112 104 114 114 102 100 103 104 107  85  93 101  88  80  81  87  78  74  68  75  78  76  74  80  70  71  66  70  62  67  64  67  64  66  64  58  58  55  62  69  69  60  64  66  58  60  64  57  59  61  60  61  59  57  54  58  54  48  57  47  25  32  49  64  40  60  69  74  82  84  79  84  82  83  80  48  54  78  81  77  70  71  67  69  74  85  99  96 108 124 161 135 
101 111 109 110 109 106  94  98 100  99 106 109 105 106 107 106 110 101 109 101  95 101  98  93  87  89  82  83  96  91  80  81  74  79  78  74  69  69  74  79  69  73  76  78  70  69  71  70  65  66  70  74  65  66  67  71  70  66  68  63  65  64  55  58  63  62  60  45  26  32  47  63  45  49  68  80  81  83  87  92  92  93  80  59  63  82  94  75  68  67  56  56  57  55  65  65  66  81 124  77 
101 101 102 105 104  91  68  89 109 103 109 115 108 105 102 106 104  97 108 106 102 102 101  97  84  81  90  87  86  90  79  81  78  76  77  74  73  78  77  79  80  75  78  74  75  76  75  74  72  69  68  69  70  73  74  75  77  71  71  68  68  66  62  62  63  62  59  44  37  39  47  64  45  47  68  83  86  91  92  98  86  85  80  57  60  83  89  78  69  66  64  58  64  69  69  69  74  84 111  76 
108 100 106 105 110 100  82  88 104 103 103 111  98 100 105 105 108  91  87  88  91  96  90  91  98  89  90  90  88  83  87  82  90  89  90  89  82  88  86  86  86  85  88  81  88  81  86  86  88  82  80  81  73  68  83  81  71  73  67  67  65  63  69  72  67  68  74  54  35  40  54  63  36  50  72  81  84  87  92  92  92  93  80  55  61  85  81  78  68  63  68  60  60  60  68  71  75  73  77  66 
111 120 116 110 109 122 122 111 104 109 108 109 102 101  93 100 101  97  98 100  91  89  98  96  99  87  96  96  88  90  93  89  88  92  95  99  86  92  89  92  86  88  87  87  99  92  94  91  86  89  85  89  79  72  75  80  71  71  76  74  78  76  74  79  77  76  69  44  33  37  51  67  41  49  72  75  85  84  85  92  93  89  81  59  59  80  85  76  68  68  61  59  61  65  68  73  74  75  73  69 
119 112 114 111 103  97  95 105 106  97 103 101 100 110 108 102  91  98 102 102 103 103 100 102 104  98 100 106  86  93  95  91  86  94  99  94  86  85  89  81  88  93  94  90  93  91  94  86  88  91  85  91  84  80  77  76  77  74  73  71  64  66  62  57  68  70  73  51  36  36  48  66  44  54  72  75  80  84  87  92  97  88  84  56  60  77  84  75  73  67  61  59  58  65  65  70  72  70  76  67 
101 109  94  77  83  87  90  92 104  99  93 102 107 107 109 101  95  96  98  96  99  96  94  98 105 103  99  93  96  94  96  97  90  86  91  94  87  83  88  89  89  92  83  79  79  87  88  82  91  82  81  87  92  87  81  76  73  71  68  59  56  54  55  53  52  50  68  56  39  37  46  63  44  53  69  73  77  75  88  86  88  86  84  53  62  77  83  76  69  67  64  60  61  60  70  70  73  80  75  68 
 89  86  89  93  89  89  90  95  93  96  95 100 105 102 100 101 100 100  92  98  93  95  94  95  99 103 107  96  87  84  86  88  86  90  94  89  96  88  89  94  81  87  86  84  82  80  92  95  91  90  85  84  87  85  84  84  76  68  68  66  60  65  63  65  65  68  73  55  35  43  51  63  47  51  71  81  77  82  89  89  89  86  89  57  58  82  83  79  73  64  62  53  55  58  71  75  74  78  71  69 
 94  96  99 107 100 100 100  98 102  99 100  98  95  97  98 103  96  93  95  94  94  95 102 101  93  99 105  94  91  90  93  89  86  92  91  87  87  80  88  88  85  90  92  93  96  95  93  83  89  92  89  95  87  80  78  83  81  79  74  75  70  72  67  72  75  80  74  52  39  47  53  68  45  55  65  76  81  88  93  97  92  91  93  52  61  81  83  79  77  67  63  54  54  61  66  72  75  81  77  66 
100 105 106 104 102  99 100 101 101  98  99 103 104 101 102  91  98 102 106  98  97 100  98 103 105 101  95 101 101  93  95  95  92  90  90  85  82  83  82  85  92  96  91  99 102 104 100  89  94  92  85  93  91  85  82  87  82  80  80  85  79  72  73  73  81  77  79  52  39  40  53  70  52  53  72  81  84  90  97  94  94  93  87  60  58  82  88  78  74  71  60  54  55  65  70  72  76  82  78  70 
109 107 111 111 105 107 106 109 106 102 108 109 112 107 110 105 101 109 102 101 107 102 101 101 108 118 105  97  97 105 100  95  94  97  96  94  90  83  81  82  81  85  90  92  89  87  96  94  90  89  91  91  85  89  82  86  84  87  82  89  86  77  76  84  85  79  82  54  37  39  50  63  49  47  72  79  81  91  96  97  95  92  92  62  63  88  89  84  76  69  65  55  50  59  67  66  71  75  75  69 
109 110 115 113 112 106 107 114 111 107 106 102 105 103 103 101 102 104  99  90  93  98  93 108  97  90  96 101  97 100  96  93  88  94  95  95  90  96  93  85  87  84  89  91  87  89  89  83  88  89  83  89  91  86  85  90  88  91  91  84  86  88  88  86  76  81  73  50  36  38  46  70  47  54  69  83  86  89  93  97  95  94  89  54  59  81  82  79  72  66  62  54  58  73  80  83  95 102 105 106 
104 111 105 102 103 101 104 102 110 107 109 103 100  99 107 102  97  97  97  98  97  95  93  99  93  98  93  88  89  94  89  87  86  91  93  92  91  87  84  82  86  89  90  85  87  88  82  85  82  82  86  82  82  92  87  89  90  88  85  91  81  85  80  86  78  77  69  53  30  35  49  78  44  45  63  83  90  94 107 102 110 112 111  96  99 124 131 137 144 145 155 164 172 180 189 190 201 209 215 220 
103 103  96  98  98 108 104 106 110 112 104 102 111 110 107 103 103  99  93 100 106 108 100  89  97 100  99  93  89  94  97  89  96  92  89  94  97  87  90  89  86  83  88  86  87  89  89  85  86  86  82  83  82  85  81  79  85  80  69  74  69  69  68  80  78  78  89  72  66  82 102 130 123 138 158 166 179 185 183 184 191 197 202 209 218 218 223 229 232 232 234 233 234 234 231 230 235 237 234 230 
 96  94  94  98 101 104 100 109 110 110 106 105 107  99 102 105 100 102 104 109 108 111 109 105 105 112 110 102  98 105 100 103  95 100 101  96  98  97  93  93  95  89  87  81  84  89  86  84  76  76  82  77  78  84  91  99 108 111 122 128 133 144 162 163 178 183 190 205 221 229 234 242 245 248 248 248 248 244 230 233 239 227 226 223 225 222 213 212 211 206 203 202 202 194 190 192 193 190 187 181 
102  94  89  91  96  98  98 100 104 107 106 103 107 100 107 106  99 103 102 101 102 109 107 103 103 101 103 107 101 102  97 105 101  97  94  94  86  86  87  80  74  83  85  84  88 107 113 124 134 144 158 167 176 184 197 199 210 215 222 225 229 229 232 230 226 230 231 231 232 234 231 228 222 211 207 205 202 201 194 195 197 187 185 175 179 183 181 181 183 178 185 189 196 194 192 201 204 204 210 209 
 96 101  89  85  94  97  97  92  92  96  99 103 102  98  98 101  97 102 104  97 105 103 103 103 101  99  96  95  86  95  89  85  87  98 103 104 111 122 139 145 151 162 178 188 194 202 213 222 225 231 227 231 234 230 232 230 227 222 218 213 210 204 199 201 197 189 185 183 181 183 178 179 180 176 177 179 182 182 180 180 182 182 182 185 188 176 185 195 194 193 206 217 214 216 212 216 218 219 220 211 
 90  96  93  94 105 100  89  93  89  95  94  98  96  92  95  99 101  95  93  88  89  83  85  88  97 103 109 118 128 141 155 165 171 186 194 208 219 220 232 232 235 233 235 233 230 225 220 219 211 205 201 203 198 196 192 190 191 184 188 182 179 180 183 182 187 186 185 181 177 185 183 180 180 181 182 177 177 186 186 202 200 191 186 204 206 206 208 216 214 216 213 213 217 208 209 213 215 214 216 212 
 88  86  85  90  89  83  81  80  85  80  74  75  82  83  82  94  97 104 113 123 132 149 163 176 188 197 212 216 226 225 231 237 233 234 236 229 226 216 211 211 210 202 196 194 190 182 178 178 176 170 172 175 179 184 181 180 185 183 183 185 182 182 188 188 187 178 177 183 184 183 178 179 183 182 181 176 175 186 195 212 202 199 215 222 216 215 214 213 214 207 213 212 212 211 216 214 214 216 219 215 
 73  77  76  77  78  76  86  86  91  96 102 115 127 151 163 176 190 201 210 218 221 222 224 228 227 228 228 222 210 214 207 200 196 187 178 177 176 177 177 177 179 179 176 183 185 182 178 181 178 179 175 178 175 180 185 182 179 180 183 182 183 181 180 179 180 183 183 180 176 176 191 187 185 185 187 185 184 185 189 200 209 212 213 216 215 213 220 220 218 218 211 215 218 214 206 210 215 214 215 213 
 61  82  94 107 134 153 166 178 195 204 207 223 227 231 232 224 223 222 217 210 206 198 192 191 188 193 197 197 196 193 180 171 177 178 180 184 180 183 182 181 183 177 179 182 183 179 169 177 179 181 171 178 180 179 183 180 185 191 182 186 188 185 189 183 184 189 190 196 194 195 201 204 201 200 202 202 202 206 210 210 212 216 209 213 213 210 219 220 217 216 213 212 218 208 200 214 214 212 214 212 
196 215 227 234 243 250 248 232 220 218 218 214 202 195 193 183 186 176 175 176 185 194 192 205 211 214 213 212 212 213 207 193 181 175 176 179 180 180 177 176 177 174 178 181 183 182 178 176 177 182 179 183 190 188 190 188 198 205 200 202 205 200 203 201 202 206 208 211 210 209 209 209 200 209 207 204 205 207 207 205 211 220 216 211 213 217 221 222 221 221 222 219 220 215 217 217 208 205 212 215 
253 243 235 227 216 206 201 191 179 179 182 181 182 194 206 205 204 194 196 208 212 220 217 214 210 212 213 215 213 220 219 200 180 175 175 175 185 183 180 182 184 190 184 184 195 197 189 189 195 199 197 199 205 206 208 204 207 204 205 203 204 207 213 200 193 202 211 203 198 204 205 204 201 206 206 201 204 207 207 207 211 212 213 210 222 224 217 215 218 220 211 207 213 212 210 205 210 210 205 209 
199 189 189 192 197 182 174 177 182 185 183 197 204 206 211 213 212 211 207 211 209 209 203 207 206 213 215 206 203 204 195 181 174 180 186 189 191 197 193 195 197 199 203 207 204 202 198 199 200 201 195 201 200 201 203 201 207 203 205 208 206 207 215 206 204 211 207 201 209 206 208 213 208 210 204 199 208 208 207 208 208 207 211 205 209 208 207 212 210 200 200 203 198 202 193 191 193 193 194 190 
210 211 214 217 214 203 183 176 180 178 179 179 178 182 189 194 201 203 203 205 217 206 201 211 207 207 209 204 192 195 197 199 200 206 206 196 203 204 204 198 194 192 195 198 193 195 199 200 199 207 202 208 211 209 206 204 211 207 207 208 213 211 214 212 213 211 217 210 209 210 205 207 207 203 205 202 205 203 201 200 197 198 196 193 195 194 194 197 191 189 189 188 181 190 176 172 173 171 171 166 
213 212 217 212 213 206 196 179 179 184 188 187 187 189 195 200 206 207 212 215 216 210 209 217 214 213 210 203 205 209 204 193 198 200 193 186 191 206 205 202 204 200 198 209 202 206 214 215 213 218 220 219 211 207 206 202 206 205 198 205 213 208 204 197 199 203 201 201 196 198 195 192 188 192 189 192 189 185 187 187 182 185 179 177 177 173 170 173 165 170 161 159 154 144 136 138 150 134 136 132 
213 214 208 211 209 202 195 181 183 190 194 191 196 211 212 207 206 210 213 214 209 215 218 217 216 214 210 204 198 200 201 198 199 194 197 203 208 217 210 208 206 198 199 202 202 211 214 213 211 206 204 203 203 203 200 200 196 191 188 197 195 186 190 188 181 181 186 186 180 183 185 179 173 170 169 168 167 166 172 170 169 164 165 159 154 146 147 145 150 146 137 131 131 120 117 121 133 119 125 122 
213 207 210 210 206 206 204 200 206 206 206 199 207 219 210 216 214 215 217 217 216 213 219 218 221 220 212 208 210 200 202 201 198 198 201 203 202 205 202 202 199 190 195 191 195 201 198 200 197 196 190 191 187 192 183 182 175 174 171 176 180 174 170 165 172 167 166 164 163 164 167 160 155 152 156 151 153 157 158 152 153 149 148 144 147 137 138 137 141 126 119 123 122 121 122 121 131 127 119 119 
206 208 207 212 211 213 218 202 192 203 206 206 211 222 224 226 226 222 216 215 223 216 214 217 223 220 213 210 210 202 193 191 197 193 196 190 184 184 182 183 178 175 172 183 185 188 182 181 179 183 176 178 175 174 163 166 162 160 157 160 166 159 154 155 153 154 154 155 155 154 153 151 149 148 148 139 151 148 146 151 131 133 142 144 154 150 146 146 138 134 134 142 135 133 138 136 136 142 139 138 
209 215 214 219 220 224 217 203 204 211 208 212 221 224 222 217 214 219 217 217 212 209 209 208 210 202 199 199 187 183 179 181 187 176 174 176 177 172 166 169 170 161 160 169 176 173 170 165 167 168 167 165 159 163 155 155 152 150 150 152 156 154 151 144 138 144 147 149 145 152 149 155 153 155 158 155 159 154 154 153 155 157 161 162 164 164 163 161 160 168 165 161 167 161 177 168 173 172 169 169 
217 217 220 219 221 218 221 208 208 217 212 214 212 211 207 210 212 206 201 203 192 193 193 189 186 187 185 186 182 169 172 172 174 166 163 165 166 165 161 159 161 153 152 154 154 157 152 145 149 148 156 160 158 156 155 149 145 144 155 151 148 146 144 143 148 156 152 143 145 155 160 158 156 167 170 169 174 177 173 175 180 181 182 183 183 175 180 180 175 170 184 180 177 182 180 185 192 189 190 197 
217 218 217 219 213 205 208 203 204 198 193 196 192 193 185 183 191 188 187 185 183 182 178 179 175 178 174 168 164 160 162 162 163 154 151 148 156 154 153 149 151 151 144 151 145 151 151 148 156 158 157 161 161 158 156 152 152 156 161 164 159 159 168 166 162 165 164 163 164 164 167 172 172 177 181 184 180 183 184 191 195 191 196 203 207 206 207 212 216 216 221 223 221 228 231 231 231 239 235 238 
206 208 204 204 201 193 190 186 187 179 184 177 172 177 173 175 175 166 163 165 158 159 150 155 152 145 153 155 160 154 150 150 148 146 140 141 142 141 144 141 142 148 143 151 146 149 168 166 166 166 161 166 167 162 160 160 160 162 164 164 168 166 168 175 177 187 187 182 187 194 198 207 213 215 218 222 222 229 232 230 231 231 232 232 235 234 231 230 229 230 228 222 221 222 225 222 223 224 222 223 
192 194 193 186 183 181 172 166 164 166 165 155 156 154 154 156 158 148 139 140 131 135 125 135 142 136 143 151 147 154 147 148 151 153 150 156 149 151 160 160 155 159 159 165 170 172 173 178 177 175 171 169 175 177 179 181 185 194 196 202 213 214 219 222 221 222 223 229 231 224 221 219 218 220 222 217 213 214 215 210 210 211 211 212 215 213 212 215 216 220 215 219 219 220 222 221 226 221 222 224 
175 175 179 167 164 165 155 152 147 155 143 142 148 141 144 134 146 131 120 129 133 124 135 147 141 150 157 154 154 165 156 155 156 159 155 159 164 169 179 175 172 184 177 177 186 201 205 204 215 214 210 216 220 221 222 223 219 222 216 210 211 209 211 206 201 205 200 198 200 198 202 208 210 210 213 216 223 217 219 220 224 224 220 221 223 229 222 225 221 227 228 222 221 219 224 223 225 223 221 221 
150 144 148 145 149 151 144 147 135 138 144 140 135 142 141 141 144 135 142 147 147 150 154 155 163 169 172 174 172 169 169 169 168 174 180 186 189 197 212 209 213 211 214 222 214 214 212 211 210 206 203 196 194 192 187 190 186 200 204 195 191 199 201 198 203 211 210 205 204 205 219 227 223 225 218 226 229 225 224 229 221 222 226 219 218 222 223 224 222 218 219 216 213 218 216 215 223 212 216 222 
130 139 144 130 139 147 135 147 143 140 144 151 149 152 149 155 158 157 165 167 165 171 177 178 189 191 199 202 205 209 213 216 219 217 208 213 204 198 205 196 198 198 203 206 202 197 203 206 200 210 208 202 196 200 198 198 199 205 204 203 203 204 206 205 206 210 202 199 206 210 219 222 223 221 215 220 219 221 218 219 223 222 218 218 220 222 220 218 211 219 222 219 217 215 217 217 218 217 219 212 
146 140 149 154 154 157 155 151 146 154 151 157 159 166 171 181 185 190 200 206 208 213 211 214 213 213 209 208 207 197 195 191 186 186 181 182 184 189 202 204 213 215 214 221 216 220 224 223 221 226 210 199 197 204 201 202 196 199 200 202 200 206 201 204 198 202 196 192 206 227 221 218 222 220 220 226 226 220 225 219 217 218 220 218 220 222 218 215 214 216 219 209 217 209 213 213 210 214 212 207 
162 151 167 171 163 162 168 169 180 185 197 203 208 217 215 213 209 209 206 201 196 198 194 196 201 200 206 205 212 210 201 194 202 200 201 197 200 201 210 223 222 217 214 218 221 218 221 225 222 218 206 190 198 200 194 188 186 194 199 200 202 195 191 195 195 195 190 190 200 216 219 217 218 215 214 212 215 217 211 207 216 210 211 211 207 209 211 204 204 206 208 200 209 204 204 205 201 203 203 203 
186 184 199 201 204 205 209 205 205 199 199 194 189 190 192 197 199 201 202 208 213 216 213 219 221 219 219 217 217 218 207 195 203 202 203 196 194 194 204 212 213 218 220 224 221 222 221 222 222 217 200 188 191 200 196 175 184 188 191 197 201 199 189 189 187 189 177 179 199 207 208 209 204 204 206 203 203 206 205 200 205 203 201 198 202 204 201 202 204 209 202 194 186 192 197 201 198 199 201 192 
208 202 206 195 193 191 184 178 175 182 187 199 203 202 219 224 216 220 221 215 218 221 218 220 225 219 218 221 220 222 217 214 201 192 197 194 187 194 210 213 216 228 225 222 219 219 217 214 216 214 198 194 200 205 196 177 179 185 174 191 204 201 185 178 180 176 171 178 192 205 198 197 197 200 200 199 196 201 194 192 198 192 190 192 199 194 196 193 199 192 189 182 177 186 195 187 180 184 183 179 
200 199 205 205 212 212 201 199 193 199 193 201 207 216 223 219 217 216 218 218 221 225 229 224 227 222 222 223 227 226 226 207 182 198 208 193 194 201 211 211 213 216 206 205 209 206 205 204 199 198 194 198 203 191 168 162 169 157 163 176 176 181 173 168 169 171 174 186 193 198 196 191 191 187 188 189 187 185 186 185 179 178 173 169 168 167 169 161 155 154 152 138 143 149 141 141 135 140 136 130 
218 218 219 217 217 217 201 193 192 187 193 194 208 218 222 223 222 220 224 227 224 223 220 219 217 217 214 213 213 215 205 192 186 193 197 199 200 197 204 193 196 197 195 198 194 189 197 193 196 189 187 189 178 169 152 145 150 154 166 172 162 160 166 167 169 171 167 162 168 157 151 147 148 149 141 132 138 125 130 122 120 119 118 120 121 119 120 119 115 120 123 114 114 125 125 128 134 129 133 131 
217 215 220 219 219 215 196 182 190 188 188 192 195 220 220 215 216 211 212 220 215 208 207 210 209 212 210 208 208 200 193 177 174 171 176 192 191 183 191 189 194 190 190 192 186 187 183 184 183 174 178 173 168 148 130 127 126 128 129 123 125 122 124 127 109 119 117 110 123 116 119 125 126 129 130 129 133 139 142 146 150 156 160 169 172 171 173 176 178 185 183 187 188 189 190 195 194 189 191 195 
225 216 222 219 220 220 208 188 178 183 178 193 201 213 208 206 212 208 203 204 203 202 201 196 197 196 199 190 190 187 180 168 181 166 177 184 172 166 179 181 175 173 168 165 158 155 145 137 124 120 114 109 112 107 103 106 110 121 124 133 133 134 141 149 157 167 167 171 180 182 193 194 193 203 210 202 201 204 206 204 205 206 205 203 196 200 198 197 199 185 176 171 164 154 156 163 162 161 184 185 
215 219 214 220 215 213 205 170 171 176 170 179 193 198 202 203 196 191 189 190 193 187 188 191 187 183 185 183 186 176 167 157 153 144 141 137 121 126 124 119 117 117 116 117 122 121 122 131 137 145 148 160 168 174 183 189 191 199 202 208 206 209 214 209 210 206 198 197 180 172 170 197 183 146 150 156 156 158 171 164 160 156 151 116  84 123 133 135 113 107  96  77  68  83  87  96 112 115 154 158 
210 213 208 203 204 200 193 174 181 189 172 156 179 191 189 189 193 183 184 177 178 173 157 162 156 143 137 128 127 119 113 118 125 123 126 134 137 146 157 164 167 176 187 194 199 206 198 210 209 211 216 203 191 181 180 172 169 163 161 153 136 139 126 112 113 102  97  86  46  42  53 104  88  58  83  97 125 133 140 141 145 139 132 105  72 118 129 129 116 110  98  85  74  86 101 109 122 122 163 160 
197 197 197 194 197 191 189 190 183 163 143 153 153 157 156 138 132 126 128 123 119 122 122 125 129 129 137 148 158 164 167 177 196 201 206 214 209 206 198 187 182 167 159 140 126 131 160 147 149 157 121  50  32  31  38  62  76  78  86  91  89  90  90  93  95  97  86  81  51  50  57  80  74  66  96 119 131 146 143 143 146 141 142 113  76 119 138 131 111 100 103  89  77  83 100 120 114 125 167 168 
185 187 174 173 158 147 145 143 125 115 117 121 118 118 115 126 131 144 148 163 174 175 186 189 202 205 204 212 212 211 203 195 190 175 163 141 133 120 107  89  55  32  27  21  23  48  66  63 100 135 116  79  51  43  46  71  91  90  89  99  95  88  89  78  74  70  70  77  47  42  52  85  75  63  95 117 130 142 145 146 143 138 137 109  72 112 134 114  95  83  99  85  77  80 102 111 121 128 152 150 
126 124 113 110 126 137 143 154 157 168 170 185 191 194 200 209 211 215 218 210 213 218 216 206 195 182 171 165 145 139 142 134 123 124 106  79  88 117 128 102  69  69  64  60  51  56  56  65  75  87  85  82  75  69  54  63  60  53  57  70  71  69  58  56  56  56  64  74  51  45  55  84  75  68  96 125 138 141 150 152 143 137 136 116  72 110 121  94  91  94 104  85  81  89  95 110 124 131 125 117 
