 52  43  50  61  71  51  64  70  70  86  84  87  86  75  57  61  64  51  39  36  25  19  23  25  23  17  13  10  13  21  31  33  30  26  30  23  26  31  30  23  15  12  23  27  20  43  52  48  43  32  32  36  46  49  52  45  32  40  49  36  27  37  46  58  72  78  64  55  66  60  60  62  56  55  63  56  41  46  54  64  58  60  73  66  49  54  57  51  47  46  60  65  59  52  53  63  66  71  60  54 
 64  65  51  57  62  58  61  71  55  69  58  71  55  56  72  62  74  64  50  47  32  34  16  11  12  15  11   9  11  34  42  34  33  27  25  23  31  34  28  22  20  18  19  27  25  30  41  39  41  38  41  41  40  39  48  42  33  36  50  29  24  45  50  64  69  64  61  62  65  62  55  42  45  45  51  63  63  63  69  68  63  74  78  57  44  49  55  56  53  52  54  66  59  58  53  57  61  65  62  49 
 60  49  44  55  67  85  56  66  60  57  52  55  46  51  57  66  51  49  41  39  31  21  16  17   7   6   3  10  28  34  38  42  34  41  36  30  35  29  32  25  19  16  13  23  32  34  39  40  36  43  40  39  41  41  35  31  36  27   8  20  26  37  49  48  52  58  63  60  68  68  54  50  50  51  62  75  68  67  68  75  68  69  71  55  48  50  58  55  61  49  55  59  54  59  53  50  57  64  60  55 
 48  71  71  64  61  61  50  60  62  73  62  54  50  77  76  62  43  54  44  39  34  31  28  12  13   7   9  12  35  41  30  46  49  40  43  35  34  34  30  21  25  21  16  28  39  49  42  45  44  42  38  38  35  41  37  21  25  25  18  16  14  27  40  43  60  80  67  53  48  46  43  48  42  47  52  56  64  69  59  65  65  61  59  49  49  49  47  54  54  48  59  60  60  56  50  45  59  63  53  57 
 62  61  71  83  65  67  68  50  58  59  50  68  56  68  62  75  53  37  55  31  18  35  29  15  21  23  12  15  38  41  37  41  49  44  39  39  39  38  27  32  22  29  18  31  38  42  46  41  44  47  43  38  30  38  45  35  27  18  15  19  19  24  31  39  56  74  50  41  41  35  30  30  44  47  65  55  44  47  51  65  67  56  51  47  43  45  35  42  51  46  46  44  52  54  48  49  52  53  57  53 
 87  68  50  61  65  57  70  57  53  52  53  50  51  59  51  46  26  41  33  26  26  32  30  24  29  29  28  22  34  47  46  35  43  48  45  46  42  40  37  35  28  25  28  35  30  32  40  39  43  51  49  38  39  42  31  25  17  32  14  19  21  23  29  47  59  51  46  44  35  22  21  26  17  25  41  41  42  36  22  25  39  36  40  55  49  45  41  43  41  41  49  50  50  54  50  46  45  41  56  49 
 44  52  75  70  64  65  59  51  50  44  48  81  57  50  37  29  30  21  28  19  27  35  26  28  32  30  43  48  44  40  37  35  35  42  43  44  41  37  41  37  32  32  30  25  31  42  51  52  49  47  49  40  35  34  33  19  18  22  21  23  34  41  46  52  42  43  46  30  30  27  17  13  13  16  25  29  33  28  19  18  14  15  31  47  50  44  39  39  40  47  51  53  54  57  59  49  45  47  54  50 
 44  54  55  65  70  58  50  46  51  59  34  84  77  37  28  15  16  30  25  14  21  15  18  18  23  32  35  41  49  42  41  42  34  34  36  39  39  40  51  44  38  37  32  15  19  26  50  65  62  45  47  44  34  27  18  20  15  16  15  45  56  51  42  33  38  44  37  30  29  23  27  23  16  19  24  21  17  19  26  17  24  21  17  25  40  43  46  42  38  48  52  46  51  52  54  46  37  45  48  50 
 36  41  65  55  63  59  55  50  49  62  52  57  55  40  39  19  24  28  15  26  24  19  22  15  17  21  29  40  47  48  42  35  35  31  28  38  32  28  37  34  24  23  23  22  14  23  24  41  46  38  39  28  28  32  18  17  15  21  48  45  45  39  29  22  37  48  43  33  30  36  31  34  26  19  21  14  18  30  33  27  22  19  19  25  44  45  40  37  42  41  43  45  43  51  52  48  39  36  37  42 
 44  47  61  65  65  57  65  63  46  51  61  39  42  34  25  19  27  25  26  27  31  29  25  13  11  12  25  37  45  59  30  34  35  24  23  27  31  31  21  27  34  20  20  31  26  16  20  28  24  23  24  29  21  16  17  10  24  62  64  42  42  40  33  11  18  61  45  40  55  43  33  38  33  20  13  14  36  40  33  35  23  23  11  22  40  26  29  36  35  31  43  41  51  47  49  47  41  36  45  48 
 53  32  43  64  62  59  55  50  54  58  37  32  35  29  26  18  25  32  24  21  17  14  19  20  15  10  15  30  43  53  34  31  28  31  35  23  25  25  23  32  32  25  27  25  25  19  32  31  20  15  24  23  18  18  19  12  52  88  59  46  42  41  24  14  19  52  33  45  54  34  38  35  34  31  17  15  23  34  34  37  32  27  20  20  18  26  28  31  38  40  48  45  41  47  50  46  37  31  40  44 
 61  42  35  61  73  57  68  62  54  46  32  37  37  41  33  23  20  20  15  15  15  18  17  13  12  17  10  30  30  47  50  32  32  25  31  31  32  29  24  32  33  37  32  36  28  32  37  28  25  27  23  22  17  18  16   6  27  60  42  27  27  15  20  19  28  33  24  24  49  36  30  28  30  26  29  33  26  28  39  44  39  29  25  19  19  30  28  32  41  38  40  42  43  42  40  47  41  40  38  41 
 97  58  37  43  54  65  70  65  55  45  45  41  45  37  32  27  22  27  19  12  22  16  19  24  19   9   8  12  13  18  39  49  41  35  34  38  39  37  38  45  44  39  36  39  34  34  28  24  23  21  25  29  20  14   9  17  48  41  33  26  24  22   9  22  51  37  32  24  32  33  24  31  33  26  27  33  32  26  38  38  34  24  23  22  17  30  37  36  39  35  33  38  44  40  36  41  45  45  41  40 
140  67  41  36  49  55  66  74  57  60  57  39  37  41  30  27  25  26  13  13  29  29  27  20  12  11   7   8  12   7  16  44  48  37  36  36  36  28  19  33  38  27  30  79 120  92  39  27  38  38  30  23  18  13  21  61  52  30  38  50  42  38  34  21  34  35  22  36  43  39  32  32  31  26  26  27  33  31  27  32  26  18  26  31  37  37  40  38  40  35  31  36  41  40  37  33  38  35  42  43 
180  93  70  43  50  60  71  72  80  69  52  42  34  39  42  35  26  19   9  12  10  29  36  23  10   6   6  12  26  18  12  14  27  38  32  30  39  32  33  24  26  28  17  31  79 115  47  21  36  40  28  26  21  30  50  73  51  42  44  56  47  32  33  17  21  34  23  41  50  43  43  37  39  27  30  33  39  35  24  24  26  36  33  30  32  37  37  29  37  32  30  34  44  45  41  36  41  44  40  38 
203 127  57  48  40  48  67  94 102  68  55  46  38  44  47  41  38  31  22  10  10   9  15  25  16   5   9  11  14  17  16  10   9  22  35  36  34  35  36  31  27  27  26  24  27  34  37  43  47  41  25  39  49  51  35  52  56  39  38  42  44  37  26  21  30  14  10  17  37  38  31  34  34  38  44  37  36  36  36  25  24  29  38  30  20  27  35  26  27  19  32  35  34  39  40  41  45  41  37  32 
224 174  87  52  35  48  65  87  91  61  61  49  35  25  25  34  36  32  29  17   8  14   9   1   5  15  12  12  10  11  24  13   7  11  27  54  49  26  32  33  39  62  44  45  57  46  33  44  56  46  40  71  56  39  46  59  45  35  38  39  29  20  18  18  23  16  16  10  14  21  22  21  29  55  54  44  45  41  39  38  32  23  23  23  23  31  30  30  19  28  37  34  26  29  36  37  39  42  37  43 
218 210 110  67  48  60  79  81  95  64  46  44  30  13  19  33  36  34  24  12  13  11  11   9   7   8  10  14  17  17  21  15  14  16  13  40  71  45  39  33  41  65  55  67  68  66  56  30  48  56  41  72  64  41  73  56  47  45  32  38  32  39  30  16  17  13  17  27  21  23  30  21  30  50  58  54  44  45  49  42  35  31  17  21  26  27  25  28  34  26  25  37  29  24  32  40  43  43  41  40 
188 222 159  78  44  67  68  77  84  72  55  33  23  18  16  16  23  22  22  14  22  20  12  19  12   9  11  10  17  19  17  15  12  20  14  30  67  55  51  60  83  70  56  66  65  64  54  54  62  66  65  74  65  61  82  65  51  42  45  42  46  51  39  29  31  29  22  22  29  22  33  31  31  44  51  49  40  46  46  41  40  25  29  21  21  27  28  22  25  26  24  31  33  33  34  41  36  36  38  37 
165 221 196  90  48  62  63  84  83  79  57  31  20  17  18  20  19  21  23  24  35  46  28  31  24  14  16  15   8  19  17  14  13  18  20  25  56  68  71  81  81  95  82  63  71  70  64  68  67  66  83  81  69  59  84  73  53  50  46  42  53  59  50  37  32  37  36  31  30  31  38  36  35  45  52  50  40  32  30  34  31  25  25  21  21  18  25  26  25  23  23  32  32  37  43  37  33  24  23  26 
147 195 223 137  64  44  50  81 106  63  27  18  22  13  20  24  28  25  33  27  52  60  35  30  20  29  17  14  14  18  13   6   8  28  35  42  54  65  80  87  75  81  75  61  62  65  65  73  70  59  47  44  48  64  83  75  68  62  48  46  48  61  59  51  45  38  41  42  41  34  28  39  43  42  41  37  39  29  34  42  23  26  20  24  18  18  21  28  29  21  26  35  43  38  38  40  19  20  19  16 
164 166 224 177  78  42  66  73  77  43  18  28  23  12  17  13  24  26  39  26  34  50  38  27  22  27  24  22  10  14  13   9  12  19  27  50  61  84  86  87  77  70  65  66  58  61  68  70  72  47  43  56  35  41  83  70  59  50  46  24  25  33  38  33  37  38  34  41  45  42  37  30  39  46  40  29  21  28  31  40  25  32  31  28  23  18  36  31  27  20  17  34  47  34  34  30  23  19  27  16 
171 155 200 205 112  62  56  64  50  30  16  18  23  15  31  30  26  39  55  37  33  43  39  38  34  24  26  26  27  17  15  14  17  29  32  44  66  78  79  73  75  72  69  67  67  70  58  54  41  41  38  36  35  27  56  63  48  34  23  17  20  31  27  26  26  29  34  44  54  43  36  39  35  40  41  24  28  33  29  32  30  24  30  31  18  19  31  23  22  34  28  33  33  34  37  34  24  25  23  29 
161 165 182 226 150  72  42  47  31  19  11  19  21  10  43  59  36  46  61  43  43  45  42  39  38  31  30  31  32  17  23  17  24  43  47  62  61  78  75  66  70  71  62  55  75  71  49  48  38  40  43  30  35  28  37  46  43  30  20  23  29  33  32  29  32  38  31  38  50  46  39  34  46  46  30  21  24  29  32  35  27  27  29  29  27  24  29  42  42  29  19  19  36  40  40  30  21  44  46  48 
159 160 165 233 179  91  41  40  28  19  14  20  26  22  13  33  32  43  40  34  42  45  51  46  40  34  39  22  26  23  20  13  18  45  63  60  62  76  80  76  64  62  58  61  86  81  51  45  29  38  34  28  31  41  41  27  21  27  37  44  53  48  33  28  30  29  20  36  44  40  42  33  36  34  35  30  30  28  15  22  28  19  16  26  27  29  43  45  29  34  17  23  45  43  30  23  31  43  47  47 
146 179 170 214 224 114  49  36  26  25  15  13  22  25  13  11  22  50  36  32  39  39  50  43  41  33  32  29  27  18  18  21  40  54  64  62  71  76  75  74  70  59  56  58  81  90  61  40  32  29  20  18  32  50  40  28  32  33  60  69  45  42  46  48  28  21  23  27  32  33  36  28  33  33  28  29  29  27  24  21  20  20  25  33  34  54  52  42  23  31  30  18  26  30  13  15  20  27  32  39 
135 171 170 183 231 150  61  41  32  25  16  18  22  20  23  32  26  23  37  37  30  40  45  33  23  26  31  30  25  20  21  25  38  60  71  71  68  78  64  76  57  51  49  49  39  48  74  48  34  22  18  28  52  48  44  37  45  32  74  74  53  54  47  51  34  30  33  24  38  35  27  28  37  34  30  31  26  23  24  21  19  26  39  38  45  64  46  34  24  40  31  22  14  16  24  30  31  27  39  41 
113 136 173 165 227 197  88  38  28  27  21  21  26  16  18  28  36  20  14  22  19  20  46  44  14  25  29  21  26  23  28  34  35  65  67  57  59  58  66  83  88  64  65  55  40  42  67  48  28  22  24  20  35  54  47  34  39  45  73  85  62  50  46  36  29  20  18  15  35  35  38  37  34  38  35  28  19  22  18  16  33  49  33  37  59  59  47  33  15  21  19  15  11  30  47  37  36  27  34  26 
118 122 161 164 202 215 115  54  31  27  21  14  24  26  23  17  18  12  17  11  20  29  29  27  23  18  13  14  23  18  25  45  57  61  60  58  64  61  87  75  78  79  78  50  45  37  38  46  30  21  14  12  23  40  41  37  34  37  38  60  61  43  35  27  26  14  22  26  21  26  31  37  37  35  35  19  20  18  15  22  53  51  24  32  27  37  33  11  20  18  15  24  38  60  54  37  34  24  20  25 
105  94 136 163 177 216 146  70  40  37  32  23  26  22  28  25  19  21  13  15  30  31  22  19  28  29  23  24  20  40  35  47  71  70  80  83  73  61  64  59  59  72  76  51  52  45  37  30  23  17   9   7   8  12  16  22  36  36  38  30  28  19  21  22  32  33  33  30  27  20  19  20  33  32  24  16  18  21  18  26  52  47  44  37  28  36  20  12   9   9  36  45  39  52  43  41  32  28  31  27 
100  99 107 165 166 206 182  88  46  38  43  33  26  19  21  25  30  19  13  15  15  13  20  16  16  20  20  19  35  46  50  52  54  70  86  95  96  85  65  64  82  82  71  61  49  49  35  16  18  21  20  23  16  11  16  17  23  30  40  38  37  22  10  19  47  53  49  38  36  23  19  31  31  26  27  21  21  15  18  14  43  76  55  40  32  24  28  13   8  11  41  47  30  28  30  19  30  36  29  23 
102 104  91 148 163 197 196 116  59  36  39  32  27  20  15  15  25  18  14  12  19  22  15  21  22  20  29  31  37  42  43  45  40  70  72  71  83  91  86  74  93 109  76  65  65  36  23  34  42  34  32  23  25  19  18  15  17  37  46  29  31  20  20  26  41  47  43  40  26  27  25  27  33  51  44  31  22  17  16  15  31  62  53  33  33  41  30  28  12  12  19  28  22  18  24  19  16  28  23  24 
 90 100 101 132 164 178 203 135  71  36  40  44  37  29  21  27  25  22  29  24  21  19  31  30  32  40  40  40  30  28  35  29  46  68  67  61  68  68  93  86  92  98  86  70  66  41  32  46  42  32  27  17  10  13  18  28  25  31  40  30  23  26  23  22  13  36  51  38  34  27  36  26  29  59  45  36  24  29  30  34  78  62  45  35  31  36  26  23  13  12  17  29  38  48  35  27  25  20  23  28 
101  94 100 111 159 165 207 152  76  41  41  45  59  51  49  46  47  37  45  41  36  36  49  46  44  35  32  47  40  42  43  50  57  71  87  69  80  90  93  91  99  96  95  92  69  46  52  36  28  22  23  23  28  19  25  39  33  40  33  31  28  18  15  20  28  24  22  23  18  30  30  22  13  29  45  40  25  41  28  61  96  73  46  49  38  36  35  23  14  33  48  42  37  32  38  29  20  26  22  18 
 97 106 103 116 162 164 209 199  94  45  36  44  52  62  61  62  74  57  52  48  53  58  63  65  51  54  51  52  56  60  57  77  75  90  78  81  79  91  92  83  91  93  95  81  61  49  67  43  32  34  36  33  28  25  30  37  42  33  33  42  26  18  18  19  16  15   8  15  13  12  20  16   8   8  34  37  24  33  29  52  61  60  49  59  47  20  24  23  41  58  44  42  37  24  29  30  31  30  35  26 
104  87  97 102 148 171 149  73  50  47  23  37  50  59  72  71  69  60  58  61  49  55  60  62  59 104  65  32  38  42  52  65  66  70  82  87  84  74  70  77  79  87  86  81  71  73  61  49  42  33  35  35  26  36  41  38  42  43  44  36  32  32  24  19  20  16  24  35  28  31  21  18  10   8  23  21  24  21  25  61  51  36  26  40  44  26  25  31  74  58  44  42  38  29  30  41  47  43  36  30 
102  87  99 100 144 164  96 140 142  61  39  39  55  57  65  78  72  52  55  64  48  39  48  47  50  51  30  24  41  40  56  79  81  83  89  81  85  85  69  76  78  75  67  69  73  63  59  49  40  31  27  22  33  44  44  38  34  41  45  34  27  24  26  30  31  21  32  36  34  29  31  23  19  14   7   9  11  13  19  48  66  52  34  48  58  42  32  63  83  50  45  40  43  30  37  38  43  35  38  41 
106  87  93 102 132 170 172 210 177  83  39  32  49  68  61  82  82  66  51  46  47  39  40  31  43  37  35  40  58  58  55  66  69  76  78  73  75  76  66  62  65  62  58  57  68  63  60  55  47  36  29  39  43  45  34  26  31  28  20  25  21  14  13  12  20  23  19  19  27  20  18  15  14   9  18  25  16  23  17  51  72  44  50  82  61  47  37  40  79  56  42  46  36  34  26  29  39  40  45  32 
110  92  98  97 119 173 157 181 191  96  45  35  45  76  83  75  65  59  39  36  40  37  26  29  36  34  35  31  40  46  49  43  53  57  60  59  60  66  69  63  59  61  68  53  51  48  42  44  43  32  30  53  50  46  44  40  28  31  24  18  26  23  10  12   8  19  26  26  28  23  15  24  26  25  30  25  17  15  10  38  76  53  37  77  67  45  42  33  64  80  55  57  47  41  33  29  26  33  34  29 
123  97  87  94 110 155 170 187 188 108  58  29  44  63  94  77  44  52  45  40  40  30  29  27  28  24  37  29  27  30  31  36  42  44  41  52  63  62  59  70  61  55  54  47  41  43  66  70  45  40  36  51  52  50  37  36  42  31  32  29  24  23  13  20  35  25  20  20  16  15  22  33  34  31  22  18  18  16  10  12  49  67  45  48  69  50  48  50  36  49  63  62  56  42  39  27  22  18  15  18 
117  93  82  91 109 159 173 177 196 129  58  34  47  63  76  66  46  60  64  40  33  27  30  27  22  25  30  30  24  29  25  25  30  29  39  49  59  53  63  63  69  69  65  68  58  52  67  74  51  40  32  50  65  54  50  46  39  28  20  18  20  30  35  30  36  40  31  21  17  19  42  41  30  29  26  32  32  29  20   9  17  46  52  44  59  65  48  39  43  29  26  36  54  52  43  24  17  13  23  28 
113  90  77  84  87 134 162 169 202 158  69  45  85  69  65  60  43  36  34  42  40  32  28  23  20  26  30  23  28  25  25  24  19  26  35  42  48  49  55  67  73  69  64  67  61  60  53  73  66  44  41  45  54  57  67  60  36  31  28  21  29  59  49  34  34  33  27  23  14  20  38  42  33  28  26  21  22  18  18  16  22  45  38  32  34  37  62  51  52  46  44  48  37  41  32  23  20  14  18  31 
103  90  83  84  87 108 152 175 193 159  77  42  42  70  66  59  41  42  36  40  34  39  28  29  29  32  24  22  17  19  21  18  20  23  23  31  43  53  57  48  66  74  60  68  80  67  58  57  85  63  47  44  38  44  60  55  45  23  34  25  46  67  46  36  31  23  13  14  17  17  23  28  31  25  22  18  16  14  13  16  40  60  32  22  25  23  55  70  50  41  49  61  40  42  42  30  18  17  19  16 
104  97  87  87  88 119 181 154 174 176  85  44  33  68  66  59  47  48  53  47  35  31  34  25  24  29  23  16  17  19  19  18  26  24  19  28  39  44  47  48  61  67  60  68  70  66  69  62  60  69  71  55  49  54  55  49  50  41  23  28  54  62  44  28  22  14  19  27  24  22  18  25  32  35  31  29  28  21  15  13  28  50  36  29  26  28  31  62  54  43  49  67  51  43  50  32  29  37  28  18 
112 105  89  81  87 103 146 163 184 188 101  45  28  57  69  66  60  60  55  42  38  28  31  34  31  27  24  19  14  16  23  26  19  19  18  23  33  43  54  56  53  51  50  61  61  63  58  58  58  61  62  69  59  59  50  57  45  39  40  26  28  39  47  24  18  24  31  23  18  10  19  39  34  28  35  26  25  32  21  14  18  20  30  25  23  35  32  28  31  25  35  43  58  57  44  36  37  29  30  15 
114 110  91  86  85  88 141 176 172 189 121  52  25  48  60  73  74  55  39  38  25  27  29  24  29  30  18  18  19  14  17  22  25  19  18  18  30  39  43  49  57  56  70  68  65  61  53  46  54  58  49  57  59  57  52  58  48  54  46  26  26  19  16  37  36  31  25  17  27  20  39  55  40  34  27  25  28  22  34  37  30  30  27  31  35  43  35  33  25  20  21  35  35  43  49  35  32  39  34  18 
118 120  95  88  89  85 123 172 166 186 114  58  29  38  55  78  73  59  43  36  39  37  31  24  33  31  29  19  15  12  15  17  19  15  18  17  23  35  41  44  52  59  62  61  67  55  53  47  37  38  50  42  51  55  55  54  49  45  38  34  34  19  37  53  40  35  29  33  30  21  53  62  40  33  27  33  34  21  34  47  45  35  42  51  45  39  31  36  33  28  24  38  45  30  21  30  47  42  46  40 
117 119 105  90  84  86 110 169 165 177 127  68  33  34  55  71  64  51  37  30  34  28  31  21  15  24  19  20  20  12  12  15  13  21  17  13  19  39  48  46  42  48  55  65  61  45  45  41  43  39  33  28  28  32  60  63  54  49  36  35  31  28  54  56  46  42  36  35  34  28  24  45  48  34  28  29  29  30  33  39  49  39  57  58  47  42  45  39  33  31  22  33  49  32  20  29  32  42  37  37 
121 113 113  87  97  83 105 163 166 175 155  74  34  37  60  55  36  29  25  30  20  17  14  13  12  17  18  26  16  25  14  15  17  12  17  21  36  41  39  36  46  57  50  58  57  51  54  57  45  43  33  29  27  24  62  73  59  45  43  29  26  46  79  57  37  34  38  34  44  38  31  26  40  35  22  28  37  34  31  24  28  25  44  52  42  56  51  43  32  28  29  56  56  37  33  24  34  26  39  40 
125 118 104  89  96  86  99 153 172 186 173  77  47  32  44  29  21  16  21  29  31  22  18  11   9  10  12  20  19  19  18  16  12   7  22  38  47  54  49  43  44  50  48  55  53  48  59  57  41  37  34  33  26  19  45  91  72  44  42  33  29  61  83  56  36  48  40  33  31  34  30  30  38  24  28  44  43  37  32  35  25  32  44  49  40  50  66  53  42  33  31  52  53  45  37  28  31  48  52  43 
125 120 108  89  88  82  94 147 176 187 188  82  39  30  41  38  33  17  21  45  38  32  24  13  13   8   8  15  21  23  22  21  14  17  24  37  38  48  59  65  53  39  46  49  51  55  55  45  33  29  34  33  32  35  42  72  69  55  49  37  31  40  77  55  51  40  41  33  30  27  20  20  30  38  35  30  39  44  42  39  38  38  32  27  35  39  38  41  46  43  32  44  48  48  36  22  40  55  55  46 
126 116 107  92  87  99  99 143 177 183 151  42  28  26  24  33  24  15  18  30  43  45  24  23  13   7  14  12  10  15  21  14  10  15  21  37  44  50  50  61  51  40  47  45  41  52  42  42  30  31  30  20  33  39  58  63  43  34  39  51  40  26  54  62  52  62  53  37  35  27  30  25  26  33  22  24  33  45  35  34  38  38  40  27  31  46  32  36  42  30  29  38  46  53  42  34  61  59  59  55 
127 116 108  96  79  95  96 136 173 156  70  13  15  15  10   8  12  13  12  31  40  35  25  14  10  11  12  12   9  16  25  16  13  11  11  30  34  37  36  43  48  50  52  54  65  57  44  44  37  25  27  30  31  35  66  69  41  34  34  45  41  21  18  43  37  45  49  40  33  40  32  21  21  16  15  22  24  38  38  33  40  44  49  41  34  41  33  33  40  46  44  38  61  70  45  27  62  65  43  50 
137 117 109  92  88  91  92 123 174 126  63  20  17  26  15  12  16  18  16  22  22  21  18  20  15  16  13  13  16  25  33  32  24  17  16  16  26  41  37  33  49  52  52  56  65  45  47  42  37  38  38  44  37  40  63  67  45  35  43  40  34  21  15  16  27  31  36  41  29  26  28  20  17  20  23  16  19  27  41  33  35  43  46  38  40  39  27  38  38  40  47  39  36  65  55  36  41  48  38  31 
125 119 115  90  93  89  91 126 174  79  20  25  26  25  13  16  24  19  16  18  12  16  24  19  18  12  19  10  18  28  30  28  25  15  11  21  33  42  44  46  48  52  49  54  52  50  56  45  44  44  49  55  50  48  50  69  52  40  35  45  40  34  26  32  50  38  31  26  25  22  17  22  24  17  25  28  26  28  32  36  24  26  38  41  38  35  41  39  30  26  27  32  30  39  59  57  39  34  40  32 
124 110 117 111  94  92 101 127 170  77  20  28  16  14  13  15  33  23  13  21  24  18  35  25  23  20  17  24  24  28  30  28  23  18  11  22  32  50  54  49  48  50  44  54  52  47  52  47  50  46  48  43  45  49  40  48  52  60  38  45  47  39  32  62  61  43  39  25  38  48  30  28  28  27  33  31  33  32  35  28  32  31  24  31  28  28  38  42  31  28  24  37  33  20  35  52  46  40  30  29 
121 125 123 104  89 104 103 130 134  48  30  38  27  17  12  17  24  19  23  24  23  20  37  30  24  18  18  36  34  31  37  42  38  19  21  34  38  36  38  38  46  48  47  48  55  52  53  46  50  53  52  42  46  50  34  33  33  41  47  46  34  31  27  40  61  47  43  28  43  53  35  32  34  35  38  35  43  51  34  29  36  37  30  23  22  30  38  34  34  26  26  27  34  34  22  28  37  33  25  29 
144 133 121 114 102 100 119 124  65  35  47  34  25  13   8  14  21  22  29  31  24  18  29  29  25  16  23  34  41  32  38  43  43  36  34  33  45  47  54  44  40  44  50  48  45  49  48  38  48  58  59  35  42  51  30  28  25  38  35  34  27  31  29  24  38  48  43  33  30  41  51  40  35  36  42  35  39  43  45  41  36  45  39  20  19  16  30  36  21  22  20  31  29  33  29  32  37  28  20  23 
145 137 119 103  94  97  96 107  79  63  48  34  18  17  22  20  19  33  52  41  36  32  32  40  37  35  38  41  46  44  36  47  58  52  55  49  43  45  45  45  30  31  32  40  46  40  43  35  39  59  73  46  51  46  34  29  29  31  31  38  42  33  30  36  34  30  23  26  35  33  35  33  39  41  34  38  48  52  48  42  41  34  46  22  16  22  26  34  32  24  28  26  34  37  28  28  29  26  28  24 
144 133 122 105  97  97 100 122 113  63  43  33  32  41  25  24  21  19  34  36  25  28  30  41  52  41  39  52  57  55  45  61  50  41  43  28  19  37  33  26  29  27  24  29  36  35  31  34  41  51  69  46  51  40  33  34  37  42  53  37  28  31  40  31  30  34  32  34  41  29  31  38  45  49  36  41  54  61  58  41  37  35  36  39  29  22  31  38  34  29  28  23  37  37  37  34  26  27  33  29 
149 128 114 108  87  95 103  91  45  37  50  28  23  44  24  23  28  22  28  29  27  21  48  57  45  53  59  48  26  21  24  25  28  20   8   6   6  16  29  26  18  23  30  24  26  26  29  45  37  26  42  42  45  31  35  35  29  62  68  41  32  29  34  35  37  27  33  36  37  31  35  39  40  42  48  50  48  51  47  36  32  32  30  33  35  29  29  35  29  30  25  27  31  42  46  45  36  35  29  25 
143 128 117 108  96 100 101  96  58  53  60  37  26  18  30  31  34  38  37  38  27  31  35  50  50  55  44  41  12   7   3   6   7   8  14   8   7  28  23  22  19  16  30  26  26  27  24  30  32  29  31  31  43  45  44  44  42  46  53  48  36  29  37  48  36  29  35  33  33  29  31  37  37  37  33  30  34  37  32  28  26  26  29  26  24  30  31  38  34  29  24  34  30  43  56  44  38  34  32  33 
141 126 115 112  95 100  87 112 106  63  51  45  36  34  33  39  50  52  35  40  34  32  45  45  41  40  26  25   9   5   8   4   5   9   6  18  35  26  30  22  20  28  34  33  29  21  19  19  22  30  24  25  45  52  52  55  36  27  35  34  37  40  42  45  38  39  35  34  32  32  35  39  37  40  38  30  37  33  33  20  20  30  23  25  31  32  33  38  36  38  36  36  33  45  59  49  42  42  28  23 
139 133 113 106  91  88  91 106 147 130  81  53  42  50  33  40  65  70  50  39  31  45  61  37  33  29  20   9   7   6   5   8   3   6   8  13  28  33  23  24  17  25  42  27  34  26  14  29  26  24  31  29  62  61  46  42  30  23  26  29  36  44  48  38  33  38  42  38  31  39  41  36  30  34  27  27  36  47  35  26  26  25  25  27  30  28  36  41  34  35  37  33  36  51  57  39  45  34  31  33 
147 140 127 107  97  95 103 101 142 159 178 182  96  50  38  45  66  65  59  53  41  51  36  22  12   8   9  20  20  20  13   6  14  10  11  15  10  30  37  19  34  39  36  33  37  32  29  31  29  29  39  35  52  66  51  44  32  24  16  27  35  40  37  36  36  31  34  39  39  42  33  31  23  24  28  38  40  50  47  36  39  34  19  23  31  35  37  40  37  33  28  28  37  42  38  24  32  27  35  41 
148 137 122 111 104  93  94 116 159 161 185 208 132  50  34  43  62  57  54  46  35  37  18  11  11   3   9  18  16  19  20  11  16  16  18  20  13  12  14  28  48  36  27  32  33  27  28  27  22  32  34  31  25  33  40  39  30  33  30  29  31  34  31  35  44  42  38  32  41  39  30  39  35  33  44  49  37  41  34  38  31  28  27  32  43  40  38  41  39  30  22  33  30  22  26  22  22  22  33  36 
148 130 119 122 100  97  95 108 149 162 177 203 138  55  33  52  70  58  38  34  23  10  11  11   8   9   6  25  25  19  16  17  21  25  19  19  16  20  15  25  45  29  21  42  40  19  18  23  24  23  31  34  33  22  25  47  48  52  52  45  45  42  40  38  39  36  38  34  34  36  31  29  40  56  63  54  51  49  35  36  45  41  30  38  46  37  36  45  39  31  25  19  31  36  24  26  20  34  40  38 
150 139 115 116  97  91  98 101 145 165 180 208 142  57  31  56  72  41  16  15  16   7   8  10  18  21  16  21  22  20  17  22  18  13  16  20  16  22  20  14  31  37  26  25  31  28  25  33  31  25  25  33  30  42  42  33  47  56  57  40  37  32  38  45  28  30  32  35  32  33  34  40  50  63  67  57  44  42  44  35  34  40  34  45  48  32  35  37  35  33  24  24  20  18  30  39  30  40  42  40 
186 145 125 110  94  88 102 116 163 167 171 206 143  56  33  58  62  28  13   5   9  11   9  10  18  22  29  24  21  18  20  19  15  11  18  11  18  21  15  17  12  24  25  22  25  23  23  33  34  37  28  25  35  53  49  35  40  57  58  44  35  33  44  44  42  40  42  45  35  36  38  51  63  61  72  62  54  52  53  52  41  42  43  45  47  43  40  42  54  46  34  27  28  29  36  48  42  38  34  42 
186 141 118 118  95  93  95 105 156 156 165 199 141  56  44  52  47  41  22  11   9   7  12  10  10  20  31  22  21  23  21  15  15  21  20  19  21  18  22  23  18  16  20  34  30  26  30  28  33  29  28  37  44  44  36  40  49  54  56  49  31  23  37  43  42  37  43  40  37  46  42  55  73  74  69  66  66  65  74  66  55  46  50  38  38  49  44  46  46  44  45  43  45  45  53  43  39  38  32  32 
159 137 118 113  87  79  96 119 160 156 170 189 128  53  31  53  49  31  19  14  14   9   8  14  25  32  27  21  28  23  20  22  22  23  20  22  16  15  18  17  14  20  21  16  18  25  22  32  39  35  42  52  44  49  50  38  49  54  60  34  29  32  42  44  44  42  36  41  44  49  56  63  74  84  71  72  64  61  76  73  66  56  49  40  39  44  46  46  49  43  46  57  65  53  45  53  43  42  39  37 
151 139 123 111  91  84  99 123 158 160 168 195 131  53  34  42  45  20   9  10  15  11   7  11  13  23  24  26  20  21  17  16  15  16  19  21  15  14  18  17  22  17  12  18  19  14  20  32  35  48  40  44  54  50  54  39  37  48  41  48  36  41  50  53  49  40  37  41  50  53  52  67  67  83  80  66  63  64  79  75  70  69  61  60  53  44  44  46  59  46  45  56  54  53  53  54  48  47  63 103 
161 139 130 115  90  88 101 115 157 167 174 197 142  51  31  44  35  18  14  15   9   7  10   7   8  13  22  29  30  23  17  14  11  17  15  20  22  22  27  19  13  14  16  11  16  16  29  38  37  50  39  35  49  51  45  44  42  41  44  68  75  49  50  49  47  41  36  43  48  56  56  60  70  78  75  73  71  74  83  79  71  61  64  58  54  41  39  43  51  44  43  51  48  52  52  47  69 126 171 204 
193 143 125 111  91  84  96 121 163 154 173 204 140  50  57  50  19  15  20  13   9  10   7   6   5   9  20  30  31  21  10  18  23  25  17  21  25  14  21  15  11  17  16  13  24  23  26  30  29  44  47  41  45  41  46  53  45  37  46  62  90  72  43  53  54  42  45  39  38  46  43  56  78  69  72  73  72  80  90  81  72  73  61  49  59  53  41  38  48  59  53  51  49  55  82 140 189 208 209 200 
188 142 126 110  96  94 108 115 157 160 176 209 130  45  32  22  20  15  15  11   8  11   7   4   3   6  34  27  27  20  12   8  11  13  22  15  17  13  20  21  14  20  23  18  16  19  30  34  29  32  45  44  48  52  55  57  59  39  42  53  87  81  59  46  52  40  37  36  33  47  51  47  57  72  72  72  74  84  90  78  64  64  67  58  52  61  57  50  62  53  46  55  90 154 198 211 203 190 190 179 
175 143 130 117 101  95 111 129 165 158 174 197 133  38  23  18  11  14  15   8   9   9   9   7   5   7  25  16  16  14   6   7   7   8  22  19  17  16  25  23  17  18  17  18  17  23  28  38  40  43  49  48  56  59  61  75  73  55  54  47  61  81  78  70  46  45  42  42  42  45  59  54  66  85  72  62  75  93  89  71  58  62  64  61  55  51  55  54  45  64 112 169 212 221 202 182 174 180 181 183 
191 137 132 113  94  95 113 132 163 153 179 202 123  38  19  19  20  13  11   6  11   5   8   9  12   9   8  11  12  17  16   9   8   7  18  24  13  17  16  16  18  12  16  16  15  24  27  34  38  48  61  61  53  54  57  61  59  63  67  60  65  65  61  65  49  42  49  41  49  59  52  69  65  68  68  63  61  75  93  83  66  63  61  63  63  53  52  72 128 179 219 219 199 194 175 171 176 183 189 181 
189 145 128 113  94  95 125 136 165 164 181 196 119  40  19  15  21  17  10  12  10   5   7   8   8   7   6  14  16  18  21   8   5   6  12  18  19  17  10  12  13  13  14  16  12  12  15  34  45  47  57  68  59  45  57  65  71  73  69  69  68  73  72  69  63  50  75  77  58  65  58  69  67  57  55  55  67  71  74  69  59  60  52  48  60  91 140 189 213 209 205 177 182 179 182 186 183 167 157 154 
165 149 121 105  88  98 122 131 168 153 184 195 106  33  12  15  12  20  13   8  14  14   3  12  12   8   6   6   7   4   3   9  12   5   6  13  18   9  11  22  16  19  24  15  10  12  14  26  33  47  48  54  70 126  63  47  68  72  73  70  57  65  76  73  75  58  51  58  60  57  56  44  38  51  59  59  72  66  64  70  48  38  53  94 155 198 215 201 184 178 170 173 182 187 186 170 159 151 165 186 
153 140 125 114  89  99 126 142 174 151 189 196  89  21  17  15  13  10  14  11   8   5   8  10  13  14   9   7   4   7   6   5   4   7  11   9  10   9   9  13   7  17  22  12  12  12  25  44  43  40  54  71  58  90  47  26  54  59  56  62  60  58  62  71  67  63  60  46  47  66  48  45  40  45  51  54  54  54  67  63  68 120 169 207 209 197 186 168 172 175 184 179 177 159 158 157 171 183 182 175 
138 131 118 104  89  95 117 145 170 152 187 190  96  18  17  13  17  17  12  11  13  12   6   6   9  11   7  11   6   5   6   6   3  14  14   8  13  14   6   6   8  16  20  17  15  25  27  39  51  49  64  66  64  53  44  50  55  40  47  67  70  65  62  70  80  68  67  51  47  49  47  38  41  38  53  47  55  58  83 130 187 224 227 200 168 165 172 188 203 183 174 158 153 168 176 180 181 173 173 170 
137 127 123 100  89  94 120 144 177 153 181 187  78  23  16  14  18  18   8   9  11   4   8   7  10  13   4   7  10   5   7   6   5  11   7   6   9  10   8  11  10  12  12  15  11  25  37  37  49  57  51  63  61  73  68  78  72  56  63  61  64  62  61  71  75  77  61  58  58  41  48  44  40  47  51  47  76 140 196 229 228 205 183 175 179 195 200 204 192 150 148 168 185 184 178 177 176 163 154 146 
154 143 130 108  91  97 121 132 151 143 175 164  63  10  17  15  15  19  13  10  10   7   8  10   8  14  10   9  10   9   9  11   6   8   9   8   4   7  10  12   8   8  10  10  15  24  43  49  53  58  51  60  73  68  70  75  73  71  67  62  61  63  65  66  72  77  67  59  45  51  45  43  30  48  92 147 202 225 214 202 183 164 169 179 209 212 178 151 152 176 176 187 178 175 174 164 159 141 137 132 
148 132 125 110  95 106 127 160 158 145 193 174  51  19  11  19  26  21  15  12  10  13  11  11  10   6   8   9   7   9  11   9   8   7   5   9   3   7  10  11  10   8   8   7  14  36  45  51  52  52  63  61  63  60  62  61  60  62  59  69  66  57  59  59  66  70  65  44  46  34  42  44  84 148 202 219 207 188 172 168 174 179 192 206 200 175 149 176 189 182 172 166 169 156 152 149 138 125 125 114 
145 130 124 104  89 107 137 169 164 150 185 134  46  19  11  13  21  22  10  13   7   7  15   6  13   8   7   7   6   8   5   8   9   8   6   5   8  10   9  11  12   6   5   8  11  18  38  32  34  36  44  69  60  61  57  55  56  55  61  58  56  53  59  59  53  66  65  49  43  50  95 157 202 211 193 173 180 180 172 160 169 181 174 166 161 173 193 208 188 178 175 157 153 155 128 120 122 107  98  90 
142 122 115  97  97 100 132 163 151 127 104  86  40  16  12   9  16  17  14  14   8   7  14  13   8  10   8   6   4   6  10  13  13   4   7   3   8  12   9  10  10   9   6   7   9  11  26  36  27  34  54  63  51  62  59  52  52  48  44  38  43  47  53  58  58  59  57  69 100 157 201 202 186 207 196 180 179 176 179 182 164 150 158 184 187 177 197 196 186 178 174 148 136 121 106 101  93  93  91  89 
128 120 115  96 102 102 124 177 151 156 200 166  58  14  16  16  11   9   6  10   9  11  16  15  11  11   7   9   7   7   8  11  14   6   7   8   4   9  10  12  10  11   9   6   7  11  26  37  28  34  49  61  61  61  60  54  52  47  43  44  38  47  52  52  47  51 107 163 194 210 206 201 194 178 191 189 183 177 165 155 170 189 185 190 177 177 176 166 161 155 137 121 114 107  95  85  85  90 102 106 
125 114  98  91  96 105 137 175 146 167 190 136  51  16  18  16  13  15  13  10   9  11  16  11  10  11  12   6   9   8  11  12   9  10   6   8   8  12  14  19  16   8   8   8  15  11  24  31  31  39  42  59  62  54  65  60  50  47  40  36  42  33  36  43  98 163 199 211 217 211 189 193 212 176 186 185 170 161 172 189 184 178 166 165 165 164 153 149 139 127 109 103  94  86  97  97  99 119 124 130 
126 111  93  84  90 109 137 161 143 168 186 127  42  21  20  10   7  12  14  14   5  14  12  16  19  10  19  11   7  11  10  17  11   8  10  12   8  11  10  17  20  15  23  28  28  29  27  38  49  40  43  56  72  61  50  53  45  45  36  27  29  36  86 155 182 199 210 202 184 182 181 190 210 178 163 164 165 187 183 179 168 167 155 154 143 140 127 126 111  92  94 103 100  97 115 110 119 132 132 148 
120 104  84  80  91 108 148 168 141 177 188 109  36  19  20  19  22  16  10  13   8   9  10  11  14   7   5  12  11   6   9  29  13   9   8  10  13   9   8  10  19  36  39  38  32  34  32  40  45  42  48  47  47  47  41  36  31  26  11  18  84 165 205 215 211 195 186 181 181 188 198 190 168 153 164 181 184 172 169 158 148 138 125 122 122 112 101  88  78  90  92 102 124 133 121 131 143 145 156 157 
106  99  85  75  89 109 150 164 142 183 176  89  35  25  13  18  25  17  11   8   7   9   9  13   7  10   9   6  13  14   6   6   6   6  11  11  23  17  17   7  16  25  31  40  36  28  34  39  42  45  43  37  40  40  35  27   9  19  75 156 216 232 220 206 201 192 195 181 188 184 172 168 173 186 196 178 168 162 153 131 123 110 106  99  89  88  89  73  77 110 121 128 143 147 150 156 164 173 169 166 
103  93  78  81  89 121 151 153 161 188 167  83  30  24  22  12  16  17  15   8   8  13   8  13  13  11   7   5   8  10   8   4  11   9  13  18  29  24  18  18  18  28  28  31  39  24  31  43  43  44  39  42  43  34  24  31  85 163 219 229 220 212 206 217 210 204 213 194 168 157 174 188 197 195 179 162 143 129 117 117 105  90  89  79  67  69  84  97 107 126 140 161 158 163 176 183 204 199 178 164 
115 100  77  84 101 127 142 145 173 192 159  71  25  22  15  11  14  12  12  10   6  11  14  15  12   9  11  11  11   5   5   7   6   8   9  19  23  19  42  35  23  31  31  34  39  28  30  43  44  45  42  37  28  28  65 138 194 220 220 202 206 210 214 208 201 197 183 179 189 207 211 199 198 193 164 132 114 106 103  95  78  76  64  68  68  89 106 120 130 136 148 175 181 208 223 213 183 178 169 153 
111 102  84  84 102 120 136 146 162 182 152  59  26  18  16  13   3  16  12  12   9  13  19  17  14  16  16   7  10  11   7   9   9   8  15  21  26  39  36  26  32  33  32  35  34  31  35  48  47  47  37  32  76 153 201 200 177 106 186 220 209 209 204 200 183 169 186 209 211 196 195 183 161 152 148 114 104 105  81  68  67  69  72  79  98 113 120 135 151 149 168 210 217 204 196 181 163 159 150 128 
113  99  83  91 101 117 153 136 169 174 126  41  14  19  14   8  10   9   9   7   8  12  12   6  17  17  11   8  12  13  18  10   8  12  13  23  40  27  13  19  25  31  31  32  38  31  30  41  38  42  82 144 200 229 226 212 209 127 116 212 204 203 176 167 191 212 216 217 194 170 152 142 129 126 100  86  78  85  71  68  76  81  90 102 106 118 127 146 187 210 215 200 184 176 180 166 143 136 135 112 
104  94  88  92 109 117 151 140 168 165 106  28  11  16  12   9   7   7  13   3  10  16  12  10   9   4  12   8  11  12  14  19   6  17  30  28  30  22  18  25  30  28  37  30  32  35  32  39  71 140 209 237 223 224 209 203 200 203  94 139 203 165 181 213 213 212 200 179 156 128 125 118 118 100  77  78  74  79  79  81  86 103 112 122 138 140 168 203 222 192 174 175 174 159 149 135 133 113 106  92 
103  94  86 101 114 136 141 140 163 153  83  23  14  10  11   5  10   9   7   9   7  15  17  12  12  12  11  11  13  10   9  19  20  21  41  25  25  19  21  24  33  27  32  34  24  29  62 141 202 228 233 211 197 196 197 199 190 195 147  69 180 213 213 212 202 191 179 159 140 117 104  95  92  80  78  85  88  93 107 105 121 124 124 139 154 193 202 168 155 170 162 157 142 139 135 116 105  95  91  79 
106  88  84  89 102 135 127 141 167 151  70  26  21  14  11   8  11   8   9   6  11  12  13  10  13  18  13  18  10  11  17  19  26  20  26  24  24  29  18  26  24  21  22  22  55 126 193 228 226 211 191 184 180 189 190 195 173 156 179 137 119 220 193 190 188 175 167 155 121  83  75  72  70  78  84 107 138 122 120 124 135 140 144 155 156 163 150 144 142 127 125 122 120 123 116  97  83  88  81  80 
107  78  76 100 108 134 132 155 177 147  63  26  26  27  10  10  13   6  12  10  11   6  23  23  14  23  28  26  14   8  17  26  28  27  24  24  26  18  19  18  17  11  44 116 189 227 227 202 172 180 184 187 184 188 184 181 181 191 210 210  96 159 185 160 164 147 136 123 103  87  75  73  80  98 131 137 154 149 150 151 158 165 158 151 150 145 135 127 116 100 110 106  98 102  87  78  77  79  77  81 
 95  79  83 102 112 151 132 165 179 121  44  30  38  41  33  24  15  10  12  10  17  10  12  20  20  16  25  23  13  11  13  22  27  34  29  20  21  17  14  12  32  91 175 219 230 214 190 170 182 183 173 180 190 174 184 207 210 198 189 197 166  89 177 132 144 113 101 104  95  98  82  86 101 122 135 150 154 174 169 172 177 168 159 140 123 119 106 101  98  92 102  90  76  90  82  66  75  76  84  88 
