137 146 157 153 142 135 150 162 179 194 179 140  66  23   0   1   3   7   8   6   6   8  14  14  16  11   7   8   3   7   6  12  12  10  16  24  27  24  19  20  43  54  33  20  18  22  18  12  14   9  12  15  10  16  30  31  29  23  15  19  19  20  23  26  15  19  14  13  14  12  15  18  21  16  15  17  16  18  19  18  25  20  18  19  13  16  10  12  18  18  14  17  13  10  13  20  35  63 112 157 
149 156 147 139 153 173 190 189 169 111  46  12   0   3   8   7   4   3   6   2   8  12  18  19  15  12   7   9   7   9   6   5  15  12  23  36  34  27  17  22  25  31  31  26  29  29  19   9  10  12  15  13  14  33  28  27  21   9  18  19  22  30  27  29  17  18  18  15  18  22  20  14  24  17  24  21  15  23  24  18  17  16  17  19  12  20  22  14  16  18  11  15  16  16  15  15  14  10  14  50 
158 146 162 185 200 193 153  89  34   5   1   6   9   5   4   8   8   6   9  13   9  13  17  18  16  20  10   5   8  10   7   9   8  19  24  31  38  28  28  29  35  34  38  34  17  32  25  10  13  13  15  11  23  28  22  27  26  20  19  17  19  18  34  27  15  14  20  20  23  27  20  14  17  15  22  17  14  22  20  22  19  15  19  25  13  15  15  15  26  19  16  16  17  19  19  16  16  19  19  12 
176 198 211 185 138  74  21   0   0   5   6   4   9   8   9  12   8  10  15  21  16  17  18  19  26  23  15  10   8   8   9   8  13  15  20  22  27  31  28  31  42  41  36  35  27  15  15  15  17  23  18  16  23  15  21  27  27  24  10  20  21  22  26  18  19  17  17  24  15  15  15  13  16  17  18  19  25  20  23  21  30  18  16  23  13  16  15  14  21  20  19  20  21  17  19  21  22  20  14  21 
203 187 128  58  14   2   3   3   5   4  10   9   8  12  12  15  14  18  18  21  29  21  19  21  23  23  20  12   8   9  14  23  21  24  24  20  26  37  24  26  19  29  35  38  30  11  18  21  19  19  17  20  21  19  26  23  21  26  18  28  35  35  35  23   8  12  14  17  18  21  12  15  16  22  21  16  22  21  20  21  25  30  27  15  14  14  18  18  13  22  25  23  25  20  21  19  19  26  19  21 
 99  41   8   5   7   9   8   7   9   6  10  13  10  16  23  19  25  26  19  24  28  27  27  26  23  24  22  16  14  11  14  17  25  24  13  25  30  28  12  16  11  12  27  26  15  15  13  18  19  16  13  15  16  14  16  18  17  25  22  31  38  39  50  36  16  12  13  13  19  17  13  15  15  14  11  16  20  25  29  29  26  29  26  21  19  18  19  14  25  22  24  17  20  17  24  14  18  24  22  26 
  4   0   9  19  19  13  13  12  11  14  14  11  21  24  27  26  30  30  26  26  27  17  22  30  23  17  17  18  12   8  11  12  10  19  19  19  24  18  10  13   8  17  18  12  15  14  16  12  10  17  13  15  25  17  23  21  24  28  31  37  37  43  42  34  16  11  16  18  16  19  10  21  24  11  14  17  18  18  23  21  27  27  18  21  27  28  24  18  17  21  25  29  23  23  18  22  17  23  18  20 
  6   7   7   9  14  18  24  10  14  17  17  16  22  28  35  33  29  29  33  32  19  15  21  27  17  15  17  14  18  11   8   7   6  15  13  10  18  16  12  10  10  12   9  17  22  17  11  12  13  11  12  13  18  19  17  20  23  26  28  31  30  46  37  11  13  13   9  17  22  21  21  17  17  18  19  22  24  15  18  15  26  38  19  22  28  23  25  17  18  22  29  26  27  30  21  14  18  20  21  25 
  7  14  13  10  10  12  19  22  24  21  27  28  29  35  41  39  30  35  37  33  26  17  27  28  22  14  14  14  21  20  11   9  11  13  12  14  19  25  11  13  13  17  13  12  17  15  20  14  15  20  24  15  15  17  20  22  21  17  22  23  34  37  18  16  15  13  11  20  26  18  10  20  31  23  19  19  16  18  27  27  39  43  32  29  26  25  23  14  16  18  27  21  25  27  21  17  27  15  20  35 
 10  14  15  14  11  19  27  31  27  30  25  30  28  29  35  41  32  36  34  36  29  30  28  10  16  19  13  22  22  14  11  10  15  16  11  15  14  26  25  10  12  14  10  14  12  17  23  18  16  15  24  22  20  16  12  18  13  22  30  32  24  13  12  17  16  16  16  17  18  17  13  18  22  27  31  20  22  22  34  34  35  38  26  21  22  25  22  19  19  17  20  17  22  26  22  24  26  27  34  35 
  6   7  17  18  26  31  36  37  28  26  23  29  20  15  20  22  25  24  22  28  31  30  20   9  11   8  14  16  16  12  15  19  12  18  15  12  15  22  16   9  12  14  15  15  14  15  11  11  10  12  25  26  28  16  14  21  20  17  16  10   8  10  13  18  16  23  21  20  13  22  24  19  25  40  34  20  22  34  35  30  37  28  21  28  29  27  31  20  24  22  19  25  25  18  22  30  39  42  48  35 
  8  13  20  21  21  33  37  33  22  16  15  20  18   9  13   9  15  26  26  15  24  19  11  12  12  13  15  11  13  13  13  16  17  16  20  17  17  28  14  11  14  14  16  16   8  12  10  19  14  16  26  29  23  19  11  12  11   8  11   9  15  14  11  16  17  13  14  15  15  23  24  21  22  27  15  18  25  25  28  34  32  21  27  33  28  23  29  26  25  25  23  22  30  29  29  30  34  50  47  40 
 13  14  17  15  11  18  39  27  10  13   8   7  19  14  11  14  11  11  18  25  23  13  15  17  12  12  18   7  16  12  13  19  23  15  15  18  19  29  22   7  12  15  12  12  11  11  11  16  21  13  29  36  23  26  12  11  12  13  11  11  15  17  12  12  11  10  12  17  22  16  16  21  26  25  23  14  23  25  33  32  20  22  30  30  24  31  26  33  31  36  33  21  32  39  49  37  31  38  44  52 
 23  20  23  18  10  22  27  30  22   9  12   6  10  16  13  17  13   8  16  20  22  13  23  21  19  18  13   9   8   8  13  21  19  23  22  18  24  28  13   9  11  17  10   8  13  11  15  17  28  23  24  26  21  18   8   8  16  17  16  13  14  19  14  16  14   9  15  17  14  22  18  21  27  24  24  25  36  35  33  29  22  30  32  26  25  29  17  30  33  38  39  26  28  52  39  37  42  57  78  72 
 24  28  25  16  24  28  29  22  16  15  12  15  13   8  12  12  16  17  19  20  15  11   7  11  24  20  13   9   9  10  15  15  23  21  14  22  24  29  15   7  11  14  11  12  12  13  10  13  23  19  16  23  19  11   6  12  18  18  20  23  18  16  14  18  15  12  11  17  19  13  19  28  28  24  28  17  26  31  38  29  21  31  36  28  20  24  33  40  43  56  53  44  39  39  40  58  75  78  59  53 
 21  19  26  32  26  24  27  18  12  14  11   9  10  10   8   9  21  21  16  11  11  18  13  15  27  28  18   8  14  21  16  18  18  11  16  21  26  27  18  11  13  17  12  11  15  14  14  16  25  16  11  12  13  14  13  13  14  21  22  28  23  24  13  21  16  13  16  15  20  20  20  20  26  23  18  19  24  29  34  33  25  28  33  27  28  43  45  41  41  54  40  41  44  62  75  75  69  54  53  56 
 11  12  17  26  22  28  26  18  13  10   7  10  11   8   9   8   8  17  16  12  19  19  16  12  14  19  15  14   8  12  13  19   9  15  20  27  28  26  15   7   9  18  15   7  14  18  18  14  18  14  17  11  17  13  15  27  18  19  24  27  29  20  18  14  14  16  12  14  13  15  21  23  23  17  17  25  23  31  28  25  30  28  35  29  29  52  49  40  48  43  48  61  71  69  72  61  63  60  58  54 
 15  17  25  22  18  22  23  26  18   5   7  13  17  17   9  13  12   8  13  13  20  20  21  28  21  16  17  11  17  13  14  10  17  16  25  25  24   9   8   9   8  14  12  11  14  17  11  16  14  12  11  14  11  16  14  19  22  22  31  18  17  19  17  19  20  14  12  16  11  18  12  24  19  20  18  25  33  33  33  25  33  43  45  39  37  52  41  53  67  76  83  72  63  59  62  53  58  49  46  48 
 17  10  17  16  23  20  19  21  19  15  15  10  15  15   8  10  10  11  20  20  16  20  27  28  20  32  27  13  13  15  15   9  16  16  20  30  20  11  10  10  11  11  11  11   9  14   9  13  11  13  18  16  14  14  15  12  29  25  25  33  22  19  20  25  14  15  14  17  15  12  19  22  19  22  23  24  28  31  36  31  36  55  48  47  42  46  58  82  83  78  73  61  61  54  53  55  49  50  52  55 
 17  16  14  13  18  16  19  13  16  11   9   7  10  10  10   9   8   9  13  15  17  16  25  19  12  16  11   9   8  15  17  10  15  16  21  26  18  10  13  11   9  11  13  10   8  11  16  11  20  32  16  17  18  16  19  19  21  21  24  26  24  34  24  23  25  17  18  17  21  18  22  19  16  27  35  31  36  45  48  46  41  45  38  47  62  83  94  80  64  65  60  58  55  54  51  46  52  56  56  58 
 27  24  15  13   9  13  14  10  13  10  11   8  13  16  11   9  12   9  10  14   8   9  11   8  17  19  21  31  28  24  20  13  15  12  13  13  13  14  15  10  11  14  13  14  17  16  18  29  31  30  30  25  17  17  18  20  17  16  19  16  19  31  26  18  16  19  17  17  21  21  17  27  28  35  45  33  34  50  48  44  45  50  71  87  87  82  67  57  60  53  53  50  49  51  51  57  57  59  55  78 
 28  17  12  13  14  10   9  12  11  12  15  11  10  18  13   7  11  12   9   6  12  11   7  15  21  20  32  49  37  43  30  13  18  14   9  14  15  15  10  17  14  17  17  26  33  25  31  32  29  34  41  32  12  12  18  23  25  14  22  25  27  18  24  21  15  20  20  17  21  18  27  25  49  54  50  45  43  45  41  64  74  91  89  72  62  59  59  51  50  52  49  50  59  58  63  67  66  80 105 117 
 23  15  15   9  13  12  10  10  13   7  12  12  14  21  15   9  12  13  10  11  15  15  15  12  19  18  25  47  39  40  26  14  18  18  12  13  14  15  16  21  20  17  21  23  21  27  29  28  35  33  40  37  13  15  21  24  29  23  20  20  24  18  19  18  15  20  22  22  33  46  53  29  36  55  42  43  51  63  83  97  90  75  64  65  58  55  55  49  48  55  53  64  60  66  63  82 117 126  92  66 
 23  25  24  21  10   9  10  13  12  12   7  11  16  14  10   9  15  21  13  11  11  15  15  12  20  36  28  52  45  21  14  16  16  16  11  12  19  16  20  22  28  20  16  15  30  24  29  35  34  39  35  28  16  18  21  30  27  27  19  17  15  22  29  21  22  33  34  40  54  64  52  51  46  43  49  60  84  91  91  71  68  64  60  56  49  53  52  53  57  58  66  67  62  85 113 130  92  62  60  57 
 22  23  26  18  17  21  20  14   9  10  12  11  10   8  12  13  15  22  15  17  11  17  10  12  27  33  32  34  40  11   7  12  12  11   7  15  22  17  17  18  34  36  26  29  36  31  37  45  36  31  33  44  49  33  23  29  22  29  24  27  29  46  49  55  59  53  56  45  37  57  51  48  53  68  86  93  82  73  67  59  56  54  58  60  51  52  56  64  66  66  71  89 110 117  86  57  50  51  54  46 
 25  25  20  14  11  18  15   9  13   9  14  12  13  11  14  12   8  11  13  18  12  19  20  16  16  26  29  31  25  16   9  10  13  14  11  16  16  14  17  20  32  27  26  29  30  28  34  42  40  37  37  41  58  60  33  24  20  25  30  34  48  71  57  46  59  61  55  52  48  50  59  75  96  97  81  66  69  66  61  57  48  49  47  59  56  59  74  70  75  87 119 112  90  59  52  54  54  49  45  47 
 20  18  13  16  21  14  17  16  13  15  16   7   9  12  12  11   8  12   9  10  17  21  19  36  26  25  21  18  18  26  28  11  10  14  15  16  16  20  19  32  22  16  25  35  25  35  30  21  30  46  42  43  47  54  44  21  19  37  64  59  58  58  49  28  41  55  49  43  63  85 100  90  80  72  63  59  65  58  52  50  53  57  62  66  68  74  93 110 126 101  71  64  59  59  54  47  48  48  46  55 
 22  19  12  19  16  14  20  18  11  11  12  14  15   9  13  11   7   6   7  12  18  15  24  35  15   6  12  16  18  26  27  18  11  16  24  18  17  25  19  26  20  23  33  32  37  31  21  31  38  32  39  42  30  39  34  27  39  59  58  33  54  53  48  55  47  52  66  84  96  95  78  70  64  65  60  57  54  58  54  54  66  69  68  77  91 125 135 108  77  56  52  62  46  52  43  47  53  57  53  55 
 15  15  18  18  16  12  18  16  19  21  15  16  17  17  12   6   7   5   9  10   8  15  20  18  12  11  17  13  14  20  25  30  24  29  30  17  21  18  23  21  18  22  32  32  35  34  31  40  42  41  46  32  21  28  25  43  57  71  50  36  53  52  51  52  67  88  97  86  71  68  66  68  70  58  57  55  60  58  68  73  73  81 104 129 133 101  77  56  56  53  45  48  50  46  53  54  59  60  69  76 
 19  17  15  20  19  14  16  14  18  19  16  15  26  21   6   9   6   9  11  10  11  11  10  14  16  14  18  12  17  20  30  36  24  28  19  12  15  23  23  19  31  22  27  38  38  31  38  42  35  38  29  20  25  34  50  44  57  55  48  51  49  59  86  96  87  78  70  69  66  69  66  63  58  55  59  68  72  73  79  86 117 136 133 101  69  59  57  56  52  44  44  55  55  60  57  67  76  80  79  87 
 17  17  20  17  17  16  19  20  20  18  16  20  26  16   6   5   9   8  13  12  13  13  15  18  20  13  15  14  23  20  28  33  21  37  33  23  20  18  18  27  26  18  22  35  33  32  46  38  25  24  30  35  77  59  45  32  49  44  44  63  86 102  97  80  69  69  62  67  69  69  61  59  63  69  70  71  77  93 121 139 127  88  65  61  57  54  54  49  48  51  56  62  61  80  80  83  94  87  89  84 
 20  15  13  16  17  11  18  24  21  23  19  19  30  11   6   9   7   6  11  14  11  14  20  20  23  13  14  12  15  15  23  26  30  37  53  27  13  18  15  20  33  19  22  22  21  33  24  22  31  36  31  39  82  57  49  46  49  68  86 101 104  76  72  71  69  60  60  52  66  62  68  66  70  79  77  98 131 135 118  83  64  63  65  56  51  48  57  59  55  67  63  71  83  85  91  90  87  74  56  59 
 18  21  17  17  15  16  18  16  20  22  19  27  24  10   7  10  10  10  11   9   9  19  20  25  31  12  16  19  24  23  28  25  34  36  31  16  19  18  15  36  31  18  21  19  24  16  24  30  50  51  41  41  45  45  50  68  89 112  98  84  76  74  74  64  55  58  57  52  64  76  73  81  85  95 132 143 115  77  59  65  61  55  53  50  49  60  65  60  67  72  76  91  92  85  75  69  56  48  61  70 
 17  17  17  14  15  21  17  21  31  28  17  19   8  10  12  12  12   9  10  12  11  17  18  14  16  15  17  18  24  33  36  19  32  30  17  17  16  20  26  31  25  22  22  24  25  35  23  41  59  51  42  46  55  71  93 101  88  77  73  75  70  59  60  60  56  62  63  65  72  78  88 111 127 141 108  71  60  60  63  55  52  50  52  59  60  70  74  71  83  90  83  85  76  59  52  52  56  70  86  91 
 17  19  25  19  18  22  20  33  23  18  16   9  10   9  13  14  12  11  11  12  12  12  18  21  24  26  23  18  29  37  34  29  38  31  20  23  18  24  29  27  35  23  27  49  55  52  43  50  47  45  54  77  97  94  81  79  71  70  73  61  57  54  52  60  63  67  73  80  94 119 143 136  98  65  63  65  61  52  51  51  53  60  64  67  76  84  84  93  88  81  76  69  47  43  59  71  77  92  72  70 
 18  14  16  23  22  17  13  18  15  20  15  16  12  12  14  17  16  13  15  15  11  18  20  28  33  32  26  31  33  23  23  24  29  21  17  28  30  20  24  21  36  34  32  51  47  52  47  50  70  91 108 110  90  76  73  74  66  58  58  52  50  58  64  73  74  80  97 124 153 135  98  63  60  64  57  57  53  53  55  58  63  70  76  89  91  91  88  83  84  66  55  58  62  58  80  88  71  65  69  64 
 22  16  14  20  21  16  21  24  20  27  23  20  18  16  16  20  21  20  16  15  20  18  24  29  23  27  30  23  22  20  21  23  24  26  25  29  39  30  26  33  42  41  46  43  44  55  71  97 104 102  88  77  73  68  66  53  54  49  56  57  58  65  75  82  99 126 139 130  90  66  58  64  59  56  51  53  54  62  67  71  75  85  94 102  97  90  74  62  52  59  67  76  79  69  67  75  62  77 102  58 
 21  21  22  18  22  25  24  24  21  22  23  25  21  21  18  17  18  24  21  19  28  25  22  20  27  29  30  30  20  28  27  24  27  25  24  31  50  39  30  52  50  46  44  59  77 100 104  98  90  84  76  71  67  56  57  51  52  60  62  71  70  82  97 131 140 118  81  65  62  63  63  58  49  59  60  61  61  75  81  86  91 101 107 100  79  62  50  78  85  75  81  83  61  58  59  67  69  86  72  49 
 22  28  24  30  24  26  28  29  28  33  41  30  23  30  22  21  20  16  23  26  29  27  25  28  30  28  27  28  28  21  24  23  24  24  46  55  54  47  49  46  52  59  87 106 105 100  90  84  80  72  71  63  57  60  60  61  68  70  78  93 110 139 144 114  69  61  67  59  54  55  54  57  56  61  64  73  75  85  96 108 103 101  75  60  58  63  56  82 102  83  72  72  59  53  44  57  63  58  58  50 
 29  29  31  29  30  29  33  28  28  32  30  27  26  29  29  26  16  24  25  26  32  31  30  23  20  24  33  33  21  24  32  37  45  30  50  62  45  47  50  63  92 107 107  97  85  79  82  79  72  60  58  58  57  63  68  72  81  88 110 139 142 109  73  65  65  65  57  53  49  57  59  64  69  73  85  95  95 108 103 102  87  68  60  77  71  70  78  73  70  72  68  55  53  44  26  34  39  53  56  36 
 29  30  27  23  30  32  31  35  29  41  25  25  27  26  24  21  23  22  21  29  32  31  32  28  21  23  32  29  27  36  52  61  55  50  50  45  51  70  94 112 105  95  92  76  77  80  70  68  58  56  58  63  68  70  85  97 131 148 143 108  66  56  59  60  54  51  58  52  59  64  66  75  79  93 102 105 106  95  78  66  63  64  58  85  87  72  63  66  51  56  57  52  44  43  28  16  28  35  32  32 
 24  25  29  28  34  32  30  37  33  25  36  26  33  29  26  21  29  36  27  30  36  35  33  35  30  32  32  40  40  40  59  51  48  49  61  83 109 109 108  95  85  86  77  73  73  66  67  58  60  69  72  79  89  96 128 152 137  96  61  57  63  62  55  50  57  64  60  67  68  76  87  96 100 106 115  96  75  65  65  64  64  72  78  79  78  64  64  59  53  45  44  37  36  36  26  17  20  29  30  31 
 29  29  27  39  37  39  32  27  27  28  30  30  35  33  27  31  32  29  36  31  33  35  60  66  61  84  77  61  55  56  52  47  67  93 112 121 116 101  91  78  68  79  72  63  65  64  65  64  69  79  82 106 133 155 131  87  60  62  59  59  53  51  52  55  60  63  70  74  86  93 105 115 115  98  75  61  61  69  68  76  82  88  90  81  70  64  55  48  49  35  28  31  21  21  19  22  19  20  26  34 
 31  33  25  39  44  54  26  27  28  36  21  28  35  32  25  35  32  34  32  37  50  73 102  79  54  45  61  51  53  57  68  96 115 116 107  96  94  88  76  72  70  68  66  65  66  71  80  86  92 105 134 151 130  88  62  59  64  60  51  49  57  60  63  65  69  73  90  97 106 111 114  94  71  69  59  63  70  72  75  78  73  67  68  66  57  58  53  35  25  28  30  28  26  25  20  22  22  24  22  20 
 30  30  37  34  46  42  26  29  29  33  31  33  30  33  27  31  35  41  43  42  69  88  78  61  54  51  53  58  73 102 118 114 107 105  87  84  80  78  68  65  70  67  68  72  83  81  99 109 142 157 120  80  60  60  61  58  51  56  54  60  68  65  73  80  89  99 105 111 103  95  74  63  61  71  76  71  86  91  85  75  68  59  63  56  37  35  39  36  19  17  22  24  36  30  30  23  13  23  29  27 
 25  38  36  35  23  25  30  26  30  34  32  31  37  29  31  47  56  72  76  44  43  67  58  52  63  65  83 101 109 118 106  95  88  83  74  70  74  62  68  70  68  74  79  87  93 119 146 152 118  73  58  61  59  61  54  56  59  66  60  66  72  79  96 104 100 102 103  92  71  59  61  64  71  86  85  85  86  84  74  70  63  57  57  40  16  19  27  25  21  16  26  28  31  32  26  17  15  22  24  32 
 34  37  31  26  25  36  36  26  33  29  31  32  36  47  53  60  84  77  65  54  57  62  56  67  92 109 113 108 103  95  88  79  75  67  65  65  67  68  73  77  85  93 100 123 151 150 108  70  59  64  59  59  57  54  57  67  61  66  68  81  89  95 108 111 100  86  68  62  58  64  67  79  83  88  77  75  75  66  58  56  57  42  31  29  22  27  34  18  28  22  22  27  38  42  33  17  14  14  21  22 
 38  30  23  27  23  27  32  29  29  32  32  44  80  89  68  34  48  56  50  55  67  74  95 107 115 109 100  91  82  76  77  77  63  60  61  72  77  82  87  92 101 131 155 146 107  62  57  59  58  54  58  55  60  58  64  73  76  84  93 101 109 107  98  80  66  63  62  60  69  72  89 101  76  80  74  64  61  57  67  61  37  24  12  18  27  28  39  24  21  22  23  29  30  33  32  18  13  18  20  22 
 24  25  24  29  23  31  36  37  49  55  46  79 103 117  94  51  46  56  63  77  97 121 112 110 108  88  84 107 119 131 166 108  61  72  70  81  88  89 108 131 141 131  94  67  59  57  63  59  57  58  64  66  63  78  77  86  94 107 106 108  96  82  67  66  64  61  71  72  82  79  87  98  80  66  64  57  61  52  54  38  25  13  24  25  29  36  36  34  23  25  22  30  31  34  31  20  24  29  22  19 
 34  31  25  28  27  54  84  66  94  90  56  52  62 123 134  57  62  77 101 126 119 120 101  93  83  79 123 108 103 146 110  61  72  84  87  92 112 136 151 133  89  68  57  63  62  57  55  56  62  68  68  71  86  91 104 106 109 108  90  71  64  63  62  68  67  76  79  89  82  73  73  76  75  68  52  45  37  26  27  28  15  14  15  22  29  34  39  37  31  30  22  23  31  33  31  30  26  26  37  33 
 31  27  30  40  74  85  81  87  83  69  53  46  40 106 137  76  84 115 114 111 100  89  73  67  95 140 111  98 131  83  63  82  92  88 119 140 147 120  90  62  59  65  63  57  56  59  65  64  63  73  80  93  97 107 116 106  84  64  57  53  60  69  69  80  90  96  90  87  73  68  63  64  70  58  41  24  19  30  43  40  26  23  23  31  32  25  30  34  35  30  25  24  20  19  23  28  32  33  33  37 
 31  48  59  72 104  69  42  64  61  55  58  53  57 104 141  87  83 117 101  89  88  68  53  88 169 149 124 116  77  73  83  96 118 147 149 118  83  64  64  62  64  56  56  58  66  64  68  75  87  96 106 114 118 111  85  65  63  63  65  60  65  72  80  87  99  96  80  76  66  62  57  61  64  51  24  14  27  25  32  36  32  15  26  34  26  32  21  31  30  23  23  30  18  14  23  22  35  36  33  38 
 71  98 130  92  70  59  51  58  63  47  55  91 135 128 122 106  89  87  80  69  60  54  51  67  67  55  70  66  78  99 114 147 152 111  73  61  69  62  57  55  54  57  61  68  73  73  81  93 108 114 126 112  87  71  63  56  80 100  63  64  71  78  74  81 104  91  67  57  55  42  33  40  43  39  22  18  20  31  31  40  38  19  30  26  25  35  22  17  23  31  30  38  27  18  20  28  26  33  28  39 
125 154 180 133  65  55  56  49  53  86 149 141 143 137  97  88  81  67  60  64  55  54  55  65  68  76  82 101 127 153 138  99  73  64  64  69  64  64  58  63  64  64  70  77  90  97 105 116 121 113  87  63  60  63  66  65  66  71  62  66  65  64  72  75  89  89  68  47  25  21  28  26  36  41  36  30  18  34  32  46  43  27  32  26  47  49  34  35  41  31  31  28  38  23  20  25  26  26  32  39 
165 170 171 128  50  55  79 103 159 193 204 136  95 105  67  73  58  55  58  57  63  76  74  84  81  98 130 149 139 100  68  57  74  72  66  61  60  60  65  70  71  76  85 102 105 118 124 111  79  67  66  67  67  62  68  71  71  72  78  69  51  67  80  57  67  88  66  37  16  23  22  29  43  32  38  31  16  27  34  39  26  27  37  36  67  57  46  40  40  27  37  36  36  26  15  22  22  26  35  55 
183 186 194 107  67 131 175 198 198 182 174 116  90  76  56  55  58  57  66  68  71  86  78  98 135 146 129  85  60  60  67  68  66  66  67  66  68  72  73  89  90  99 107 116 123 106  83  67  55  62  78  85  79  68  68  79  86  92  73  53  41  42  43  35  38  41  58  32  18  22  24  32  36  30  35  27  22  30  39  36  28  26  29  27  32  51  58  34  31  27  38  36  36  33  17  22  22  26  48  73 
192 185 172 146 177 204 192 173 162 147 139 116  68  61  61  61  66  66  79  89  92 100 130 148 120  83  59  59  71  68  62  59  65  71  74  79  73  79  97 102 114 122 122 102  85  67  59  62  80  70  73  88  79  75  84  84  86  74  58  39  30  25  20  31  33  34  45  29  16  21  35  34  29  32  29  22  23  33  47  37  26  16  26  34  35  37  40  31  37  42  37  40  38  67  59  22  21  42  64  85 
168 167 195 204 178 159 161 151 135 118 117 100  63  68  68  75  84  83  90 117 136 140 118  69  49  63  66  65  59  61  62  70  71  79  78  92  96 107 118 115 120 111  90  57  55  65  65  72  73  73  77  78  79  86  70  58  56  65  57  34  26  32  21  30  30  33  42  39  26  23  33  35  35  28  21  24  26  32  59  40  18  23  26  23  29  28  32  37  32  45  39  34  50 113 120  61  64  81  84  90 
187 200 199 174 153 141 133 135 114 100 110  90  69  83  83  91 102 116 145 150 110  71  53  61  68  54  53  59  67  70  71  74  73  87  90 102 121 119 120 107  77  62  66  65  85  85  85  87  82  78  84  79  84  75  58  38  35  35  38  30  33  43  33  31  35  35  42  50  39  26  25  39  34  20  24  22  31  32  47  40  20  24  19  28  34  35  31  40  35  29  45  72  88 103 107 118 103 105  94  89 
186 170 168 153 130 131 120 110 112 117 127 125  84  89 101 125 140 135 103  72  61  69  65  62  60  55  52  63  69  75  82  88  97 107 124 131 121  99  73  61  59  63  64  76  81 102  98  76  74  78  91  75  68  60  45  30  26  34  33  30  37  41  50  45  39  35  37  47  71  58  41  38  30  27  22  30  32  30  35  41  26  25  22  32  35  32  37  42  57  72  93  97 108  95  96 117  99  98  91 103 
162 155 145 137 123 111 118 120 123 131 142 136  99 117 142 119  88  68  63  64  69  58  64  58  60  67  66  76  79  89  99 111 122 126 126 102  71  71  72  64  77  96  84  93  89  81  83  83  66  69  80  63  56  49  30  27  34  31  31  30  37  39  52  45  44  39  42  94  93  97  90  49  26  26  27  26  32  30  39  56  38  32  21  25  33  36  38  59  94  94  92  88  98  94  89 102 103  99  91 106 
150 138 130 123 124 124 130 142 152 157 169 180 151 109  80  59  61  67  67  63  62  63  61  65  71  77  77  81 102 114 120 131 121  93  68  64  65  64  87  98  92  93  79  82  87  82  77  88  66  55  69  61  45  36  29  26  27  32  32  42  43  39  53  54  31  28  53  96 106  99  92  63  33  27  32  35  36  31  35  53  56  30  25  28  33  34  56  89 111  91  91  86  81  88  77 102 116  98  98  99 
131 135 132 127 126 138 158 168 180 180 179 158  88  59  65  72  67  60  60  57  66  63  73  79  83  96 107 112 130 126 115  90  62  66 159 122  62  78  91  99  87  77  73  80  96  88  78  62  60  56  51  36  39  34  35  30  36  35  30  32  36  45  59  61  49  50  77  94 114 109 112  90  37  32  32  30  35  36  38  49  66  63  43  28  28  58 107 108  94 101  91  85  84  87  80  79  91  88  99 102 
135 126 143 148 154 170 184 189 170 141 119 109  83  70  64  58  62  62  60  65  72  75  89  93 114 114 126 128 109  84  69  72  61  74 126  93  81  96  86  72  67  69  68  83  88  86  75  58  42  39  24  37  34  37  31  31  39  35  35  42  40  47  61  74  95 100  90  99 112  98 111 106  79  49  31  35  32  35  55  78  79  78  71  60  60  92 115 117 100  86  85  95  83  81  76  72  81  88  92  89 
146 156 169 176 184 192 180 139 114 107 110 107  78  58  57  61  66  65  78  79  86  98 107 121 138 131 106  83  69  68  65  66  72  75  76  79  84  85  64  51  66  69  54  74  75  64  57  41  25  33  31  32  37  42  36  35  38  35  37  41  41  50  65  94 113 105  95  98  97 109 116 105 113  92  45  38  40  47  82 109  94  83  87  72  74  87  97  87  82  77  74  70  65  75  58  49  73  79  88  98 
167 181 191 194 176 142 116 108 114 104  83  76  64  64  69  72  73  78  92 109 115 117  97 113 110  79  70  68  68  67  76  95  98  82  90  81  82  71  64  58  49  52  48  56  41  40  44  32  27  27  31  32  41  39  42  42  39  40  38  41  51  60  83  98  97 110 117 113 112 111 125 106 110 109  91  58  76 110 129 117  96  84  90  90  98 100  99  89  82  75  75  67  46  46  40  42  60  63  72  72 
188 192 176 137 116 103  97 109  90  78  75  90  89  69  76  81  91 103 114 124 123 111  83  74  71  82  79  77  89  91 102 103  88  78  85  91  86  73  68  59  37  30  26  26  39  36  55  34  24  31  33  36  38  40  41  39  47  53  50  58  68  81  84  95  99 109 122 127 111 104 115 120 108 104 106 107 127 131 117 102 101 113 102 103  97  88  78  88  86  76  79  56  43  44  35  40  45  51  45  46 
164 137 111 104 100  90  89  89  79  82  99 112 109  86  96 108 109 119 122 117  93  74  72  74  69  89  88  90 105  96  97  91  93  82  86  90  86  76  58  46  27  27  25  29  34  33  50  48  30  30  34  35  39  43  43  59  65  68  75  82  89  94  83  97 102  99 102 117 118 120 121 109 107 124 128 124 130 122 121 112 115 107  87  90  68  51  68  85  78  77  78  63  43  38  36  38  40  37  32  35 
113  99 100  95  93  86  94  96 112 109 116 130 140 114 119 125 121 106  87  73  69  72  69  76  94 105 103  96  84  92 103  98  85  75  71  58  65  65  40  29  25  31  43  38  43  43  45  35  31  36  35  34  44  38  53  84  81  83  75  90 100  98  99 110 102  90 102 114 124 131 118 115 121 121 134 125 121 114 114 101 109 113  82  75  92  93  95  93  89  84  80  69  52  37  31  36  36  33  34  40 
107 101  98  92  99 106 106 117 121 128 146 170 179 129 132 108  84  66  64  68  68  72 100 116 112  96  89  82  76  72  90  91  77  60  50  30  27  40  36  25  22  39  40  31  39  57  46  48  30  37  37  39  42  47  67  94  97  94  92 103 105  96 106 112 108 112 107 124 133 125 126 126 131 124 117 112 104 102 105 105 118 122 107  93  94 114 116 101  94  87  79  67  54  42  38  31  29  34  33  42 
 92  90  98 109 113 113 121 136 154 167 177 177 143  94  89  63  64  64  66  87 117 115 122 107  83  77  69  61  42  32  48  58  57  37  29  31  38  38  35  29  28  39  35  37  47  52  51  65  70  73  68  54  72  81  92 109 103 101  99  97 109 100 102  99 107 108 110 121 113 105 117 125 125 122 119 105 110 113 118  96 112 117  98  83  93 107 110  98  84  69  60  50  58  34  32  33  40  34  31  35 
 92 105 117 114 125 140 155 175 180 180 158 113  79  76  73  69  84 100 127 141 134 103 111 112  83  70  48  35  34  26  35  42  48  22  26  33  39  41  45  34  34  44  45  47  47  43  49  74  96 109 105 114 107 111 119 110 109 106  94  98 102 105 106 107 112 108 106 112 107 110 115 107 115 109 114 102 115 119 115 107 107 101  98  91 104  84  93  86  69  61  45  38  49  41  33  32  32  39  39  30 
114 119 129 141 167 181 184 185 185 135 117 101  79  70  67  85 118 147 136 125 120 130 128 119  85  49  29  32  30  33  43  44  41  27  30  37  35  41  43  45  41  36  41  52  58  55  66  90 102 107 103 110 108 100 112 102 101 104 105 106 100  99 107 112 107 107 109 121 122 120 118 106 100 103 107 111 106 113 106 102  85  88  97 106 102  71  70  78  69  60  55  38  34  39  41  32  27  37  49  33 
128 151 172 183 189 183 179 184 176 131 121  84  75  84 101 120 124 111 122 132 130 134 127 116  64  27  31  27  26  31  43  50  41  32  41  36  40  45  49  55  68  63  66  60  66  71  88 101 123 105 114  98 100  99 110  97  88  98 107 101 100  94 100 106 112 109 110 112 117 110 102 108 100 110 120 106  99  93  91  90  96  99 115 112  81  57  65  75  76  65  61  52  36  28  34  26  23  39  45  29 
171 187 187 187 184 180 162 163 164 132  94  75 102 117 108 101  99 110 126 126 135 135 123 100  52  24  28  27  29  30  42  52  44  35  38  39  44  59  68  73  78  91  83  83  82 100 100  96 109 113 110 100 110 100 104 103 103 108 108 106 114 116 106 108 103 100 108 107 109 110 108 104 108 104 116  95  89  93  95 107 113 111  83  79  66  56  57  64  68  54  84  71  43  32  24  28  30  30  36  29 
186 189 175 173 168 161 157 162 170 120  87 108 115 113 103 120 127 119 114 113 123 135 125 103  38  29  21  24  35  41  41  60  74  56  52  57  63  83  75  78  96  97  94 102  99 102 112 115 113 125 125 114 103 104 104  98 113 121 117 109 105 110 105 104 102 106 110 104 106  93 104  99  97 100  99 103 100  93 104 102 104  97  63  57  48  47  48  56  54  53  47  39  37  33  24  31  31  39  27  41 
169 176 153 155 162 168 158 158 180 174 139 102 105 105 104 120 145 117 121 105 103 115 116 112  54  27  24  35  33  42  45  61  87  80  74  83  82  93  93  92  96  89  92  92  95 100 106 107 112 128 126 112 109 107 104 108 114 117 115 103 111 101 113 111 115 118 114 114 108  98 104 110  93  97  98  92 101  97  98 109  96  65  54  40  41  42  46  49  55  57  55  42  35  31  27  17  29  33  37  46 
143 157 157 160 158 173 166 159 169 165 133 110  95 108 101 115 135 109  99  93  91 105 108 108  64  33  33  36  34  44  49  76  83  87  85  85  90 100  93 101 100  92  84  94  99 104  93 100 115 117 119 115 106 110 113 121 116 114 111  95 101  99 102 119 120 114 112 105 105  99 103 101  98 104 103  99  95 102  97 106  77  45  37  33  39  41  38  42  45  48  46  44  40  47  51  34  20  17  21  32 
139 145 154 161 173 172 167 148 115 110 104 109  96 101  97 103 101 115 101  95  95 100  93  97  76  36  33  37  48  50  64  91  86  90  84  84  94  93  89  88  91  99  98  96  99  90  89  99  97 103 117 107 119 120 108 126 111 115 111 102 115 115 113 119 115 108 115 111 107 103 108  96 103  89  96 103 105 101  92  91  65  47  31  32  40  38  28  43  45  44  27  31  44  50  51  47  20  20  22  21 
146 178 189 197 186 151 116  91  95 113 109 102  82  87  83  89  89  98  96  97  95  94  96  97  95  65  66  76  88  91  90  99  97  91  89  97  83  85  91  78  91  98 114  87  97 102  96  99  97  97 113 109 110 120 118 110 107 104 104 105 115 113 105  95 100 104 104 111  93 105 105 102 102 100  99 102 101 103  94  81  59  45  40  31  32  38  41  40  46  41  35  32  29  41  48  54  41  26  28  31 
190 193 180 145 105  72  72  83  97 111 101  91  83  85  83  71  85  92  79  92  97  94  97 108  96  86 106 107 101 105 101 103 103  93  89  91  88  83  83  87  86  91 111 102  88  94  96  93  91  95 100 108 113 120 118 120  98  95 104 104 107  99  98 101 103  95  96  91  98  96  87  94  95  95 106  99  85  89  93  74  49  45  31  33  36  32  39  35  45  54  44  34  26  38  45  51  65  45  28  24 
171 131  77  58  60  66  72  81  82  99 101  84  82  76  76  72  83  78  63  66  79  97  95 107 113  98  98  99  85  89 100 101  87  95  89  91  89  93  85  87  89 105 116 118  93  88  88  78  90  98 103  95  99 111 105  96 103 100  98  97  88  97  89  97  95  95  98  92 101 101  96  85  86  86  99 101  91  92  87  74  52  40  35  29  34  37  36  36  36  39  38  42  31  33  43  46  53  41  30  25 
 75  56  56  52  64  65  67  71  79 105 112 107  93  82  83  83  75  76  69  62  85  82  82 107 110  98  98  98  81  88  86  89  90  91  87  92  87  89  87  83  83  95 105  98 100  82  73  61  55  63  88 100  90  89 100  91  97  89  84  95  84  92  92  88  95 106  91  91  92  91  88  87  86  93  98  97  93  93  76  67  48  41  37  26  24  30  30  29  21  35  33  32  40  41  31  37  45  49  45  24 
 59  56  75  66  76  79  73  86  90 103 101  96  74  84 143 140  87  89  98  87  81  84  87  83  70  94 109  97  74  97  94  91  88  85  87 100  95  90  81  82  82  87  78  87  94  75  49  41  38  48  56  82  94  91 104 101  90  88  88  87  91  88  83  86  93  90  91  93  86  98  93  86  88  91  92  93  91  93  85  70  47  30  30  23  34  36  22  25  38  44  47  36  36  40  37  39  41  40  54  32 
 67  70  77  93  83  63  72  86  84  92  86  86  93  89 116 106  85  84  93  98  92  81  87  70  76 110 101 100  91 107  97  90  78  79  97 110  99  95  90  85  96  84  84  95  88  55  40  46  45  50  47  59  89  92  87  93  93  88  88  92  92  84  81  77  83  92  99  86  87  83  93  92  90 101  91  92  95  84  80  77  64  39  25  26  29  26  30  30  28  34  47  44  37  41  45  36  37  44  53  43 
 71  73  85  89  84  65  76  82  88  81  78  86 100  93  71  79  84  78  83  83  84  77  75  90  95  93 101  88  89  87  84  85  71  86 106 102 102  94  83  86  98  89  91  87  66  49  45  43  47  49  47  55  82  89  94  84  89  82  83  91  86  80  81  79  79  94  92  92  82  75  75  94  99  91  93  92  90  87  74  70  63  44  34  26  27  29  30  23  22  32  35  40  39  35  39  32  36  49  46  36 
 67  75  81  84  76  77  85  81  88  87  86  89  90  77  80  89  79  75  79  87  87  86  92 102  87  86  79  66  66  75  83  83  74  74  84  92  91  90  80  79  84  86  80  80  79  56  53  46  41  45  38  59  79  87  85  83  88  83  85  88  87  79  80  78  73  83  79  83  80  77  76  91  90  76  83  80  83  79  73  65  58  52  39  38  36  27  29  27  32  27  24  43  33  31  33  40  38  47  39  30 
 80  87  79  74  72  74  79  82  81  89  88  81  79  71  72  77  77  84  89  97  72  70  77  75  77  76  61  66  66  82  82  85  76  72  82  89  82  93  92  88  92  84  86  98  96  81  60  56  48  52  59  60  80  80  76  79  86  79  78  86  83  81  75  71  81  80  72  81  77  80  84  94  79  73  71  79  78  79  72  69  57  54  51  37  30  34  27  33  35  30  32  39  34  38  29  19  14  19  25  31 
 83  75  71  65  68  73  77  80  71  76  81  77  75  66  70  79  80  70  52  76  67  69  73  75  83  80  73  70  61  79  84  77  84  83  82  83  75  85  76  71  71  75  82  93  94  84  74  71  77  86  83  78  83  85  82  82  82  87  84  72  73  68  71  74  72  68  71  79  75  74  84  85  64  62  60  64  61  73  78  73  59  56  45  39  33  27  33  37  43  49  46  46  38  35  27  11   9  12  23  30 
 71  75  72  61  60  63  69  67  71  70  73  66  64  72  68  71  53  32  31  61  61  72  68  73  77  83  90  77  81  76  82  74  74  79  85  81  75  89  79  64  67  75  85  85  90  81  89  80  83  90  88  80  81  84  82  84  80  78  74  66  68  72  66  70  69  70  75  79  75  78  58  54  53  52  54  60  52  64  74  72  70  51  36  37  31  28  43  41  40  40  41  43  37  31  29  34  16  14  26  29 
 72  72  62  62  51  50  43  49  66  57  56  63  62  64  62  44  30  31  41  45  55  46  42  48  59  65  81  88  79  72  74  75  72  70  76  70  69  75  71  68  70  82  83  80  80  90  84  82  80  78  86  84  80  79  76  76  78  71  70  73  75  70  65  73  66  58  70  70  52  46  46  44  49  47  46  55  52  61  72  74  64  49  46  34  27  29  30  35  44  39  39  41  35  34  35  54  38  23  25  34 
 60  54  40  47  45  35  37  49  57  51  49  49  47  36  49  48  33  23  41  53  51  47  42  50  49  53  61  78  82  71  71  79  65  54  53  56  62  68  66  65  75  75  77  78  77  80  87  85  78  80  97  88  79  76  68  69  75  68  65  73  70  63  66  62  59  63  65  44  40  39  42  40  44  47  44  49  55  45  54  82  68  53  44  38  35  32  31  29  44  47  46  43  32  37  46  54  50  22  24  38 
 36  28  36  43  35  39  42  47  52  43  38  46  28  37  51  43  31  33  42  42  41  42  43  49  49  54  62  66  65  59  50  55  40  42  47  48  61  63  67  74  70  74  74  68  82  83  80  82  77  78  85  79  66  72  66  72  74  67  60  60  72  72  73  59  52  58  58  47  39  35  41  42  40  41  36  50  47  50  50  68  65  46  45  42  37  47  37  31  42  51  48  41  48  52  49  54  50  39  34  30 
 34  32  37  34  36  46  52  51  43  33  44  36  25  35  41  36  38  45  43  50  44  39  54  52  56  59  54  51  55  47  44  42  40  42  41  63  66  71  78  80  76  64  73  77  75  83  76  73  75  74  72  69  72  61  52  58  74  76  56  58  73  71  61  59  55  58  55  58  52  39  31  38  40  40  35  33  37  43  46  62  60  52  50  45  42  41  41  42  52  42  50  64  60  61  49  54  61  62  48  52 
 33  33  38  34  38  49  47  42  31  34  36  29  30  44  52  54  45  46  49  44  43  44  57  63  62  54  44  39  44  41  37  43  45  45  50  62  60  78  77  76  74  74  70  75  73  76  78  71  73  65  59  64  62  49  45  43  57  68  58  64  65  67  63  59  54  59  54  59  58  38  29  38  41  36  39  32  35  35  38  55  69  73  65  59  52  38  43  45  46  53  67  75  57  56  68  58  57  64  86  84 
 32  31  36  33  37  38  28  28  25  30  37  33  26  41  50  35  31  38  42  41  48  45  55  62  37  37  36  41  42  40  40  48  48  54  65  64  60  66  62  69  75  77  62  73  74  71  66  72  69  66  59  55  54  54  53  42  55  60  56  56  60  60  59  52  52  57  50  54  55  44  36  30  36  41  65  67  28  34  38  48  67  76  82  74  74  64  52  45  58  78  78  64  59  62  59  61  60  63  80  84 
 33  34  35  28  34  43  33  32  38  34  34  28  30  35  32  29  28  29  39  43  42  51  49  31  33  35  33  35  40  49  49  49  53  63  55  56  52  43  54  54  66  64  71  73  73  69  66  62  59  64  66  66  48  45  49  54  50  54  70  56  52  51  57  50  46  59  52  54  62  43  49  51  37  43  47  54  38  23  31  29  41  64  86  76  80  78  66  62  55  79  77  61  58  54  51  54  61  64  76  87 
 35  32  27  35  29  28  32  34  36  41  35  35  35  33  32  31  31  34  46  47  34  48  41  28  32  32  37  37  44  50  59  64  70  65  40  36  44  41  45  50  57  56  64  71  67  61  48  41  46  51  63  55  46  48  67  57  39  59  86  53  49  48  48  45  52  52  57  60  55  52  51  59  60  48  39  43  41  36  40  40  37  57  72  86  76  77  83  80  79  87  75  71  77  63  55  65  66  76  88  90 
 24  25  31  30  32  37  42  37  33  39  32  44  46  36  30  26  30  39  55  49  28  36  38  31  26  32  40  50  51  60  62  63  62  56  52  43  37  38  48  50  61  59  71  65  48  44  46  36  40  45  50  57  54  71 107 127  85  44  48  52  45  46  44  41  41  44  59  61  50  49  32  52  76  71  53  43  35  32  42  54  66  68  80  81  79  81  81  85  98  96  81  91  93  79  78  91  88  95  94  81 
 27  23  28  31  34  34  39  31  35  44  47  32  38  56  49  35  33  35  35  31  28  34  33  24  31  47  60  57  66  75  65  58  65  58  47  47  42  41  50  61  52  62  64  48  45  51  47  45  44  46  53  52  50  49  57  78 121 123  89  56  41  45  44  45  40  48  51  55  53  38  44  52  61  72  48  48  39  39  39  44  62  86  88  68  70  73  83  86  96  94  85  81  79  82  82  89  93 107  90  82 
