 44  16  14  12  11  14  11  12  11  13  11  12  18  21  24  31  24  22  19  14  10   8   4   8   6   7  12   9  15  11  12  17  17  28  33  42  46  41  52  43  36  52  47  42  68  89  77  77  82  79  75  67  80  63  41  44  42  33  30  34  24  10  12  12  24  62  95 123 122 113 123 109 105 102 115 125 129 131 134 142 141 166 171 173 172 178 180 204 205 216 212 203 188 178 161 155 140 140 139 140 
 20  10  18  16  10   9   9   9  14  13  10  11  13  17  24  26  27  22  23  13   8  14  18  17  13  10   9  15   9  16  15  15  12  21  39  47  57  46  42  50  33  38  35  36  37  51  70  93  94  93  90  83  75  57  48  45  37  38  38  23   7  26  51  67 129 126 121 117 116 108 102 122 140 125 141 158 156 166 151 151 154 167 175 186 192 206 211 212 213 195 175 159 147 153 136 132 136 132 137 149 
  9  15  15  15  12  10  11  10  12  11   7   8  10  17  23  26  27  18  21  15  10  39  98  55   7  10  12  12  19  18  14  14  16  33  35  33  37  25  42  30  29  39  52  31  24  35  40  60  91 100 100  91  68  56  66  46  36  33  44  50  68 119 107  98 120 106 106 107 123 130 157 165 169 150 156 151 169 159 172 167 186 194 214 216 212 202 186 168 159 148 145 137 133 138 140 133 153 151 140 162 
 14  15  24  17  10  10  12  14  13  17  15  16  16  18  19  32  36  27  24  19  13  19  41  23   9  15  17  14  13   9  22  24  37  42  25  21  21  22  24  22  28  48  46  34  20  21  28  37  71  88  99  73  47  54  64  57  70  91 117 129 131 126  89  96 119 125 151 138 147 170 173 170 163 158 161 175 177 181 201 214 215 207 196 189 175 167 151 146 135 137 141 139 136 144 149 153 168 186 194 202 
 20  27  27  31  15  17  24   9  23  46  32  27  23  26  31  31  30  25  28  23  13  12   8  10  13  14  16  10  14  25  44  47  46  34  18  14  10  14  20  32  36  42  31  31  20  33  26  30  59  58  74  52  36  50  98 125 140 137 136 127 121 124 107 100 151 170 169 167 162 158 159 156 169 179 188 205 209 224 211 201 186 175 161 146 141 139 128 128 142 139 148 155 161 172 183 206 207 198 180 152 
 29  29  23  36  22  29  28  15  21  34  13   8  10  20  25  24  31  30  29  18  12  12  12  11   8  12  12  11  34  46  47  54  38  27  19  13  16  18  18  29  30  26  31  28  24  18  22  24  48  42  46  67 105 122 135 129 120 117 123 121 138 161 167 135 155 170 158 162 166 162 173 181 195 207 220 217 206 196 173 160 154 136 131 133 138 139 140 150 152 164 171 176 192 191 189 175 148 129 114  93 
 25  22  27  34  27  28  39  30  16  40  22  13   9  12  24  30  38  32  31  11  16  12  11  11  15  10  19  38  43  46  47  37  33  26  24  18  17  22  25  31  30  25  30  24  18  14  12  20  47  77 117 129 133 115 113 112 109 125 148 173 177 184 181 162 146 156 177 179 177 200 207 216 210 204 187 174 163 147 137 128 137 133 144 151 156 156 163 166 172 177 176 175 160 146 133 107  92  82  80  74 
 23  33  38  30  37  25  44  33  17  46  34  14  16  18  27  32  39  28  35  19   7  17   8   7   8  13  32  44  43  41  44  33  30  34  16   9  13  20  22  28  28  29  34  20  11  21  36  82 115 139 126 122 110 123 124 140 167 173 186 193 182 186 194 190 177 165 184 209 217 213 200 190 167 160 152 151 134 139 134 131 147 154 162 162 167 180 190 177 169 154 137 131 107  97  85  76  72  68  68  73 
 35  40  29  31  42  36  25  28  22  35  41  19  13  13  31  35  47  34  39  42  33  17  28  18  24  41  44  34  27  36  39  25  18  20  17  12  10  21  24  24  22  22  17  15  55 117 140 128 124 128 112 112 114 128 136 157 188 185 194 192 195 192 189 195 207 203 203 201 179 176 155 152 147 142 139 147 147 152 154 157 167 168 176 178 180 169 157 146 127 110  92  84  81  77  68  74  78  88 105 118 
 33  35  38  31  51  41  32  17  20  34  45  23  20  19  31  40  48  47  50  54  34  18  31  30  47  44  40  28  20  31  27  18  18   9  16  17  13  20  15  15  11  24  75 126 159 165 146 116 112 114 115 132 144 141 156 159 174 193 201 198 196 202 222 220 213 192 169 151 143 146 131 127 134 154 155 155 166 178 185 183 188 176 174 165 145 116 105 100  76  78  75  71  78  84  93 110 127 134 146 144 
 34  36  26  30  51  51  33  24  27  35  50  37  21  18  30  45  54  60  42  44  27  31  44  40  39  45  39  36  25  23  25  14  13  13  14  18  16  11  14  32  72 132 163 166 153 135 131 125 145 157 159 167 167 156 160 173 173 190 210 222 222 215 207 195 176 159 144 154 139 121 136 139 143 157 171 181 187 193 194 193 173 142 129 118  95  79  73  76  67  80  87  99 113 127 144 150 147 146 146 144 
 41  38  39  45  40  65  37  27  24  31  53  49  25  22  31  41  55  68  50  48  42  41  39  36  42  43  47  49  37  32  30  20  13  13   9   7  15  49  91 129 139 153 152 146 129 137 160 173 186 186 185 181 172 172 171 188 209 223 224 204 192 187 166 168 139 116 113 121 146 133 141 156 159 186 207 212 198 181 158 133 111  97  88  76  66  67  78  86 104 122 136 150 146 157 149 148 144 151 147 123 
 43  38  43  32  36  64  52  34  27  32  52  55  32  27  21  37  56  63  64  60  82  58  38  31  38  46  45  56  40  27  27  14   7   1  15  55 104 140 141 138 125 130 130 131 139 171 189 191 188 188 182 177 181 189 213 210 213 200 179 166 165 155 129 128 118 120 142 141 149 150 157 195 217 199 174 160 142 120 100  79  74  73  73  71  80 101 120 130 142 153 148 150 147 163 144 138 122 117 108 101 
 51  34  38  54  43  62  61  40  35  33  48  65  34  28  21  39  51  69  70  59  81  67  47  41  43  46  43  28  25  27  23   8  21  65 113 146 146 131 121 124 135 137 141 151 154 159 177 178 173 174 179 197 224 220 203 175 172 155 142 132 119 111 115 132 143 164 171 178 180 189 203 177 150 135 104 104  89  78  68  68  76  82  97 118 137 158 157 154 154 151 145 142 131 127 118 103  98  87  85  79 
 46  36  44  47  38  52  67  45  30  31  39  66  44  30  26  29  48  65  76  56  70  64  45  42  41  37  31  22  18  17  39  85 129 144 156 144 117 109 130 140 147 160 150 161 159 170 173 176 196 215 224 223 200 180 150 150 135 109 110 104 107 124 139 164 178 175 188 192 180 162 164 142  90  86  82  72  62  68  85  89 120 138 144 155 166 166 165 157 156 147 122 109 107  93  98 102  89  88 108 116 
 51  37  35  37  41  42  69  53  32  28  44  57  59  30  32  31  46  62  70  56  65  79  71  35  25  20  12  18  56  99 126 145 153 138 142 114 119 132 143 157 154 160 169 169 180 184 201 218 223 210 202 176 157 145 127 105  97  89 111 133 155 165 166 177 173 166 164 140 122 114 103 133 103  50  67  73  80  92 118 141 166 162 155 168 166 166 161 132 109 107  99 102  90  85  63  70 118 135 162 168 
 53  49  39  42  38  38  69  60  36  33  37  58  74  31  26  28  45  59  75  62  55  71  64  20   8  21  53 104 143 143 134 137 135 116 129 139 147 157 159 161 167 176 182 184 201 216 224 218 191 180 164 141 129 115 110 110 124 138 151 157 169 182 172 153 156 133 118 108  84  72  59  80 114  79  81 112 127 138 150 159 162 171 162 155 137 117 111 106 101 105  86  65  83 101  44  57 121 142 119 134 
 31  42  43  38  39  39  67  64  41  32  31  46  76  41  30  27  32  59  83  69  59  65  37  28  72 114 128 140 126 117 117 124 134 146 151 155 155 163 163 181 180 187 208 224 223 208 192 169 159 148 132 126 127 130 140 152 159 163 170 167 155 145 128 124 115  96  87  69  60  60  77  99 127 144 134 146 144 147 150 147 159 147 125 104 100 100  95  77  62  42  38  46 125  64  38  47  74 172 160  99 
 13  44  53  49  49  40  55  78  50  33  34  40  74  66  33  31  33  54  83  73  50  76  96 114 132 129 127 119 112 120 124 145 154 165 158 153 168 175 177 189 209 218 222 205 181 172 155 142 142 134 143 151 154 166 170 180 178 167 153 144 125 110  95  83  68  62  59  65  83 104 135 150 156 153 150 154 165 166 143 124 114  95 102 102  86  75  79  66  30  20  24 100  99  34  35  42  34 111 122  79 
 12  47  63  49  42  37  45  78  59  36  33  44  72  72  32  29  36  41  67 100 103 136 123 115 113 118 121 129 140 147 154 163 162 166 174 174 177 188 211 215 217 202 179 160 151 157 148 155 152 154 159 181 179 186 184 173 161 145 117  96  88  74  61  54  64  76 103 126 144 158 154 152 159 154 147 158 139 132 118 113 101  82  70  65  59  66  88  96  88  69  79 116  38  36  39  36  17  21  19  73 
110  53  71  51  51  50  42  80  68  47  33  37  56  84  42  30  24  55 107 131 136 126 117 122 120 124 128 155 153 150 154 160 171 177 175 190 203 216 208 193 171 165 161 160 157 155 164 167 158 171 192 204 191 170 152 127 122 103  79  68  56  54  64  79 109 132 153 160 161 169 165 172 165 152 142 123 101 110  99  73  47  48  54  62  67  72  72  73  85  91 118  71  20  33  41  23  15  22  22  64 
155  35  60  52  52  41  36  68  75  50  40  35  48  79  47  43  77 123 132 133 122 114 119 125 131 145 154 149 164 166 165 179 171 179 201 210 197 183 170 173 157 153 162 166 167 164 172 177 198 211 202 173 151 125 101  88  72  55  49  65  80  99 118 142 159 161 172 172 172 173 154 134 119 106 119 102  75  64  42  22  23  42  60  61  70  73  62  69  67  69  62  38  31  42  40  19  19  18  25  69 
 58  39  51  65  64  55  45  55  83  60  44  36  37  82 105 119 131 126 121 120 106 124 139 150 161 151 167 162 172 179 175 184 204 213 197 177 169 156 158 160 166 165 166 166 168 174 198 212 202 171 134 124 107  85  71  61  58  65  85 115 134 142 150 162 164 173 179 169 142 112 102 106  98  86  70  45  32  26  40  36  40  40  46  49  58  66  67  67  69  72  51  33  33  52  31  17  17  17  22  42 
 41  54  51  53  66  53  37  56  84  60  44  45  92 136 131 132 124 110 114 116 138 149 150 155 167 173 180 180 176 194 201 204 195 174 163 156 149 150 160 170 170 166 174 182 193 207 195 162 133 115 108  93  74  72  73  85 103 124 141 157 158 161 169 173 173 151 131 118 108 101  94  70  54  37  35  29  22  27  57  35  41  51  45  68  59  51  59  75  71  66  45  24  28  41  20  17  23  34  36  38 
 46  48  57  47  60  43  40  42  76  76  98 126 141 130 121 119 121 124 139 146 149 148 165 172 181 176 174 190 201 206 189 170 159 149 145 144 147 159 164 164 176 180 191 182 187 167 129 116 112  85  84  82  84  96 117 141 153 152 165 162 176 179 173 148 127 112 106 106  85  57  36  28  34  42  33  25  38  55  37  36  44  54  55  93 104  50  51  61  60  58  33  17  31  37  26  33  39  41  39  42 
 43  45  50  63  62  42  35  46 109 132 124 125 119 113 111 127 140 138 141 153 162 174 181 180 184 185 203 195 186 163 155 147 133 126 140 155 156 160 168 175 183 178 174 157 137 116 105  87  76  82  91 107 124 144 148 151 156 155 163 172 165 139 118 110 104  99  76  49  40  46  42  38  33  40  31  35  43  51  36  39  44  39  41  37  44  60  68  41  53  52  25  21  37  39  43  41  41  38  37  33 
 23  31  40  61  58  49  80 129 145 119 112 107 108 129 141 143 152 147 158 169 176 179 167 185 201 197 187 157 147 139 129 122 135 146 152 154 174 181 179 176 170 152 135 117 108  90  80  91 101 110 130 144 154 153 152 159 156 149 137 142 129 115 106  82  65  47  37  36  47  51  50  45  42  33  36  42  44  45  41  29  27  23  23  34  42  57  48  34  45  44  45  46  46  37  43  47  45  39  41  39 
 19  15  30  59  88 123 133 143 126 109 109 120 129 131 141 145 162 173 184 173 177 192 205 196 173 160 147 138 116 117 125 134 153 157 168 167 181 176 160 154 131 112  98  88  89  95  96 117 129 147 164 157 151 154 158 154 131 115 114 119 104  78  48  38  36  36  36  39  43  53  49  44  47  38  36  41  44  43  31  29  31  36  39  30  38  31  22  29  25  32  46  58  54  51  57  60  45  44  49  42 
  8  22  81 125 133 129 111 109 117 119 135 141 149 151 153 170 183 181 175 191 206 196 180 167 144 131 111 113 111 134 151 158 164 169 173 182 156 148 126 115  97  90  87 101 108 113 135 155 160 164 150 153 158 155 133 112 117 113  94  56  27  34  38  37  27  25  37  44  33  41  47  48  48  49  47  45  46  35  20  14  17  18  24  23  18  18  17  23  21  20  43  54  60  65  64  62  57  57  47  44 
 58 109 131 123 125 107 121 138 150 161 151 153 160 176 186 175 181 185 202 202 179 162 140 122 109 109 115 136 136 146 171 173 174 172 157 135 126 103  84  77  81  90 107 116 138 150 163 164 156 155 153 145 131 118 110 104  80  51  29  10  10  36  40  35  22  19  27  40  41  44  39  35  45  47  48  51  57  26   3   7   3   7   7   7   5  10   8  13  12  11  35  46  54  53  60  61  51  48  53  50 
138 140 125 110 106 131 165 175 171 176 184 170 178 182 180 192 203 201 185 158 148 122 119 114 119 132 135 152 173 193 177 166 149 133 112  96  79  63  69  78  96 113 141 164 166 162 154 158 155 141 127 115 116 101  77  57  31  23  22  13  18  33  27  23  16  16  20  44  49  40  38  43  42  40  58  50  70  94  61  39  34  30  20  20  21  21  22  20  12  17  33  42  49  51  62  52  50  54  57  42 
122 112 111 134 142 172 190 182 178 194 194 188 181 191 209 197 179 166 154 141 119 124 141 141 151 168 184 185 202 184 145 130 102  84  73  66  64  68  93 108 137 148 161 158 159 158 159 138 125 130 120  96  70  33  50  59  21  25  26  10  21  25  25  23  15  12  23  35  41  42  41  54  36  68  71  45  69 149 149 126 118 100  43  39  35  36  38  30  29  32  38  43  48  53  58  54  63  65  55  42 
127 134 160 180 177 176 175 186 186 182 183 195 212 205 184 168 148 143 127 125 122 152 157 159 176 206 190 167 142 116  97  82  62  60  62  70  91 113 138 151 160 155 148 155 151 135 127 124 118 103  68  33  11  20  77  45  22  28  21  11  25  24  30  29  27  31  36  44  45  49  45  36  33  48  50  48  66 130 162 145 145 141  63  45  55  51  45  51  48  52  52  54  57  61  60  68  61  66  55  46 
155 180 184 183 180 182 194 180 166 179 205 214 192 159 148 137 128 137 129 138 158 168 178 200 203 179 155 118  95  77  69  58  56  70  80 110 138 151 157 153 147 140 150 124 111 119 120  95  59  37  32  18  12  32  86  44  25  28  22  17  22  27  29  26  31  40  43  45  44  47  48  44  41  25  24  28  39  87 156 147 142 132  96  58  65  57  57  60  58  60  60  60  68  65  69  69  73  64  54  50 
176 174 173 191 206 193 177 179 204 203 183 170 157 141 139 135 143 155 165 166 177 190 199 181 144 114  97  85  69  56  53  62  82 102 131 153 160 150 151 130 117 121 121 117 110  92  55  35  28  21  37  18  14  45  89  38  22  25  23  15  18  27  31  35  39  38  49  44  45  48  58  48  36  30  23  10  17  49 125 151 142 139 133  74  74  82  69  59  57  67  64  66  66  69  69  64  72  62  60  48 
168 175 185 183 183 187 197 209 194 182 153 153 142 141 144 148 159 163 165 174 172 174 154 122  98  82  63  57  54  64  74 104 136 148 159 158 153 152 137 106 106 115 109  94  53  34  39  24  16  34  33  22  22  58  95  30  28  29  19  17  27  33  27  22  37  44  43  38  51  57  55  47  42  36  28  13  12  23  98 153 139 146 150  98  66  65  54  56  53  67  57  60  71  69  68  71  67  76  76  58 
178 184 168 175 207 218 198 175 164 156 149 148 137 152 150 165 167 174 172 162 139 125 105  85  72  61  59  74  87 108 134 153 160 155 149 141 135 135 108 110 105  78  39  19  24  29  33  22  23  29  28  27  22  70  81  28  24  23  20  27  25  25  19  21  34  34  40  45  55  51  59  63  53  51  47  41  44  40  69 112 113 109 111  84  71  64  68  63  72  77  69  69  87  89  88  89  83  85  79  76 
176 181 204 209 194 179 156 154 144 152 163 159 155 158 169 174 172 167 149 125 105  86  77  64  59  71  88 111 141 160 165 178 155 138 119 109 110 102 103  91  73  54  54  49  51  55  52  50  49  50  43  49  45  57  58  43  44  41  47  47  47  43  46  50  58  55  70  61  72  71  80  78  77  81  82  89  86  93  86  91  94  88  89  90  86  86  89  85  79  96  93  92  97  98 102 104  96  86  85  86 
201 210 200 167 158 152 144 152 156 161 169 167 184 175 172 167 145 125 106  88  75  61  66  76  88 118 139 155 158 139 146 162 143 123 113 110 102  76  52  45  50  54  49  54  52  51  49  50  47  50  46  50  46  41  44  45  55  53  54  50  45  53  57  66  70  70  72  53  75  83  74  85  92  82  84  83  86  81  85  84  95  87  92  96  93 101  96  96  88  98  98 104 103 103 112 119 112 100 108 103 
202 180 160 143 134 132 146 158 164 170 175 182 187 175 152 128 103  91  83  74  70  80  92 118 148 157 145 139 150 147 135 121 108 101 102  75  49  34  32  34  35  34  35  36  39  43  37  41  37  49  47  47  45  41  43  48  46  46  45  47  42  49  53  58  56  61  56  53  59  62  64  72  74  73  74  79  78  78  78  85  82  81  81  95  92  88 107 104  91  96 101 107 109 107 104 111 109 115 120  93 
161 143 129 128 128 144 161 166 174 188 184 179 162 134 111  90  77  69  73  79  95 115 142 162 158 139 145 148 134 131 112 107 105  89  76  61  54  58  57  55  56  51  42  60  57  68  68  68  65  59  57  59  54  56  56  58  51  53  58  58  60  59  52  62  59  58  69  74  71  67  70  65  73  77  76  84  83  84  85  79  84  82  84  95 101  93  94 100  98 104 105 111 115 121 113 123 122 122 126 108 
139 115 126 136 148 161 169 208 198 184 165 141 115 107  90  74  75  81  89 113 132 161 159 148 145 148 147 128 115 105 102  90  94  95  92  96  94  92  87  72  85  76  78 133 113  78  68  68  66  61  72  69  62  64  68  64  70  67  66  69  73  68  69  74  74  70  75  83  90  86  84  82  79  91  84 101 106 105 111 107 111 117 122 119 128 129 130 131 134 132 146 149 146 148 152 152 149 149 148 157 
122 139 151 152 160 190 216 207 180 145 123 119 103  77  75  92  97 109 132 150 157 150 139 148 153 135 114 107 119 101 100  98 108  97  99 100 101 101  90 122 162  89 113 104  82  65  37  21  14  12  58  84  85  80  87  77  87  87  79  84  88  84  83  82  83  82  83  82  79 107  99  91  91  88  97  95  96 105 119 106 111 113 113 108  95 106 115 112 113 112 103 117 109 106 111 110 118 113 104 109 
142 147 158 185 211 213 183 139 129 107  96  86  75  82  98 113 129 159 158 150 146 149 150 132 121 112 113 124 125 120 125 121 121 119 122 115 107 107 105 201 173  92  85  41  57  71  41   7   5   4  38  80  76  67  63  67  62  58  61  61  60  59  62  60  63  63  53  54  54  66  63  62  55  75  64  61  61  61  67  59  67  61  58  63  69  70  68  72  74  72  75  68  66  73  75  70  80  75  70  72 
167 182 208 216 191 147 112 104  94  75  67  67  80 111 131 146 167 161 145 156 150 145 117 113 116  99  89  90  95  87  86  82  81  76  72  70  72  59  78 172 133  93  54  26  43  55  48  48  54  55  52  44  39  44  41  38  40  39  36  41  40  39  45  41  45  49  51  42  42  39  56  52  41  48  39  40  47  44  42  46  46  45  42  54  54  52  54  56  56  61  60  60  66  72  67  66  77  78  73  79 
198 217 201 158 121 101  88  74  54  59  80 104 129 150 162 148 146 145 155 137 117 107 104  98  65  61  57  58  49  55  51  49  51  57  46  44  46  43  43 181 120  46  48  44  47  46  49  47  37  45  40  30  39  33  27  30  32  34  34  32  33  35  37  33  37  44  43  33  43  43  51  56  45  41  46  45  40  38  46  49  45  50  54  61  69  63  68  70  73  79  86  76  80  86  91  86 102 101  92 100 
187 166 134 107  94  72  59  58  74  87 117 136 162 158 146 149 152 147 114 100 110  99  67  50  44  48  52  52  44  41  48  42  41  46  43  42  39  39  43  65  24  12   9  19  16  12  11  12  20  11  22  24  31  31  33  35  33  34  36  36  42  40  43  47  48  49  44  42  52  54  52  65  53  52  55  52  53  56  57  61  64  63  67  77  80  78  79  80  84  90  91  89  93  95 102  92 100 111  94 103 
148 117  98  85  64  56  64  91 114 134 151 152 154 144 156 150 127 106 105  99  80  51  46  48  55  48  57  48  48  48  45  50  45  41  45  46  46  44  40  26  20  24  11  13  15  15  16  19  23  24  28  30  35  29  39  39  42  47  45  46  48  45  46  49  51  57  50  54  50  56  50  64  53  50  48  59  54  57  56  57  59  57  52  59  66  71  63  64  63  64  74  73  71  78  80  75  76  76  77  80 
106  84  68  59  61  77 108 136 149 159 143 138 147 149 129 111 111 105  84  53  48  54  49  55  56  50  47  51  42  50  44  48  44  43  45  44  41  39  35  40  29  20  26  18  21  23  17  20  19  20  27  28  25  32  33  35  31  38  33  40  41  39  40  39  36  44  49  44  42  43  38  49  63  44  42  36  39  43  40  39  40  45  39  46  50  42  49  48  49  48  53  54  53  59  51  60  54  57  58  56 
 73  68  67  76  95 127 158 163 158 142 145 153 134 107 104 105  76  51  40  40  38  36  39  51  48  40  38  39  35  36  39  34  36  37  35  38  32  34  35  30  29  27  23  19  19  23  21  19  18  21  25  25  26  32  34  27  27  34  39  31  34  35  36  41  43  41  43  51  36  46  43  39  58  47  41  44  38  52  43  48  44  49  48  55  55  58  73  75  73  73  73  73  73  76  78  84  78  79  88  89 
 67  78  98 118 145 158 156 144 148 149 147 116  98 109 104  70  49  48  46  51  52  86  76  41  63  46  47  47  46  46  43  39  41  44  45  46  39  44  37  39  40  38  37  34  36  38  34  34  39  39  40  49  47  48  52  49  53  57  60  59  58  61  65  72  74  78  79  91  90  79  87  66  84  91  81  92  93  93  93 103 107 109 120 113 117 121 125 134 132 134 134 133 128 131 145 137 147 144 146 146 
101 118 146 156 157 151 152 144 151 130 105 102 107  93  70  64  74  72 111 149 109 114  49  27  53  48  45  54  63  64  58  58  50  57  55  48  57  58  50  51  52  51  54  50  56  61  60  63  65  71  67  76  86  82  85  89  79  82  90  87  86  89  89 100 108 120 119 130 129 120 125 125 125 157 141 130 136 134 140 143 149 153 153 144 152 145 142 149 154 162 166 172 157 149 166 171 166 158 162 157 
139 157 165 157 163 176 160 134 103 123 109  93  73  74  74  74  74  69 169 159  84  67  26  43  65  89  63  51  62  55  59  56  57  52  63  58  62  56  53  55  50  60  58  67  59  62  72  67  64  64  75  77  77  79  90  85  80  89  79  88  81  84  86  94 100 105 113 109 106  90 104 117  92 132 107 104 105  99 102 106  97 103 107 106 103 118 115 122 127 128 124 131 121 115 115 127 121 121 116 117 
167 164 172 174 186 170 126 107 103 102  77  63  66  75  67  65  64  51 108 119  74  52  46  44  47  59  44  35  43  42  45  47  41  44  46  49  45  42  47  43  43  41  42  44  41  50  45  41  45  41  47  50  47  52  63  59  54  55  53  53  56  54  60  58  63  61  61  65  65  66  67  67  53  66  77  61  57  54  54  53  54  55  55  59  62  60  66  66  62  74  71  62  69  66  69  64  76  73  73  78 
171 184 190 175 135 108 110  92  60  44  48  40  47  44  50  43  42  34  28  27  21  11  11   9  12  19   9  19  21  30  26  29  26  32  25  23  28  32  29  29  27  31  26  23  29  31  28  34  35  29  33  37  38  34  40  38  39  45  47  46  47  41  46  48  47  61  55  67  65  67  56  65  57  60  86  68  53  60  62  62  67  68  68  65  68  77  81  89  98  98  98  97  99  98 103 103 106 103  94  98 
185 183 155 116 103 100  69  45  45  43  41  44  38  47  45  47  45  37  35  20  12  11  11  14  16  18  26  19  27  30  36  34  38  39  39  41  44  40  44  44  45  47  49  47  55  53  58  52  56  61  64  65  66  74  86  83  78  78  84  91  81  78  89  90 105 110 110 118 124 125 128 113 110 111 141 143 121 121 118 128 131 121 129 138 138 149 152 157 155 158 158 158 164 168 158 164 168 178 170 177 
146 124 102 111  95  79  76  82  83  73  76  80  79  76  75  74  72  68  71  55  44  47  42  42  39  41  42  48  50  57  56  59  61  64  72  67  76  78  78  84  93  94  99 102 104 110 116 109 114 105 120 123 123 120 125 128 133 127 141 132 133 124 138 135 143 140 155 163 170 175 183 169 152 169 188 187 164 156 163 161 167 166 168 171 174 181 186 181 187 188 185 184 190 191 182 180 189 196 192 197 
100  91 105 104  98 106  95  99  95  92  91  95  97  90  88  85  87  80  86  74  76  72  66  68  63  62  64  60  64  66  73  76  78  94  87  93 100  98 103 104 107 113 124 115 112 108 113 121 119 117 130 132 135 137 143 142 134 137 151 147 148 143 137 147 145 142 149 161 160 168 165 164 148 138 151 172 151 148 157 154 151 151 155 151 162 166 159 162 167 159 166 162 156 155 151 150 154 158 161 157 
106 100 102  96  92  98  86  75  74  82  76  73  66  64  67  71  71  70  68  63  65  60  61  56  56  57  51  57  61  67  66  66  70  73  71  71  80  74  72  72  80  76  83  88  79  78  75  81  79  79  91  89  91  91 101  96  92  93  98  94  96 102  95  97  93  98 102  98 104 117 115 105  96  94  87 109 107  83 102  92  90  90  86  97 101  98  99  98 102  90  98  99  90  97  96  89  96  97 105  97 
 63  55  57  56  54  53  51  46  40  45  44  43  44  39  41  44  38  39  41  37  36  37  35  33  34  39  34  33  38  40  38  42  41  36  36  42  43  43  46  45  44  48  46  47  47  43  43  45  49  47  46  49  51  58  59  67  69  67  65  64  65  62  68  71  77  77  76  84  79  80  87  85  91  96  76  91 119  90  95  97  96  95 101  96 109 113 109 109 111 116 115 125 119 131 125 127 124 125 125 128 
 45  53  50  48  52  45  44  43  48  42  43  40  45  48  39  46  48  43  38  42  40  43  41  44  41  39  43  42  43  51  46  48  53  57  54  57  61  63  60  64  74  74  72  71  75  81  81  86  77  82  90  86  94 101 100 115 127 116 115 117 115 110 116 122 127 127 128 137 143 144 138 134 141 138 125 131 155 146 140 146 152 153 158 158 155 158 162 158 155 156 166 171 164 165 163 154 172 177 172 173 
 97 103  88  88  89  82  85  76  81  73  76  72  73  74  65  73  67  67  69  66  71  67  81  73  67  71  72  74  76  84  87  90  86  85  85  88  97  96  95 101  97 114 108 109 111 112 113 120 118 114 128 130 134 134 141 134 140 147 146 144 136 143 144 138 149 146 147 147 145 150 154 157 163 155 157 152 157 168 170 171 179 175 167 175 180 178 171 181 181 176 176 177 182 180 169 178 183 185 179 192 
103 107 102 103  95  98  90  85  89  88  93  89  91  82  83  81  81  87  95  90  95  95  92  96  79  92  91  94 100  95 101 100  99 101  97 106 112 121 121 121 119 117 121 128 136 138 133 141 145 150 152 167 160 165 173 165 175 180 178 174 181 181 176 181 181 182 187 186 191 196 190 196 199 202 208 202 208 212 212 207 212 208 207 210 208 213 209 206 214 214 211 210 208 204 201 217 213 213 211 213 
123 124 125 123 120 119 120 121 118 121 122 114 127 118 119 124 124 121 126 133 135 134 128 137 136 138 140 146 151 151 156 152 162 170 165 169 167 171 175 180 182 176 185 187 193 187 188 192 199 198 197 206 200 206 207 206 205 213 211 212 212 199 199 210 210 206 208 208 211 211 207 217 217 215 216 204 201 221 217 205 211 216 214 209 216 213 216 217 223 222 209 211 218 208 212 213 212 212 202 205 
140 132 126 124 127 132 131 131 124 131 119 118 119 118 120 115 117 125 120 121 112 116 133 126 139 136 127 137 140 140 125 136 135 133 132 130 136 133 141 154 148 142 149 157 152 143 150 152 153 149 164 156 171 164 153 157 157 162 172 167 175 166 160 160 158 163 164 166 162 158 165 174 182 165 154 150 136 167 175 166 169 172 168 171 168 170 164 176 177 174 159 159 156 162 165 168 155 164 161 164 
 66  59  63  57  58  60  63  57  54  55  56  54  56  60  65  55  57  56  55  59  59  62  63  58  60  61  68  66  69  73  71  62  75  68  77  78  81  79  77  83  96  87  80  92 100  87  84  96  96  90  94  92  98 100  91  92 100  98  96  99 104  97  92 108 110 109 114 122 118 115 111 121 121 110 113 107 101 122 141 129 133 144 149 150 121 130 130 127 133 135 125 128 113 119 147 139 115 139 152 150 
 39  41  41  42  37  36  40  41  41  38  39  32  36  38  39  39  40  34  41  42  38  50  44  52  52  47  53  51  59  55  53  63  63  48  56  64  67  81  71  78  86  85  87  87 103  99  92 100  99  98  94  94 112 108 113 107 106  99  98 110 114 124 102 131 128 125 142 145 141 149 147 143 147 149 153 145 132 141 166 154 161 176 169 165 153 149 160 164 167 164 168 166 165 171 174 140 145 168 174 169 
 48  57  50  49  49  47  55  57  58  57  55  65  65  65  60  62  73  68  63  68  67  71  84  85  79  83  87  90  87  85  95  94  93  93  86 104 105 115 107 107 119 125 132 124 134 130 135 134 136 145 137 146 140 144 146 143 146 138 155 171 161 161 157 155 154 171 145 163 168 167 158 163 167 174 171 158 156 155 170 155 146 167 176 181 180 178 165 179 174 182 176 183 183 181 175 147 173 187 189 177 
 64  80  66  70  74  70  74  72  80  77  75  75  38  44  71  82  91  92  89  84  96  94 105  93  83 100 102 108 107 108 120 111 103  99 113 119 114 124 117 120 131 135 122 112 136 136 132 131 126 141 133 136 134 149 149 145 145 140 151 165 156 158 147 155 150 154 142 156 162 161 157 160 176 169 169 158 158 157 173 153 160 170 177 186 179 172 174 194 175 165 185 198 185 179 177 150 187 187 189 187 
 63  68  65  64  65  59  75  83  82  80  85  77  62  63  84 100  97  95  93  88 109  99 115 105 101 106 118 111 104 107 125 123 111 110 118 133 133 134 130 138 133 131 134 127 144 148 142 129 142 140 137 150 142 154 160 157 155 146 170 174 186 170 155 162 159 161 153 171 176 164 158 170 172 168 163 155 166 170 175 150 167 176 166 170 165 174 165 162 156 159 175 181 169 161 138 133 172 164 156 150 
 91  91  89  84  81  76  86  88  92  77  79  91  90  91  77  86  88  94  80  79  96  93 113 115  97 101 104  96  81  91 104 101  92  87  97 104 102 106 105 110 113 121 116 104 120 120 114  99 112 113 106 110  97 112 106 110 103  94 112 113 106  91  98 108  99  90  84  90  97  91  81  85  89  83  79  77  81  80  73  65  66  68  74  78  96 107  66  76  82  73  76  82  81  72  67  70  78  81  86  85 
140 144 140 145 137 132 131 130 132 132 129 132 121 128 122 123 120 118 116 112 116 111 114 110  97 100 101 100  97 100  97  95  94  86  89  86  87  84  78  86  82  85  83  75  82  77  74  74  69  79  70  72  65  73  66  78  71  72  73  74  74  63  74  70  76  71  76  77  82  80  81  89  82  83  82  89  93  90  89  83  82  84  95  99 111 106 101  85  49  54  61  55  58  60  58  56  56  62  61  67 
152 154 150 160 156 154 151 142 148 150 155 150 153 151 152 159 156 153 146 141 142 141 154 152 153 151 148 140 150 147 147 145 149 146 139 142 139 138 143 146 135 138 141 138 135 144 145 140 132 138 137 138 132 136 134 137 146 142 139 140 139 139 137 135 144 140 144 133 139 149 145 144 144 148 141 142 144 145 140 140 145 144 142 147 144 143 142 133  56  41  49  44  38  46  49  39  46  42  44  55 
145 146 146 148 151 144 149 147 157 154 150 146 157 153 150 157 151 147 151 148 142 149 157 149 149 147 146 154 153 146 151 150 144 150 152 157 151 152 150 158 156 153 153 150 152 153 148 149 152 141 150 153 150 149 152 144 152 158 147 154 146 145 143 146 146 142 144 145 140 148 143 144 149 148 144 150 141 148 148 143 150 145 146 146 140 147 139 150  98  29  71 118  63  66  70  72  71  89  50  39 
144 141 143 144 148 144 151 147 142 148 139 149 145 143 146 147 147 140 140 145 138 142 151 146 147 142 143 148 149 145 140 152 147 150 155 152 147 151 139 146 152 149 151 148 148 144 150 144 152 139 143 139 148 149 144 143 145 151 144 148 145 144 144 145 144 143 139 148 144 151 140 143 147 150 147 142 144 141 142 139 143 142 136 145 137 141 136 146 128  64  85 128 119 106 111 111 112 132  71  52 
145 143 137 143 146 137 139 144 142 142 140 147 146 142 143 142 145 148 146 142 141 141 143 139 147 148 142 146 147 149 146 146 145 145 145 135 142 143 143 149 150 144 138 143 141 146 146 144 142 142 144 134 136 139 135 140 142 143 139 143 143 144 142 138 140 138 139 142 144 140 140 136 139 145 144 137 143 139 134 136 142 137 134 139 134 137 134 131 136  71  58  82 102  75  86  78  81  92  60  36 
136 133 143 135 148 146 137 138 135 144 138 140 140 143 146 136 140 144 142 141 141 139 147 143 138 150 137 144 143 146 142 141 145 140 148 153 143 142 149 152 144 141 145 144 138 145 144 141 139 140 145 146 140 141 138 140 137 139 141 136 143 148 136 137 138 143 142 141 132 135 138 134 143 142 139 134 136 140 135 133 132 131 129 137 128 140 136 136 130  99  62  69  83  58  60  61  58  73 104 105 
110 104 119 117 120 129 129 138 133 141 138 140 142 141 133 140 135 131 140 141 136 133 138 147 142 136 142 142 138 144 139 146 137 145 142 145 142 138 139 146 146 141 144 143 141 143 140 137 137 136 130 141 140 138 136 138 138 140 139 137 145 140 136 135 138 141 134 135 133 134 141 138 139 140 136 136 139 139 139 130 129 132 129 133 134 142 133 136 131 131  57  69  55  42  43  43  41  57 119 129 
 77  60 116 112 111  97  90 106 116 119 117 128 131 130 141 144 133 141 137 129 142 132 134 136 133 132 137 133 130 139 142 141 138 139 140 139 137 139 143 140 135 145 140 139 139 139 142 136 130 130 132 133 132 133 132 143 138 136 142 135 143 139 138 138 136 136 138 139 138 134 136 132 138 137 140 142 140 132 135 134 139 141 131 125 131 128 131 134 139 105  39  71  67  58  54  59  77  77  74  68 
 71  72 122 122 125 107  96  91  92 110 110  85 108 115  85 111 118 122 127 129 139 137 134 139 140 142 140 132 134 137 138 136 135 135 138 137 137 135 136 139 134 140 137 135 134 136 136 142 130 125 133 136 133 132 134 138 130 135 137 137 139 134 137 137 139 136 143 138 144 138 134 137 135 138 132 130 137 133 130 136 129 139 124 125 135 132 130 129 129  97  43  76  79  65  99  85  71  91  49  51 
 58  77 109 106 108  75  62  40  68  82  78  62 102  93  21  66  41  55  75  63  67  70  86  86  97 105 108 116 125 132 132 130 135 139 135 134 137 130 135 132 137 131 138 131 129 137 127 127 131 125 122 129 133 132 128 129 133 132 133 136 131 131 130 129 134 129 129 136 136 130 133 132 131 130 132 129 134 131 128 132 127 137 127 122 122 120 119 123 126  98  50  83  67  55 129 104  78  94  23  22 
 39  55  76  92  67  39  66  75 109  67  59  51  82  87  53  68  43  94  62  57  54  47  67  44  46  47  71  69  50  84  78  97  99 100 109 109 114 123 130 124 132 132 136 134 137 139 128 138 132 130 126 129 125 123 128 120 118 120 123 128 128 120 118 118 127 120 119 116 123 120 119 122 124 125 124 127 123 124 124 119 118 123 117 118 115 111 118 115 112  82  57  98  85  92  96  77 114 148  17   9 
 34  53  90 112  40  61  75 105 124  78  86  68 104  88  70  75  57 103  68  68  45  37  49  10  16  11  64  41  12  51  27  74  75  71  67  50  72  62  69  70  70  67  68  80  85  94  97  93 106 110 104 105 109 121 114 113 115 117 115 121 127 115 116 119 113 119 118 116 118 124 121 118 114 116 111 111 116 111 106 107 112 110 115 113 104 111 109 108 101  80  40  68  40  48  50  42  91  39   4   6 
 40  45  77 136  70  79  77 119 128  83  91  91 133  97  89  91 102 126  93  77  63  74  81  57  62  71  95  78  69  86  93 103 101  99 100  92 102  95  90  97  95  96  76  75  79  80  78  87  78  81  81  92  85  85  74  67  74  79  83  83  82  82  87  90  98  90  92 102  96  96  93  98 101 101  99  97 103  93 102 102  95  92  97  92  90  91  87  86  91  65  41  39  31  48  34  34  72   9   4   7 
147 132 146 187 158 174 163 178 172 170 164 103 161 169 170 174 164 151 127 125 119 142 154 154 157 153 161 151 137 108 104 130 126 125 125 116  81 102 112  99 115  97  99  87  95  96  71  91  69  68  66  75  59  50  51  30  46  41  61  46  45  44  37  43  44  45  39  35  60  57  48  58  62  66  66  70  68  60  51  59  53  49  45  53  52  52  47  41  46  19  36  30  22  41  31  50  66  11  12   3 
150 130 144 146  96 141  99 105  98 100  90  88  82  74  80  67  70  53  39 106  81  96  93  92  92  83  95  90  84  65  37  59  43  51  42  36  32  55  52  39  47  40  58  56  46  53  30  28  20  21  32  27  16  21  24  47  51  28  47  27  27  34  20  12  12   8  22  54  56  47  50  38  37  38  42  39  48  34  29  40  31  34  30  38  37  41  34  35  47  26  46  35  40  54  42  70  57  63 121  88 
 91  55  84  80  29  60  35  37  33  33  33  69  44  40  23   2  59  50  55  80  49  41  43  37  38  42  43  42  38  23  48  52  21  25  30  34  51  57  23  33  30  29  33  29  55  39  22  17  13   9  17  13   8   9  17  23  17  21  41   9  17  15  17  17  14  14  26  34  23  16  15  34  35  13  18  14  17  18  27  32  33  30  29  29  32  44  44  60  97  53  54  44  34  34  17  74  93  76 144 160 
115  81  93  57  30  30  35  35  26  30  30  25  29  31  30  22  83  42  22  16  24  29  22  27  23  22  24  26  24  15  57  43  23  28  31  31  35  35  29  32  26  31  22  51  68  26  25  19  13  16  13  13  10  11  15  13  14  30  44   9   9  13  17  17  17  21  16  16  13  13  10  39  25  13  18  16  12  19  20  28  27  32  27  25  29  46  44  75 143  86  62  74  56  57  47  88  86  88 125 159 
123 107 106  84  72  31  24  24  31  24  15  17  18  18  23  27  83  24  20  29  16  17  17  21  21  24  25  27  24  19  62  35  27  34  37  38  34  33  32  33  31  28  30  45  46  22  26  25  19  23  41  15  13   8  11  16  13  34  32   4  32  31  12  13  11  19  17  15  14  13  10  42  16  14  15  15  16  17  25  27  29  27  28  27  25  41  36  80 169 152  84 104  75  71  70  91  88  79  90 130 
122 126  97 100 107  86  62  37  87  64  50  48  39  61  19  37  78  18  39  89  45  44  41  43  38  27  25  22  15  27  60  23  34  44  43  46  43  45  39  30  39  37  28  38  45  22  28  24  25  34  74  40  36  28  63  39   2  37  22   9  49  50  35  35  30  53  19  18  17  16  26  43  15  14  14  16  16  16  24  27  33  31  34  31  36  30  23  74 158 176  78  98 105  78  70  86  93  97 115  86 
145 141  88  95 115 104 107  77 100  75  80  85  99 112  47  63  66  23  51  82  54  50  52  89  54  30  37  35  40  48  60  44  53  57  60  63  61  55  57  51  48  46  36  42  48  30  31  27  19  35  48  30  36  40  73  26  13  35  26  11  37  29  22  28  41  45  16  30  26  20  29  30  14  17  17  22  15  24  22  21  41  58  35  36  27  22  14  69 166 125  51 120 111  99  82  84  73  63  58  51 
155 147 120 107 109  99  99  86  74  49  43  48  70  66  49  77  67  49  56  46  25  26  34  57  32  38  41  43  39  44  51  46  43  55  53  50  50  48  39  47  43  35  32  30  35  34  26  23  13  18  21  21  22  15  25  19  17  21  19  22  17  15  18  17  15  19  23  22  22  28  25  22  19  17  19  20  25  27  26  27  45  91  46  40  37  25  34  72 163  87  13  52  99 121 101 101  93  73  41  91 
 98 103 100  93  85  75  71  77  63  63  61  58  67  63  68  67  53  57  59  55  50  50  41  47  43  45  49  37  45  47  42  43  45  50  45  45  51  54  56  54  54  55  57  53  59  60  52  34  36  44  45  41  39  36  38  41  43  49  49  52  44  41  41  47  46  43  51  60  54  61  67  57  45  46  53  52  60  59  62  53  69 104  89  69  75  72  72  79 151  86  18  19  19  87 114  97  98  88  76 103 
160 156 157 141 156 146 146 123 142 131 119 125 131 133 128 117 115 116 105 115  99 106  91  93  82  91  84  80  87  83  85  77  93  89  85  85  93  92  91  89  86 104  98 100  94 101 102  71  61  71  70  79  74  68  65  72  76  86  87  89  77  76  81  86  89  91  97 103 100  90 101  94  80  87  75  84  93 101  87  74  94 118  96 105 107 104 100  86 119 137  72  80  35  14  58 116 108  97  82  75 
172 167 162 152 162 162 159 138 155 145 141 146 142 139 138 143 132 119 130 124 119 112 114 112 115 107 105 115 114  99  90  98 103  95  97 102 105 100 109  96  88 109 102 107 122 104 106 103 100  93 100 114 100 101 100 106 110 117 116 120 115 117 116 120 127 132 137 135 135 120 117 124 134 124 118 128 121 127 115 105 124 132 128 127 129 146 138 125  89 173 115 118  95  64  25  55  96 102  85  65 
191 179 184 183 192 184 150 155 183 165 171 160 166 163 157 154 150 156 153 156 146 141 148 144 145 130 132 141 140 125 121 112 120 119 129 129 118 134 133 135 124 139 148 150 152 132 136 132 130 128 136 130 127 134 121 121 135 142 130 122 126 144 126 123 122 136 143 136 133 108 125 136 133 132 110 124 124 127 127 108 137 123 121 112 117 144 132 112  87 169 138 148 146 111  77  38  37  89  92  77 
185 171 169 173 172 165 138 140 162 156 153 140 152 144 139 133 128 133 131 131 123 111 115 118 117 120 112 116 114 111  96  98 114 106 115  97  86 118 114 113  99 111 128 114 120 109 110 114 126 112 106 118 107 108 108 108 119 125 129 126 122 135 124 131 133 134 133 137 145 152 152 152 156 149 144 156 164 168 172 167 173 157 172 186 183 183 182 187 200 184 130 159 169 156 130  89  90  99 105 105 
174 170 171 170 171 169 149 164 172 162 166 170 170 163 167 173 171 167 165 170 168 169 167 166 168 173 172 172 180 179 172 176 179 175 188 184 185 184 188 193 189 193 193 197 193 191 193 200 201 195 198 202 198 206 201 204 208 200 201 201 197 194 200 201 198 186 190 198 197 195 195 195 191 190 184 188 188 181 180 179 181 163 180 178 179 174 165 153 140 101  69  83 133 155 147 136 119  95 109 120 
204 211 200 200 198 190 183 186 187 186 184 186 180 182 175 169 173 173 160 160 156 163 165 155 150 148 151 145 142 136 137 141 133 132 135 137 132 125 119 113 114 117 108 113 114 108 105  98 100  89  92  90  85  85  74  81  72  67  65  66  65  58  60  53  52  48  51  55  47  45  50  40  35  39  40  38  29  29  28  24  39  48  25  26  19  21  19  14  12  21  35  33  51 101 143 150 148 118 109 127 
 35  46  32  30  31  34  67  27  25  28  24  30  26  25  20  13  19  14  15  16  17  18  16   6  11  10  11   8   5   4   5  13  10   6   9   4   5   4  22  27  26  30  33  24   2   9   6   9  11   9  15   9   3   9   8   8   7  11   9  15  19  11   8  14  11  15  44  41  47  45  46  36  16  17  21  16  14  15  19  22  36  42  20  29  12   9  22  15  37  46  48  55  52  51  86 130 126 123 137 148 
