169 165 188 174 195 203 177 156 124  95  86  84 107 112 116 156 178 184 155 142 147 149 143 127 115  32   4  12  16  15  27  26  30  27  29  23  13  14  13   7   9   9   9   8   7 136 250 237 215 195 209 198 192 191 212 204 203 212 204 199 185 179 171 169 160 174 230 207 191 208 216 208 204 197 181 199 209 244 180  29  20  28  27  34  35  66  66  79 107  95 175 157  47  48  40  44  38  38  39  40 
160 160 167 183 184 179 203 187 163 127 100  83  72 100 110 109 142 164 172 160 153 132 149 145 125 121  53   5  10  18  18  24  27  21  25  24  15  19   9  10   9   9   9  10   8  10 147 237 223 212 199 203 194 186 196 216 207 196 213 204 193 190 179 171 162 155 169 226 203 197 209 205 206 204 192 185 199 215 244 192  43  21  35  36  37  54  70  84 109 101 164 163  51  43  47  44  44  38  40  46 
163 159 154 163 172 177 167 194 187 153 140 104  80  72  80  95  98 116 156 168 157 149 130 137 144 129 122  79   8  23  23  22  22  27  27  22  13  10  11  14  11  14  10  10  12   8  13 157 234 223 214 201 200 194 196 191 217 206 200 212 209 198 185 181 172 157 159 180 230 212 195 206 207 196 201 200 188 191 213 237 202  59  29  51  33  58  74  78 106 101 158 175  64  41  54  52  46  37  39  44 
172 162 151 162 151 162 178 169 184 191 163 124 101  80  62  72  88  94 100 135 161 144 143 132 131 135 131 126 104  26  19  27  21  24  23  12  14  11  10  17  15  11   9  16  17  14  10  15 165 238 225 212 201 203 195 198 199 217 212 211 214 207 201 183 176 165 158 159 173 230 202 197 206 206 205 205 197 177 192 214 232 209  72  36  37  58  71  69  98  85 152 182  65  43  45  47  43  43  43  37 
165 169 159 157 152 155 157 179 169 168 193 174 137 105  81  59  62  73  86  91 124 145 146 138 133 124 142 130 112 103  43  14  19  20  17  15  17  13   6  13  14  10  16  15  16  18  16  17  18 169 237 225 209 200 188 195 194 198 221 211 203 212 213 197 185 174 164 162 165 171 229 204 198 204 203 202 201 191 182 194 204 230 220  78  14  45  63  68  98  91 135 191  70  38  42  41  40  42  38  27 
173 165 164 161 147 150 143 144 169 159 161 186 175 138 102  78  60  50  65  84  85 107 133 141 139 144 137 140 135 105 104  58  17  23  18  16  13   9  13   7  10  14  19  19  12  13  15  21  21  23 172 236 221 211 198 193 200 200 194 215 213 208 216 214 204 181 175 170 156 160 173 227 208 198 205 206 196 202 193 179 192 205 222 230  86  22  72  63  92  94 132 186  78  35  44  36  41  39  39  28 
177 174 159 164 157 149 141 137 137 165 166 148 171 172 135 101  82  69  55  62  73  72  90 129 146 147 133 140 132 136 111  93  68  26  10  18  14   6   8  15  14  20  23  22  17  14  15  15  28  17  25 175 234 219 212 199 203 192 197 212 212 214 211 217 210 195 186 172 157 163 164 170 226 204 187 206 214 208 211 196 184 186 207 218 228 106  50  67  87  92 116 188  86  29  43  36  37  37  41  36 
195 185 168 158 148 156 150 131 133 144 148 161 149 148 167 140  98  73  65  49  45  64  69  76 104 128 137 136 127 121 131 110  83  62  29   8  12   7  11  19  14  29  19  13  15  16  16  16  30  33  25  30 172 228 212 218 195 204 208 220 200 223 221 208 217 212 202 190 180 174 165 164 167 229 214 194 211 204 207 202 201 183 191 202 206 227 125  33  87  94 113 183  97  35  36  39  35  35  42  39 
118 185 183 160 156 154 151 146 127 134 143 138 148 144 139 152 136 103  86  64  48  46  55  61  64  87 122 139 128 124 112 121 122  89  64  44   8   7  12  19   7  25  12  15  15  11  12  19  18  17  33  16  23 173 233 223 211 193 205 210 223 233 223 216 211 216 207 200 187 180 173 170 175 181 222 220 193 207 206 208 205 203 189 186 202 196 228 136  66  83  98 178 105  31  44  43  45  39  39  35 
 28  83 171 174 170 153 147 144 145 137 137 133 136 143 146 133 153 151 114  84  64  58  41  48  59  56  74 111 128 127 123 118 109 112  85  72  54  12   6   8  10  10   8  25  20  16  14  19  14  10   5  14   4  27 174 225 213 209 203 217 227 220 224 223 213 203 211 213 200 188 184 183 176 179 171 220 216 190 210 206 201 201 200 188 181 213 212 238 152  75  88 173 110  31  39  34  50  45  47  40 
 47  19  51 152 180 165 160 147 151 140 128 119 130 131 137 149 137 129 141 111  81  63  47  47  44  48  54  59  89 118 123 117 113 102 111  92  55  48  21   9  18  16  11  22  17  18  14  19  25  18   8  11  13   6  24 179 232 221 215 201 205 208 218 199 214 217 216 217 216 213 203 193 181 184 180 172 212 225 195 207 199 202 202 201 185 182 198 211 239 174  81 162 120  33  35  40  44  45  53  44 
 36  31  33  46 112 180 159 152 136 141 137 127 120 119 118 123 139 134 118 137 111  88  68  53  48  42  50  55  53  75 107 113 107 103  95 102  88  59  39  32  18  18  20  13  13  18  21  26  32  25  13  14  18  18   9  28 182 228 216 212 193 211 202 220 212 220 221 217 231 231 208 197 200 182 182 182 167 204 223 192 204 206 207 213 203 185 184 198 205 220 185 158 124  37  26  43  47  36  58  40 
 36  29  43  44  24  89 167 159 151 141 129 130 129 120 117 120 132 123 129 124 125 113  98  69  48  43  40  50  51  48  56  82 103 103 102 104  98  94  69  28  25  16  14  18   8  18  31  32  35  21  24  19  17  13  19   4  29 173 232 216 214 196 208 216 226 219 226 230 222 223 224 225 210 197 182 168 173 162 200 231 192 199 208 198 212 205 210 200 194 192 219 221 129  23  23  40  44  36  57  49 
 37  34  39  42  30  20  60 144 169 162 141 130 133 122 122 121 114 109 129 131 112 110 117  92  63  49  44  43  38  47  47  50  68  76  85 104  97  83  93  69  34  19  21  12  12  21  19  17  21  23  27  13  20  18   8  10   8  27 164 227 214 214 203 202 235 234 234 221 218 213 215 225 215 210 189 176 182 169 169 198 231 194 205 212 197 216 210 219 204 192 202 222 202  71   4  36  39  41  51  49 
 33  31  37  42  30  37  17  26 112 164 161 139 123 121 118 118 104  99 102 113 119 108 104 107  89  68  55  40  41  42  43  42  42  54  65  85  90  81  86  89  78  25  18  21  22  22  22  21  17  19  26  17  13  10  13   8  14   8  15 149 231 217 204 202 215 238 227 207 214 226 205 207 224 219 210 211 186 168 175 161 189 233 198 195 206 209 207 219 240 208 197 195 199 224  92  10  37  48  44  45 
 31  27  39  42  40  35  32  19  10  80 158 145 132 119 119 130 111  98 104 101  94 108 111  97  97  85  72  48  44  43  32  33  40  40  45  55  67  79  79  77  61  17  22  22  22  18  22  19  12  17  17  11  11   9  11  13   8  15   9  10 145 243 222 199 190 224 216 216 230 231 218 215 218 228 220 198 183 181 172 163 167 188 225 207 201 202 207 219 233 238 214 196 201 216 231 114  18  38  44  43 
 35  34  34  41  39  36  32  26  20  10  55 130 144 136 130 113 117 108  99 106 109 107 110 108  98  83  86  68  52  42  37  34  29  33  38  38  45  59  60  70  44  19  27  29  23  25  28  27  16  18  24   9  10  11  11  13   8  12  12  11  10 134 238 218 210 197 207 226 238 234 219 230 217 213 219 211 197 185 176 171 168 167 173 230 208 188 210 202 207 223 230 191 192 197 208 224 138  26  36  48 
 32  36  35  45  38  39  34  24  21  27  19  29  99 140 136 116 100 110 116 102 101 109 112  93 103  97  83  76  69  48  43  31  29  29  30  33  36  39  44  52  57  34  27  33  25  28  34  40  22  23  38  10  12   9  13  11  12  11  12  13  12   9 127 233 208 210 190 202 211 226 204 202 228 211 212 220 208 197 184 173 165 176 166 170 232 214 188 205 204 199 207 196 183 179 199 189 228 165  35  37 
 36  29  37  44  39  39  30  22  20  22  31  16   9  58 128 137 120  97 109 122 111 101 104  88 102  97  85  74  71  70  47  38  33  29  23  26  28  32  32  37  49  58  55  46  38  31  34  42  37  44  23   7  13   8  13  10  15   9  14  11  14  19  20 117 230 224 214 193 202 202 203 207 208 221 214 209 216 209 197 194 185 166 175 181 190 225 218 183 208 208 197 201 204 188 186 199 191 215 185  50 
 35  30  39  47  43  39  33  24  24  26  23  19  15   4  36 101 125 112  99  90 108 120 111  96  93  95  90  84  68  64  59  37  38  33  30  26  31  28  30  30  34  45  53  57  52  43  44  41  44  39  26  19   9   8   9  14  10  14  11  10  14  31  31  18 108 232 226 213 201 201 207 206 200 203 220 217 213 213 210 205 197 201 184 169 164 165 209 224 191 205 202 205 205 198 194 178 195 190 202 191 
 30  30  45  48  46  42  38  21  21  28  25  19  16  14   9  18  79 118 115  91  83 107 123 110 100  91  85  70  64  50  50  64  44  33  33  29  24  27  26  26  27  33  39  48  52  51  54  46  53  50  38  32  25  12   5   8  14  10  10  15  19  19  23  29  10  91 217 233 215 211 196 204 207 195 204 220 214 212 215 229 205 221 213 165 157 156 154 201 221 191 203 197 200 200 200 190 176 195 195 211 
 30  31  44  55  47  43  39  21  25  28  22  19  16  14  19  21  17  48 101 101 106 101 101 108 103  88  58  54  55  48  63  81  56  44  37  35  29  30  27  22  31  31  29  32  42  50  54  50  44  50  51  43  41  39  21  10   8   9  11  15  14  14  12  19  28  21  83 216 234 219 204 204 207 204 197 205 222 224 210 222 215 215 206 180 166 161 151 144 194 224 192 195 208 202 207 204 195 180 195 192 
 26  31  45  48  54  48  41  22  31  31  22  18  19  16  19  19  29  12  28  78 100 125 115  83  86  87  69  66  48  47  47  55  46  40  51  42  36  34  32  30  25  27  26  27  27  36  53  52  50  52  43  45  48  43  43  31  12   6  10  13  14  15  19  18  31  30  16  72 206 233 220 202 195 202 209 206 207 223 217 220 234 223 202 191 178 160 147 153 144 175 229 199 189 207 202 205 205 198 188 192 
 25  29  38  49  52  45  46  25  27  32  15  13  12  24  18  20  27  19  13  10  50  91 130  79  69  69  68  66  54  46  40  42  40  49  53  45  44  43  35  33  27  25  22  28  32  32  33  43  51  51  48  45  48  52  43  39  44  26  11   8  16  11  18  16  23  18  29  13  54 200 233 213 213 198 205 221 207 208 236 243 233 218 217 206 192 182 166 152 149 152 174 229 202 189 195 202 203 211 198 203 
 23  23  41  53  48  50  47  28  30  23  19  12  16  13  19  28  21  14  18  13  10  31  88  86  74  64  64  61  68  60  46  40  52  49  52  47  52  50  41  32  33  31  29  27  26  25  32  32  39  47  52  52  55  56  65  50  46  48  29  13   3  10  16  14  15  20  28  35  17  43 184 222 216 214 200 212 229 222 225 224 216 212 220 216 206 196 180 166 160 154 152 166 238 207 186 199 206 204 223 236 
 29  30  42  48  52  56  53  28  35  25  18  15  13  19  20  27  20  12  16  10  16  15  18  60  84  70  65  61  58  57  48  45  39  46  52  57  55  55  52  49  37  34  29  27  21  26  24  29  28  36  43  53  55  57  55  58  58  52  42  34  28   8  13  16  13  15  18  24  25  18  35 156 239 220 217 207 220 235 210 211 212 217 212 212 214 202 193 184 169 150 159 163 169 218 224 189 208 222 228 227 
 31  30  46  52  54  56  65  25  31  22  19  16  19  17  23  28  18  20  10  20  20  17  15  13  43  64  62  65  65  48  39  45  44  38  57  60  55  54  54  56  51  38  30  31  35  30  16  21  30  22  33  43  48  51  50  56  57  52  64  48  35  38  22  14  13  16  11  16  19  19  13  21 139 240 230 213 202 206 205 209 235 223 221 209 210 213 207 201 184 180 163 160 168 190 218 233 208 215 217 212 
 33  25  44  51  57  56  62  36  25  20  19  13  26  22  26  27  17  18  16  15  22  18  20  23  16  24  55  61  68  64  48  44  43  54  54  51  69  61  62  57  53  53  50  41  31  36  28  24  22  27  32  33  43  46  50  53  60  56  51  65  57  42  47  31  14  13  15   9  13  15  20  15  15 117 223 226 218 201 192 197 211 228 202 222 215 207 211 203 211 202 175 174 181 188 190 205 241 198 203 226 
 25  26  41  45  54  53  61  34  25  18  14  17  22  21  27  22  16  16  19  18  19  19  26  27  27  27  21  39  60  61  59  51  49  51  59  67  56  53  51  53  58  59  56  52  47  37  32  29  29  30  27  26  37  35  46  50  52  58  53  53  65  68  55  45  49  28   8   3   5  17   7  25  30  12 105 227 234 228 209 198 217 211 193 200 220 220 223 220 213 212 203 207 203 185 180 178 196 229 214 203 
 17  17  40  49  47  53  61  26  24  17  20  19  17  23  26  20  21  16  14  22  17  19  21  24  25  28  29  22  20  46  50  55  56  51  61  57  56  58  54  47  60  60  63  60  52  54  43  40  35  31  21  19  23  28  32  44  50  49  55  56  58  53  58  50  37  38  27  30  43  62  76  84  91  98  76 115 201 227 226 207 199 201 202 202 202 217 225 221 210 221 226 212 196 196 177 179 178 197 226 210 
 21  18  42  54  47  52  55  28  19  16  17  18  20  21  28  23  23  14  15  18  13  20  25  25  24  27  26  27  16  13  25  57  54  64  55  53  54  63  52  48  45  52  61  61  55  52  55  55  45  37  28  25  14  19  18  23  28  35  37  42  49  51  56  68  87 103 112 114 118 106  96  88  85  84  83  73 112 205 227 220 212 201 203 203 207 227 231 228 223 234 228 214 201 208 197 182 177 179 175 218 
 18  17  39  46  46  51  50  30  21  20  17  21  21  32  24  19  20  13  17  20  19  23  27  26  30  30  29  16  21  21   6  20  52  68  67  59  55  55  69  57  55  49  55  55  47  58  53  42  47  38  34  34  38  42  56  69  77  93  94  99 104 106 113 117 114 107 100  86  90  95  99 111 128 147 165 184 183 178 202 225 241 223 199 205 211 225 233 239 232 223 221 221 229 222 215 195 173 167 167 168 
 23  22  43  41  45  48  46  22  23  22  15  24  21  27  18  21  20  17  18  24  20  26  29  28  32  29  29  23  16  13  11   9  11  36  60  59  59  58  53  46  43  40  41  45  51  59  61  78  80  87 101 112 118 116 115 112 100 104 100  90  79  87 102 107 108 119 136 147 162 180 181 194 210 208 202 197 196 192 187 203 233 240 222 206 210 232 234 225 227 225 225 219 226 220 212 195 172 156 160 170 
 23  16  39  35  44  44  41  20  21  16  19  20  23  27  22  22  16  15  20  20  23  31  30  33  31  25  23  15  18  12  13  17  18  24  43  53  59  61  66  72  86  98 110 118 119 116 108 120 115 113 101  95  91  95  95  94  96 112 128 145 152 168 178 186 188 191 195 184 187 179 173 183 189 193 193 195 191 189 177 164 178 224 248 228 203 199 229 230 230 229 229 220 214 219 214 205 194 180 164 157 
 20  19  30  34  40  42  39  28  20  21  22  21  23  24  19  18  12  10  17  17  20  23  28  23  32  50  54  59  61  74  78  85 104 121 107 114 122 127 118 106 111 101 103  96  91  99  86 101 109 117 121 138 141 161 173 180 186 191 184 189 193 180 174 173 177 179 175 166 175 180 174 167 171 180 174 175 167 169 168 159 156 173 223 245 237 211 200 227 232 224 209 215 227 214 220 214 203 197 190 178 
 23  18  30  39  39  43  38  18  19  10  16  16  21  21  23  26  31  40  48  55  66  75  83  90 106 115 122 126 123 123 112 115 110 109  92 100  93  99  99  94 114 123 132 150 163 160 176 185 194 195 196 192 181 180 178 176 180 187 181 174 179 177 178 171 173 170 165 159 167 177 172 182 174 171 174 171 161 157 141 124 116  88 117 219 248 241 213 201 215 203 195 202 209 222 213 208 216 214 195 184 
 13  20  22  27  37  39  39  39  47  67  75  82  88  99  96 108 109 118 117 114 114 121 106  90  94  99  98  98  94  98  99 122 121 136 141 158 173 175 185 196 197 196 201 201 199 209 201 186 197 183 196 177 173 179 182 180 181 183 189 174 172 168 166 162 169 162 171 181 177 175 168 151 134 117 108  98  93  94  84  76  68  77  66  86 187 247 236 210 196 196 207 200 199 206 219 209 210 214 202 194 
 80  83  95 101 108 122 123 116 118 132 116 116 115 104 102 107  99  99 100 109 104 120 124 129 140 155 167 181 188 191 129 194 200 202 200 201 202 206 200 195 201 197 205 196 193 191 203 197 202 197 202 190 183 177 175 175 167 167 168 157 172 162 170 164 162 146 130 116 103 100  98  85  81  90  87  91  94  95  84  76  74  76  75  65  69 171 230 227 222 200 198 183 196 194 206 212 214 208 208 210 
123 111 105 100 100  97  96 100 101 102 103 114 121 123 136 152 157 165 173 192 214 224 219 212 215 207 216 214 210 211 147 195 204 202 203 199 207 204 203 199 199 201 197 206 193 189 187 182 187 187 186 188 178 173 171 168 153 149 136 129 125 128 105 104  99  89  89  84  83  86  87  82  87  86  93  90  86  83  80  80  82  80  85  84  79  72 150 213 230 226 200 198 203 197 190 191 211 218 206 214 
120 125 144 146 152 165 164 174 184 190 196 195 202 202 202 197 201 207 204 199 229 233 201 203 196 202 208 203 198 207 175 198 202 196 194 190 189 187 188 184 187 183 174 175 180 176 176 175 173 169 158 149 131 127 110  95  88  87  89  94  90 101  95 105  95  86  89  79  74  72  74  77  81  82  87  84  86  91  90  83  80  79  85  83  93  98  97 151 215 223 223 212 207 204 194 192 193 205 222 208 
204 208 199 205 204 199 193 187 192 189 191 199 186 190 189 191 196 201 202 203 215 223 211 200 197 200 205 194 198 198 159 181 188 184 184 180 175 170 175 164 157 164 160 149 140 129 127 115 115 111 113 110 111 103  86  82  75  81  79  93  87  89  80  83  89  85  76  83  89  84  77  86  85  83  93  91  89 109 105 117 118 120 124 140 141 154 161 147 163 196 223 233 223 200 198 194 187 193 204 213 
192 187 185 204 199 190 198 192 189 188 189 191 191 189 195 202 191 191 194 199 201 198 199 194 188 194 196 181 171 187 124 162 171 154 159 139 138 133 131 122 112 110 115 116 108 107 103 111 109  98  95 100  94  87  86  79  75  72  75  77  94  95  90  84 100  93  86  91 105  88  99 111 115 124 139 144 144 146 158 166 166 176 175 167 169 175 180 185 179 170 196 222 241 235 208 198 196 198 200 190 
186 193 198 203 195 198 202 193 186 189 188 192 202 199 201 201 201 206 206 195 197 164 169 158 144 134 140 140 123 137  96 116 116 117 115 110 113 111 119 110 104 105  95  96  98  89  95  89  90  93  97  95  93  93  92  81  90  89  96  97  94 112 122 112 129 125 132 133 140 148 152 161 166 174 170 180 171 175 184 180 184 183 178 180 183 178 179 154 139 138 128 154 232 244 237 213 197 188 198 205 
204 211 218 206 194 210 217 200 200 194 188 191 181 178 171 160 153 137 135 124 109  99 106 100 107 112 120 116 120 126  96 100 109 102 100  91  93 100  98  95  95  90  80  90  97  91  98  87  95 104 102 108 108 108 111 111 109 112 119 130 141 142 152 152 154 156 165 171 175 176 160 165 184 184 185 194 193 200 166 154 148 132 125 124 137 124 123 126 120 130 127 124 151 213 249 239 214 200 193 189 
175 176 173 159 154 147 139 136 133 115 110 116 108 112 116 117 111 110 115  96  94  98 103  96  99 101  93  99 100  98 103 101  91  92 101 100  93 105 103 103 110 113 104 105 104 115 117 119 131 136 152 158 161 167 176 175 162 164 163 167 177 168 165 171 172 177 185 190 196 179 165 161 153 136 141 135 141 154 131 127 136 130 121 129 130 129 138 153 156 152 148 143 138 149 196 248 243 224 196 184 
 95 103 105 105 107 115 111 110 113 119 108 113 112 102 109  99 101  97 103  93  71  87  83  80  81  86  99 106 109 108 103 111 114 115 116 121 122 129 139 139 145 150 154 156 162 176 161 173 187 185 186 184 179 180 182 180 180 182 177 176 182 191 191 188 185 174 160 155 147 136 137 128 126 118 135 131 134 153 151 143 148 161 152 156 161 162 156 145 117 108  91  86  79  48  57 163 245 245 220 199 
 93 103 110 103  98  96 102 100  99 101  92  98  86  90  98 101  97  96 108 105  87 103 101 106 104 105 127 131 126 139 135 140 151 157 160 168 171 180 183 188 179 187 180 180 174 172 186 199 194 193 195 198 195 200 193 186 170 155 151 145 144 152 150 139 136 135 133 131 143 145 143 143 148 158 162 155 161 165 154 149 145 134 116  88  76  57  34  24  20   8  19  42  38  36  51  63  99 229 219 210 
 84  85 100  99 100 102 109 107 109 106 118 113 110 112 114 122 121 117 128 119 116 146 150 154 153 171 175 176 179 178 189 184 174 183 180 184 188 192 197 197 201 204 205 207 202 202 204 193 186 182 173 166 158 150 146 130 128 137 137 139 141 148 145 154 154 160 170 167 173 169 163 157 155 147 133 113  90  75  58  45  27   9   5   3   3   5   8  11  18  13  26  60  57  55  66  82  12  66 184 210 
102 105 116 111 117 122 126 121 123 132 128 132 142 146 155 166 166 161 177 191 189 188 185 188 190 197 190 199 201 201 204 197 196 203 203 197 201 201 188 183 177 173 169 158 156 152 140 136 143 146 148 139 144 142 136 149 150 154 163 168 168 176 182 175 158 149 132 117  98  75  63  47  37  24  11   7   5   1   1   7   5  12  14  12  12  12  12  12  13  10  20  60  65  60  70 100  28   2  34 157 
145 148 152 151 162 168 178 183 188 197 209 218 224 225 230 235 230 224 222 219 211 196 199 197 202 198 198 196 190 187 185 181 179 166 160 150 142 137 133 134 141 136 142 139 138 146 150 153 163 156 167 159 170 166 174 171 172 153 139 133 105  86  72  51  32  21  14   7   3   5   0   2   6   7  13  12  16  18  21  11  10  11   7  13   9   8  13  11   8   8  19  73  78  72  73 114  35  11   5   8 
227 223 219 220 224 228 227 228 232 227 226 218 215 216 217 208 208 208 221 225 207 189 175 152 151 139 136 134 118 135 133 143 150 147 145 152 142 131 139 158 163 163 173 174 182 183 175 180 169 152 179 136 109  96  76  51  38  20   6   1   0   0   5  17  19  14  19  13  16  14  13  15  13  12  14  10  11  10  15  14  14  16  10  11   8   8  10   6  11   8  15  82  81  82  74 125  46   1  16   4 
226 223 221 223 224 224 216 217 214 210 195 199 210 215 219 215 214 205 196 165 163 151 146 136 142 154 142 146 154 158 157 165 168 163 166 170 171 154 171 175 169 149 138 119 104  77  57  50  39  27  29  10   0   1   0   2   4   6  10  10   9  10  11  13  16  17  18  15  15  14  13   9   9  13  12  12  10  12  11  13  11  15  15   9  12   9  10  11   7   9  12  74  73  81  72 122  55   1   9   7 
212 207 210 218 226 225 227 217 215 215 218 216 220 220 228 214 195 179 112 109 153 155 167 169 171 179 176 174 180 178 174 169 162 145 139 124 100  77  58  41  23  14   9   5   0   3   0   1   1   5   2   7  10  12  12  11   7  10   6   4   7  11  10   6  10  13  15  18  19  15  16  12  10   9  10  10  15  11  10  11  11  11  13  10  13   9   8  10   8   5  12  64  76  81  70 111  58   3  10   8 
199 208 207 208 213 210 217 215 213 205 211 203 193 183 187 195 174 147 112 142 193 169 156 149 133 115 111  89  69  62  45  26  15   7   0   0   0   0   3   0   4   9   8   7  12  11  10  14  15   8  13   8  11   6  13   7  10   7  10  11  14  18  12   9  13  14  12  14  23  23  17  16  17  15  17  19  24  17  20  17  17  17  14  13  21  17  17  12  15  14  15  61  81  79  71 114  75  13  21  20 
205 209 208 195 202 208 213 211 215 213 208 210 207 198 202 187 180 172 104 172  98  58  54  54  50  44  49  51  58  53  54  57  67  64  61  61  64  62  75  73  71  66  75  71  68  71  68  69  66  63  59  70  71  74  76  79  74  80  77  79  81  79  83  84  87  84  84  88  86  86  89  93  88  85  85  78  73  81  75  73  73  69  72  70  62  62  60  55  51  49  45  67  85  83  69 107  94  53  65  59 
203 199 201 199 209 215 219 218 221 224 216 220 224 219 224 216 207 198 151 175  67 130 120 109 113 110 111 115 111 107 101 109 107  99 101 104 108 103 107 100  98 102 102 110 108 108 104 108 104 101  87  93  91 109 104 108 106 106 106 102 102 103 109 109 105 100  92  96  99 101  99  94  90 109  86  90  88  84  79  79  85  96  87  83  66  69  63  53  53  43  39  67  81  64  62 105 108  54  74  72 
208 205 198 201 209 208 215 219 216 222 220 220 216 220 228 220 220 210 213 184 123 139 148 141 125 123 124 127 118 119 120 120 120 118 127 124 128 124 125 126 120 122 134 124 134 126 125 129 128 129 143 135 131 135 126 135 139 130 135 130 129 133 121 128 123 127 127 126 125 126 122 122 123 131 123 129 124 118 119 117 113 110 105 109 109 103 103  95  91  98  90  79  77  57  54  96 112  95  97  98 
208 211 204 196 207 216 209 212 207 211 206 216 214 215 207 206 210 192 205 230 193 206 216 221 216 209 214 213 219 216 216 218 219 215 217 217 218 218 216 217 209 205 210 209 203 209 200 202 212 215 205 202 203 203 209 204 200 194 201 194 189 180 184 189 190 189 184 184 178 174 170 163 166 155 155 151 145 135 135 138 135 133 144 133 123 130 125 111 112 110 116  85  58  47  49  79 116  99  99  93 
200 204 199 200 209 213 205 210 204 192 197 213 219 217 200 201 213 196 209 216 181 203 219 221 213 211 210 207 213 212 200 202 205 201 206 202 197 197 198 199 200 191 186 191 193 195 190 192 189 190 189 187 187 192 193 176 170 184 181 182 183 174 168 172 166 161 162 163 156 153 149 150 153 157 146 137 136 135 131 141 146 135 129 108 112 111 100 100 113 110 101  80  56  46  43  56 104  84  98  98 
201 204 205 204 216 207 206 202 188 193 200 210 214 219 209 204 193 183 196 198 173 188 203 212 213 218 215 211 207 210 205 203 197 202 205 199 199 197 195 198 198 192 198 194 192 194 197 200 194 190 195 201 192 192 199 187 181 197 187 184 188 189 177 173 172 165 166 166 160 156 157 152 148 149 143 140 132 130 128 134 138 133 137 123 125 120 108 113  96 101  99  79  43  41  32  41  77  96  95 101 
223 223 227 226 227 230 219 219 219 223 229 233 233 233 230 232 208 216 226 233 201 215 224 229 234 233 232 236 235 236 231 235 233 229 226 230 227 225 230 224 218 226 229 224 221 226 223 219 216 217 216 212 214 216 217 212 217 212 218 203 210 210 203 207 204 191 193 196 193 191 181 178 170 173 168 170 162 163 154 153 149 142 143 146 143 132 130 123 115 110 107  93  58  78  99  91  77  90  98 109 
192 191 190 192 193 205 201 206 210 214 217 212 214 216 220 192 178 185 178 193 175 191 203 196 194 192 199 195 191 185 188 185 180 179 182 182 180 182 168 169 170 160 164 161 165 154 158 164 160 156 151 149 150 148 146 133 143 144 132 143 137 126 124 124 116 110 111 111 107 104 102  98  90  89  86  82  83  79  76  74  72  70  67  62  68  59  61  53  55  54  52 112 133 135 133 138 116 121 101  46 
109 106 107 102 100  98 104 119 125 133 133 129 133 134 131 103 104 102  96 119 120 121 120 116 110 119 118 115 112 103 103  98  89  93  96 101  93  87  85  94  84  77  75  79  79  77  73  75  77  87  76  71  78  75  74  67  68  63  72  66  55  53  58  55  57  60  55  52  52  53  46  45  42  44  46  41  37  39  41  40  39  41  42  36  36  37  33  32  41  30  47 141 144 132 121 124 124 132 118  36 
 79  77  82  72  84  83  74  88  83  87  89  84  83  90  83  81  81  79  80  91  88  84  80  87  75  83  79  76  72  76  69  65  73  71  67  71  61  58  65  74  63  54  57  60  53  58  54  57  55  66  61  51  51  50  58  54  50  52  51  49  53  54  49  47  49  49  43  45  50  47  43  46  49  44  45  37  42  45  37  38  36  39  36  32  38  34  33  34  39  29  59 143 137 140 122 136 140 135 120  36 
 88  92  98  89  92  95  96 108  96 109 105 107  97 113  96  96  97 100  99  99 102 103 103 101  95 101  90  91  94  92  94  84  95  86  96  87  88  92  88  87  83  72  80  79  79  80  73  74  80  83  88  71  72  78  79  64  71  77  72  74  67  66  65  70  69  68  67  65  62  61  57  57  58  57  55  57  51  56  51  51  50  47  49  47  49  47  44  44  51  41  70 159 144 132 103 108 125 126 137  59 
137 141 140 134 146 142 154 155 161 169 159 152 158 161 140 141 143 148 138 144 160 152 150 144 152 153 147 150 158 148 144 144 142 145 147 142 148 146 144 143 142 142 140 141 140 140 134 135 129 131 132 116 128 122 126 121 119 125 122 123 119 125 130 122 122 119 120 112 107 102 100  98  96  98  96  96  86  83  75  75  78  79  77  73  71  70  60  64  65  49  85 160 134 125 112  95 104 124 141  83 
191 194 202 203 203 221 221 233 237 232 225 225 217 217 188 162 187 192 185 203 200 196 201 199 196 186 184 185 186 183 187 181 178 185 181 192 208 203 208 195 202 212 206 203 198 201 198 183 160 162 165 167 162 154 161 169 157 150 145 152 168 166 152 143 144 152 138 132 128 129 132 143 127 123 122 113 107  99  83  73  72  84  88  75  62  65  60  62  59  55  84 154 107 104 115 104  93 102 122  89 
185 185 182 189 192 218 196 188 184 167 160 161 153 167 151 157 174 169 171 178 175 178 182 175 173 166 167 165 165 165 163 161 163 159 154 153 153 158 152 153 151 150 140 137 148 157 153 136 135 129 117 113 111 113 109 112 104  94  91 102  99  99  93  96  95  89  79  82  85  72  76  76  65  69  68  55  52  53  53  49  49  50  52  53  57  48  49  54  52  52  83 171 163 168 169 167 163 156 180  85 
120 123 116 118 128 127  86  43  42  42  56  51  50  47  76 101 105 112 120 113 121 113 115 108 110 112 106 102 107 108 102 101 110 100  99  89  88  96  89  87  83  81  79  71  74  75  76  75  70  67  41  45  36  36  34  32  29  46  38  31  43  50  59  57  51  49  48  45  46  44  46  40  40  39  41  37  42  38  35  39  39  38  38  39  42  44  46  48  49  37  76 185 201 204 203 198 208 203 224  78 
 82  79  83  79  78  68  60 174 174 161 144 142 127 149 149  53  63  71  78  78  66  67  64  62  64  57  61  66  62  64  55  57  52  51  62  59  55  50  52  50  53  48  52  50  44  52  45  43  44  31  20  22  10  17  16  15  12  25  18  12  31  36  38  38  39  42  43  38  41  39  38  40  35  37  36  35  35  32  33  33  42  40  36  36  38  36  42  38  43  33  92 187 203 208 204 211 211 217 219  60 
 83  88  99 102 100  89  99 242 239  94  69  84 101 173 193  69  76  85  92  88  91  92  87  87  87  94  85  85  88  84  80  83  75  82  86  87  86  72  74  85  78  74  70  72  67  68  70  75  60  53  49  23  25  21  33  15  23  20  17  23  37  50  55  57  59  48  49  52  57  50  51  52  50  46  46  45  49  50  53  51  59  55  59  58  61  56  54  50  63  51 100 185 205 203 201 199 201 202 212  77 
146 149 168 168 176 166 158 225 233  61 119 247 169  67 169 130 129 139 145 155 147 144 146 144 152 152 141 144 134 143 142 131 138 144 147 132 135 137 138 137 142 145 139 135 146 137 128 132 118  95  17   8  36  47  56  30  38  20  23  10  73 107 104 101  93  99  90  94 101  95  86  81  83  80  80  73  88  92  85  84  91 100  96  98  95  83  82  94  94  74 117 185 208 201 206 202 199 202 220 130 
210 212 207 196 196 205 212 220 236 173 167 249 157 121 215 209 176 183 193 197 189 179 181 175 179 180 174 172 176 174 170 169 170 173 169 174 178 186 184 186 183 189 183 179 188 177 163 162 155 143  64  15  37  22  10  17  16  11  12  17 121 142 132 125 122 130 112 113 120 115 113 110 104 103  94  95 108 100  98  98 106 117 114 114  96  85  93 107  96  77 122 183 210 205 210 207 203 211 220 128 
199 203 194 182 186 194 204 197 187 182 175 159 179 153 184 175 169 183 194 182 180 176 177 168 168 169 162 163 167 160 160 156 159 152 153 154 154 145 138 139 137 134 133 134 135 126 135 136 126 121 122 104  89  43  20  36  78  70  66  71  95  88  88  80  85  80  75  71  69  69  65  57  58  60  53  56  64  76  71  73  75  73  75  72  71  70  66  68  68  39 112 197 211 200 203 204 198 213 199  74 
132 148 151 156 154 142 153 154 140 144 139 134 126 122 134 119 133 125 128 131 122 125 130 125 128 121 113 121 112 120 116 117 107 104 109 103  97  96  90  90  91  85  84  85  87  77  76  77  75  77  69  78  69  65  66  68  69  64  67  64  53  44  49  46  51  43  48  49  50  46  46  40  46  42  47  44  48  56  54  55  54  57  50  50  49  52  49  49  43  15 118 200 206 203 199 204 196 219 180  50 
 82  85  92  88  88  89  80  84  94  86  77  88  88  80  83  73  80  81  72  71  77  69  76  78  76  76  73  68  66  69  67  66  58  64  59  56  53  59  53  57  54  60  52  47  49  50  47  47  42  48  45  41  40  44  47  39  44  42  37  42  38  41  35  37  36  35  36  38  39  37  36  42  37  36  37  38  40  41  44  48  45  44  50  46  44  43  48  44  41  17 122 198 208 209 200 203 192 217 184  87 
100  96  93  94  91  91  93  98  90  95  88  87  90  90  93  89  94  87  87  89  85  87  89  89  86  96  91  89  91  86  80  89  82  87  88  80  77  83  81  87  72  76  76  83  75  68  72  73  77  71  74  63  65  72  64  68  69  62  68  71  66  60  60  62  61  55  59  56  61  69  53  55  55  61  58  62  65  77  76  84  81  76  82  88  92  82  86  84  88  64 128 195 207 202 200 208 207 209 233 168 
158 166 169 161 169 166 170 171 163 168 161 146 144 156 140 143 166 163 157 159 141 149 150 147 148 148 146 143 142 139 143 136 143 149 139 129 134 126 129 130 128 123 119 129 125 114 116 124 115 102 106 100  95  99  99 104  93  90  93  87 106 100  96 101  98  91  95  95  89  79  83  78  79  74  79  83  91 105 100 110 128 129 120 123 116  99 111 124 115 109 133 187 207 201 205 207 203 209 244 175 
172 178 165 170 164 170 174 170 164 159 162 152 153 169 156 148 161 163 164 158 146 152 148 148 145 144 145 133 135 143 134 121 130 130 125 119 122 120 114 118 118 115 112 114 111 115 121 115 123 112 105 106 109 129 124 136 122 107 101 110 109 104  95  91  90 102  98  91  84  84  85  86  80  80  82  79  91 101  96 108 122 121 127 117 113 112 113 125 115 114 120 188 206 199 205 207 200 212 189  90 
192 186 181 178 169 186 184 177 172 164 172 160 162 180 164 161 172 172 177 165 159 159 160 152 153 155 151 146 143 146 139 138 140 143 145 145 142 136 135 139 131 130 128 135 137 138 133 131 124 135 147 146 158 168 157 166 171 137 126 127 129 118 114 107 117 117 120 110 105 108 112 106 109 110 109 106 127 134 135 143 157 153 147 147 144 152 158 160 169 159 112 191 208 193 199 201 196 209 107   0 
217 214 211 213 216 211 211 212 214 210 210 206 221 217 206 210 213 209 213 208 199 194 206 199 199 199 198 200 196 201 200 199 193 181 188 189 189 181 179 175 185 176 177 176 170 168 168 177 182 181 196 195 193 197 191 188 189 173 158 162 158 159 151 152 152 147 156 146 145 142 141 142 134 131 138 142 158 166 166 168 174 170 175 177 180 174 185 180 189 160 105 198 201 194 188 177 167 165  88  63 
209 205 203 201 207 208 207 211 202 190 175 176 195 178 174 178 193 185 186 178 173 171 168 166 167 158 160 162 162 159 160 154 161 144 138 140 136 130 127 127 122 122 118 115 118 124 137 137 144 140 137 127 119 124 133 125 125 107  94  90  91  94  89  82  81  81  76  72  74  76  71  75  68  74  77  75  92 102  95  91 103 100 100  96 104  97  98 102 112  78  95 198 183 164 153 136 121 102  99  99 
145 142 130 124 138 137 129 137 120 106 103 109 110 102 108  98  90 101 105 105 100 102  97  98 100  98  88  80  77  85  74  63  66  77  78  70  70  71  62  67  66  67  73  76  83  85  89  81  77  77  82  73  72  75  74  76  77  68  51  52  55  55  53  53  51  52  49  50  57  49  46  49  48  49  54  48  61  71  69  68  62  58  59  58  55  53  56  56  48  14  86 165 131 111  98 101 103 103 128 153 
 92  89  84  77  81  73  60  66  52  69  68  72  68  60  65  49  47  58  63  64  68  67  66  67  73  67  55  49  47  48  46  49  48  58  60  62  55  51  55  66  74  74  90  75  70  80  79  75  68  75  77  71  74  76  71  80  70  66  58  57  56  60  54  60  58  58  56  63  60  60  60  64  59  58  67  58  77  84  84  80  90  95  91  82  58  46  40  39  42  74  97  99 101 103 108 133 159 183 200 213 
127 134 121 130 135 128 125 117 102 100  91 105 108 108 112 100 105 102 102 102 101 108 105  98 101 103  99  98  98  87  95  97  96  87  88  86  89 103 101 116 124 119 112 114 113 112 116 117 115 121 124 110 119 122 121 131 122 114  98  92  92  93  95  95 100  98  96 104 106  96  96 111 103 103  96  95 126 136 138 143 136  94  55  41  44  52  79  95 118 113 104 111 136 166 195 209 211 223 223 232 
180 174 162 168 180 182 176 168 162 142 143 161 146 153 151 150 161 160 148 141 135 146 139 141 132 132 139 138 139 136 135 140 133 118 134 142 150 152 160 164 160 157 156 161 159 153 159 162 159 161 162 163 163 160 167 167 174 169 141 129 138 139 141 131 136 143 137 130 139 137 133 126 120 130 128 125 152 141 101  80  41  36  52  75 100 109 127 103 105 113 138 193 211 224 224 228 232 227 220 202 
193 178 172 175 177 182 167 166 167 148 159 152 152 167 163 156 159 147 149 150 145 147 137 135 140 139 137 139 135 127 129 136 143 155 162 158 161 156 166 156 150 161 160 160 158 164 162 164 163 169 167 167 165 171 175 176 186 167 133 142 143 137 131 130 133 131 129 129 132 124 125 129 134 131 122  93  69  46  37  46  75 100 120 117 111 106 112 144 175 201 216 230 230 234 225 209 197 185 156 145 
173 168 165 165 156 163 156 149 157 134 147 148 148 149 134 136 153 134 131 132 134 132 136 122 122 120 120 113 112 122 124 139 138 143 148 152 150 140 149 144 133 136 139 146 153 156 152 149 158 169 165 150 169 175 168 167 171 149 119 134 126 122 118 118 112 117 120 115 116 116 121 117  96  61  41  35  46  71 100 117 125  99  97 110 143 173 205 217 227 230 237 227 216 192 184 172 156 126 109 102 
157 154 171 153 147 147 146 145 143 135 158 150 139 138 122 127 134 139 131 135 133 133 125 117 113 118 107 121 130 137 134 126 124 135 148 143 135 129 136 124 122 128 122 119 126 126 147 146 152 157 148 147 158 167 157 159 169 149 125 128 118 107 107 113 115 117 117 113 113  98  68  40  29  41  69  99 114 115 109 110 116 147 178 210 222 227 235 236 227 212 201 185 160 150 150 132 115 108 124 142 
161 150 159 154 149 147 151 159 135 134 154 135 130 131 121 132 132 132 120 114 117 115 114 103 106 113 115 116 109 107 104  91  94 105 113 107  94  93  93  79  65  95  94  90  94  84  76  95 106 106 101  99  75 112 103 101 105  90  62  87  80  83  82  85  64  80  87  75  49  38  44  71  93 118 117 117 103 110 147 181 203 228 232 229 237 229 215 201 191 173 162 149 144 147 141 143 154 158 181 187 
143 134 127 131 132 125 131 119 110 120 126 110 121 116 118 123 115 117 112 105 104  99  99  97  85  86  83  78  78  76  75  69  65  68  58  66  55  44  61  46  42  59  52  52  60  56  38  51  55  48  48  51  38  46  49  44  44  46  36  46  51  49  52  50  44  43  37  35  54  87 122 129 100 102 117 143 183 210 222 227 242 240 231 220 204 185 169 155 155 146 145 153 164 177 178 186 193 196 189 186 
136 136 129 131 128 133 132 138 123 143 136 132 117 103 116 121 111 104 108 106  92  91  98  90  91  87  83  84  83  74  83  76  70  71  59  60  56  44  59  69  60  54  61  53  52  55  65  60  51  55  50  50  58  51  54  56  54  53  57  60  60  53  46  42  45  62  87 116 118 110 122 134 140 177 207 225 229 235 238 237 218 209 189 172 166 149 146 146 162 167 179 190 195 202 212 205 201 185 170 139 
147 151 139 135 146 145 143 159 140 157 139 135 130 113 119 114 105  85  85  86  83  88  86  78  90  83  88  77  84  74  80  72  67  72  75  76  70  56  60  56  60  59  55  54  60  62  60  58  65  61  61  65  60  67  66  67  61  65  57  48  39  44  58  78  98 124 117 108 117 130 174 194 215 231 239 242 236 225 204 190 170 167 158 146 155 150 165 178 191 198 206 214 211 207 199 185 158 143 131 111 
104 100  92  84  93  97  93 100  73  74  85  83  83  73  75  78  72  63  66  69  64  64  54  56  57  54  54  46  55  62  63  57  48  59  59  62  55  43  61  59  52  63  56  74  74  74  72  58  71  71  73  68  68  82  79  72  52  53  41  41  68  95 114 109 104 108 134 171 194 208 214 228 235 241 227 206 192 170 157 149 148 144 157 167 171 188 201 206 208 209 207 206 188 169 148 136 121 116 101  97 
 64  59  67  60  67  62  49  45  48  51  52  57  55  56  64  59  58  54  52  56  55  58  56  57  58  59  56  44  47  51  58  56  47  46  51  49  50  52  57  54  52  54  55  57  64  59  56  52  50  59  57  52  56  60  58  44  48  57  86 112 120 111 106 119 164 192 198 213 218 232 234 227 216 195 179 160 144 144 139 149 163 173 183 186 208 211 211 204 198 190 164 153 137 123 114 109 102 118 130 132 
 52  44  46  56  49  49  45  34  39  46  41  38  35  37  32  30  28  30  27  26  30  25  23  25  26  27  26  26  23  25  29  25  23  27  31  23  26  23  26  28  32  33  29  31  34  27  38  38  43  40  35  42  35  35  60  93 106 120 110 110 117 150 182 200 217 220 225 234 226 212 193 178 160 143 130 130 138 147 158 176 195 201 219 226 219 203 183 168 143 142 135 128 109 113 109 129 148 158 172 184 
 73  76  83  69  64  72  61  68 102  93  88  96  97 107 108 107 103  99 108 103 104 106 118 124 119 125 132 127 123 116 119 116 123 134 141 138 123 120 128 126 130 130 135 131 129 153 143 125 103  53  38  49  66 102 128 110 109 108 143 177 199 205 213 220 225 229 220 198 174 157 145 131 120 130 139 158 183 189 204 214 207 200 176 155 146 134 128 115 113 105 121 130 136 154 167 182 192 194 204 203 
109 104 107 102  97 101  77 111 154 131 119 135 136 130 120 108 108 114 131 111 118 116 123 132 133 134 127 129 120 121 114  98 105 101 102 112 109 108 106 107 110  96 104  92  98 113  85  54  40  60  81 112 121 116 111 124 164 199 211 208 220 224 237 226 193 181 165 149 134 121 131 136 160 175 192 201 197 211 192 169 130  94  56  31  28  64  93 113 120 142 154 173 190 197 203 212 217 208 190 166 
111 108  97  93  91  88  72  86  76  71  65  65  64  58  56  54  56  51  53  51  52  50  50  50  46  43  46  49  50  40  42  42  40  39  40  41  38  40  40  43  47  54  61  51  41  29  45  67 107 113 104 108 117 144 186 212 208 209 227 235 233 207 185 169 157 143 128 126 138 157 175 186 201 207 200 179 166 123  87  55  27  16  22  23 125 117 105 163 174 192 205 211 214 210 203 193 178 151 132 128 
128 133 115 110  99 106  88  99  95  98  88  86  84  84  88  83  75  71  67  65  63  59  65  66  67  70  68  68  71  73  72  76  77  78  83  83  81  87  87  79  61  57  56  53  64  88 118 113 108 103 134 176 200 212 209 224 229 230 221 198 173 159 151 137 133 127 143 168 183 202 205 212 212 196 162 124  77  40  14  42  96 163 174 175 252 234 172 200 213 209 216 204 193 163 142 120 124 128 132 127 
