 75  76  82  71  75  85 116 140 161 211 223 216 217 219 213 222 209  71  42 106  96  35  49  51  53  52  50  56  45  19  70 216 219 221 219 217 218 217 218 219 218 218 219 219 220 216 214 228 113   5 
 79  76  75  76 116 137 149 140 193 222 215 217 219 216 219 206 115  34  83 103 100  47  40  54  53  51  53  52  32  19  24 158 224 218 211 212 216 216 217 217 218 216 215 214 215 212 217 214  43   8 
 74  80  92 130 143 145 141 144 210 219 219 217 217 216 226 105  10  70 106  96 103  73  24  52  53  52  51  56  45  29  15  56 141 193 225 227 222 218 218 220 219 218 219 222 225 224 225 153   7  19 
 96 137 147 123 120 139 147 188 220 214 215 216 222 223 165  41  31  99 103  97 102  96  23  40  55  54  50  55  53  49  37  17   8  27 108 179 207 221 223 221 220 213 207 186 167 133  92  27  28  52 
151 133 104 117 148 145 178 220 217 217 221 215 221 195  78  46  74  90 101  96  98 100  57  20  53  52  54  53  53  55  51  47  30  22   8  14  56  72  69  65  70  57  45  24  12   9  16  35  50  53 
100  88 120 150 162 193 220 215 217 217 214 220 205  90  20  87  85  62 105  99  95  98  94  29  36  57  52  51  53  53  52  54  53  51  48  40  28  19  15  16  16  20  26  37  48  54  58  56  49  53 
 79 115 147 160 193 222 219 217 218 216 218 227 114  27  82 102  88  43  78 101  96  97 100  77  18  45  55  50  50  51  54  53  54  53  53  56  57  55  49  54  55  52  53  55  49  54  50  53  52  48 
125 159 177 202 223 215 218 216 220 215 219 207  33  63 103 100  99  64  39  95  98  98  98 101  50  19  54  55  50  51  53  51  53  50  54  53  51  52  53  56  51  53  50  52  54  54  52  48  30  26 
173 185 211 221 217 217 218 217 218 216 228 161  24 103  97  99 102  83  34  70 102 100  97  98  89  28  36  50  55  52  51  53  52  52  52  53  50  51  53  52  49  51  56  54  48  30  20  13  21  32 
182 207 218 217 216 216 217 216 215 215 225 107  58 107  98  99  96  97  61  35  90 103  97 101  98  73  15  44  52  50  55  49  51  50  50  52  55  54  52  53  58  49  43  26  15  10  21  52  85  51 
216 217 227 201 205 220 213 218 214 217 210  53  79 104  97  98  98  96  90  58  52 106  98 103 101  95  63  25  39  56  51  50  49  51  52  52  53  52  45  37  28  19  13  16  38  71  93 103  63  34 
217 222 179 172 212 221 217 218 213 227 156  18  98 102  97  96  98  97  92  82  39  78 103  98 100  97  99  61  26  41  55  56  52  53  46  40  28  19  15  16  26  42  61  88 101 101 103  95  44  39 
215 169 167 217 220 212 218 217 215 225 143   8  92 106  97  97  96  97  99  89  64  40  97  97  96  96 101 100  69  28  21  28  24  23  17  20  31  45  72  85  96  99  99  99  96  97  95  69  32  58 
158 184 222 219 215 216 216 220 215 227 152   3  65 109  96  96  96  96 100  95  88  55  73 102  94  98  94 102  98  78  58  50  48  69  82  87  92  94  98 100  98  95  93  96  96 101  86  36  48  64 
191 223 217 219 217 216 217 217 210 227 130   6  25  91  99  96  96  96  96 102  97  76  30  82 104  98 100  99  97  98  99 101 100  97  99  99  98  94  92  94  93  94  97  94  95 103  62  33  65  62 
225 215 216 216 216 216 214 216 213 221 106  33  14  63 104  95  98  95  94  99 101  98  60  25  94 104  93  94  98  94  94  98  95  95  97  94  95  96  97  95  95  93  98  96  97  87  47  51  64  62 
215 214 217 217 215 217 215 218 215 222 101  56  38  34  99  96  98  97  99  97  97 103  96  56  38  90 101  97  95  99  96  96  94  93  94  96  94  94  94  94  97  94  97  95  97  61  50  65  62  64 
217 217 216 216 217 217 214 218 215 214 103  83  61  19  90  99  97  95  95  96  96  96  94  99  54  34  93 102  94  97  97  96  94  94  93  94  94  95  95  95  96 104 100  96  76  39  63  60  66  62 
218 216 216 217 216 217 214 218 220 197  78  95  75  23  55  97  98  95  95  97  98  93  95  97 101  62  31  82 104  96  99  93  94  94  94  94  94  95  96  96  95  97 105  82  39  55  62  63  59  59 
217 217 216 216 217 216 217 215 221 176  56  98  99  51  26  92 100  94  97  97  97  95  96  97 100 101  51  30  91 101  95  93  94  95  94  93  95  95  96  96  98 100  87  37  51  67  59  63  59  63 
214 215 217 216 217 217 218 214 221 152  53  97  99  65  17  75 101  94  98  97  96  96  96  97  96  98  96  56  21  84 101 101  94  96  94  95  96  92  96  96 100 100  52  47  64  61  63  61  64  64 
215 216 217 217 216 216 215 216 222 140  53 104  95  76  29  47 103  98  98  97  97  95  95  95  95  95  95  98  54  17  75  99  93  95  95  97  95  99  98  97 109  70  39  59  63  64  63  61  64  62 
215 216 217 217 216 217 215 216 220 102  58 102  98  96  55  25  86 101  98  97  96  96  95  96  95  95  94  98 103  58  19  71  98  93  95  96 102  98  97 109  82  38  61  62  61  62  62  61  64  55 
215 216 217 216 217 216 217 214 219  70  69 104  97 100  78  34  54 102  95  96  96  95  96  95  96  95  94  97  96 101  61  30  76  99  95  93  97  97 104  89  40  52  62  65  62  62  62  61  62  51 
215 216 217 216 217 215 219 216 205  57  79 102  94 100 101  74  24  86  99  96  97  97  95  96  96  96  95  95  93  96 100  68  22  68  97  91  94  99 105  58  45  64  66  60  62  60  61  60  60  37 
217 217 216 217 216 217 216 216 196  52  80 100  94  95  97  96  39  46  99  98  97  95  93  96  96  95  95  94  95  92  91 104  79  36  53  92 106  99  63  43  64  65  65  62  63  58  60  61  55  34 
216 216 216 216 216 216 211 223 180  47  90  99  96  97  99 102  87  26  72  99 101  94  96  97  96  95  95  95  94  93  94  95  98  91  40  39 100  82  33  62  63  64  63  62  62  63  60  66  43  38 
217 217 217 217 216 218 212 223 166  59  99  96  97  97 100 103  97  59  37  82 101 101  96  94  96  95  95  95  93  93  95  95  96  97 103  68  46  42  58  64  64  62  62  62  62  65  61  63  33  60 
217 216 216 216 216 217 209 230 147  62 102  93  97  95 102  96  98  98  50  39  89 101  93  96  96  96  95  94  93  95  96  92  97  97 105  94  35  49  69  63  63  61  60  63  61  60  61  60  36  83 
217 216 216 215 214 214 214 225  86  60 106  95  95  96  96  97  98  98  97  42  34  96 101  99  95  96  95  93  95  96  95  95 103 102  67  39  50  64  59  62  64  62  61  61  63  61  61  51  50 100 
217 216 216 215 214 213 217 220  88  82 103  95  95  96  96  97  95  95  96 100  36  49  96  99  96  97  95  91  96  95  96 105  93  65  36  48  65  60  62  63  63  63  63  62  63  57  64  42  69  99 
217 216 216 215 214 213 218 212  88  96 100  95  96  96  96  96  95  96 100 100  93  16  63  96  97  96  92  95 100 106 101  77  46  35  47  65  63  65  64  60  62  63  63  62  60  62  57  40  89 102 
217 216 216 215 215 212 224 165  49  99  94  96  96  95  96  95  96  96  94  93 103  74  27  77  96  93  92 102 105  80  55  37  54  64  67  67  63  63  62  62  62  61  60  60  59  65  51  42 101  95 
217 215 214 214 215 213 230 134  30 101  97  99  94  99  96  96  97  94  94  97  93  99  45  24  96 103  99  89  56  40  48  64  67  63  64  62  62  63  63  62  61  62  62  62  62  63  46  61 101  92 
217 215 214 214 216 212 227 102  15  81 102  97  96  97  94  95  96  96  98  93 100  99  89  28  47  76  55  42  44  61  62  66  62  62  64  63  61  61  61  62  62  63  64  63  62  63  42  74 101  94 
216 215 214 215 215 218 209  58  50  47  93  96  97  94  98  94  96  98  95  96 101  94 101  74  34  33  43  62  69  65  64  62  62  63  64  63  62  62  62  61  62  62  63  63  60  62  40  78 105  94 
214 215 215 215 215 219 199  61  93  53  68 100  97  94  96  96  96  94  95  98  91  86  74  52  41  51  66  63  63  62  62  65  64  63  63  61  61  62  61  62  62  62  62  62  61  63  43  72  99  93 
215 215 215 217 215 220 195  73  95  82  52  91  99  97  93  96  98  99  98  91  76  62  45  56  71  63  62  64  60  65  66  62  63  63  64  64  62  62  62  62  61  61  61  61  61  61  44  62 100  93 
217 216 214 218 212 221 185  80  97  98  48  73 103  94 101  97 100  93  86  54  46  59  68  66  65  64  64  63  64  63  63  63  63  63  64  64  63  62  63  63  62  61  61  61  59  61  47  39  97 107 
217 216 217 217 211 224 157  84  96 101  75  24  91 103 103  93  86  74  61  55  67  62  62  64  65  64  64  64  63  64  64  63  63  63  63  63  62  61  62  62  61  60  60  60  61  59  46  33  39  49 
217 216 216 215 214 217 125  87 102  93 100  45  49  94  78  88  68  56  64  66  66  65  62  65  65  63  64  64  64  63  63  63  63  63  62  62  62  62  62  62  61  60  60  59  59  59  58  44  36  38 
216 215 213 212 217 206 111  94 100  93 103  89  38  63  71  59  67  65  69  62  62  67  62  65  64  64  64  63  63  63  64  63  64  62  61  61  61  61  61  61  60  59  59  59  56  59  62  47  50 101 
214 214 214 214 219 187  90  99  99  97  91  82  58  45  61  65  66  65  65  66  64  63  64  65  64  64  63  63  63  63  64  64  63  62  61  61  62  63  62  61  59  60  59  60  58  62  58  55  34  76 
213 214 213 215 219 138  70 103  98  84  60  44  54  65  69  67  65  64  64  65  64  63  64  64  64  63  62  63  63  63  63  62  62  62  61  61  62  62  62  60  60  59  59  60  57  61  63  60  35  52 
214 213 215 215 217 125  81  96  78  49  41  60  73  67  65  64  64  64  65  64  63  63  63  63  63  63  62  63  63  62  61  61  62  62  62  62  62  61  60  61  60  59  59  59  60  60  60  59  50  33 
214 214 217 214 214 120  95  74  42  49  69  68  69  65  65  65  64  63  64  64  63  62  63  63  62  62  62  61  61  62  62  62  61  61  62  63  62  60  59  60  60  59  60  59  60  56  59  58  59  32 
214 215 216 214 184  70  53  44  61  68  63  67  66  65  65  64  63  63  63  64  63  63  63  62  62  62  61  61  62  62  62  62  62  62  62  62  62  61  59  60  60  59  60  59  60  58  59  58  61  45 
214 213 215 209 133  53  48  63  63  63  64  63  63  63  64  64  64  64  64  63  64  64  64  63  62  62  61  62  62  61  61  62  62  62  62  62  61  60  59  60  59  59  59  59  59  58  57  57  58  59 
214 215 217 192  70  49  66  56  60  61  62  64  64  64  64  63  63  63  63  64  63  63  64  63  63  62  61  62  62  61  62  62  61  61  61  61  60  59  58  59  59  58  59  59  59  59  59  59  57  65 
215 215 216 204  74  47  58  59  60  60  61  62  64  64  64  62  63  62  63  63  64  64  63  62  62  62  61  62  62  61  62  62  61  61  61  61  59  58  57  57  58  58  58  58  58  59  60  60  58  59 
