100 100  99  99 100  98  96  95  94  93  93  89  94  93  85 116 186 210 222 217  69  94 158 139 148 135  59  43  19  39  59  55  53  53  54  54  52  51  51  51  51  52  52  54  52  52  51  56  46  29 
100  99  98  98  97  95  95  95  95  93  90  88  95  91  85 149 196 212 220 223 178  47 120 153 152 112  84 138  96  23  52  52  54  52  51  53  53  52  51  52  52  54  57  57  57  54  55  53  51  46 
 98  97  98  98  97  96  95  94  95  92  89  89  94  89 105 175 203 217 220 219 233 127  45 148 145 142 147 150 133  33  44  55  53  52  53  52  51  54  53  53  55  54  51  50  52  53  52  51  53  51 
 96  94  95  96  95  95  94  93  93  91  91  88  92  87 118 185 204 220 221 220 217 224  96  73 151 150 141 146 150  50  31  55  52  52  53  54  53  55  53  47  49  48  49  48  49  49  55  51  55  53 
 96  93  94  95  94  94  95  95  94  93  94  93  87  89 148 195 212 222 215 220 216 221 204 107 106 154 149 135 152  65  24  55  52  53  54  55  55  51  51  37  17  18   9   9  13  26  31  40  48  54 
 95  94  94  94  93  93  94  94  93  93  94  94  89 103 166 195 217 219 219 221 222 219 220 221  70  57 144 152 153  71  18  53  52  53  52  55  54  49  60  44  11  27  85 117  73  18   8  19  17  44 
 95  93  93  92  92  92  91  90  91  90  91  90  88 119 171 191 221 218 219 217 221 222 215 221 206  88  42  98 142  55  20  54  52  52  52  54  53  53  40  13 110 198 226 226 219 195  86   8  10  22 
 91  91  92  92  91  92  91  90  90  90  91  89  85 134 179 203 218 219 217 219 216 217 219 217 227 219 103  39  53  31  25  56  54  51  54  51  57  41  15 128 224 222 214 216 214 225 224 147  46  11 
 88  90  90  91  91  92  92  91  90  90  92  85  97 156 186 214 217 217 218 220 217 216 219 218 218 200 171 191 165  21  21  58  53  52  54  58  46   9 142 225 217 221 219 201 229 212 218 229 212  84 
 93  91  88  89  89  90  91  90  91  91  91  91 112 162 190 214 220 214 220 218 221 220 219 217 219 174 153 212 207  32  20  58  52  53  53  56  14 112 233 216 221 196  83  37 138 227 217 217 225 200 
 68  82  87  93  96  97 101  99  93  90  91  90 129 163 194 217 216 214 220 216 219 218 219 217 208 141 173 226 197  22  31  57  51  53  57  28  71 227 215 220 218  64   3  14   4 144 222 220 217 223 
 50  36  38  37  37  45  58  74  87  90  97  96 139 164 189 217 217 220 217 220 218 222 215 222 167 150 214 229 151  12  36  55  50  55  47  35 190 218 219 218 219  54  12  28   6 107 228 217 216 214 
 78  72  57  44  30  21  21  26  36  53  73  91 159 198 209 230 219 217 214 218 217 214 222 202 138 187 224 227  91   4  44  55  50  55  23  87 223 216 218 216 225 142  11   9  35 177 221 218 219 216 
 80  85  84  79  75  70  64  58  51  40  28  34  65 112 134 188 227 232 227 224 222 219 209 153 164 217 221 223  84  10  54  53  52  46  11 140 231 214 218 218 219 218 171 156 193 218 217 215 219 216 
 38  51  68  78  79  82  79  81  78  76  73  60  42  28  14  31  75 120 158 189 216 220 168 141 209 219 222 192  28  28  52  52  58  32  46 205 221 219 219 217 217 216 225 228 219 218 217 216 218 220 
 67  52  39  36  53  69  71  68  74  77  76  76  77  75  72  63  47  35  38  40  66 135 139 195 223 214 222 138   7  43  54  53  58  18 122 231 209 219 218 219 219 220 215 213 219 219 218 218 220 216 
 90  83  54  26  16  20  36  41  64  77  75  76  75  73  74  76  78  77  69  65  84 131 197 221 217 217 219  68  17  56  53  52  54  17 167 228 218 219 219 218 218 219 220 221 220 217 218 220 219 218 
 25  19  26  44  60  64  71  73  72  76  76  73  74  76  77  77  76  72  75  96 136 188 219 218 214 226 171  18  36  58  53  49  53  19 176 227 217 220 219 219 219 219 219 219 219 218 218 220 219 218 
 56  65  74  81  79  80  76  78  78  76  73  76  77  76  74  76  74  69  98 137 179 222 221 217 222 198  48  18  46  55  52  49  55  24 177 224 218 220 219 219 219 219 219 219 218 217 219 220 219 218 
 79  81  79  78  77  78  79  78  77  77  75  75  77  73  77  75  73  92 132 161 204 220 216 216 233 102   4  40  51  53  52  52  52  25 173 226 218 219 218 219 219 219 218 217 216 217 220 219 219 217 
 73  74  76  76  76  76  76  75  75  75  76  75  74  78  74  74  94 136 168 204 215 218 219 225 159  22  27  52  56  50  53  54  53  21 164 227 218 219 219 219 220 219 218 217 216 217 219 219 219 218 
 77  76  76  75  75  75  76  76  75  74  73  76  78  71  77 108 141 174 212 216 218 218 216 203  47  12  50  56  53  51  52  52  55  20 121 227 219 219 219 219 219 219 218 217 216 216 220 219 217 217 
 65  70  78  75  74  75  75  75  77  77  78  73  66  89 121 146 191 222 216 217 218 220 217 103  13  50  44  55  51  53  51  50  56  33  64 223 220 218 218 218 219 218 218 217 216 216 219 218 217 218 
 56  75  78  75  75  75  76  78  78  74  70  66 101 136 167 201 221 216 215 219 210 226 145  23  61  92  37  55  51  50  49  50  55  51  17 150 225 215 218 217 214 217 217 217 218 217 218 220 219 218 
 77  75  77  78  75  75  76  82  71  75  85 116 140 161 211 223 216 217 219 213 222 209  71  42 106  96  35  49  51  53  52  50  56  45  19  70 216 219 221 219 217 218 217 218 219 218 218 219 219 220 
 78  80  76  76  79  79  76  75  76 116 137 149 140 193 222 215 217 219 216 219 206 115  34  83 103 100  47  40  54  53  51  53  52  32  19  24 158 224 218 211 212 216 216 217 217 218 216 215 214 215 
 81  78  74  79  78  74  80  92 130 143 145 141 144 210 219 219 217 217 216 226 105  10  70 106  96 103  73  24  52  53  52  51  56  45  29  15  56 141 193 225 227 222 218 218 220 219 218 219 222 225 
 75  78  79  72  70  96 137 147 123 120 139 147 188 220 214 215 216 222 223 165  41  31  99 103  97 102  96  23  40  55  54  50  55  53  49  37  17   8  27 108 179 207 221 223 221 220 213 207 186 167 
 72  69  75  97 123 151 133 104 117 148 145 178 220 217 217 221 215 221 195  78  46  74  90 101  96  98 100  57  20  53  52  54  53  53  55  51  47  30  22   8  14  56  72  69  65  70  57  45  24  12 
 88 105 129 142 128 100  88 120 150 162 193 220 215 217 217 214 220 205  90  20  87  85  62 105  99  95  98  94  29  36  57  52  51  53  53  52  54  53  51  48  40  28  19  15  16  16  20  26  37  48 
118 124 107  84  75  79 115 147 160 193 222 219 217 218 216 218 227 114  27  82 102  88  43  78 101  96  97 100  77  18  45  55  50  50  51  54  53  54  53  53  56  57  55  49  54  55  52  53  55  49 
 90  82  71  68  78 125 159 177 202 223 215 218 216 220 215 219 207  33  63 103 100  99  64  39  95  98  98  98 101  50  19  54  55  50  51  53  51  53  50  54  53  51  52  53  56  51  53  50  52  54 
 79  73  73  93 133 173 185 211 221 217 217 218 217 218 216 228 161  24 103  97  99 102  83  34  70 102 100  97  98  89  28  36  50  55  52  51  53  52  52  52  53  50  51  53  52  49  51  56  54  48 
 72  78 101 145 172 182 207 218 217 216 216 217 216 215 215 225 107  58 107  98  99  96  97  61  35  90 103  97 101  98  73  15  44  52  50  55  49  51  50  50  52  55  54  52  53  58  49  43  26  15 
 80 119 150 178 199 216 217 227 201 205 220 213 218 214 217 210  53  79 104  97  98  98  96  90  58  52 106  98 103 101  95  63  25  39  56  51  50  49  51  52  52  53  52  45  37  28  19  13  16  38 
130 162 183 209 222 217 222 179 172 212 221 217 218 213 227 156  18  98 102  97  96  98  97  92  82  39  78 103  98 100  97  99  61  26  41  55  56  52  53  46  40  28  19  15  16  26  42  61  88 101 
165 182 211 221 221 215 169 167 217 220 212 218 217 215 225 143   8  92 106  97  97  96  97  99  89  64  40  97  97  96  96 101 100  69  28  21  28  24  23  17  20  31  45  72  85  96  99  99  99  96 
201 218 216 223 208 158 184 222 219 215 216 216 220 215 227 152   3  65 109  96  96  96  96 100  95  88  55  73 102  94  98  94 102  98  78  58  50  48  69  82  87  92  94  98 100  98  95  93  96  96 
218 220 222 186 152 191 223 217 219 217 216 217 217 210 227 130   6  25  91  99  96  96  96  96 102  97  76  30  82 104  98 100  99  97  98  99 101 100  97  99  99  98  94  92  94  93  94  97  94  95 
219 212 169 149 192 225 215 216 216 216 216 214 216 213 221 106  33  14  63 104  95  98  95  94  99 101  98  60  25  94 104  93  94  98  94  94  98  95  95  97  94  95  96  97  95  95  93  98  96  97 
216 173 137 201 225 215 214 217 217 215 217 215 218 215 222 101  56  38  34  99  96  98  97  99  97  97 103  96  56  38  90 101  97  95  99  96  96  94  93  94  96  94  94  94  94  97  94  97  95  97 
157 155 210 220 213 217 217 216 216 217 217 214 218 215 214 103  83  61  19  90  99  97  95  95  96  96  96  94  99  54  34  93 102  94  97  97  96  94  94  93  94  94  95  95  95  96 104 100  96  76 
158 209 222 217 217 218 216 216 217 216 217 214 218 220 197  78  95  75  23  55  97  98  95  95  97  98  93  95  97 101  62  31  82 104  96  99  93  94  94  94  94  94  95  96  96  95  97 105  82  39 
220 222 215 215 217 217 217 216 216 217 216 217 215 221 176  56  98  99  51  26  92 100  94  97  97  97  95  96  97 100 101  51  30  91 101  95  93  94  95  94  93  95  95  96  96  98 100  87  37  51 
218 213 218 217 216 214 215 217 216 217 217 218 214 221 152  53  97  99  65  17  75 101  94  98  97  96  96  96  97  96  98  96  56  21  84 101 101  94  96  94  95  96  92  96  96 100 100  52  47  64 
216 217 218 217 215 215 216 217 217 216 216 215 216 222 140  53 104  95  76  29  47 103  98  98  97  97  95  95  95  95  95  95  98  54  17  75  99  93  95  95  97  95  99  98  97 109  70  39  59  63 
218 216 218 217 215 215 216 217 217 216 217 215 216 220 102  58 102  98  96  55  25  86 101  98  97  96  96  95  96  95  95  94  98 103  58  19  71  98  93  95  96 102  98  97 109  82  38  61  62  61 
216 216 218 217 215 215 216 217 216 217 216 217 214 219  70  69 104  97 100  78  34  54 102  95  96  96  95  96  95  96  95  94  97  96 101  61  30  76  99  95  93  97  97 104  89  40  52  62  65  62 
216 220 217 217 216 215 216 217 216 217 215 219 216 205  57  79 102  94 100 101  74  24  86  99  96  97  97  95  96  96  96  95  95  93  96 100  68  22  68  97  91  94  99 105  58  45  64  66  60  62 
218 217 216 216 217 217 217 216 217 216 217 216 216 196  52  80 100  94  95  97  96  39  46  99  98  97  95  93  96  96  95  95  94  95  92  91 104  79  36  53  92 106  99  63  43  64  65  65  62  63 
