193 193 193 193 193 193 193 193 193 193 193 193 193 193 193 193 193 193 193 193 193 193 193 193 192 193 192 192 193 193 193 193 194 193 194 194 194 193 193 193 191 191 191 191 191 191 191 191 191 191 
193 193 193 193 193 193 193 193 193 193 193 193 193 193 193 193 193 193 193 193 193 193 193 193 192 193 192 193 193 194 194 194 193 194 194 194 194 193 193 193 191 191 192 192 191 190 191 191 191 192 
193 193 193 193 193 193 193 193 193 193 193 193 193 193 193 193 193 193 193 192 193 192 193 193 193 193 192 193 193 193 193 194 194 194 193 194 194 193 193 193 191 191 192 191 191 190 191 191 191 192 
193 193 193 193 193 193 193 193 193 193 193 193 193 193 193 193 193 193 193 193 192 193 192 192 192 192 192 193 193 193 193 194 194 193 194 193 194 193 193 193 191 191 192 192 191 191 191 191 191 192 
193 193 193 193 193 193 193 193 193 193 193 193 193 193 193 193 193 193 193 192 193 192 193 193 193 193 193 193 193 194 193 194 193 194 193 194 194 193 193 193 191 191 192 191 191 191 191 191 191 191 
193 193 193 193 193 193 193 193 193 193 193 193 193 193 193 193 193 193 193 192 193 192 193 194 194 193 193 194 194 194 194 193 193 194 193 194 193 192 192 190 191 191 192 191 191 191 191 192 191 190 
193 193 193 193 193 193 193 193 193 193 193 193 193 193 193 193 192 193 192 192 193 192 193 194 193 193 194 193 193 194 193 194 194 193 194 193 191 193 193 192 193 193 192 191 191 192 191 192 191 191 
193 193 193 193 193 193 193 193 193 193 193 193 193 193 193 193 193 193 193 192 193 192 193 194 193 194 193 194 194 193 193 193 194 193 194 193 191 193 193 191 192 193 193 190 191 192 191 191 192 192 
193 193 193 193 193 193 193 193 193 193 193 193 193 193 193 193 192 193 192 192 193 192 193 193 193 193 193 194 193 194 194 194 194 194 194 193 193 193 192 189 188 190 191 191 191 191 192 191 192 192 
193 193 193 193 193 193 193 193 193 193 193 193 193 193 193 193 193 192 193 193 193 193 193 194 194 194 193 194 193 194 194 193 193 193 193 192 191 191 191 190 190 192 191 190 190 191 191 190 191 191 
193 193 193 193 193 193 193 193 193 193 193 193 193 193 193 193 193 192 193 194 193 194 194 193 193 193 194 194 194 193 194 193 192 192 193 191 190 190 191 190 190 191 191 190 190 190 190 190 191 191 
193 193 193 193 193 193 193 193 193 193 193 193 193 193 193 193 193 192 193 194 193 193 193 193 194 194 193 193 193 193 193 192 192 192 192 191 191 190 191 190 190 191 191 190 190 191 191 190 191 191 
193 193 193 193 193 193 193 193 193 193 193 193 193 193 193 193 193 192 193 194 193 193 194 194 194 193 194 194 194 194 193 191 191 191 190 190 191 190 191 190 190 191 191 190 190 190 191 190 191 192 
193 193 193 193 193 193 193 193 193 193 193 193 193 193 193 193 193 192 193 194 193 193 194 194 193 194 193 193 193 192 193 191 191 192 191 191 191 190 191 191 191 191 191 191 191 191 190 190 191 191 
193 193 193 193 193 193 193 193 193 193 193 193 193 193 193 193 193 192 193 194 193 193 194 194 193 194 193 192 192 192 192 192 192 192 192 191 190 191 191 191 191 191 191 191 191 191 190 191 190 190 
193 193 193 193 193 193 193 193 193 193 193 193 193 193 193 193 193 192 193 194 193 193 194 194 193 194 193 193 193 193 193 192 192 191 192 191 190 191 191 191 191 191 191 191 191 191 190 191 191 191 
193 193 193 193 193 193 193 193 193 193 193 193 193 193 193 193 193 192 193 194 193 193 194 194 193 194 193 193 192 192 192 192 192 192 192 191 190 191 191 191 191 192 192 192 191 191 190 191 190 190 
193 193 193 193 193 193 193 193 193 193 193 193 193 193 193 193 193 192 193 194 193 193 194 194 193 194 193 193 193 192 193 191 191 191 191 191 191 191 190 191 191 191 191 191 191 191 190 191 191 191 
193 193 193 193 193 193 193 193 193 193 193 193 193 193 193 193 193 192 193 194 193 193 194 194 193 194 193 193 193 192 193 191 190 190 190 191 191 191 190 190 192 191 190 190 190 190 190 190 191 191 
193 193 193 193 193 193 193 193 193 193 193 193 193 193 193 193 193 192 193 194 193 193 194 194 193 194 193 193 193 192 193 191 191 191 190 191 191 191 190 190 192 191 190 190 190 190 190 191 191 191 
193 193 193 193 193 193 193 193 193 193 193 193 193 192 192 192 193 192 193 194 193 193 194 194 193 194 193 193 193 192 193 191 191 191 190 191 191 191 190 190 192 191 190 190 190 190 190 191 191 190 
193 193 193 193 193 193 193 193 193 193 193 193 192 193 193 193 193 192 193 194 193 193 193 193 193 193 193 192 192 192 192 191 191 191 190 191 191 191 190 190 192 191 190 190 190 190 190 191 191 191 
193 193 193 193 193 193 193 193 193 193 193 193 192 193 193 193 193 193 193 193 193 194 193 192 193 192 190 191 191 191 191 191 191 190 189 190 191 190 189 190 191 190 190 190 190 190 190 191 191 191 
193 193 193 193 193 193 193 193 193 193 193 193 192 193 193 193 193 194 194 194 193 194 193 192 193 191 190 191 191 191 191 191 191 190 189 190 191 191 190 189 190 190 190 190 190 190 190 191 191 191 
193 193 193 193 193 193 192 193 192 193 193 193 192 193 193 193 193 194 193 193 193 194 193 192 193 191 190 191 190 190 191 191 191 190 189 191 192 191 191 190 190 190 190 191 191 191 190 191 190 190 
193 193 193 193 193 193 193 192 193 192 192 192 192 192 193 193 193 194 194 194 194 194 193 192 193 191 190 191 190 191 191 191 191 191 190 191 193 192 192 191 190 190 190 191 191 191 191 190 191 191 
193 193 193 193 193 193 192 193 192 193 193 193 193 193 193 193 193 194 193 193 192 192 191 191 191 191 190 191 191 190 190 191 191 190 190 191 192 191 190 189 190 190 191 191 191 191 190 191 190 190 
193 193 193 192 193 192 192 193 192 193 194 194 193 193 194 194 194 194 193 192 192 190 191 191 191 191 191 191 190 190 190 191 191 191 191 192 192 191 190 190 191 190 190 190 191 190 190 191 190 189 
193 193 193 193 192 193 193 193 192 193 194 193 193 194 194 194 193 194 193 192 192 191 190 191 191 191 191 191 190 190 190 191 191 191 191 191 192 192 192 191 190 191 191 191 190 191 190 191 190 189 
193 193 193 192 193 192 192 192 192 193 193 193 194 193 193 193 193 194 193 192 192 191 190 191 191 190 191 191 191 191 190 192 192 192 192 190 190 190 190 190 190 190 190 190 191 190 190 191 189 188 
193 193 193 193 192 193 193 193 193 193 193 194 193 194 194 194 194 194 193 192 192 191 190 191 190 191 191 191 191 191 191 192 192 192 192 190 189 189 190 190 190 191 191 191 190 191 190 190 188 187 
193 193 193 193 192 193 194 194 194 194 193 194 193 194 195 194 194 194 193 192 192 191 190 191 190 191 191 192 191 191 191 192 191 191 191 191 191 191 191 190 190 190 191 191 190 190 190 189 190 188 
193 193 193 193 192 193 193 193 193 193 193 194 193 193 194 194 193 193 192 192 192 191 190 191 191 191 191 191 191 191 191 191 191 191 191 191 190 190 191 190 189 191 190 189 189 189 189 188 187 190 
193 193 193 193 192 193 193 193 193 193 193 194 193 194 193 193 192 192 192 193 192 191 190 191 191 191 191 191 191 191 191 191 190 191 191 190 190 190 190 191 190 190 189 188 188 188 188 187 186 183 
193 193 193 193 192 193 194 194 194 194 194 194 193 194 193 192 192 191 192 192 192 191 190 191 191 191 191 191 191 191 191 190 190 190 190 190 191 191 190 190 190 191 189 186 187 188 186 185 186 186 
193 193 193 193 192 193 193 193 194 193 194 194 194 193 193 192 192 191 191 191 191 190 190 191 191 191 191 191 191 191 192 190 190 190 190 191 191 191 190 189 190 191 186 185 186 183 187 187 176 157 
193 193 193 193 192 193 193 193 194 193 193 193 194 193 193 192 192 191 191 191 191 191 191 190 191 191 191 192 192 191 192 191 190 191 190 191 191 189 189 189 187 187 189 187 186 181 167 144 117  99 
193 193 193 193 192 193 193 193 194 193 194 194 194 193 193 192 192 191 191 191 191 191 191 191 191 191 191 192 192 191 192 190 190 191 190 191 191 188 188 190 188 187 189 178 159 129 102  97  99  99 
192 192 192 192 192 193 193 193 194 193 194 193 194 194 193 192 192 191 191 191 191 191 191 191 191 191 191 191 192 192 192 191 191 190 190 189 190 193 194 196 190 173 145 116 101  95 109 131 136 128 
193 193 193 193 193 193 193 193 194 193 193 194 193 193 193 193 193 193 191 191 191 191 191 191 192 192 193 192 191 191 191 189 190 190 190 193 196 189 177 157 139 116 109 116 128 150 166 174 175 172 
193 193 194 193 193 193 194 194 194 194 193 194 193 193 193 192 193 193 191 191 191 190 192 191 189 189 190 190 193 190 191 191 194 195 194 180 157 139 117 111 120 135 150 174 184 186 181 174 173 170 
193 193 193 193 193 193 193 193 193 193 193 194 193 193 192 192 192 192 191 191 191 191 190 190 189 190 193 193 191 193 191 194 183 159 136 127 121 138 152 163 175 187 187 187 182 180 178 179 173 173 
192 193 194 193 194 194 193 194 194 194 194 194 193 193 191 191 192 192 191 191 191 191 189 190 192 193 193 191 191 186 163 140 128 123 132 145 170 191 193 196 195 189 187 185 185 182 182 181 179 175 
193 193 194 193 194 193 194 193 193 193 192 193 192 192 192 192 190 191 193 193 194 196 194 191 188 175 162 152 140 139 146 158 167 179 191 192 191 189 191 189 188 188 187 187 186 183 183 182 181 178 
195 194 194 194 194 193 194 193 192 191 190 191 191 190 190 193 192 191 187 183 178 170 172 170 152 152 163 167 167 178 193 196 195 194 190 189 190 190 189 188 188 189 188 187 187 187 186 183 181 179 
192 193 194 193 193 193 194 193 192 192 190 191 191 191 192 189 187 177 165 155 153 166 178 183 183 185 195 195 195 193 192 189 187 188 191 191 190 190 190 190 190 191 190 188 190 190 187 185 184 182 
193 193 194 194 193 193 194 193 192 192 190 191 191 191 192 188 185 180 177 182 189 193 193 193 196 194 190 188 190 192 193 192 190 188 189 189 189 190 190 190 191 192 191 189 189 189 188 187 185 183 
191 193 193 193 194 194 193 193 193 191 190 191 191 190 189 191 189 189 192 192 192 189 190 189 188 193 189 191 190 189 191 190 191 190 191 190 189 190 190 190 191 191 191 190 188 188 189 187 186 183 
190 193 195 191 191 192 192 192 191 191 190 190 190 191 191 191 190 189 190 190 190 190 190 191 190 189 190 191 191 191 190 190 190 191 191 191 190 191 190 191 191 191 191 191 188 190 190 188 186 185 
202 190 192 192 192 191 192 192 191 191 190 191 190 191 191 191 190 190 190 191 191 191 190 190 190 189 190 191 192 192 191 190 191 190 190 190 191 190 190 190 190 190 190 190 189 190 190 190 188 188 
