 48  47  47  47  49  47  46  44  60 105 130 209 222 218 216 208 198 187 186 189 187 187 187 188 187 187 187 188 187 188 187 188 188 188 189 188 187 186 186 185 185 185 186 185 185 186 186 186 186 186 
 48  47  46  48  47  48  50  43  74 112 157 219 220 216 218 221 218 200 186 190 189 187 188 187 187 187 187 187 187 187 187 188 188 188 189 188 187 186 186 185 184 185 185 185 185 185 186 186 185 185 
 46  47  47  45  46  48  47  43  87 118 177 219 218 219 217 215 220 211 189 186 188 187 187 188 187 187 187 187 187 188 188 188 189 188 187 188 188 187 188 188 185 185 184 186 186 186 185 187 186 185 
 46  47  47  47  48  49  48  44  94 128 190 218 216 220 217 216 217 218 202 183 189 187 187 187 188 188 188 188 188 188 188 188 189 188 187 188 188 187 188 188 185 185 184 186 186 186 185 185 184 184 
 47  47  47  47  48  49  46  48 102 130 199 219 216 218 217 217 217 217 211 187 179 188 187 187 187 188 188 188 188 189 189 188 188 188 187 187 188 187 188 188 185 185 184 186 186 186 185 184 183 183 
 46  47  47  47  48  48  44  50 107 137 208 218 216 218 217 218 220 218 207 137 165 190 186 187 187 189 189 189 189 190 189 188 187 187 188 188 188 187 188 188 185 185 184 186 186 185 185 184 183 184 
 47  47  47  46  46  45  43  55 111 137 209 218 216 218 217 217 214 218 163 151 199 188 186 187 191 189 190 189 189 188 188 187 187 187 187 187 187 187 186 186 185 184 184 186 186 185 186 185 184 185 
 48  47  47  47  47  45  43  62 118 138 210 217 216 218 217 216 220 204 142 209 214 195 186 187 190 189 190 190 188 187 187 187 187 187 187 187 187 187 186 186 185 184 184 186 186 185 186 185 184 185 
 47  47  47  46  48  48  43  68 118 138 213 218 215 218 218 216 220 167 147 220 214 207 193 189 187 188 189 189 188 187 188 187 187 187 187 187 187 187 186 186 185 184 184 186 186 185 186 185 184 185 
 48  47  47  45  47  47  41  71 117 137 215 219 216 218 217 217 217 130 179 220 218 218 197 187 188 188 189 188 187 187 188 187 187 188 188 188 188 188 186 186 185 184 184 186 186 185 186 185 184 185 
 47  47  46  45  45  47  42  74 120 137 216 218 216 216 217 222 192 149 215 214 215 219 215 195 184 187 187 186 186 187 187 187 188 187 187 186 185 185 186 186 185 185 185 185 185 185 185 185 184 184 
 46  46  46  46  46  47  43  71 122 144 215 219 217 216 217 222 156 180 221 218 212 218 222 208 190 186 189 186 185 187 187 187 188 187 186 184 183 183 184 185 185 186 187 185 184 185 184 184 185 184 
 46  47  46  46  45  45  40  66 120 147 215 219 219 218 220 200 128 201 213 217 216 216 219 218 207 191 185 186 188 187 188 187 188 187 187 184 184 184 184 185 185 187 186 185 184 185 184 184 184 184 
 46  46  46  46  44  44  42  60 115 139 215 217 217 217 223 160 137 214 217 213 216 217 216 219 219 205 185 187 189 187 187 187 188 188 187 185 185 185 185 185 185 185 186 185 184 184 185 185 185 185 
 46  46  47  45  44  45  44  54 112 134 208 220 215 218 219 131 165 221 217 217 215 216 217 216 218 218 203 189 185 187 188 187 187 187 187 186 186 186 187 186 185 184 186 185 184 185 185 186 186 186 
 46  47  46  45  45  47  45  51 108 132 197 223 215 222 198 120 188 223 215 219 218 216 217 217 215 217 214 201 190 187 188 183 187 187 186 187 187 186 186 185 184 184 184 185 184 184 184 185 185 185 
 46  47  46  46  47  48  46  47  99 127 196 222 214 224 179 115 211 220 217 216 218 217 217 217 217 217 219 216 203 190 183 189 186 185 186 187 187 186 186 185 184 184 184 184 185 184 185 186 187 187 
 46  47  46  46  47  46  46  42  90 122 191 222 211 222 165 128 217 214 219 217 216 217 217 217 218 216 217 218 213 201 186 188 187 187 186 187 186 186 186 185 184 185 184 185 184 184 185 186 187 186 
 46  47  46  46  45  44  46  44  82 120 159 219 217 221 148 144 218 215 214 216 216 217 216 217 216 214 218 217 214 218 208 190 186 185 187 186 187 186 186 185 184 184 184 184 184 184 184 184 185 184 
 46  46  45  44  43  47  48  42  62 116 122 195 221 216 134 152 221 216 215 215 215 218 217 217 217 218 218 216 215 217 216 208 196 184 186 184 186 186 188 187 185 185 185 185 184 184 184 184 184 184 
 47  47  47  46  46  46  46  45  46 109 110 160 221 213 123 165 222 216 216 216 216 218 217 217 218 218 217 216 216 215 217 218 212 196 189 185 184 184 185 185 185 185 185 185 184 184 184 185 184 185 
 45  46  46  45  46  43  43  47  44  85 118 133 214 203 117 172 224 214 215 216 216 217 217 217 218 217 216 216 216 217 215 217 219 213 202 200 181 185 189 183 184 183 185 185 184 184 184 184 184 184 
 44  45  44  46  46  44  44  44  43  69 124 111 165 177 105 190 224 214 216 217 217 217 217 217 217 215 215 216 216 217 217 218 217 213 224 190 169 196 186 182 186 186 186 185 184 184 184 184 184 184 
 46  45  44  47  47  46  47  44  40  54 111 120 126 164 115 192 222 215 216 216 216 217 217 217 217 216 216 216 216 215 216 218 215 218 210 139 178 208 197 186 187 184 185 186 185 184 184 184 184 183 
 46  45  44  46  47  46  45  46  45  46  91 122 122 144 115 193 221 217 217 216 216 216 217 217 216 216 216 216 217 216 216 215 215 223 163 139 212 217 215 206 201 192 188 183 182 183 182 185 186 183 
 45  45  44  44  44  44  44  45  48  44  69 115 122 122 114 192 222 216 217 218 217 216 217 217 217 217 217 217 217 215 216 214 217 211 131 186 218 211 215 216 213 212 206 201 194 190 187 184 184 185 
 45  45  45  44  43  44  45  44  43  44  52  98 120 115 114 190 221 214 216 217 217 217 217 216 217 218 218 217 218 215 214 214 217 190 130 207 213 213 213 211 210 213 214 217 217 213 210 203 197 197 
 46  45  44  44  44  45  45  45  45  44  45  83 115 116 110 183 217 212 214 216 217 216 216 217 217 217 217 217 217 218 214 215 213 168 157 215 211 213 213 212 214 212 212 213 214 215 216 215 215 215 
 45  44  43  44  45  45  44  45  47  44  43  72 106 113 106 175 214 211 214 217 217 216 216 216 217 216 216 216 216 216 213 216 204 146 183 217 212 214 213 213 214 214 213 213 213 213 213 214 214 214 
 44  44  43  44  45  45  45  44  47  47  43  51  95 111 105 159 213 210 212 215 216 216 217 217 218 217 217 217 217 216 216 221 189 123 202 218 212 213 213 213 213 213 213 212 212 213 212 212 212 212 
 44  44  43  44  45  45  45  44  45  41  44  44  75 111 105 144 207 207 209 212 214 214 215 216 217 216 216 216 216 217 215 219 172 136 211 214 212 214 213 212 213 213 212 212 212 212 212 211 211 212 
 44  44  43  44  45  45  44  45  44  41  48  42  55  94 104 128 194 201 201 205 209 213 214 215 216 214 215 215 215 215 213 218 156 151 218 210 213 213 213 212 213 212 212 212 212 212 212 212 212 212 
 44  44  44  44  44  44  44  45  45  44  47  42  47  82 105 107 170 198 200 201 206 209 212 213 214 212 213 214 213 213 213 215 146 171 224 210 214 214 212 212 212 212 213 213 213 213 214 213 211 212 
 45  44  44  44  43  45  45  44  46  44  42  45  45  73  99 101 134 189 196 199 201 203 206 209 211 210 212 212 211 209 215 205 137 189 218 210 213 213 214 214 213 212 212 213 213 212 213 214 214 212 
 45  45  44  43  43  45  44  44  46  44  41  46  45  49  64 102 116 176 188 198 199 198 202 204 206 208 209 209 208 209 213 196 135 199 214 212 214 214 215 214 213 212 212 212 212 212 213 213 215 213 
 45  44  43  43  44  44  44  45  45  44  45  43  42  44  58  84 105 145 187 195 194 195 197 199 200 200 201 202 201 202 208 178 142 202 211 211 213 212 212 212 211 211 212 212 212 212 212 210 209 210 
 45  45  45  44  43  43  43  44  43  44  45  44  43  43  58  81  90 104 153 186 188 193 193 194 194 194 195 196 198 198 203 160 141 206 206 206 209 210 209 210 210 211 212 212 211 211 210 209 209 208 
 45  45  45  44  43  43  43  43  43  43  43  44  46  46  40  71  81  94 117 181 188 189 190 189 189 191 191 193 195 197 203 154 139 205 202 203 206 207 207 208 208 209 210 210 209 209 206 206 206 205 
 44  45  45  44  43  43  43  43  43  43  43  44  43  42  48  46  74  80  96 129 177 192 191 189 188 187 186 187 190 189 196 143 147 200 196 198 200 202 203 204 205 206 206 206 204 204 202 202 202 201 
 44  44  44  44  44  43  43  43  43  43  44  44  44  47  43  41  47  53  69  98 141 175 191 190 187 186 186 186 187 185 185 130 157 196 190 192 194 197 197 197 198 199 199 199 198 197 198 198 199 198 
 44  44  44  44  44  44  43  43  44  43  44  43  45  46  44  44  40  40  59  90 101 123 169 192 188 188 187 187 188 189 180 120 163 191 186 189 191 192 192 192 192 193 193 193 192 193 193 194 194 193 
 45  43  42  43  43  44  45  45  45  44  43  43  44  43  43  43  46  41  55  71  82 101 112 152 191 195 191 187 182 189 180 119 167 188 185 185 187 188 189 189 188 188 188 188 188 189 189 190 190 188 
 45  43  42  43  43  44  45  45  45  44  43  42  43  44  44  43  45  44  43  44  48  61  93 107 143 184 197 190 184 187 184 136 168 188 184 182 183 185 185 185 185 185 186 185 185 184 185 185 185 184 
 45  43  42  43  43  44  45  45  45  44  43  42  43  43  43  43  42  44  46  42  41  35  45  76  93 113 138 186 200 191 190 157 170 189 184 184 183 181 182 182 182 182 182 182 182 181 182 183 184 182 
 45  43  42  43  43  44  45  45  45  44  43  42  44  44  43  43  44  42  42  41  41  46  41  47  66  77  86 124 161 184 193 177 168 190 186 183 182 182 182 182 182 182 181 181 181 182 181 181 181 181 
 43  43  43  44  45  44  43  43  44  43  43  43  44  44  44  44  43  42  42  41  43  42  41  44  46  44  55  84  93 111 152 170 148 193 192 182 185 185 184 183 183 183 181 181 181 182 182 182 182 181 
 42  42  42  42  42  43  43  44  43  44  44  43  43  43  43  43  42  43  42  41  42  44  42  41  40  39  43  49  61  79  86  89  97 145 193 192 188 185 183 185 184 183 182 180 179 181 183 183 183 183 
 42  43  42  42  41  42  43  43  43  44  44  43  43  43  43  43  42  43  42  42  43  44  45  44  42  43  41  41  38  48  51  47  66  89 144 188 195 189 185 183 183 184 182 181 180 180 180 181 181 182 
 45  44  45  44  44  43  44  44  43  43  43  44  44  44  44  44  44  43  43  42  43  44  43  42  43  45  41  41  43  39  36  38  39  61  95 120 154 189 195 194 188 182 181 184 184 180 180 181 181 182 
 45  45  45  45  45  45  43  42  43  44  44  44  44  44  44  45  44  44  44  43  42  42  41  40  40  42  41  39  39  41  43  41  41  43  71  97 103 127 147 167 190 191 191 192 189 191 188 189 191 189 
