174 171 172 169 160 172 184 189 191 189 163 128 165 182 165 158 151 162 165 123  95  97  92  91  97 101  92  98 136 163 133 111  99  97  97  82 109 118 105 110 124 152 167 175 174 159 159 180 182 158 159 174 158 159 175 175 164 170 162 147 163 172 164 166 184 182 178 186 176 153 153 164 153 138 170 166 166 162 165 160 166 170 158 137 166 164 148 151 166 132 102 111 131 137 151 126  86  70  63  53 
139 125 123 125 122 152 169 182 189 178 159 135 163 149 127 147 142 159 155 105 100  94  88  90  98  93  92  96 118 158 156 137 105  96  92  83 106 139 144 114 121 135 141 171 177 162 159 177 182 181 180 176 162 167 178 163 146 168 172 154 167 180 175 168 177 192 185 180 178 157 137 170 164 130 156 149 106 131 161 142 140 163 157 145 167 151 124 140 164 122 101 108 136 132 146 127  87  70  64  53 
137 131 122 126 131 145 167 172 170 166 150 135 147 118  93 123 135 160 158 129 107  92  88  95  90  92  89  89 112 160 163 144 110 110 106 109 114 130 116 101 121 140 163 181 172 159 173 186 181 184 184 179 167 164 184 179 172 175 183 176 178 189 180 182 187 191 189 185 175 142 132 167 148 125 158 153 114 142 159 138 138 161 157 128 149 156 133 135 148 142 116 108 134 128 135 132  82  68  62  55 
161 154 133 130 134 140 145 164 164 158 147 134 146 118 101 121 139 156 167 167 130  99  95  92  88  94  92  89 105 170 161 103  87  87  95  98 101 101  84  91 120 136 135 155 156 135 162 187 181 176 173 175 163 166 182 188 181 180 182 180 177 183 178 188 187 192 188 183 176 160 145 167 150 119 152 162 135 142 159 140 118 152 160 137 155 164 139 137 158 135 110 108 135 125 126 134  92  71  64  59 
147 136 138 137 130 133 143 155 153 155 153 135 141 129 136 148 119 137 160 168 160 126 103  94  95  96  92  89  98 179 173 124  94  73  79  89  95 108 105 108 128 138 144 169 166 136 156 186 173 152 167 180 180 163 174 185 190 187 172 176 178 182 189 187 186 190 191 181 177 167 160 172 157 133 158 166 134 139 162 136 112 144 149 128 145 157 126 124 162 139 106 101 133 123 121 134  93  72  66  59 
101  97 102 106 107 106 109 110 113 116 117 112 137 150 150 107  91 109 146 166 173 162 125 102  94  93  84  84  93 150 166 153 106 102  98  74  71 108 113 119 130 148 167 183 166 139 139 168 176 168 167 178 177 161 170 188 183 176 162 157 159 174 187 176 171 183 170 167 178 155 146 168 148 135 172 169 158 168 165 141 138 157 151 132 132 152 124 114 146 139 108 105 131 122 119 137  97  74  64  59 
 84  95  94  93  98  86  76  85  87  95 100 102 128 156 139 101 100  99 114 149 170 167 152 119  97  88  86  85  82 127 164 160 131 135 149  97  69  98 111 117 131 181 177 168 152 131 144 172 179 175 170 174 175 177 187 192 184 178 179 172 163 169 175 170 175 180 177 176 175 167 170 172 161 158 167 169 168 180 176 161 171 175 164 162 155 162 143 131 155 133  99 101 128 124  98 130  95  61  63  56 
 92  96  94  95  97  81  77  79  86  97 100 101 123 149 135  99  97  99 100 117 151 170 166 153 116  94  91  81  78  96 151 164 148 155 161 110  61  74  84  94 120 175 177 169 154 109 103 117 125 125 120 119 118 124 140 141 139 142 147 141 139 137 140 149 154 154 163 150 148 151 135 130 132 132 125 125 139 164 142 136 134 132 133 136 143 137 137 144 146 134 119 102 123 127 101 129 100  67  63  59 
 95  94  94  92  93  91  91  89  95  95  92  95 120 151 136 100  97  98  96  99 111 149 170 172 157 123  95  86  80  81 103 136 152 159 158 135  82  75  80  82 100 123 153 165 157 114  93  87  88  89  97  97  95  99  93  92  96  92  90  94  96  92  98 100 103 103 100 103 103  98  99  99  95  91  99  97  98  97  92  93  90  88  93  91  98  87  94 101 100 109 104  93 116 128 113 133 104  68  65  58 
100  99  95  96  92  86  91  94  90  89  92  99 121 150 138 104  95  94  92  98  93 109 151 165 166 163 132  97  86  84  77  92 121 146 156 154 142 134 126 129 137 129 149 165 149 111  88  85  89  87  96  96  96  99 101  97  95 101  95  92  89  90  91  88  89  92  92  87  93  88  89  86  87  88  85  86  84  86  87  77  80  85  82  81  79  81  80  82  78  79  85  90 112 127 109 127 107  71  62  53 
 99 105  98  96  96  94  94  98  96  93  97 102 127 137 135 111  95  96  97  93  89  97 114 148 137 134 165 147 109  88  85  92  86  97  97  97 117 114 122 127 141 145 151 159 152 114  88  83  85  88  98  92  98  96  95  93  93  94  90  92  86  89  91  90  89  89  89  86  88  87  90  86  82  84  84  80  76  72  82  73  73  76  74  76  76  80  71  72  75  72  76  82 108 127 102 106 108  75  62  59 
111 116 115 112 107 106 102  99 104 100 103 124 133 110 124 121  96  95 103  95  93  96  93 124 137  99 110 136 150 126 104  90  90  88  82  77  72  67  76  82  83  91 124 160 156 111  88  85  84  85  94  91  92  91  91  87  87  87  88  93  87  89  89  89  84  85  87  87  83  82  89  85  85  87  84  77  78  73  77  74  76  77  76  76  74  75  77  75  76  75  73  75  99 126 106 116 108  80  68  56 
151 152 145 137 131 127 128 121 123 135 137 127 105  91 104 130 135 109  93  91  92  96  92 111 138 110  91  86 102 133 151 139 116  96  94  84  74  82  82  83  87  96 118 154 158 125  93  87  91  91  89  92  92  86  89  86  86  84  85  88  88  84  85  86  88  83  87  86  82  79  85  83  86  87  83  78  83  82  80  84  80  80  81  76  77  72  73  77  76  75  77  73  98 133 116 122 126  88  74  60 
125 132 131 130 135 136 135 140 141 146 135 125 124 120 119 136 157 136 115 111 101  96  97 106 137 118  92  84  83  84 100 129 148 158 148 129 111 104  97  94  96 105 133 152 157 145 120 101  91  95  96  97  93  88  87  90  90  88  83  87  86  85  81  83  80  84  86  85  85  81  81  85  82  82  80  75  75  75  78  81  80  81  75  76  74  76  73  77  75  77  77  81  95 126 111 125 138 110  85  69 
 64  73  88  84  87  97  99 108 109 117 117 127 131 131 142 133 117 113 136 140 142 129 124 126 142 139 125 122 121 120 119 119 124 147 158 154 150 144 133 123 131 134 137 137 146 153 150 137 137 137 138 140 139 134 132 123 126 126 123 125 123 117 115 115 113 110 105  97  99  94  86  89  93  88  90  84  85  83  83  85  83  79  74  79  80  77  79  84  82  79  84  81  94 120 104 117 133 115 106  84 
 62  67  76  86  99 101 100 107 103 104 108 106 105 100  94  90  84  89  87  94 113 116 108  96 125 141 138 132 120 110 114 119 117 121 126 123 110 102 104 111 122 117 116 117 124 126 128 126 125 127 129 132 130 133 133 134 134 141 140 138 135 141 135 126 132 129 131 128 134 120 114 115 117 112 111 106 106  98 104  98  93  99 103  98  95  95  98  92  94  90  87  94 116 126 102 125 133 112 118 117 
 71  60  63  76  71  68  64  60  64  72  79  72  80  96  96 102 101  90  87  89  92 111 124 106 129 148 130  92  76  71  72  71  74  86  84  77  58  55  53  53  68  77  78  88  95 101  93  79  65  73  77  75  75  89  88  83  89 100  99  94  91  84  85  85  84  86  93  95  98  97 105 111 112 115 114 100 101 108 111 109 106 115 115 107 107 112 109 101  98  93  92 103 113 119 114 120 125 128 118 112 
133 135 122 129 129 128 131 138 133 131 124 129 139 133 140 151 158 157 149 149 150 154 153 156 163 161 148 143 130 123 127 124 116 103  91  81  72  70  67  52  52  62  66  69  79  83  67  55  48  54  64  51  54  59  57  57  60  68  58  57  61  52  46  52  57  60  62  68  66  60  66  80  88  80  77  72  79  87  89  90  91  97  99 104 101 100  97  92  87  85  85  82  96 125 125 127 149 106  88  84 
146 148 141 139 137 151 153 156 156 162 158 162 169 168 159 157 161 158 170 180 181 183 181 186 188 176 179 183 177 172 165 161 157 151 147 134 134 128 107 100 103  99 110 111 110 115 107  92  93  96  95  78  79  83  80  74  85  80  74  75  70  64  66  73  67  70  77  74  72  67  61  51  67  69  64  57  64  70  71  74  84  91  80  87  90  89  93  96  93  99  92  78  80 118 111 102 135 100  78  72 
112 112 117 109 110 118 123 122 122 130 130 136 132 130 135 146 149 150 160 168 168 170 169 170 172 167 168 169 165 166 159 146 150 145 136 137 144 147 137 135 150 144 140 144 144 143 145 148 149 134 136 146 138 135 144 148 134 134 136 138 141 131 126 128 131 128 130 128 121 120  94  81 100 115 109 111 105 101  99 103 106 103 105 106 100 111 133 143 143 144 141 138 142 143 142 136 136 130 119 112 
 77  77  81  76  80  80  79  75  81  91  88  93  86  92  95 110 143 149 148 155 152 155 158 153 151 146 147 146 143 140 137 142 139 118 104 106  96 102 101 104 108 114 111 112 118 117 113 113 121 114 111 117 125 127 123 126 127 126 135 132 131 130 123 123 131 130 133 136 139 138 122 123 138 136 138 141 141 140 141 136 128 138 148 143 136 132 144 158 163 174 175 173 171 169 176 172 175 191 182 157 
 79  74  78  79  80  80  80  75  79  76  76  78  79  75  76  78  97  93  75  77  70  56  59  61  70  57  56  56  50  47  59  70  79  79  77  82  78  83  76  77  74  71  79  80  77  75  79  78  77  78  78  78  82  80  78  80  77  80  85  81  81  80  81  87  87  88  94  97  96 100 102  99 103  99 103 107 105 103 107 111 116 114 109 108 113 118 132 142 145 157 158 159 167 164 167 160 162 179 168 148 
 70  72  73  73  72  75  77  75  72  73  70  68  74  74  70  76  79  81  85  92  82  77  74  72  87 116  81  70  64  65  68  69  67  71  72  73  72  72  69  68  66  70  69  75  71  65  73  70  65  70  68  70  66  66  67  69  70  67  67  64  67  69  67  68  73  65  68  70  73  73  74  75  74  74  73  76  69  68  65  69  67  72  76  77  74  84  97 108  97  92  98  88  93  99  97  97  93 100 103 104 
 66  70  67  69  69  69  69  69  68  75  70  72  76  76  78  72  74  78  81  86  93  95  78  70  81 118  96  79  68  66  66  62  62  63  65  64  64  63  66  64  65  69  70  67  63  64  68  67  65  68  63  64  66  63  65  66  68  66  66  67  61  63  65  63  68  67  67  66  68  67  66  67  64  67  65  68  69  64  61  63  66  66  66  67  64  66  66  76  81  79  74  65  60  66  66  55  57  57  49  47 
 67  68  66  65  69  67  65  64  67  68  64  68  69  67  71  68  72  72  72  79  84  84  68  54  68 108  94  75  73  70  70  65  62  61  64  60  61  61  66  65  59  63  74  66  65  63  66  66  68  66  62  63  65  61  60  59  65  64  62  61  61  67  59  58  63  68  64  56  62  65  65  64  61  63  64  62  63  62  61  61  63  61  63  62  62  61  64  71  77  83  84  82  79  87  71  61  86  96  72  66 
 64  64  63  62  66  65  66  65  65  65  65  63  65  65  61  63  69  72  74  72  78  85  63  48  63  96  95  76  71  72  69  70  64  65  66  64  65  64  64  64  62  69  68  66  68  68  69  71  69  67  65  68  64  63  63  62  63  63  63  64  67  68  62  62  66  64  65  60  62  66  64  63  65  56  62  65  65  67  59  64  65  63  64  60  61  62  63  64  71  75  72  71  67  63  49  51  89  98  69  62 
 70  64  64  68  66  64  69  71  68  67  67  67  69  67  63  71  73  75  71  74  77  80  62  51  59 100  97  75  71  78  73  73  68  67  71  68  72  70  69  67  69  70  69  69  64  71  70  68  67  68  67  65  68  68  70  68  65  71  71  67  66  68  70  65  71  67  66  66  66  65  65  68  64  60  68  65  65  61  59  64  66  63  60  63  63  59  63  65  67  70  70  65  65  67  52  52  90 100  67  61 
 64  63  66  64  72  69  67  72  72  67  72  72  73  75  71  70  71  72  78  71  79  89  70  49  68 111 100  80  66  72  71  73  67  66  69  66  67  70  73  67  71  69  74  70  70  72  71  70  71  71  72  71  72  73  73  71  71  73  77  70  69  73  73  68  70  73  67  69  70  66  69  69  59  72  73  68  70  66  63  62  68  63  66  64  61  62  68  65  64  67  69  66  69  75  57  59  88 105  75  65 
 68  67  69  69  70  71  73  73  72  72  75  76  74  72  73  69  69  74  75  71  76  92  84  67  77 121 104  78  74  72  74  70  68  67  69  67  72  70  68  69  71  66  64  69  69  69  69  72  72  67  70  69  69  71  71  71  72  71  66  66  67  69  73  73  65  68  69  66  69  72  69  72  67  69  75  70  72  69  66  64  68  68  66  65  63  63  65  66  67  65  67  73  73  82  69  63  82 110  80  65 
 72  71  70  77  72  71  75  76  76  81  77  76  78  77  76  74  77  76  78  76  79  91  80  71  73  99 107  78  76  75  72  71  67  70  72  71  75  73  74  73  75  72  71  74  74  74  71  76  73  67  71  71  70  69  73  69  68  70  71  72  72  70  70  70  70  70  66  73  71  70  67  69  66  68  72  76  69  68  63  67  69  64  60  66  66  63  64  62  64  61  66  72  77  77  70  60  82 106  85  68 
 77  77  77  77  73  73  74  74  79  80  78  79  79  79  73  79  82  78  81  75  77  98  90  72  84 110 109  79  73  74  72  72  74  76  74  75  72  72  75  75  77  81  81  78  80  76  74  77  73  72  78  74  76  73  80  71  74  71  74  78  77  73  74  72  73  75  72  76  72  70  76  68  70  73  73  73  70  74  71  67  69  64  67  68  64  63  66  63  63  63  62  70  76  75  72  59  77 111  90  63 
 81  80  79  82  80  78  77  78  79  81  78  75  81  83  80  81  80  83  90  81  82 104 111  83  76 117 119  84  81  82  80  75  79  79  77  80  79  78  80  79  79  78  79  77  84  80  81  81  79  78  77  77  80  78  82  79  74  76  77  77  80  80  82  80  78  79  79  80  77  78  74  73  78  76  71  74  70  72  69  67  72  69  71  68  64  62  66  63  63  66  62  69  69  78  77  65  83 111  88  66 
122 119 114 109 109 115 111 106 106 108 106 106 108 110 102 101 104 101 101  99  91 108 116  84  74 121 125  89  80  81  73  73  75  74  82  76  81  78  82  80  78  76  76  81  83  80  79  80  79  76  80  85  77  79  80  83  77  83  82  78  83  84  85  81  82  79  79  82  83  79  81  80  79  76  75  76  78  75  73  71  69  73  62  66  67  63  63  65  63  64  63  68  69  78  86  66  81 107  91  69 
149 151 148 150 143 150 150 156 150 155 148 150 153 153 158 154 149 148 154 154 155 153 148 153 147 155 154 142 136 131 126 128 121 115 120 116 116 116 118 107 113 110 109 110 102 103  98 102  98  98  97  97  96  95  89  96  96  87  83  87  91  92  87  83  92  82  83  78  82  81  86  81  76  77  78  79  79  77  74  78  70  74  67  70  71  66  69  68  66  67  72  80  75  79  79  58  66  95  96  78 
146 155 150 148 150 150 151 151 147 153 152 151 151 147 154 155 147 154 165 164 164 166 164 161 164 168 166 168 170 160 161 157 154 151 152 146 145 148 150 151 151 158 149 153 150 155 145 152 149 149 148 147 147 141 145 142 140 139 137 133 130 130 138 133 127 126 120 119 119 122 121 110 112 110 110 107 109 105 100 103 102 100  98  94  89  92  91  90  91  96  97  94  86  82  74  55  66 104 102  81 
142 145 138 137 131 123 126 119 116 117 112 115 121 119 127 133 140 151 157 155 157 158 153 154 161 159 163 167 164 162 160 159 158 152 141 125 127 131 132 123 125 126 126 133 143 141 140 138 138 141 143 141 141 138 148 140 137 138 142 133 132 139 143 146 144 153 146 143 146 149 148 147 148 149 147 142 146 143 139 143 150 143 140 141 140 138 140 142 136 139 139 138 137 140 138 134 146 150 142 131 
 69  65  76  71  60  54  56  53  64  67  64  57  62  59  64  73  79  65  66  68  71  70  76  73  85  85  87  90  95 104 101 105 109 117 102  73  71  71  58  53  57  63  69  69  74  77  87  86  87  86  85  88  86  94 100  94  91  96 103  99  89  93 111 117 110 113 115 115 112 108 103 111 128 125 121 116 118 122 128 121 117 130 128 133 135 129 137 139 138 146 148 153 159 157 158 168 167 155 169 171 
 72  71  66  61  65  60  68  76  74  76  72  71  65  67  71  75  80  84  90  68  56  66  86  97  83  79  88  73  49  46  47  42  44  54  61  64  60  49  37  40  44  38  46  43  48  60  66  63  59  49  46  53  51  57  51  49  46  44  47  44  40  49  54  56  56  61  65  55  41  43  47  60  76  74  72  62  60  61  52  68  76  76  77  90  91  87  94 120 146 146 144 144 151 152 155 162 165 159 169 165 
102 106 107 109 109 121 124 119 114 117 115 109 101 104 106 113 115 116 102  98 102 103 128 148 137 125 141 126 112  98 100 100 101  96  94  95  88  82  64  56  53  56  57  61  69  79  65  69  78  73  72  75  73  65  57  45  44  49  49  44  48  48  41  51  52  48  48  44  44  45  49  64  74  69  53  45  45  44  41  49  52  60  69  74  69  74  76  86  91  80  67  71  64  77  76  80  85  92 101 102 
120 112 104 110 107 103 107 104 102 106 114 103 103  99  94  95  91  84  79  82  79  78  99 111  93  78  95 106  97  93  81  84  87  86  89  88  89  87  89  94  84  89  97  97  96  97  93  97 101 104 104  97  99  96  96  97  93  93  96  94  94  85  80  79  63  47  48  49  51  57  62  72  72  72  61  50  57  68  76  72  77  76  75  76  77  74  75  83  78  76  79  92  87  66  57  68  67  55  62  51 
 99  90  87  82  85  86  86  87  89  87  88  86  82  87  86  80  79  78  78  85  93 103 126 128 105  97  94 111 122 113  95  82  76  74  72  80  72  74  77  73  73  71  62  68  63  61  65  69  62  59  55  64  55  61  58  62  68  64  67  62  67  71  86  94  99  85  71  73  67  64  71  74  76  76  69  74  98 117 114 109 105 106  98  97 102  99 100 102  97 109 115 106  91  75  85 105  94  92 103  80 
 87  90  89  84  85  87  85  86  89  88  84  84  80  85  89 100 109 119 128 139 137 140 143 143 139 145 137 135 139 143 138 127 125 127 129 129 131 132 132 126 128 128 124 125 119 110 109 110 104 107 110 111 114 108 107 105 106 122 123 115  94  85  84  82 103 128 114 105 109 109 111 103  96  99 103 127 126 100  83  83  71  71  75  76  70  80  84  92  91  91  87  85  81  76  87 110 102 100 111  93 
 85  82  83  83  81  79  82  80  83  92  92  98 106 125 134 143 142 143 133 122 117 109 104 101  98  98 103  96 100  98  98  92  92  94 100 110 126 142 148 130 103 121 135 111 103 100 100  92  97  95 103 103 109 110 122 128 128 149 162 169 138 149 151 148 147 157 159 169 191 193 201 173 160 164 165 167 161 156 148 136 117 116 117 115 108 107 106 103  98  98  97  99  94  93 105 109 112 121 125 105 
101 100 100  97  98 105 114 121 124 136 139 140 137 132 118 109  96  82  78  75  77  77  77  75  79  83  85  83  75  72  68  66  70  72  69  70  73  85 114 135 122 119  97  72  70  68  64  62  62  64  64  61  69  67  63  75  73  74  82  93  89  90 109 136 151 122 114 124 142 147 149 162 144 126 134 137 134 140 134 122 118 121 120 124 127 128 121 119 127 123 120 119 114 116 122 120 121 120 117 117 
147 142 140 144 143 141 135 130 125 118 107 101  92  80  74  76  75  79  77  77  79  80  79  81  86  87  85  84  76  74  72  73  75  74  72  69  67  63  78 122 143 106  62  49  50  48  48  54  56  56  44  49  57  59  55  54  53  59  60  48  51  58  66  72 100 117  85  83 105  97 108 133  97  89  68  54  55  57  61  58  63  67  72  66  63  63  62  68  74  72  73  88 102 102 108 118 121 112 119 116 
 99 105 103  99  94  91  87  87  83  83  85  81  84  82  84  86  79  85  80  76  76  75  75  77  82  76  77  77  73  73  71  66  65  64  64  61  52  55  58  95 139  85  47  42  36  41  39  36  40  40  41  45  47  49  50  46  54  52  45  43  44  51  60  53  61  81  99  74  89  99 117 105  68  61  44  40  45  46  47  42  40  43  49  56  44  41  39  41  41  44  44  42  50  70 104 127 125 103 113  98 
 91  93  93  93  92  92  88  93  92  88  88  82  82  84  77  79  75  74  72  80  74  74  73  74  77  78  82  71  71  65  65  65  65  64  57  54  46  41  46  90 139  93  48  46  45  43  44  42  49  48  43  45  43  42  44  50  52  42  46  50  52  56  46  44  58  62  80  86  70  84  87  59  47  52  46  41  41  45  51  46  34  36  39  42  44  39  34  32  42  41  45  41  44  58  93 129 127 109 111  97 
 89  91  95  92  89  89  86  83  82  77  83  82  81  80  79  75  77  75  74  77  76  77  72  74  78  76  74  70  69  63  62  62  63  60  64  60  46  43  52  91 147 119  71  64  67  64  67  73  73  66  69  69  67  71  67  62  71  71  62  70  70  70  63  56  54  59  66  86  77  77  91  54  42  58  61  58  58  66  72  60  54  57  57  59  62  51  48  54  57  56  60  49  53  70  84 109 124 107 112  93 
 89  93  93  90  84  87  84  84  81  80  83  80  79  83  82  82  82  79  77  74  78  78  77  77  77  74  71  69  72  71  64  63  68  62  57  50  46  45  53  86 157 145  76  55  66  71  69  72  72  71  72  70  69  73  68  69  71  71  71  72  74  75  74  68  64  54  46  65  97  79 100  87  53  60  70  74  72  75  77  77  73  67  76  77  75  75  71  71  70  72  75  75  71  79  83 106 127 110 112 102 
 87  90  88  87  88  86  86  89  80  85  86  84  78  79  83  84  83  81  79  79  78  77  74  73  81  80  70  72  70  71  62  56  57  60  59  43  43  41  45  83 148 116  56  51  64  75  77  74  72  72  70  70  75  75  72  74  69  68  71  79  74  72  75  72  54  40  44  55  92  74  65  67  48  43  65  84  78  72  78  83  76  74  79  74  71  73  70  72  71  73  76  77  73  79  84 103 127 112 116 107 
 87  86  89  89  87  84  87  87  83  84  89  86  82  82  82  83  86  82  80  77  78  76  73  74  76  76  67  65  65  63  61  60  54  59  57  49  42  36  36  75 137  95  50  50  65  74  78  73  70  74  66  73  74  76  72  69  70  75  75  70  74  74  76  69  51  39  40  49  82  76  52  47  48  38  59  94  87  79  84  78  74  78  78  76  78  74  77  67  68  70  74  76  78  79  81 104 124 115 115 116 
 92  86  85  87  91  94  90  84  80  80  83  83  83  84  77  80  82  77  79  76  75  75  71  72  74  68  64  62  63  64  61  58  59  56  60  57  43  37  38  75 125 104  52  51  71  78  76  72  71  75  69  73  72  73  74  72  76  77  71  72  75  78  77  66  51  37  38  40  61  64  48  39  49  50  55  89 100  87  79  75  71  78  79  77  77  71  77  70  71  72  77  80  77  77  80  98 122 112 112 122 
140 140 131 124 129 134 122 121 120 115 115 121 115 113 109 112 107 104 101  98  86  96  95  75  67  69  66  59  67  61  60  64  60  57  61  56  46  42  45  77 138 131  67  50  69  78  76  68  69  72  79  73  77  81  81  76  76  76  75  72  75  78  73  69  59  41  38  42  54  54  48  40  42  55  57  77 101  95  82  75  74  73  79  76  73  74  74  75  73  78  78  79  77  74  79  94 125 114 111 117 
176 179 174 163 160 166 165 161 170 173 173 169 172 171 173 174 167 170 169 161 155 155 131  82  68  72  68  61  66  66  66  68  63  64  59  54  40  41  57  90 148 145  79  57  69  79  75  75  73  71  77  79  77  80  80  81  77  78  76  76  75  74  69  66  49  37  36  42  54  55  49  41  41  46  66  67  83  98  85  77  79  75  78  79  75  76  73  80  77  76  78  76  80  77  77  91 123 120 107 116 
179 176 177 172 166 164 168 168 172 173 172 172 173 177 176 176 173 172 166 153 150 154 134  88  64  64  70  72  72  63  63  62  58  63  67  62  83 110 124 144 171 169 117  66  72  76  72  76  72  71  71  79  79  80  81  82  79  77  79  75  73  76  71  68  44  36  36  48  56  56  51  41  36  39  80  85  75  94  94  88  82  84  83  77  79  75  79  77  77  77  76  74  75  74  76  93 118 119 110 117 
181 180 179 178 170 174 173 179 177 180 178 174 183 186 177 182 179 178 165 150 143 154 138  85  71  64  60  64  63  60  61  57  58  60  69 103 156 148 128 139 162 167 112  57  65  77  74  75  72  75  75  82  81  80  78  81  79  77  77  74  75  74  75  73  52  34  33  49  80 105 100  95  85  73  80 103  84  88 106 100  90  87  86  83  83  81  80  80  79  73  77  77  76  77  81  92 120 128 112 115 
183 186 187 182 178 179 182 183 184 178 181 185 186 185 185 185 183 172 171 171 161 150 139  90  69  67  67  62  59  62  59  54  63  60  76 134 126  72  57  78 134 130  69  49  61  73  72  71  71  76  78  78  83  83  79  82  77  77  77  78  74  74  76  73  56  43  44  47  82 127 131 136 138 124  95 124 120 107 132 137 136 127 125 126 124 126 123 121 116 120 116 113 113 108 108 116 138 144 140 139 
185 184 184 186 184 181 180 183 184 186 183 185 184 186 187 183 183 181 180 175 167 157 138  90  72  69  68  66  62  61  58  56  59  56  73 120  86  54  45  55 120 133  67  46  54  71  71  69  74  81  80  79  81  80  80  78  76  79  81  83  80  75  75  75  64  42  44  45  79 123 127 129 129 131 115 107 128 127 132 156 156 139 125 113 115 117 116 117 111 102  99  95  98 108 116 121 139 149 149 157 
183 187 182 183 182 179 180 183 185 187 185 187 188 183 183 184 183 185 178 172 169 164 142  93  75  67  66  62  62  60  61  59  56  55  68 114  97  59  47  53 115 132  64  43  56  70  69  72  71  78  85  81  85  80  80  80  78  82  82  80  78  77  70  71  58  44  42  52  79 109  80  97 121 111 102  84 112 131 118 134 150 144 145 150 145 135 126 116  76  51  47  41  52  75 111 130 145 150 151 154 
179 178 178 178 177 177 173 180 179 178 178 178 181 179 180 184 183 184 176 172 165 164 144  96  71  67  66  64  66  59  58  57  58  58  74 128 124  66  48  53 110 127  70  42  58  69  70  73  75  76  84  83  86  83  78  73  79  82  79  79  77  73  70  70  53  46  39  44  61  64  59  78 104  87  77  73  68  99 125 119 125 132 157 147 105  84  76  61  41  36  38  44  47  51  76 100 102 104 126 134 
185 175 175 176 178 178 182 176 176 178 181 181 176 181 179 180 180 180 175 173 164 156 145  95  74  70  68  63  67  59  56  58  58  62  77 116  99  50  43  54 106 142  86  46  54  66  71  75  74  77  83  81  81  77  77  72  78  83  83  80  81  78  69  68  57  43  45  46  62  60  57  66  92  80  78  81  77  77 116 119 103 117 126 116  96  91  79  68  62  52  44  47  56  68  78  86  81  89  98  96 
184 184 180 183 178 177 182 178 182 185 176 182 181 179 175 177 181 178 175 170 166 155 139 101  75  67  61  62  62  58  56  54  51  58  71 108  96  54  40  54  99 122  72  47  54  68  71  80  79  77  77  77  75  76  76  71  78  84  83  86  84  80  76  75  59  44  46  61 104  78  45  73 109  89  81  79  80  74  89 125 113 107 126 128 129 129 129 131 120 110 101 103 105 119 121 120 111 111 114 122 
183 183 176 181 187 188 182 182 181 179 178 181 185 180 182 183 185 180 180 172 172 168 158 112  78  64  61  62  63  58  57  52  54  60  65 117 116  67  56  57  96 147 117  66  61  71  73  78  82  76  76  73  74  71  71  70  75  81  84  86  84  79  79  77  63  42  51  79 136  92  55  83 124 118  93  83  86  75  71 107 134 110 115 128 133 133 134 128 128 127 126 127 133 128 136 143 134 132 132 131 
183 179 175 180 186 181 184 183 180 178 183 180 172 166 172 179 174 171 173 172 168 170 154 113  79  65  63  61  63  61  58  55  54  57  62 106 137  98  52  51  95 159 145  74  59  73  77  83  83  75  74  76  78  72  69  75  71  78  83  85  80  77  77  75  67  47  53  74 148 114  63  74 112 123 112  87  87  86  78  85 125 129 112 119 131 128 128 125 123 123 121 125 123 123 133 139 134 136 136 137 
185 184 185 183 186 183 187 186 182 181 184 188 175 168 172 178 171 169 170 166 165 169 157 112  75  69  62  58  57  58  55  56  54  53  57  79 141 157 124 117 144 157 116  68  63  71  77  82  78  75  74  76  78  76  78  76  75  80  79  82  80  78  75  83  70  46  50  58  87  80  53  67 102  98 106 105  95  87  87  76  98 133 126 109 125 133 134 125 124 121 120 123 129 136 137 142 137 137 141 133 
184 182 190 185 182 180 183 185 182 184 180 186 184 181 175 171 172 164 165 164 162 161 155 107  75  68  60  60  60  60  50  52  55  58  62  61  77 109 118 108 127 164 141  80  59  68  80  74  78  78  83  83  81  77  78  79  75  79  76  78  80  77  79  74  64  48  42  49  69  76  63  77 112  96  80 102 105  89  86  85  81 110 134 120 114 127 127 119 113 107 110 112 124 127 131 136 133 131 136 139 
183 184 190 185 186 183 184 187 186 184 182 184 178 180 181 166 164 164 164 160 158 164 157 115  73  67  62  61  60  60  56  52  55  55  62  58  55  59  48  43  93 148 119  65  57  54  63  67  71  73  73  70  77  70  60  64  63  63  76  81  79  78  77  66  58  52  46  46  63  97  78  77 105  99  83  80  98  95  77  78  69  86 120 128 113 122 128 134 126 124 122 126 121 127 132 140 139 137 140 142 
185 182 182 186 183 187 186 188 191 188 184 182 181 187 185 178 176 171 167 156 156 166 157 119  75  63  65  64  62  61  57  56  51  59  54  57  54  52  47  53  78 130 109  64  69  61  59  59  60  67  70  77  77  62  55  48  49  65  78  87  87  70  60  48  48  53  46  41  52  66  73  91 121 106  73  56  70  78  66  56  56  64  99 133 126 117 126 133 129 142 139 137 131 132 129 133 136 137 142 133 
183 178 186 185 184 183 185 187 187 187 187 183 185 184 186 189 186 179 177 166 165 163 161 121  80  68  62  65  61  57  51  53  54  54  56  55  58  57  45  47  75 134 159 123 137 147 131 132 141 144 142 142 155 133 115 112 119 129 116 131 124 101  85  78 101 111 105  99 122 111 121 134 139 101  70  63  70  73  59  52  49  55  82 120 131 117 100  78 102 137 141 129 120 121 118 120 120 122 130 127 
184 182 187 184 185 185 182 185 189 187 184 182 181 182 184 183 183 180 176 170 166 160 160 122  75  65  57  59  62  58  51  52  53  55  54  53  58  54  48  48  72 130 158 146 148 162 168 163 172 165 159 171 183 182 165 171 169 175 174 176 168 163 130  83 146 173 172 175 143 106 154 168 136  83 103 134 140 137 131  85  56  56  71 100 131 124  94  68 102 142 144 132 121 116 111 119 119 125 124 121 
180 181 183 184 180 177 176 186 184 184 181 185 182 182 184 182 181 178 178 172 171 160 153 120  80  66  60  64  59  58  56  55  52  48  57  54  52  44  48  52  68 125 153 144 127 139 149 132 141 129 131 146 154 131 111 130 133 134 152 130 120 121  70  68 117 112 128 115  93  76 119 110  74  62  98 158 167 165 161 107  65  62  71  94 127 135 106  76  98 137 149 140 126 116 114 119 125 117 110 116 
182 180 183 185 183 178 181 187 189 185 184 189 185 187 186 183 182 180 174 168 171 164 156 126  88  64  60  56  54  59  56  53  56  51  58  61  52  47  45  49  67 117 150 148 149 167 177 170 176 177 172 169 165 171 167 164 163 158 162 148 132 109  74  78 116  99  91  76  61  67  85  79  63  62 107 166 173 166 144 117  73  60  68  89 125 137 109  79  90 137 150 144 129 127 121 123 119 104  97 103 
187 180 178 181 182 181 190 195 191 182 174 174 183 177 170 169 173 173 164 166 172 164 155 130  88  61  60  55  61  55  57  55  50  51  59  60  53  46  47  54  63  82 111 139 159 157 160 172 168 169 170 162 150 146 164 166 155 139 133 132 123  95  84 111 135 107 122 100  75  78 108 111 108 100 136 171 181 171 149 122  86  66  74  92 127 139 112  81  89 138 144 139 143 147 137 141 125 117  98  94 
182 180 174 180 181 183 180 187 184 175 166 171 179 178 169 170 172 172 166 171 169 165 160 128  93  61  55  58  55  54  56  51  52  56  57  60  60  48  50  51  61  87 116 136 151 138 139 160 165 169 166 137 129 114 122 140 142  99 115 138 128 135 125 140 144 128 140 135 124 121 125 130 143 124 126 180 188 176 161 144 113  73  72  90 127 140 115  81  79 126 143 132 124 123 146 149 123 123 123 118 
177 177 171 177 179 174 173 180 179 175 177 176 179 183 181 179 174 177 176 174 166 166 157 134  87  63  58  57  53  54  52  49  57  55  56  59  61  56  51  51  61 101 136 139 149 164 166 169 168 174 167 161 163 166 164 164 165 158 156 158 143 141 141 140 142 138 141 141 142 144 140 140 152 140 142 188 192 186 178 144  98  72  76  97 133 141 120  79  72  90 106 114 113 111 121 126 123 122 126 124 
180 177 172 173 174 169 165 169 179 175 175 177 176 174 178 179 176 175 175 175 167 162 158 137  94  63  56  56  58  50  54  58  56  55  57  63  63  47  40  41  57 101 143 142 125 144 156 164 168 158 151 147 143 131 132 136 123 135 147 109  79 128 141 142 142 147 142 143 144 144 145 146 146 144 153 184 194 191 180 164 141 127 113 115 135 140 122  88  73  86 108 120 119 122 122 123 122 124 125 123 
174 173 170 174 176 176 172 169 182 180 179 181 174 172 173 180 175 171 172 166 162 158 160 141  92  65  60  58  60  61  59  50  54  57  65  65  63  62  53  53  70 102 136 152 160 162 156 166 181 167 168 166 149 127 158 169 161 157 155 102  60 113 149 142 136 132 131 131 132 136 139 141 148 146 153 182 193 191 178 170 172 162 126 119 136 145 132  95  74  99 111 121 132 140 129 117 108 118 127 132 
169 167 164 165 161 166 171 172 175 174 173 169 170 171 173 176 175 172 174 169 174 165 160 141  96  62  61  59  53  57  56  52  57  52  61  64  65  64  69  69  72 110 151 160 168 179 184 190 195 191 184 186 191 194 190 182 176 172 160 127  88 112 141 109 119 126 125 130 130 117 120 146 150 149 153 175 189 189 183 170 166 167 139 129 130 144 141 104  76  89  96 105 136 156 139 122 111 111 114 111 
153 132 106  99 105 108 117 157 152 125 116 114 109 117 152 168 144 132 132 127 133 153 162 139  92  63  63  58  53  53  53  54  57  57  58  64  68  57  63  58  62 109 165 179 177 175 183 188 199 192 190 187 191 190 186 166 155 194 153 143 117 101 140 106 125 132 145 147 145 132 117 143 148 148 148 158 166 174 172 172 162 141 123 127 131 136 145 114  90  86  83  77  88 111 131 147 148 121  93  81 
146 125  88  87  87  85  97 147 138  93  93  94  87  92 129 147  97  83  82  83  86 125 161 125  75  63  59  60  57  52  57  56  58  58  59  62  72  60  59  58  69 108 168 185 186 182 187 193 203 204 194 194 199 191 193 174 146 125  97 138 120 104 142 116 132 131 134 134 136 124 115 140 146 148 150 150 149 155 152 155 150 149 142 140 131 123 140 134 106  95  84  81  90 112 130 137 131 125 123 124 
160 149 111  96  94  92 118 165 152 108  91  88  85  96 141 155 116  78  73  68  80 137 165 125  77  62  61  61  56  58  54  53  57  56  60  64  68  63  57  62  66 102 163 178 161 161 192 207 209 202 191 195 194 195 195 179 164 162 126 136 129 108 145 129 120 122 127 121 117 118 125 146 145 144 144 145 151 147 146 148 149 155 150 143 127 114 117 140 131 107  98  94  95  96 104 106 114 131 133 136 
176 176 179 171 168 161 174 180 179 170 159 155 155 160 172 172 159 139 128 119 135 161 172 136  86  63  63  64  64  59  57  58  57  63  59  68  65  60  53  54  59  94 157 178 160 168 193 180 191 199 190 195 192 186 194 175 142 137  93 128 131 105 146 151 156 149 149 149 145 151 149 148 149 151 144 146 151 147 150 146 149 153 150 145 128 115 100 118 146 137 114 110 112 108 106 125 145 148 132 142 
134 136 135 136 138 146 142 142 155 154 150 154 156 151 158 158 165 160 162 164 161 164 164 157 140 116  89  68  65  63  61  59  60  60  61  69  73  71  67  62  68  96 163 179 154 174 183 180 187 194 193 195 193 195 197 196 181 153  73 126 139 103 143 149 150 149 153 149 147 149 152 151 152 150 148 151 155 150 150 148 149 152 153 150 137 113  90  90 108 136 150 131 117 119 120 129 136 130 118 121 
 91  84  84  83  76  83  83  85  88  81  83  87  92  91  93  89  85  87  81  84  95 104 109 126 150 152 153 126 103  80  64  60  60  59  65  69  72  75  71  69  82 104 155 183 154 160 176 183 187 194 197 194 202 202 205 199 183 172  95 120 138 103 141 152 147 146 152 151 150 153 156 150 154 154 148 151 153 150 151 150 145 153 151 145 133 115  96  92  89  92 117 145 155 152 142 133 124 121 117 104 
 90  87  90  87  88  90  92  93  91  85  81  81  87  86  83  79  78  75  76  75  74  71  69  71  68  80 106 128 148 140 115  82  65  65  67  74  70  73  71  74  80  94 149 179 157 154 160 164 174 192 195 196 204 203 204 192 183 162  89 111 139 104 140 153 154 153 152 148 149 153 153 150 151 152 150 150 154 150 154 149 147 154 153 144 132 116  96  93  92  86  86  90 102 125 136 147 145 145 142 137 
 82  84  89  86  86  92  91  87  92  89  84  86  87  83  80  80  80  75  78  77  79  73  66  71  68  64  65  73  92 131 144 141 116  83  73  76  71  82  76  75  82  94 150 183 158 159 175 162 152 173 184 197 198 195 197 191 181 170  91 108 149 109 132 152 152 151 151 150 150 155 157 154 150 148 152 145 151 153 152 145 147 152 150 147 139 113  97  90  94  92  94  94 101 111 120 134 132 136 143 143 
 78  84  84  86  89  89  85  86  83  84  88  84  89  84  83  76  78  76  78  80  75  76  70  69  70  68  60  62  60  68  90 131 151 134  99  76  76  81  79  77  79  85 150 188 159 149 159 160 165 173 182 195 194 192 191 196 176 170  95 106 153 107 135 154 141 128 126 125 127 128 133 129 130 128 124 131 146 145 146 147 148 151 150 144 135 120  99  89  89  91 104 115 117 114 113 115 126 143 147 136 
 89  94  94  96  93  95  90  91  90  90  96  94  95  87  84  80  80  77  75  77  72  74  71  67  65  63  57  58  59  62  65  73 108 149 155 112  81  79  80  82  84  86 143 187 191 184 182 185 194 204 197 193 197 194 195 202 175 159 130 115 147 111 130 150 147 148 148 140 142 139 140 140 138 139 123 112 143 150 151 153 149 153 153 148 141 122 104  87  97 108 125 116  83  79  87 101 132 141 141 135 
 88  92  94  88  89  90  91  92  90  89  92  93  97  89  83  82  75  74  72  73  67  68  67  66  66  66  58  62  60  60  61  63  68  92 141 148 124  84  80  85  94  91 140 185 193 190 190 191 196 202 199 193 199 197 195 194 180 149  98  96 153 110 123 148 146 155 152 152 154 153 152 156 157 148 138 117 141 145 147 147 143 147 149 150 142 124 103  96 113 127 123 109  94  85  93 107 116 121 120 122 
 90  90  94  90  91  90  90  89  87  87  88  83  82  84  94  89  83  78  73  73  71  72  71  66  62  60  61  63  61  60  65  70  63  63  85 131 154 118  90  85  89  93 131 181 184 179 177 184 192 189 190 189 190 193 198 197 187 176 112  86 133 105  98 100 124 156 161 162 155 155 156 156 154 149 140 107 122 131 130 138 135 134 137 137 133 124 106 109 126 123 106  90  81  91 106  97  79  95 112 115 
110 105 103  96  94  86  86  93  94  89  88  82  78  77  83  85  84  83  79  72  70  70  73  65  64  59  55  61  65  65  70  62  64  65  62  84 135 152 122  89  85  95 129 163 168 168 166 170 172 171 172 171 173 176 175 180 176 172 135  91  94  89  85  70 106 156 154 159 158 161 161 162 156 159 157 135 138 138 143 141 136 138 138 127 134 129 116 128 129 106  86  77  87 105 115 106  73  91 111 113 
154 153 144 135 127 110  98  98  92  91  82  83  85  80  76  76  80  81  85  83  77  74  76  69  64  61  57  59  67  72  70  63  62  62  66  67  90 143 159 112  90  94 128 170 171 181 178 181 184 181 182 180 187 178 179 184 184 183 178 168 138 113  97  81  98 148 153 156 153 160 164 157 156 155 160 159 166 169 173 169 174 168 162 163 159 140 124 120 107  89  74  79 113 132 129 113  70  79  92  97 
112 127 141 154 162 161 156 139 119 105  93  87  83  81  79  75  76  70  76  83  84  81  76  73  66  66  59  60  65  70  67  65  64  63  70  70  77 110 156 141 107  93 125 166 177 179 178 178 181 175 175 182 184 176 181 184 180 185 184 183 161 122 109  81  87 157 165 167 168 165 163 164 165 160 164 161 161 165 169 170 167 164 163 165 161 141 127 108  89  83  78  82 110 126 114  92  66  77 104 102 
 87  93  98 108 114 127 141 154 164 153 138 119 101  88  85  79  70  72  71  75  80  83  81  73  66  65  65  62  64  70  69  65  60  66  67  70  73  85 129 159 132  93 119 165 178 182 170 173 178 181 177 179 182 174 179 179 177 167 153 145 144 130 116  91  85 150 162 166 162 165 163 163 165 161 157 161 165 170 174 169 170 168 167 169 158 148 127  99  83  83  80  86 110 115 112 112  89  88 118 132 
 96  98 106 112 108  98 106 126 144 140 153 154 148 128 104  90  81  78  72  73  73  77  81  78  76  69  71  64  70  66  70  71  67  64  64  67  71  74 102 152 148 113 114 164 177 176 156 159 176 187 186 191 191 192 185 187 183 175 157 135 130 141 140 115  87 143 153 156 155 158 160 153 148 153 156 158 162 169 169 166 172 170 168 170 161 150 124  96  82  80  78  81 111 112 116 124  97  87 114 138 
101 146 179 183 184 178 194 190 173 151 141 132 132 150 149 133 109  91  81  72  73  78  82  79  81  79  79  69  67  62  62  67  71  66  69  73  77  78  88 133 153 130 116 158 182 172 160 172 185 187 186 189 191 189 191 183 179 173 157 157 153 149 146 121  83 151 164 162 166 159 166 161 159 158 158 154 162 166 170 170 168 172 161 164 162 146 121  91  80  76  74  84 111 119 115 118  99  80 115 135 
179 242 250 250 248 249 248 247 249 246 239 198 134 108 119 136 142 132 110  94  82  80  83  79  78  78  80  78  69  61  62  62  66  67  66  76  80  80  85 116 156 143 121 159 186 181 184 183 180 184 185 190 188 187 189 187 181 165 151 155 163 160 153 127  77 114 131 137 137 135 137 134 133 140 143 139 147 149 153 158 149 152 151 150 146 138 120  92  85  76  69  80 110 125 121 115  99  73  95 124 
246 248 246 244 244 246 246 245 246 245 245 244 208 119  90  90 103 126 143 133 111  91  84  84  80  77  78  82  80  73  65  64  57  64  69  73  80  81  84 102 160 159 135 167 185 185 181 185 182 183 181 183 183 183 183 184 182 174 173 174 172 169 160 146 116 109 113 114 116 122 101 105 109 115 101 100 103  94  93 106  91  94  98  86  90 114 118  90  77  76  73  94 113 120 115 108 101  88  92 111 
247 247 247 246 241 238 239 242 244 245 240 236 230 154  99  86  82  79 101 123 137 126 108  94  81  80  84  81  80  81  77  67  58  65  67  73  76  83  85  97 147 161 139 159 182 185 184 183 179 181 184 183 184 179 179 181 176 172 172 167 171 160 163 165 156 157 165 168 143 140 141 115 114 135 140 139 139 136 134 137 132 122 129 121 109 115 125  97  80  74  66  72 103 121 125 116 105 101  98 101 
248 248 247 221 198 201 194 201 203 206 226 234 233 161  91  80  81  89  87  86  98 125 133 124 104  86  84  81  81  77  78  78  74  72  71  75  74  83  88  91 141 166 139 149 170 178 180 181 187 185 183 179 178 182 179 152 152 173 170 153 163 148 120 142 171 168 166 171 164 147 141 101  99 103 112 147 146 149 152 148 143 131 119 102 100 118 125 105  84  70  56  61 106 126 126 116 105 100  99 102 
