111 111 111 115 106 139 186 177 193 173  94 144 193 191 180 109 104 104 109 119  97  93  92  87  93  95  85  84  80  77  83  80  79  70  68  68  70  70  72  74  80  83  79  71  70  69  67  66  62  61  59  66  65  64  64  64  67  71  67  69  68  85 136  87  81  83  80  78  79  88  89 147 168 145 154 153 166 173 160 165 173 156 149 157 158 163 157  98  88  82  83  83  82  83  87  98 104  99  82  86 
135 129 125 130 146 182 182 181 206 194  96 157 206 193 194 155 105 100 107 120  94  96  91  91  97  97  81  76  89  91  84  84  79  68  70  68  69  74  74  77  76  79  84  74  70  70  69  58  56  63  60  65  66  54  61  66  64  63  67  68  67  72 132 112  82  80  78  75  78  86  87 107 175 148 153 155 156 152 163 168 154 155 161 165 164 167 113  86  85  85  84  81  79  84  79  89  96  93  84  81 
165 162 162 165 184 184 186 192 205 191 101 161 202 189 186 195 172 144 139 136 104  98  97  95 101  97  81  84  95  86  81  78  72  69  71  71  73  73  72  74  78  79  82  80  71  69  67  63  58  61  66  67  61  61  56  63  65  63  62  66  71  69 110 134  87  76  78  77  81  84  86  84 134 169 148 155 159 158 163 160 153 158 166 161 170 141  95  84  89  90  84  76  78  79  84  83  85  80  80  85 
184 179 186 179 188 192 193 195 208 195 101 165 207 189 183 184 190 193 187 175 121 103 102  96  96  99  84  91  91  84  81  78  70  71  67  71  71  69  74  77  73  81  83  81  72  67  65  65  62  57  62  59  56  62  56  54  60  59  59  65  72  71  87 146 100  79  81  77  79  78  80  89  98 167 151 150 159 161 166 165 157 162 162 160 154  97  86  88  84  84  83  82  79  82  85  80  82  76  79  83 
191 188 204 200 201 203 196 201 204 177 101 149 201 188 187 190 180 177 182 174 121 105  99  97  99  96  88  95  86  81  79  74  72  70  70  73  71  75  74  79  76  76  81  80  78  68  65  61  61  62  66  58  61  58  54  52  58  60  65  67  69  70  73 126 129  84  83  79  74  79  82  84  85 130 160 145 155 163 168 179 164 164 159 171 123  82  85  82  85  85  84  77  81  85  82  78  80  78  81  82 
189 187 193 197 196 194 190 198 200 171 109 136 186 193 189 192 188 186 188 176 123 106 100  99 100  98  92  91  87  83  79  72  71  74  76  72  72  72  74  75  76  77  82  80  80  73  63  61  61  65  60  57  63  61  60  62  62  65  70  70  65  71  70  90 149  94  83  84  74  76  91  93  82 101 163 152 148 158 165 177 172 156 155 159  93  86  83  85  86  89  83  80  83  81  78  83  86  85  80  76 
187 185 192 195 192 197 193 196 199 174 102 141 187 191 195 197 195 192 190 173 124 107  97  95 100  98  90  86  84  78  78  72  77  75  80  75  74  74  69  71  64  63  74  75  75  74  68  68  66  66  61  57  61  55  58  63  68  69  63  63  60  71  76  69 136 118  83  78  75  78  88  87  85  99 156 158 147 152 162 166 167 152 158 149  90  87  90  92  88  88  82  85  80  83  81  85  89  84  82  80 
189 182 180 189 188 188 195 194 196 168 103 147 185 190 192 193 191 186 187 178 125 106  99  96  99  95  91  84  81  77  81  79  78  72  73  75  76  76  66  57  55  55  64  68  69  79  76  68  65  64  60  56  51  55  60  64  68  68  57  58  62  66  70  68 104 136  85  80  78  81  79  82  82  97 152 161 152 146 157 156 153 153 172 135  86  86  86  90  85  86  87  87  83  80  80  87  84  82  75  78 
158 154 153 150 186 192 190 195 195 165 108 148 185 194 182 183 193 195 192 180 120 101 102  98  93  95  90  85  82  82  78  77  76  74  77  74  71  71  67  57  61  62  64  59  60  76  76  74  62  59  59  60  62  61  59  60  65  64  63  60  59  60  60  65  73 144 105  81  78  76  82  83  84 101 161 162 160 149 146 149 147 151 167 135  89  85  85  88  87  88  84  83  83  83  83  81  82  82  82  77 
116 121 124 118 125 180 194 191 192 160 108 144 189 189 185 193 165 156 155 148 109  99  97  98  96  95  89  85  83  80  79  78  80  85  80  76  72  68  64  69  63  59  58  58  52  57  62  70  56  56  55  59  61  59  56  56  55  58  61  59  59  61  62  62  69 123 132  85  83  81  79  84  83 113 165 160 160 161 150 147 150 146 157 137  91  86  86  87  90  85  80  82  83  78  83  81  83  82  84  74 
117 113 117 115 107 127 182 186 189 159  98 138 181 182 191 149 108 102 115 119 103  99  95  99 100  97  89  82  81  81  81  79  77  80  78  72  75  62  69  69  58  56  59  63  56  55  55  62  60  57  59  55  57  61  57  56  57  58  61  64  62  57  57  63  67  87 141  98  77  76  81  83  82 140 167 155 163 166 152 149 147 145 156 153  97  92  86  85  86  83  85  82  83  81  79  77  82  78  75  77 
121 115 112 112 109 109 151 184 184 156  93 137 179 186 162 110 106 106 112 112  99  97  96  94  93  94  91  88  84  84  85  82  79  79  77  74  74  76  75  65  58  58  58  66  66  58  60  58  58  53  58  56  64  64  61  60  57  59  56  59  59  60  62  62  64  70 135 118  79  73  73  78  84 143 161 154 165 166 162 155 151 147 150 165 112  90  87  81  81  80  80  79  80  81  80  79  79  83  80  75 
119 117 110 108 112 107 123 180 185 157  98 133 179 190 133  99 103 102 113 107  96 100  95  94  93  91  93  82  75  82  87  81  83  81  76  74  75  74  78  76  67  66  58  58  60  52  54  55  59  56  56  56  58  55  59  54  51  54  54  57  54  56  61  59  55  56 100 138  86  75  73  78  84 100 147 161 162 167 165 157 152 145 142 142 116  93  89  85  83  80  80  77  73  79  82  83  79  81  81  80 
115 115 103 104 109 112 121 177 192 155  93 137 180 186 117  99  96 102 107 105  98  93  93  93  93  86  88  83  78  79  80  81  78  76  75  73  69  75  79  87  70  63  54  49  55  50  50  51  53  58  68  61  60  57  56  44  43  53  51  51  54  52  54  53  59  66  69 138 108  80  80  72  81  92 125 166 162 172 168 163 155 146 142 116  96  98  90  82  83  84  80  79  81  77  78  78  75  74  78  80 
112 111 105 102 110 108 114 173 193 154  93 142 191 180 115 100  96 101 106 102  98  94  90  90  92  91  87  80  78  74  74  77  74  72  74  75  73  74  79  88  77  72  64  62  63  57  53  55  53  55  62  66  58  53  49  45  45  50  49  45  52  53  58  54  56  66  67 117 134  81  74  68  82  89  94 140 162 169 173 177 163 148 132  95  82  83  87  83  79  77  76  80  80  78  77  78  72  74  73  79 
119 109 107 107 111 109 116 172 186 155  99 141 190 178 110  95  97  97 103  96  94  94  89  87  90  91  88  81  79  76  70  72  76  74  69  73  74  72  78  82  84  79  70  67  59  59  62  52  55  58  61  69  61  50  42  48  48  52  54  50  51  53  54  57  51  58  66  80 141 105  80  70  76  82  81 103 119 109  92 100 151 152 105  83  77  81  82  91  81  79  78  77  76  78  76  80  76  74  76  78 
133 107 105 110 105 109 117 168 187 154 102 142 186 179 108  96  91  96 104  95  90  94  92  94  95  88  87  79  81  76  70  70  70  69  72  71  75  71  78  79  82  73  63  59  56  51  50  45  50  54  53  58  62  54  42  49  54  54  57  58  50  53  50  56  56  54  60  63 123 136  85  66  68  79  81  82  82  84  82  76  95 118  87  76  78  77  81  88  90  82  78  77  77  73  79  77  82  80  75  73 
159 110 109 110 108 111 117 175 191 155  97 139 185 177 107  98  95 100 107  98  96  91  89  94  89  85  84  81  77  71  68  68  68  68  70  68  74  68  74  71  65  65  58  59  53  47  43  45  47  55  45  51  59  56  46  48  54  48  50  57  47  47  49  59  60  45  62  71  93 148  99  67  72  81  81  81  85  88  85  81  81  84  78  73  81  76  79  82  91  79  78  76  75  74  72  74  75  79  78  75 
181 120 112 111 111 110 118 180 186 152  97 141 191 175 108  99  97  99 106  98  95  91  91  90  85  82  83  81  77  72  66  69  67  69  71  69  69  72  75  67  58  60  70  54  45  44  47  50  51  48  47  46  47  53  54  48  47  45  43  54  50  44  50  60  64  63  67  64  69 138 125  75  78  78  78  80  83  85  83  84  88  79  76  77  73  76  75  75  84  86  76  72  70  70  70  75  74  74  78  70 
186 134 113 112 113 115 125 181 185 147  93 144 187 179 107  94  95  96  99  97  94  93  92  94  87  81  82  79  75  71  70  77  68  68  68  66  68  72  73  66  58  55  62  55  47  49  51  50  49  42  44  46  45  45  53  47  40  51  49  53  63  51  48  60  58  62  65  59  64 111 136  83  80  85  80  84  81  79  80 114 106  82  77  74  75  79  70  74  81  88  81  76  72  71  72  73  75  76  74  70 
194 156 115 112 111 114 121 177 182 145  96 136 187 179 115  97  94  95 108  97  95  94  95  91  87  78  88  80  73  66  72  72  66  67  69  67  66  68  64  58  56  56  53  51  48  49  49  48  48  51  49  44  41  42  46  46  48  53  55  49  56  57  54  56  58  57  59  60  58  82 147 102  84  80  81  73  77  81  85 116 123  86  78  72  75  75  72  75  74  82  84  76  75  71  76  72  76  74  68  73 
191 182 124 116 113 114 117 178 188 147  97 140 191 177 111  98  99  98 116 100  90  92  92  88  84  82  86  77  75  69  72  71  68  68  69  68  68  66  58  62  53  53  48  41  45  46  51  48  49  56  48  45  43  47  49  48  51  53  53  50  41  50  54  54  54  55  60  60  63  67 126 122  82  80  77  72  79  77  84  92  81  78  75  73  77  75  75  73  72  75  80  79  74  75  74  71  71  73  72  72 
195 188 142 114 117 112 115 181 186 148 104 141 184 176 110  94  93  93 117  98  95  90  87  88  84  79  81  80  72  66  72  74  69  64  68  71  68  63  67  69  56  58  47  46  48  48  49  51  47  54  48  46  45  43  47  51  47  51  56  53  47  55  49  42  54  52  58  60  61  58  97 145  87  74  81  75  76  77  81  85  78  77  75  72  74  79  77  68  72  75  76  81  74  72  69  77  72  69  71  69 
196 191 170 118 113 114 123 178 189 155 100 142 183 171 108  99  95  94 112 101  99  91  87  82  82  77  80  80  72  69  70  71  72  72  73  66  66  64  61  58  54  55  51  51  51  46  46  51  50  51  48  44  42  41  47  48  48  50  51  51  48  52  49  47  58  56  55  59  57  58  80 143 114  74  77  71  74  80  84  79  77  75  74  72  70  73  74  69  69  70  70  78  78  74  66  71  77  73  68  68 
195 188 179 130 114 114 127 178 188 160 112 156 187 174 106 103 100  97 120  94  95  91  87  85  86  81  80  80  71  72  73  67  74  70  68  69  65  57  53  56  53  55  52  48  46  47  49  49  52  53  43  48  46  44  46  46  47  47  49  51  48  45  54  53  56  56  57  59  53  60  67 118 145  86  71  73  74  75  76  74  77  80  77  74  71  71  71  73  70  70  69  72  81  76  65  70  75  73  69  68 
195 181 186 146 113 115 122 180 202 176 112 173 198 179 109  99  97  94 112  99  93  90  86  83  80  79  81  79  72  68  67  69  70  73  71  66  68  65  65  65  58  59  53  54  51  48  48  47  48  49  41  48  51  46  49  50  47  46  49  52  54  48  49  51  52  55  59  58  61  62  69  89 141 128  81  71  71  68  70  76  79  78  77  74  75  75  70  79  77  72  73  72  71  77  69  69  70  72  71  72 
181 189 190 170 116 112 126 176 207 177 108 175 201 175 114  99  98  94 113 101  96  88  85  81  82  77  79  74  69  71  69  65  73  71  64  66  66  66  62  63  59  54  53  54  55  54  48  45  45  44  47  45  48  47  46  46  43  46  48  53  55  51  50  48  49  50  55  50  57  59  69  72  92 152 110  68  68  67  71  75  72  81  79  71  74  76  70  70  73  73  73  77  72  73  75  69  66  72  74  70 
183 194 192 189 133 113 125 181 210 175 118 184 199 176 105 101  98 100 113 100  94  91  88  82  80  77  79  74  67  73  74  70  72  71  69  64  62  57  50  51  46  53  47  48  53  52  48  51  41  37  42  44  48  51  41  45  44  48  46  45  52  57  51  45  51  51  52  49  54  57  54  68  71 122 153  87  66  67  69  71  72  79  82  74  75  76  74  71  71  70  72  72  72  73  80  73  70  70  68  75 
187 193 191 188 152 115 122 180 198 164 109 170 196 170 108  96  95  98 111  96  94  88  89  85  81  80  79  75  70  69  71  73  76  77  68  63  62  60  54  55  50  57  49  53  53  54  52  47  44  45  45  45  48  47  46  48  49  53  47  41  51  50  52  50  51  49  48  47  49  54  57  71  70  64 108 136  72  66  66  71  70  73  77  75  77  72  72  74  76  69  70  70  74  74  77  77  70  73  68  70 
188 193 192 188 180 120 123 180 192 152 110 149 184 173 108  99  95  96 115  99  94  90  85  86  83  81  79  76  69  72  75  72  68  70  72  67  66  68  64  52  50  52  53  57  49  51  48  46  45  43  42  45  44  44  45  45  48  54  48  43  49  54  51  53  56  52  47  52  58  57  56  69  69  60  69 125 118  67  67  68  70  73  77  78  78  74  76  72  73  69  68  72  70  72  70  76  72  70  66  70 
189 192 193 183 193 138 119 181 186 149 103 154 185 176 104  97  97  97 114  99  95  91  87  87  83  78  82  75  72  72  69  69  70  69  67  67  61  63  63  54  52  52  46  45  45  49  45  44  45  48  45  43  50  47  44  42  46  45  44  47  50  54  48  52  52  48  50  51  52  49  50  55  66  62  67  81 140 100  68  71  72  78  77  77  74  76  77  75  68  70  68  71  70  71  70  71  73  73  66  66 
179 185 183 177 184 161 130 184 187 153 104 147 184 171 104  98  96  98 119  99  90  91  87  83  80  80  78  75  70  69  70  72  73  69  69  65  65  66  63  58  55  54  44  42  44  44  39  42  48  52  44  44  46  48  47  42  47  45  47  49  50  51  39  47  49  50  52  52  48  45  56  59  58  67  66  53  86 143  88  76  73  74  76  83  78  70  69  75  71  68  69  67  72  74  68  64  74  75  69  64 
157 186 178 179 181 177 140 184 189 155  99 153 188 173 105 100  95  99 115  98  91  88  85  85  83  79  84  75  69  69  68  67  68  70  65  64  54  52  59  66  57  51  46  47  50  46  46  45  47  47  44  43  44  49  44  45  45  43  42  46  44  51  46  52  54  51  48  52  51  49  51  56  56  67  69  60  59 116 135  73  67  70  66  74  81  69  69  69  64  76  74  69  71  77  71  70  73  71  71  67 
133 184 180 176 179 181 156 187 189 154 102 152 187 173 107  93  93  96 118 101  97  94  89  86  85  82  81  71  72  70  69  65  69  72  65  65  51  58  64  52  46  49  49  44  48  47  42  46  47  48  46  45  44  44  44  42  42  41  42  45  41  48  53  52  55  55  52  53  45  50  55  56  51  49  59  66  67  68 141 117  73  70  69  72  79  75  68  61  67  72  74  67  72  77  76  76  69  71  74  69 
113 166 182 178 177 182 176 189 191 149 102 148 189 173 111  96  93  96 113  98  93  90  84  87  85  82  83  73  75  71  68  73  73  67  64  69  63  59  49  48  45  47  48  44  48  44  38  47  47  48  43  49  50  45  43  46  47  47  44  47  38  50  51  60  56  54  49  55  49  50  49  54  53  54  61  63  75  69  84 148  97  71  64  70  72  80  74  67  76  76  75  70  71  72  73  70  72  72  71  73 
106 142 179 175 177 177 186 198 189 158 104 151 185 172 103  99  95  95 112  99  93  89  89  87  84  83  82  73  69  66  66  70  70  72  68  69  68  57  59  55  49  51  48  49  52  45  46  46  44  46  45  45  48  41  40  47  47  48  44  46  46  47  40  49  52  51  48  52  48  47  46  57  54  51  52  57  63  73  62 104 143  76  67  65  65  73  76  78  75  75  72  68  72  73  67  70  71  73  72  74 
114 128 179 175 178 179 183 192 187 159 109 153 188 170 110 105  97  92 117 101  90  90  91  84  84  82  81  75  72  70  66  67  68  70  71  67  72  57  56  56  52  52  51  51  46  46  46  47  51  45  42  43  45  39  42  48  45  44  44  40  43  44  44  52  54  50  50  55  51  51  51  58  59  53  52  52  58  73  70  72 130 130  74  68  62  66  72  77  75  76  73  66  73  73  71  67  70  72  74  76 
102 112 165 175 170 180 178 178 188 152 111 154 187 167 100 102  93  99 119  97  87  90  90  84  84  82  80  69  71  71  66  75  68  66  65  62  66  53  51  50  47  47  48  50  47  43  42  46  51  44  45  44  46  47  47  45  41  44  40  41  40  42  45  47  49  48  51  55  55  51  54  57  57  50  54  50  55  66  74  72  75 140 109  66  67  69  74  80  78  76  73  69  66  69  73  71  68  71  74  72 
103 104 148 182 173 175 186 189 189 155 107 156 190 166 105  99  94  94 116  95  93  90  87  82  83  79  79  72  70  70  69  70  67  68  68  61  54  49  49  51  50  45  42  47  45  44  44  46  49  41  44  48  46  46  50  47  36  43  43  42  41  42  41  45  53  51  55  48  54  50  52  53  51  40  47  51  55  68  85  74  63  87 146  89  72  72  68  77  79  77  72  73  71  68  73  71  70  69  72  69 
104 102 129 175 178 176 181 189 186 155 108 159 193 167  98  96  95  93 103  96  91  87  89  87  87  82  82  76  69  72  68  71  71  67  67  69  61  55  46  45  49  48  41  47  47  45  46  41  46  48  42  48  47  46  43  39  37  40  44  47  47  46  42  43  55  52  46  48  50  52  54  53  47  42  46  48  50  68  88  86  82  74 109 134  77  67  65  72  80  81  73  64  70  64  67  72  71  70  70  71 
100 107 118 173 178 175 178 187 187 160 113 163 192 165 100  94  94  98 101  98  92  87  92  88  84  76  76  77  69  67  65  65  71  68  67  72  62  54  51  49  43  48  50  44  41  46  47  43  45  49  45  44  39  41  44  46  41  40  37  45  48  43  45  48  44  49  44  49  48  55  53  45  41  44  53  52  56  61  74  82  76  71  66 126 118  70  62  66  80  78  73  69  67  64  66  70  66  71  67  67 
103 100 108 161 177 170 179 190 187 160 114 159 193 159  97  94  90  94 103  97  91  89  91  87  80  82  77  73  69  69  69  69  67  67  62  60  55  59  51  49  52  51  41  43  47  46  47  44  45  44  50  47  40  40  47  48  40  39  40  48  47  44  48  46  40  52  51  53  52  48  53  50  41  45  41  49  54  57  63  69  64  65  57  68 144 100  69  61  67  80  77  73  68  70  71  68  70  68  71  69 
102 102 102 142 177 175 178 189 187 153 112 159 193 169 103  98  92  93 101  93  93  91  88  81  82  79  75  74  70  67  68  70  66  69  62  54  55  58  52  48  42  41  45  47  46  50  46  47  46  48  47  46  46  47  49  39  42  41  44  49  45  42  45  52  49  52  48  46  50  51  56  54  46  45  44  46  51  55  55  56  58  58  60  56  87 138  87  65  59  71  76  77  73  69  70  70  71  69  69  70 
104 105 101 129 174 174 177 185 181 159 117 161 196 166  97  96  94  95 105  96  95  92  88  87  84  80  81  70  68  63  62  70  69  67  67  63  63  65  57  46  42  41  43  45  44  46  47  44  47  46  46  46  44  44  41  43  46  43  45  41  39  48  50  47  51  51  49  48  48  47  52  54  47  46  45  52  56  55  53  52  54  57  56  54  50 123 134  81  66  62  73  80  71  68  67  63  66  71  63  68 
106 106 103 111 166 172 174 182 189 156 110 161 187 162  99  95  94  98 103  96  89  88  89  86  85  83  80  77  69  67  69  71  65  65  65  68  71  59  50  46  47  45  44  45  46  43  43  39  40  44  42  47  48  41  38  44  39  37  40  40  41  51  47  43  46  48  46  48  45  45  51  48  45  51  47  51  56  52  54  54  54  54  54  53  59  74 144 119  71  67  66  76  77  68  68  68  64  65  62  65 
106 110 103 100 162 175 174 181 183 151 111 167 189 162 102  93  96  97  99  96  91  86  88  88  85  84  84  79  70  69  66  66  63  65  66  68  72  59  56  55  49  45  44  52  50  44  45  43  43  48  43  46  48  43  42  45  42  38  35  36  41  51  52  38  41  47  44  44  42  48  48  45  46  48  45  52  52  47  53  53  55  50  51  52  50  54  93 143  85  64  67  72  79  70  67  65  68  63  63  66 
104 105 100 101 150 175 172 182 183 148 114 167 195 158  97  95  98  96 102  96  90  88  87  86  83  82  81  75  70  65  67  68  67  68  66  58  69  48  54  52  50  43  44  52  50  48  45  45  43  45  42  40  41  44  46  46  43  39  39  37  39  44  48  43  44  47  42  46  50  47  48  45  42  45  50  48  53  53  50  53  52  45  48  43  48  51  66 130 118  67  66  65  76  74  64  62  65  65  64  64 
103 108 103  96 134 174 173 183 183 145 114 163 193 159  94  96  95  95 102  91  87  89  89  86  81  83  84  77  71  64  69  65  66  70  63  60  61  47  47  44  46  49  49  49  45  48  41  43  44  48  40  35  40  44  41  43  43  42  42  41  42  43  46  45  46  46  46  44  47  47  50  40  42  47  52  54  54  51  48  53  45  47  49  39  39  48  56  80 137  77  60  56  64  72  69  68  63  66  65  61 
101 108 102  97 125 177 171 178 179 150 115 160 193 160  99  97  94  93  99  89  85  88  89  85  78  77  84  77  75  68  66  64  68  67  67  61  51  51  48  44  46  50  49  44  41  44  42  44  43  45  39  38  39  40  41  48  42  45  44  43  53  46  44  46  42  44  46  44  46  52  55  45  43  48  51  56  55  53  49  47  44  51  45  42  42  48  57  67 120  97  62  54  58  66  73  70  65  63  63  62 
101 100  98  98 110 170 171 170 182 150 111 177 195 157 101  93  95  95 100  91  92  87  84  84  78  77  82  76  71  73  68  67  66  63  61  59  48  53  50  52  50  47  43  42  41  44  44  41  41  41  40  42  36  40  42  44  40  46  49  50  53  41  39  44  46  45  46  45  50  50  50  44  51  49  49  52  48  49  45  45  47  48  46  49  49  47  45  51  93 123  68  57  56  62  71  67  68  61  62  64 
103  98  99  99 105 163 172 169 182 141 107 180 191 160  97  93  94  95 103  89  87  90  85  81  76  79  83  80  75  69  71  71  65  66  66  65  49  58  60  60  51  44  44  48  45  44  41  38  40  40  41  41  40  41  43  43  42  42  46  52  47  44  39  42  41  45  50  47  48  50  40  41  48  51  52  51  53  52  41  45  45  45  41  43  45  44  42  47  61 131  83  57  52  57  66  73  70  62  60  64 
100  98  99 101 106 157 178 170 178 146 108 176 187 156  96  93  91  93 106  91  86  83  85  79  77  77  79  77  75  73  70  70  64  63  65  54  51  59  56  46  46  45  46  43  44  43  42  45  44  38  41  43  43  39  43  47  40  43  44  47  44  44  43  50  44  40  44  46  45  47  45  46  44  47  53  52  53  49  42  43  42  45  37  40  43  43  47  49  48 102 112  65  61  55  54  69  72  73  63  64 
101 102  97 105 102 144 181 172 175 143 117 172 189 153  95  94  92  95 106  92  87  80  83  85  79  80  81  73  68  74  69  66  67  67  72  60  60  68  53  43  48  50  46  44  46  45  44  40  45  41  46  39  36  40  41  39  34  39  47  51  52  44  42  47  43  43  48  47  46  55  53  51  41  45  46  50  48  42  43  43  40  39  36  42  42  39  43  50  46  78 132  78  67  54  47  55  72  73  67  65 
104  99  97 101 100 134 180 171 174 142 120 165 189 153 100  93  90  94 103  89  89  84  82  84  82  76  82  82  78  72  67  66  66  67  70  70  69  61  52  51  49  48  47  51  49  48  51  43  43  44  43  40  43  40  38  39  38  41  44  45  49  52  39  41  46  44  45  49  48  49  48  48  40  44  46  45  50  46  48  50  46  38  38  45  43  39  40  47  44  52 120 100  66  54  44  51  69  73  67  66 
103  97  99 103  98 119 180 168 167 140 119 164 191 156  98  94  92  96 106  92  89  91  86  88  79  76  81  77  75  74  72  73  71  68  69  74  73  54  52  58  55  50  47  50  50  47  44  46  48  41  41  43  43  40  41  45  43  42  48  45  49  49  43  38  41  43  45  47  49  40  46  50  43  48  49  48  56  48  43  46  42  36  39  43  43  41  44  42  48  51  95 124  69  55  49  52  56  66  67  64 
102 104  99 104  96 115 176 172 173 144 112 163 194 149  96  90  90  93 107  93  85  85  83  85  83  78  83  74  75  71  68  73  72  70  66  71  67  55  62  70  62  49  43  47  45  48  43  41  42  43  44  43  35  38  40  43  41  46  48  44  44  45  41  36  40  48  45  44  48  48  41  48  41  45  52  54  51  45  44  45  41  45  42  39  42  38  40  40  46  47  58 131  85  55  57  52  54  64  71  69 
102 103  95 104  99 113 176 174 175 139 120 159 193 155  93  91  88  96  99  97  90  84  84  87  82  80  80  77  73  71  68  69  71  70  69  74  76  67  67  64  51  46  45  54  48  44  44  45  38  42  41  40  36  38  39  40  37  43  48  46  42  42  44  37  40  47  45  47  46  48  45  45  42  44  48  49  44  37  43  49  45  41  41  38  39  41  41  42  42  47  43 107 112  62  55  50  55  56  63  67 
104  99 100 103 102 112 164 181 172 138 124 162 192 151  91  92  92 100 106  97  90  86  83  84  82  77  78  77  76  73  72  73  71  75  72  69  78  78  63  62  52  46  47  54  50  47  52  46  38  42  40  41  39  41  36  36  37  44  52  49  45  41  41  45  43  41  47  51  47  45  39  44  46  48  44  44  44  43  49  44  41  37  39  39  40  40  41  44  42  46  42  83 130  74  54  55  48  54  60  70 
104  94  96 101 102 108 162 179 171 139 115 167 187 148  95  94  92  98 106  92  91  85  84  88  80  78  79  78  81  76  75  72  71  71  73  76  79  73  64  59  50  47  49  50  44  47  47  43  41  43  39  38  36  35  40  39  38  38  45  44  43  42  42  40  34  35  49  52  53  53  45  47  47  49  47  42  42  44  44  43  44  40  42  39  43  39  40  40  39  45  41  67 132  92  57  58  51  49  51  66 
104 101  97 100  96 100 158 181 172 137 114 167 187 148  96  92  87  99 101  94  90  88  91  88  79  80  80  75  77  76  75  74  76  75  73  71  71  70  66  59  51  48  52  49  43  45  41  44  41  40  39  36  36  36  39  38  39  37  40  37  40  40  41  43  37  39  42  44  41  41  44  47  50  55  45  37  41  41  42  43  41  37  39  41  44  44  42  41  42  46  43  56 119 123  62  53  54  52  50  57 
104  98  92  97 102 100 152 184 178 130 116 167 190 144  97  93  94  99 102  95  91  88  87  83  80  76  81  74  74  76  74  78  74  73  73  72  70  70  71  68  55  54  53  46  46  42  40  40  36  40  42  39  36  35  36  38  39  37  41  41  38  36  37  44  44  41  45  45  39  36  38  46  48  45  34  31  40  42  42  42  40  37  41  41  39  43  42  40  47  47  45  51  87 138  80  55  53  50  47  53 
103  96  97  99  99  96 149 183 176 133 124 164 190 148  93  90  91  94 105  98  95  89  87  87  80  80  79  78  77  73  75  77  75  74  72  68  67  67  69  69  64  56  47  42  47  44  42  45  41  43  43  42  43  38  42  42  42  39  40  40  37  43  43  42  39  41  40  41  43  36  39  45  48  38  36  39  39  44  42  40  39  40  39  39  39  43  41  37  41  46  48  55  66 132 109  63  58  55  54  52 
 94  94  97 100 101  99 141 180 172 132 125 165 190 147  97  89  92 101 104 100  89  91  90  90  87  83  81  79  76  74  76  75  79  75  72  69  69  66  67  67  59  56  51  48  47  46  45  50  42  40  45  41  41  38  39  40  44  43  39  38  41  42  39  39  39  40  42  39  44  44  39  41  47  41  45  44  38  38  40  40  42  43  39  38  40  43  45  41  41  46  46  60  61 115 124  66  60  57  57  50 
 96  91  93 102 100  96 132 177 170 128 123 170 181 145 102  93  92 101 105  99  92  89  93  92  88  80  82  78  78  77  74  70  71  72  70  68  67  68  67  61  51  51  58  52  48  46  48  47  47  44  41  37  38  38  38  37  37  40  34  38  40  40  37  43  43  41  38  39  41  41  30  45  48  43  41  44  44  37  39  42  42  40  42  39  42  45  40  40  47  52  45  57  59  82 138  82  57  58  54  53 
104  96  93  95  98  96 132 185 172 132 121 161 185 144  94  92  91  99 108  99  97  88  92  94  85  83  82  78  77  75  76  72  71  72  68  67  67  68  64  64  55  54  59  54  51  50  42  39  43  42  39  40  43  45  41  41  40  41  40  46  44  37  38  40  42  44  43  40  43  41  42  45  51  48  42  38  40  40  43  42  40  42  40  39  40  42  44  38  41  51  49  59  60  66 130 106  64  60  54  50 
102  96  99  98  94  95 127 186 173 130 122 167 186 141  96  89  92  95 107  98  96  95  91  87  87  85  84  77  76  76  74  72  76  73  72  71  70  66  70  72  62  56  56  52  41  50  48  40  42  42  40  42  44  43  44  41  38  36  43  44  45  45  40  40  43  37  39  39  40  42  39  36  42  46  35  35  39  41  43  43  40  43  41  39  39  39  42  42  44  49  47  53  61  55 102 135  66  57  56  49 
 99  98  95  98  98  95 131 184 175 132 123 167 189 141  90  92  87 101 108  99  92  89  87  85  91  84  85  78  77  77  76  77  78  79  72  73  70  71  73  70  72  67  63  48  42  47  45  49  46  42  46  45  44  38  38  35  40  39  40  47  46  47  41  38  42  38  35  40  37  39  35  36  40  46  43  49  44  37  42  50  39  40  41  39  38  39  37  37  41  46  50  55  56  55  71 143  85  58  55  52 
 96 100  96  94  99  96 133 187 179 134 124 166 188 137  91  91  90  98 105  94  92  90  89  87  93  84  79  81  78  77  79  75  76  78  75  76  72  73  70  74  74  68  56  44  47  46  43  46  44  40  46  44  43  41  38  41  47  46  49  48  46  37  38  37  40  39  38  41  38  39  37  39  41  44  43  47  42  41  43  45  40  38  40  36  38  38  42  40  38  45  45  60  55  50  55 123 114  65  59  57 
 96  97  95  96  99  94 130 189 176 132 124 167 187 138  95  86  89  96 101  96  90  88  93  93  90  87  86  79  78  74  75  77  78  76  79  75  68  67  67  70  73  64  53  46  45  45  45  45  41  42  49  44  42  46  42  46  43  43  45  48  49  44  39  37  38  35  38  40  38  39  36  41  39  40  44  38  43  45  45  42  36  36  38  42  40  41  35  39  41  46  44  52  65  61  59  94 139  80  58  56 
 99  96  92  95  99  96 133 193 172 132 124 166 190 138  95  87  89  99 104  95  92  89  92  96  89  86  89  78  79  74  70  78  76  70  76  71  72  72  69  69  65  60  50  47  51  49  44  42  40  41  44  52  53  44  46  51  36  41  42  48  46  49  40  36  36  34  40  41  36  37  37  37  35  34  38  38  46  40  40  41  34  38  39  47  42  36  39  45  46  48  45  51  61  65  64  73 138 109  65  57 
101  97  95  97  97  92 132 189 171 125 129 165 188 134  97  88  84  98 105  95  88  86  91  92  89  84  84  78  78  75  74  71  76  68  74  76  74  77  77  81  67  64  49  49  48  42  46  45  44  44  46  45  49  49  45  43  43  50  52  51  43  44  40  38  37  38  45  37  35  38  35  39  35  36  37  39  35  37  39  37  33  37  38  43  43  38  39  43  40  48  42  49  54  62  71  68 103 138  76  63 
 98  94  92  95  91  88 138 192 168 128 131 170 190 132  96  89  90  96  98  90  90  83  88  92  89  90  88  78  78  80  73  72  70  74  80  82  76  73  72  80  76  66  53  49  41  41  46  47  50  49  51  43  45  51  47  48  51  51  53  50  42  45  44  37  41  38  37  37  38  37  33  37  37  38  36  38  41  42  39  36  39  39  38  42  39  40  43  44  39  42  40  46  54  56  75  76  75 132 110  71 
101  92  90  89  91  95 142 187 169 126 131 170 197 135  92  91  92  96 101  94  91  86  85  89  88  85  84  81  79  77  78  77  77  78  81  81  75  70  59  74  74  68  57  50  43  48  48  47  47  41  47  44  43  47  44  49  51  49  52  46  46  55  41  35  36  41  39  39  43  39  36  38  38  37  39  34  41  44  44  41  40  37  39  40  42  41  42  42  42  40  40  49  51  53  57  65  64 100 141  82 
102  95  90  93  94  92 135 183 186 140 143 181 194 137  90  90  88  95  98  91  87  90  91  90  87  86  83  78  82  84  80  83  80  77  79  82  76  70  65  67  65  57  53  50  51  47  48  47  39  39  48  52  41  44  41  41  44  44  46  55  55  51  40  38  39  41  39  36  39  40  39  41  38  38  40  39  45  45  42  39  43  39  38  41  45  37  42  41  40  39  42  51  54  55  61  57  57  69 125 121 
100  99  94  96  96  93 140 180 187 138 140 184 189 130  90  93  86  94  99  87  86  87  88  87  86  88  83  82  79  80  80  83  77  78  78  76  76  76  72  55  57  53  52  51  46  45  49  48  47  46  47  42  35  39  44  43  42  45  48  54  54  46  40  40  41  39  39  37  41  39  36  37  37  40  39  40  44  41  39  38  40  37  38  39  39  38  41  39  38  40  43  51  54  56  58  52  50  61  77 137 
102  99  97  93  98  93 138 187 192 134 138 188 193 128  90  87  93  93  99  88  91  89  84  84  85  84  83  81  81  77  81  77  77  79  76  73  71  75  73  58  53  58  59  55  48  48  46  43  48  50  46  43  44  43  42  46  47  46  46  46  48  50  44  39  39  38  41  39  38  40  40  39  37  37  38  36  41  38  39  40  38  41  38  37  39  42  42  44  39  47  44  55  54  54  54  53  54  51  56  98 
106  97  94  97  97  93 139 188 184 135 146 183 194 128  90  92  91  95 100  91  88  82  85  86  83  84  84  79  81  81  80  79  79  73  74  73  74  70  67  57  50  50  61  57  44  44  42  43  44  48  47  43  46  46  44  50  52  53  51  56  52  48  41  41  38  36  40  40  38  39  42  37  35  34  36  39  42  40  40  39  37  39  40  39  43  38  40  43  46  48  40  45  53  46  55  53  52  47  54  68 
109 100  96  98  98  94 138 191 171 128 137 170 193 129  86  86  89  98  99  88  84  82  90  80  82  87  79  77  80  76  78  77  70  69  70  69  63  61  62  54  52  45  54  51  43  48  43  43  39  44  44  42  46  45  51  49  52  52  50  54  52  50  47  46  40  33  33  38  37  36  35  35  37  37  36  39  40  41  43  43  36  39  39  44  39  36  40  43  44  40  47  55  51  47  51  48  42  48  55  60 
100  97  96  98  94  93 136 187 168 129 141 171 189 124  90  88  90  95  98  85  81  85  86  80  77  78  83  80  80  80  78  74  76  72  69  67  65  54  58  60  50  44  49  55  42  45  46  41  37  44  44  42  46  47  44  44  47  50  46  49  47  47  51  44  41  36  40  39  35  37  37  34  35  37  35  37  38  38  44  38  37  36  41  42  40  38  41  41  39  45  48  54  52  49  52  49  46  43  50  56 
 98 103  97  95  91  91 137 190 170 129 140 175 192 129  91  87  88  99  98  90  87  81  84  80  77  80  84  79  77  81  79  74  74  71  73  69  68  61  54  50  43  45  50  46  47  45  47  44  42  41  45  45  41  44  36  35  45  52  49  50  46  52  48  38  41  39  43  42  36  38  41  39  36  36  35  37  40  40  42  39  43  44  42  39  41  39  40  39  40  44  48  50  53  55  49  57  49  52  50  48 
 97  94  95  94  96  91 147 195 166 127 140 171 196 127  83  88  83  92  94  88  88  84  86  79  79  81  82  76  78  82  77  71  67  71  68  67  72  69  59  55  50  51  51  48  53  54  51  47  46  44  44  42  44  41  41  41  47  50  55  56  50  43  46  40  40  38  39  42  41  39  42  39  38  42  41  38  41  40  40  39  40  42  44  39  39  39  44  39  41  49  46  48  51  51  56  54  56  50  45  44 
 89  91  94  91  96  89 137 197 171 130 148 172 191 119  93  90  83  91  96  87  87  82  85  81  81  83  82  76  78  77  72  73  68  67  68  64  63  66  59  54  61  59  47  48  52  55  47  42  42  43  42  45  48  45  43  50  53  48  50  49  41  41  44  46  49  42  40  42  39  36  40  42  38  37  38  39  36  42  35  39  41  43  47  43  38  44  41  36  37  40  42  48  48  49  52  52  57  51  47  47 
 90  92  91  93  94  94 138 194 182 134 149 177 189 122  91  86  82  94 100  88  84  82  81  82  79  83  85  80  76  76  73  72  71  68  67  58  51  55  49  47  56  53  47  45  46  43  42  38  42  41  39  42  48  40  48  51  52  50  53  47  42  43  48  43  38  44  43  40  37  38  39  42  40  36  39  44  40  42  40  37  43  44  40  40  40  42  40  37  39  41  45  50  47  46  45  47  53  51  49  52 
 94  95  93  93  95 100 143 197 179 128 148 177 192 126  95  89  85  94 102  88  87  87  87  84  84  86  85  80  76  75  70  69  68  68  66  53  56  55  51  54  48  49  43  44  45  43  51  44  41  44  44  46  40  39  46  50  48  53  54  51  46  46  44  41  36  40  41  40  40  40  42  42  43  40  44  41  41  39  42  40  42  40  42  37  39  42  41  40  38  43  42  43  45  48  49  51  48  49  52  52 
 97  93  96  93  94  99 145 193 171 134 152 180 194 123  97  86  83  94 102  89  88  88  84  83  82  81  83  78  74  74  68  68  65  67  68  67  67  59  61  59  55  51  45  44  41  41  50  45  40  46  45  41  41  45  41  43  39  49  50  50  36  40  36  37  38  37  39  38  44  41  41  37  36  37  37  42  42  35  36  39  39  41  42  41  43  43  39  38  40  40  44  45  42  46  45  50  50  48  47  57 
 95  95  92  95  97 100 148 190 172 129 151 175 187 119  92  86  85  93  95  90  82  84  84  85  84  83  83  76  70  76  73  70  68  68  71  69  70  62  54  60  51  46  45  42  42  46  46  41  39  41  36  42  43  43  46  46  39  43  45  41  35  42  37  43  39  39  42  35  40  37  32  37  38  37  35  39  41  37  36  42  39  37  40  40  38  41  41  39  41  42  38  47  45  43  50  53  51  52  49  52 
 92  97  97 103 100  97 150 193 172 132 147 177 196 119  90  81  84  94  97  90  79  82  86  81  81  81  78  79  76  76  70  69  70  68  69  66  58  62  49  51  42  46  42  45  50  49  46  45  42  41  37  38  43  39  41  51  50  44  37  37  38  40  43  39  40  42  38  35  37  37  37  36  37  40  38  38  43  36  40  41  38  35  37  38  39  35  38  41  40  41  39  42  43  42  53  55  48  52  49  51 
 94 102  99  97  96  98 153 195 168 127 147 177 189 119  95  84  85  91  96  87  85  82  81  82  79  83  84  73  73  77  73  69  70  68  66  66  62  58  45  48  49  44  39  43  52  49  48  45  46  40  39  37  38  43  41  47  46  45  47  42  40  41  46  37  39  34  34  41  40  38  39  36  38  45  41  36  37  37  40  36  39  42  36  39  40  38  36  38  44  43  42  46  45  47  49  55  49  51  45  47 
 95  98  97  97  95  97 156 190 172 127 146 171 190 112  90  84  84  94  96  89  84  86  82  84  81  83  82  74  68  71  74  64  64  67  66  58  53  48  43  54  55  43  43  45  46  44  36  42  39  39  40  41  43  46  45  42  50  46  46  40  38  45  48  40  40  36  39  42  43  40  40  39  38  40  44  42  40  36  35  39  37  37  35  37  41  38  38  39  43  42  37  41  41  46  50  49  50  47  44  48 
 91  99  98  98 100  98 152 186 165 127 148 169 187 114  91  93  85  91  93  87  86  87  84  86  79  83  81  73  69  65  67  72  65  66  59  43  46  48  47  48  44  38  42  43  46  42  42  41  45  46  40  45  47  40  43  45  45  50  42  37  42  47  44  43  43  43  38  40  39  39  39  39  36  35  42  41  39  38  41  43  39  44  43  35  38  43  40  37  41  44  36  45  40  47  48  44  47  48  41  44 
 95  97  99  94  94  94 158 189 168 129 149 171 191 119  92  93  87  93  92  83  86  89  86  84  76  82  77  75  72  68  66  66  63  61  58  48  49  50  47  48  42  43  42  39  40  45  45  45  45  46  45  44  45  42  42  48  50  49  38  39  40  37  41  42  39  44  40  39  42  38  37  38  38  38  42  41  38  39  42  42  43  40  41  38  39  42  39  37  40  41  41  49  49  50  48  44  48  51  46  42 
 96  96  98  93 100  99 158 192 164 138 147 175 186 112  92  92  89  98  96  86  85  87  81  79  76  76  78  75  75  71  66  70  72  65  55  51  50  45  45  50  45  44  41  42  44  39  36  41  42  47  45  41  38  45  43  43  44  45  39  38  41  41  43  40  40  45  40  44  43  44  37  35  38  43  42  40  39  38  39  43  43  42  38  35  39  39  38  37  38  42  53  53  49  49  52  50  46  46  46  49 
101 103  99  95 104  94 157 191 167 143 150 170 193 116  91  93  87 108  96  89  89  87  83  80  81  82  73  72  77  82  80  77  78  68  56  52  57  51  44  47  48  48  45  47  49  45  39  38  45  45  38  41  38  39  42  44  46  44  43  42  43  41  44  42  41  41  43  42  40  44  40  41  40  41  43  43  37  37  37  40  41  38  37  36  41  38  40  39  39  40  43  42  47  45  44  46  46  43  45  43 
103 102 105  95 101  98 164 190 168 136 151 174 194 116  88  90  88  97  97  89  88  89  84  80  73  83  76  77  76  84  87  91  93  81  64  62  58  52  49  51  49  53  51  54  51  46  45  43  48  50  50  45  47  48  48  45  47  46  46  42  45  45  48  45  45  42  39  44  45  47  43  47  46  43  43  45  37  38  40  45  46  42  42  41  47  42  41  42  44  36  39  41  44  45  39  38  40  38  37  35 
100 101 101 101  99  99 159 193 168 136 153 178 195 117  91  90  86  97  94  89  87  87  86  83  77  75  75  77  76  77  75  84  90  83  72  64  50  46  48  49  46  43  49  59  51  49  41  45  46  49  58  53  52  57  47  45  46  45  48  49  48  44  50  53  46  50  50  49  53  48  41  43  45  44  47  48  41  40  42  44  51  50  49  47  48  42  43  44  52  46  45  50  47  52  45  40  41  47  46  43 
 99 101 104  98  95 104 160 191 174 143 156 176 190 118  89  91  88 100 100  89  85  83  84  84  77  74  75  76  68  68  70  70  73  71  76  71  61  52  56  59  59  59  56  59  57  53  56  51  50  53  52  55  53  55  56  57  52  46  49  51  49  48  52  49  48  50  56  53  53  52  46  44  44  44  44  49  47  41  44  47  55  52  58  55  40  44  44  47  59  56  59  57  48  58  55  44  41  43  55  50 
103 105 103  98  95  98 172 186 169 144 155 179 193 113  92  88  90  96 100  90  88  83  84  79  82  81  71  79  71  68  69  69  63  66  66  67  68  63  68  64  59  60  62  61  58  57  56  55  56  51  49  47  52  55  54  55  50  49  50  48  48  55  52  52  53  50  53  53  50  53  51  51  55  51  47  47  51  46  53  50  48  55  55  51  49  51  50  53  55  59  58  59  51  53  62  55  51  55  57  60 
104 104 103 102  98 100 164 183 159 134 152 183 191 115  94  90  87 100  99  89  85  84  89  84  83  81  74  74  74  72  67  65  67  65  61  62  68  65  63  63  65  58  56  59  56  50  48  51  54  53  50  52  45  49  54  51  46  46  54  56  53  56  51  48  53  50  47  52  52  53  51  51  48  49  49  46  51  53  54  53  50  53  52  51  52  53  56  51  57  63  54  50  47  53  58  58  59  58  59  60 
105 104 103 102 101 103 164 188 162 137 157 178 190 119  96  93  86  95  94  89  84  88  86  82  79  78  78  74  77  80  71  68  66  66  65  63  63  65  63  62  63  64  60  60  64  57  50  56  57  49  53  52  47  48  49  48  43  42  45  50  51  47  50  51  52  52  52  52  51  56  56  54  51  53  54  49  52  52  59  55  53  53  55  52  49  47  49  50  52  56  50  50  53  56  62  60  59  58  62  58 
111 107 103  99 103 103 168 190 164 141 162 179 191 110  92  89  89  96  96  86  90  86  85  82  83  83  80  76  78  78  78  72  68  66  67  68  62  63  68  65  68  67  65  66  67  61  57  57  56  47  46  54  52  50  52  49  50  50  48  49  48  46  53  52  49  50  52  51  52  54  54  56  55  54  52  53  47  46  56  53  52  53  54  54  54  57  50  48  48  52  48  46  51  57  60  62  57  60  61  56 
