104  69  81  79 130 101  64  76  81  74  67 115  94  55  54  55  58  53  88 116  35  55  44  48  99 128 121 148  86  84  85 108 107 117  87  76 102  43  55  33  63  99  30  86 117 154 221 165  76  68 
 94  84 104  85  89 119  55  64  86 110  64  54  85  96  60  64  76 138 138 132  97  89  77 116 119  38 118  74  43  46 111 141  49  24  31  58 139  84 105  76  64  93  37  51  57  71 144  77 108 121 
 55  62 100 132 110 112  71  69 107 138  66  62  90 151 152 127 132 102  91 118 133 106 124 117  99 133 125  41  43  38 117  79  46  48  26  27  48  77 116  92 132 106  83 119 115  95  96  60  54  40 
 65  60  82 110  98 118  88  65  99  93  63 119 134 104 146  83  67  61  68  62  99  76  72  58 129 155  66  38  59 106  73  57  68  51  58  23  17  62  83  25  94  49  28  50  94  37  26  52  53  12 
 62  78  73 122  68  88 112  86  90  76 127 144  50  52 105  79  65  73  59  63 132 102  84  45 146 108  56  63 130 107  43  44  33  74 143  41  19  13  18  44  96  60  53  45  48  98  35  21  30  15 
 88 117 134 188 176 160 142 127 151  74 153  67  90  74  78 101  69  83  61  51  80  71  48  65 184 134  74  46  44  55  40  39  40 120  82  55  24  14  59  75  82 110  56  74  39  62  56  23  31  26 
176 143 126 186 111 118 101  84 111 153 134 124 105  75  71  94  55  72  59  70  71  88  73 139 131  74  73  85  55  55  53  61  56 106  15  42  30  17  34  37  44 126  18  33  28  20  26  59  22  37 
 95  73  58  73  90  68  80  79  74  72 179 161  62  93  59 103  73  62  79  95  89  75 142  88  79  66  42  74  91  98  65  50 110  96  25  11  20  17  22  12  28 134  83  37  30  38  26  51  58  35 
 85  79  77 106 201 126  76  78  75  54  68 128 155 108  39  88  88  78 112  81  80  81 217 125 105  73  42  45 100  90  84  94 139  38  42  40  21  17  16  20  15  80 107  38  27  35  23  28  54  33 
 77  68  84  90 150 142 107 107  68  76  64  69 150 166  41  90 116  89 106  92  61 134 142  99  74  59  50  66  93  45  78 158 110   9  14  75  37  19  32  40  27 101 106  52  79  53  18  35  30  23 
 78  92  74  71  73 122  98  96  72  85  64  92  45  84 122  96 101  76  73  95  97 123  56  93 103 105  77  96  70  44  47 110 141  50  30  30  36  45  42  49  55  89 131  51  97  62   8  16  15  12 
 80  68  78  64  68 144 146  74  77  69  80  74  65  80  99 195 109  56  64  81 147  90  66 116 104  75  70 118  97  68  49  57 114 147  89  40  58  63  53  32  40  57 121  69  61  49  88  82  41  74 
 67  95 107  93  90 106 153 137  79  95  87  55  82  68  51  79 157 117  61 106 126  83  93 164 104  88  94 107  87  88  87  64  57  79 141  98  73  96  55  48  65  34 118  84  62 106 180 163  73 129 
 57 103 106 102 106 100 162 183 142 125  71  55  58  72  85  53 135 133 144 185  79  85  86 110  79  78  92  86  75  54  62  53  63 129 109  51  85 110  90  72  81  57 100 134 139 141 136 130  42 145 
118  95  94  90 129 126  97 149 194 106  77  63  62  77 103  95 110  46 104 191 101  51  72  93  70  72  54  47  61  72  64  70  38  96  67  49  51  85  75  74  91  73 149 163 134 160 127  89 142 125 
167 121  88  88 117 116 122  94 121 126  81  84  66  70  94 133  80  75  82 116 133  53  30 118  85 102  57  61  54  47  67  91  86  50  43  69  91  92  72  85  72  98  79 129  65 125 118 164 142  54 
169 159  94 101 116 122 121  99 119 207 134 114  58  92  99 125  54  83  72  56 107 131 105 107  91  91  65  46  71  58  61  74  69  62  80  72  81  75  44 111 132 133  27  89  80  65  96 157  51  43 
164 176  87 110 113 119 138 133 103 195 189 120 114 102  95  71  59  58 103 118  62  91 169 189 166 148  77 133 100  49  57  46  36  62  84  73 118  40  46  81 129 112  47  69  96  98 149  65  42  38 
143 202  82 107  89 106 126 166 207 190 110 105 159 122 121  55  71  83 175 122  89  53  79 123  85 126 118 202  81  43  64  54  44  66  85  42 100  98  70  68 159  61  83  75 102 182 109  44  57  40 
 91 197 130 112  88  86  95  79 145 136 100 121 152 148  84  70  67 131 142  54  56  73 140 117  71  93  67  57 105  60  29  47  40  58  52  66  65  74  41  97 100  70 109  52 167 149  77  84  85  89 
 99 102 159  97  77  88 108  70 103  82  93 155 128 103  67  61 100 176  81  75  88  65 118  79  85  81  73  84  73 120  78  55  40  57  48  53  82  54  46 142  77  45  75 138 209 112 151 153 160 119 
127  86 167 133  69 119 131  90 114  54 144 190 114 169  85  48 167 117  59  90  76 117 134  50  72  71  70  91  45  55 126 116  40  55  44  42  46  29  84  77  71  57 139 140  96  93  49  71  60  37 
104  95  99 149  85 128 111 123  83  59  97 162 101  95  92 153 158  64  82  71  96 128  89  58  57  82  57  67  46  38  76  87  80  49  46  96  38  44 112  40  39 117 133  30  65 105  62  69  64  42 
 70  75  78 203 161  77 109 189 107  61  98 114  92 109 100 149  68  82  92  91  57  45  59  62  82 102  66  36  37  65  66  30  61 107 113  70  76 142 133  51  80 149  41  51  43 117 107  53  81  67 
 57  79  98 143 200 145 109 114  92  72 122  92  91 118 195  97  42  81  90  59  37  63  52  45  74  76  64  34  26  45  53  77  54  59 116  89 124 139  85  91 139  62  70  99  48  64 125 100  47  40 
102 153 123  72 132  88  88  85  97  76  98  89 103 198 199  97 110  70  58  64  52  65  71  44  47  36  29  24  30  29  54  91  56  38  41 101 168  68  36  94 123  38  94 119  83  73  90 178  52 103 
 92  79  74  55 140 106  70 107 188  77  97 103 124 210 139 164 157  84  69  67  59  54  72  52  34  35  50 120 143 117 148 149 129 101  84  95  89 115  96 148  73  56  68  55  86  57  58 205 137  47 
 79  60  53  61 111 130  98 171 146 131 150 106 187 129  83 128 133  95  71  79  60  71 107 118 142 158 196 196 184 173 184 179 169 183 209 191 106  87 215 122  62 100  79  31  57  94 136  79 119 119 
148 105 169 154 110 183 171 172 178 122 135 116 106 143 101  68 163 165 132 174 146 172 200 188 179 160 172  86  62  67  70  41  49  69  94 160 192 206 194  57  81 101  58  56  36 137  84  44  40 107 
208 130 154 128 104 122 181 178 198 171 143  87  91 162 142 135 212 188 185 187 154 117  96  82  45  47  74  70 107 125  52  48  47  48  47  72 184 241 218 132  74  79  73  58  83  88  40  34  49  32 
171  65  78  76  99 100 166 125 167 186 168 166 153 143 120 111  97 140 143 118 115  84  70 104 101  61  50  68  93  61  65 109  35  37  40  71 196 131 112 200 183  65  68  95 150  57  59  33  28  31 
137 133  89 141 169 152 167 166 104 117 111  92 117 150  93  89 133 102 126  81 105 103  84  70  99  67  47  56  81  66  57  84  58  40  43 151 145  49  54  98 149 186 107 111  73  46  52  45  19  38 
122 131 104 213 109 103 153 208  94 130 119  79  97 124 104  85  90  77 112  79  66 138 111  77  60  62  68  57  86 103  56  37  39  35 117 138  89  67  69  54  45 146 194  66  52  39  45  69  55  86 
 55  76  80 119  85 127  89 189 148 106  66  70  76  75  84 111  94  63 110 131  57  69 113  92  92 105  90  65  52  59 128  82  74 134 159  68  75 104  91  89  49  70 151  79  32  35  79  73  77  91 
101 121 109 135 113  80 114 104 151 113 117 106 108  71 148 187 124  86 120 204  90  29  85 116  94 104  91  87  78 107 192 195 169  81  59  82  76  83  59  58  61  50  84 162  54  31 118 143 105 107 
 76  71 103 160 125 105 151 135 189 138 117 121  87  49  90 128  67  65 101 133  71 103 132  87 116 121 124 140 131 126 108 140  72  67  68  70  58  28  46  66  29  43  44 178 171 161 117  98  91  70 
158 158 131 112  59  64 121 135 106 137 100 135 105  60  84  76  97  93 147 118 140 125 126  76  76  73  69  75  99 105 120  82  97 103  74  56  39  28  34  27  28  41  65 138 230 232 129  98 101 107 
172 127 134 134 100 122 201 187 135 181  85 108 162 133 150 158 216 200 213 194 111  41  33  35  38  45  84  74 125 112 133 161  89 107 116  62  41  32  36  79  55  37  50 124 142 162  92 103 107 111 
144 117  68 108  79 124 146 157  98 172 132 170 140 166 149 102 170 185 196 142 119  63  35  46  42  80  91 116  75  82  84  81 112  69 165 100  40  61  54 105  94  91  95 115  75 149 134  77 115  45 
 75 128  93 114 118 191 167 156 106 130 116  89 142 141 127  91 109 183 184 174 184  75  31  38  37  90 121  71  87 124 151  74 131 122 146 117  42  57  57  57  64  60 102 146  56 133 197 185 144  74 
120 105  90  92 132 133 104  71 142 200 114 120 233 207 197 225 230 187 116  80  97  92  39  43  39  56 107  79  93 128 171 129 125 166 127  77  67  52  65  88  69  76 161 206 153 157 196 213 132 138 
 84  53  42  49  97 117 167 156 200 178 189 245 209 165 145 185 162 143  47  45  52  70  43  44  46  51 130 160 159 161 135  92 105  86 133 110  63  54  63  91  89 133 195 220 196  85  94 199 190 227 
 74  65  61  51 110 188 209 208 191 181 191 215 145  80 105  96 109 122  85  57  46  59  53  36  31  81 194 192 190 145 160 165  86  72 113 129  66  63  74  76 148 188  90 163 126  38 140 173 141 173 
 87  71  59  61  82 125 119 127 124 234 195 181 117  76 100 114  94  83 119  58  36  34  52  42  92 172 167  76  81  42 183 190 141 101 145 108  58  97 107  85 165 111  56 160 126 168 216 131 130 159 
154 163  61  53  60 152 127 153 207 243 152 127  96  69  92 119 102 100 118  74  82  69 121 145 132  63 102  76  30  40  73  74 149 176 120  97  69  88  88 101 142  54 101 158 155 205 223 212 140 103 
145 162 112 110 111 133 169 197 185 166 110  82 130 144 132 153 181 147 114 164 153 111 120  81  43  30  30  41  47  39  78  91  76 130 166 189 148  95 113 183 104  63 177 158 119 200 222 109  25  45 
127  86 130 141 175 118 185 201 137 109 164 118 131 121 134 131 230 193 143 112  89  39  31  77  43  32  26  47  47  53  64  61  69  64  92 163 140 165 225 236 148  80 128 121 192 210 155  47  39  28 
162 137 193 159 144 124 153 125 179 186 196  81 121 122 134 156 106  80 158 152 154  71  51 123  42  34  49  62  46  34  32  35  40  48  54  76 120  96 198 170 216 106  70 137 193 164 120  21  36  46 
156 120 232 209 145 145 177 212 236 243 227 159 209 188 159 133 103 153 147 157 130  58  35  31  29  35  55  76  37  25  32  31  31  34  35 100 177  55 111  54 151 176  61 105 109  92  72  41  38  57 
200 188 211 174 247 188 151 227 213 234 194 250 250 208 138 118 179 230 176 103  75  68  46  27  30  26  27  23  22  28  23  31  31  34  28  72 155  29  57  60 110 190  53  53  53  59  24  63  80  36 
