 48  45  59  49  64  74  74  75  62  61  63  61  60  67  69  70  69  70  71  72  73  73  77  80  80  80  79  79  81  83  84  87  86  84  86  89  90  89  90  90  91  92  91  91  91  92  94  95  97  96  97  96  97  97  96  97  98  98  99 100  99  98  98  98  99  99 100 101 101 102 102 102 102 102 102 103 104 104 105 104 104 105 105 105 105 106 106 105 105 107 108 105 105 105 105 105 106 107 107 107 
 60  52  63  66  65  64  68  66  66  58  62  63  71  70  69  70  70  71  72  73  73  73  76  78  80  81  80  79  81  84  85  87  88  87  86  88  89  90  89  90  90  90  91  91  91  92  94  96  96  96  96  96  96  96  96  97  98  98  99 100  99  99  98  98  99  99 100 101 103 103 103 103 103 103 103 104 104 104 105 105 104 105 105 105 106 106 106 106 105 107 108 105 106 105 105 105 105 106 106 106 
 58  51  52  72  62  63  71  67  66  63  68  68  68  73  72  74  75  74  72  71  73  75  76  77  78  80  81  79  79  83  86  85  88  90  88  87  88  89  89  90  90  91  92  92  92  93  94  95  95  96  97  95  96  97  96  97  98  98  98 100  99 100  99  99 100 100 100 101 102 102 102 102 102 102 103 104 105 105 105 104 104 105 105 105 106 105 105 106 104 106 107 105 105 106 106 106 106 105 107 107 
 58  43  43  54  56  64  74  77  61  60  63  59  59  73  71  76  79  77  73  71  71  74  76  77  76  77  80  81  82  84  86  85  87  90  90  89  88  90  91  90  91  91  92  92  93  93  94  94  95  96  97  96  97  98  97  98  99  98  98  99  98 101 100 100 101 101 100 101 102 102 102 102 103 103 103 104 105 105 105 104 104 105 105 105 105 105 106 106 104 105 107 105 105 106 107 106 106 106 106 108 
 48  53  39  49  55  50  72  60  57  65  65  61  64  71  72  77  81  72  70  71  73  74  73  77  79  79  80  81  81  82  86  85  87  88  90  90  89  90  90  89  90  91  91  92  93  93  94  94  95  97  97  96  97  97  99  99  98  99  99 100  99  99  99 100 101 100 101 101 102 103 102 102 103 104 104 104 105 105 105 104 104 106 105 104 105 105 106 107 106 106 108 106 105 106 106 107 106 106 107 108 
 40  53  32  35  52  48  67  60  63  67  73  59  63  74  69  76  85  68  68  74  75  75  74  75  77  79  78  81  82  82  82  83  86  88  88  88  89  90  89  89  89  91  92  92  92  94  93  94  95  97  97  96  95  98  99  99  97  98  99  99  99  99  99 100 101  99 100 101 101 101 102 102 102 103 103 104 104 104 105 104 105 106 106 105 104 105 106 105 106 106 104 105 105 105 106 106 105 106 106 106 
 36  48  35  29  47  51  68  68  69  67  71  55  55  72  69  69  74  71  69  73  75  74  75  75  76  78  79  82  82  82  84  84  86  87  87  88  88  88  88  89  89  89  91  91  91  93  93  93  95  96  97  97  97  96  98  99  98  99  99  98  99 100 100 100 100 100 101 101 102 103 103 103 103 103 104 104 104 103 106 105 105 104 104 105 104 105 106 105 106 106 105 106 104 106 106 106 106 105 105 105 
 35  32  41  37  41  52  58  64  68  59  56  55  61  64  66  67  69  75  71  73  73  73  74  73  75  78  80  82  84  85  86  86  88  88  87  88  88  88  88  90  90  90  91  91  92  93  93  94  95  96  97  98  98  97  98 100  99 100 100  99 100  99 100 100  99 101 101 101 102 102 102 102 103 102 103 104 104 104 105 105 104 104 104 104 104 106 105 104 105 105 105 104 104 105 106 106 106 106 106 106 
 47   5  31  58  47  38  58  66  64  61  58  57  59  63  65  68  67  77  73  72  73  75  73  75  77  79  80  81  83  86  86  87  88  87  87  87  88  88  89  90  90  90  90  91  92  93  95  95  95  97  97  97  98  98  98  99  99 100  99  99  99  99 100  99  99 100 100 100 102 102 103 103 103 103 104 104 105 105 104 103 105 106 104 103 103 105 105 104 104 105 105 104 104 104 105 105 105 106 106 105 
 95  12  38  68  66  46  57  69  64  61  58  57  57  64  65  68  65  73  72  70  71  74  74  77  79  80  82  82  83  85  87  87  88  88  88  88  89  89  89  90  90  89  90  91  92  93  95  95  95  96  96  96  97  98  98  97  97  99  99  98  99  99  99 100  99 100  99 100 102 102 102 103 102 103 104 104 105 105 104 104 105 105 105 104 103 103 104 104 104 105 105 104 103 104 104 104 104 105 105 106 
130  41  57  73  67  59  53  65  67  67  56  59  63  65  67  69  66  69  71  70  73  73  72  76  79  81  84  86  86  87  86  86  87  88  89  89  88  88  90  90  90  90  91  91  92  93  95  95  95  96  96  94  96  99  99  98  98 100 100  99 100  99 100 100 100  99  99 100 101 101 102 102 102 103 103 103 104 104 104 105 105 104 104 104 103 102 103 104 104 105 106 105 105 105 105 105 105 104 105 105 
113  59  68  70  75  64  51  68  68  70  60  62  64  72  68  66  72  71  73  69  72  71  71  78  81  80  82  85  87  88  86  87  89  89  88  88  87  88  89  90  90  92  93  93  93  93  95  96  96  97  96  95  97  98  98  98 100 100  99  99 100 100  99 100 101  99 100 101 100 102 103 104 103 102 103 102 103 105 103 104 105 104 104 103 105 104 103 103 103 104 105 105 105 105 105 105 104 105 105 106 
 73  68  76  65  65  66  47  59  68  71  65  69  64  71  66  64  71  71  71  69  71  71  72  78  80  80  80  82  86  89  89  89  90  90  90  89  89  89  90  91  92  92  93  94  94  94  95  96  96  97  97  96  97  98  98  99 100 100  99 100 100 101 100 101 102 101 101 101 100 103 104 104 103 102 102 103 104 104 103 104 105 104 105 104 105 105 104 104 104 103 104 105 105 106 106 105 104 105 105 106 
 40  74  82  69  40  65  59  51  63  70  61  70  70  66  65  66  68  69  69  71  72  73  74  74  77  80  82  84  88  90  89  90  89  90  90  89  89  90  90  91  92  93  93  94  95  95  95  96  97  96  97  98  97  99  99 100  99 101 101 100 100 101 101 101 102 102 101 100 101 101 103 103 103 102 102 103 104 103 103 104 105 104 104 104 104 105 105 105 104 104 104 106 105 105 106 105 105 104 105 106 
 27  63  74  63  38  60  67  60  56  66  69  64  73  63  63  65  66  68  70  70  70  71  72  72  75  79  83  85  87  88  89  89  90  89  89  89  88  88  91  91  92  94  95  96  96  94  95  96  97  97  98  97  97  98  98  99  99 100 100 100 100 101 101 100 102 102 102 102 102 102 103 103 103 102 102 103 104 103 103 104 105 105 105 104 104 104 104 104 103 103 105 104 105 106 105 105 105 105 106 105 
 33  63  64  60  41  67  72  65  65  68  72  67  62  59  60  64  65  66  70  70  69  71  70  71  75  80  82  83  85  87  88  89  90  90  89  90  89  89  91  91  93  95  97  97  97  94  94  96  97  97  97  97  96  97  98  99  99 100 100 100  98 101 101 101 102 102 101 101 101 102 102 103 103 103 103 103 104 103 103 104 104 104 105 104 104 104 103 104 104 104 105 105 105 106 104 105 104 106 106 106 
 33  57  59  59  33  66  79  66  62  71  70  66  61  57  60  65  64  64  68  70  72  74  73  71  75  80  82  81  85  89  87  88  90  90  89  91  90  89  91  90  92  95  97  96  96  95  95  96  97  96  96  96  96  98  99 100  99  99  99  99  99 101 101 101 101 101 101 101 101 102 103 103 103 103 102 103 103 103 103 104 104 104 104 104 103 104 103 104 105 105 105 105 105 106 105 105 105 106 106 107 
 45  60  66  72  33  50  85  74  54  64  66  68  63  57  58  62  63  64  67  69  72  76  74  70  71  79  82  82  85  90  89  88  90  90  90  91  91  90  90  89  91  94  95  95  95  95  95  96  96  96  94  95  96  96  98  99  98  98  98  99 100 100 101 101 100 100 101 101 101 101 102 103 103 103 103 103 103 102 103 105 104 104 104 104 104 104 103 104 105 105 105 105 104 105 106 106 105 106 105 107 
 52  47  38  37  26  40  93  71  62  68  57  71  63  57  52  58  65  66  66  66  68  70  71  67  69  77  82  82  83  87  91  89  89  90  90  91  91  90  89  89  91  94  94  94  94  96  96  95  96  96  95  95  96  95  97  98  99  98  99 100 100 100 101 101  99 100 101 102 101 102 102 103 103 103 103 103 103 103 104 105 104 104 103 104 103 103 104 104 105 105 104 103 104 104 105 105 105 105 105 107 
 48  45   9   2  17  32  67  64  71  77  62  66  73  64  55  60  65  67  62  63  66  67  71  69  70  73  77  81  84  87  91  90  89  91  91  89  91  91  90  90  92  95  95  95  96  98  96  95  96  98  97  96  95  96  98 100 100 100 100 101 102 100 100 101  99 100 101 101 100 102 102 102 102 102 103 102 102 102 103 105 105 105 105 104 103 103 103 104 105 104 103 102 104 104 104 103 104 104 106 106 
 93  82  44   9  13  36  44  49  73  68  68  72  76  71  59  60  77  67  65  62  66  68  74  74  71  71  76  79  82  88  92  90  88  89  91  89  89  91  91  91  92  93  94  95  97  96  96  95  96  98  97  96  95  96  99 102 101 100 101 100 100 100 101 101 101 101 101 101 101 102 102 102 103 102 102 102 103 103 103 104 104 104 103 103 103 102 103 102 102 103 102 102 104 104 104 102 104 104 105 105 
158  95  64  37  10  27  52  61  63  66  65  66  70  76  68  69  83  73  66  65  67  73  74  75  71  70  75  79  83  88  91  89  86  87  91  90  89  90  89  90  90  92  93  94  95  96  96  96  95  96  95  94  95  96  99 102 101 101 102 102 100  99 100 101 101 101 100 101 101 102 102 102 103 103 102 102 103 104 103 104 104 105 103 103 103 102 103 102 103 103 103 103 103 104 104 103 103 103 104 106 
160 130  86  48  33  22  55  94  69  58  67  65  64  74  74  68  74  71  65  56  63  73  74  76  72  69  73  80  85  88  90  88  86  87  91  91  90  89  87  88  90  92  93  94  94  95  95  95  94  95  95  96  97  97  99 101 101 102 104 104 101  99  99 101 100 100 100 100 101 101 102 102 103 104 102 102 103 103 103 104 105 105 104 104 103 103 103 103 104 104 104 103 103 103 103 104 104 104 104 105 
152 162 113  35  76  61  56  98  90  60  72  63  65  70  74  68  69  63  63  54  66  71  76  78  76  71  73  78  83  86  89  89  88  88  91  90  90  89  88  89  90  92  93  94  95  94  95  95  95  95  96  97  99  97  98 100 102 103 104 103 101 100 100 101 100  99  99 100 100 100 101 102 103 103 102 102 103 103 103 103 104 105 104 103 104 104 103 103 104 105 104 103 103 103 103 103 104 105 103 104 
156 156  91  21  47  54  40  76  96  71  80  64  65  64  72  67  63  63  58  55  65  73  76  80  78  72  71  77  82  85  88  89  89  89  90  89  89  90  90  89  90  91  93  94  94  95  96  97  96  95  95  95  95  96  98 100 101 101 102 101 100 100 100 100 100  99  99  99 100  99 100 101 103 104 102 101 102 103 102 103 103 104 105 104 104 105 104 103 104 104 103 104 103 103 104 103 104 105 104 105 
149 139 134  90  20   6  20  56  81  86  80  64  64  67  71  73  68  63  54  59  69  74  76  79  77  72  72  75  82  86  87  89  90  89  89  89  89  90  91  89  90  90  92  93  94  94  96  97  96  96  96  95  95  96  98  99  99  99  99 100  99 100  99  99  99  98  98  98  99  99 100 101 102 103 102 101 102 103 102 103 103 104 105 105 105 104 104 104 103 102 103 104 103 104 104 103 104 104 103 104 
143 135 150 158  80  19  16  53  80  92  85  64  57  71  68  66  69  61  60  60  70  74  76  78  77  75  73  74  80  87  87  88  90  90  89  89  88  88  90  90  89  90  91  92  93  94  95  95  96  96  98  98  98  97  98  99  98  98  99  99  99  99  99 100  99  98  97  98  99  99 100 101 102 103 102 101 102 103 104 104 104 104 105 105 105 104 103 103 103 103 103 105 104 104 104 103 104 103 103 104 
140 136 144 163 112  34  41  47  76  93  96  62  59  62  58  57  59  63  61  67  69  75  77  81  80  80  78  74  77  86  88  88  89  89  90  90  89  88  88  89  90  90  90  91  93  95  96  96  95  95  96  96  95  98  99  99  98  98  99 100 101 100 100 100 100  99  98  98  98  99 100 101 102 103 102 101 101 101 104 104 103 103 104 104 104 104 102 103 104 104 103 104 105 105 104 104 104 104 104 104 
145 144 152 166  69  27  79  56  72  93  95  71  52  62  64  68  65  55  62  70  67  74  78  81  81  78  79  76  75  82  87  88  88  89  92  92  92  89  88  89  88  90  92  93  92  93  93  95  96  95  94  95  97  98  97  98  98  99  99  99  99 100 100 101 101  99  98  99  99  99 100 101 101 102 103 102 102 103 102 102 104 103 104 103 104 104 103 102 103 104 103 104 105 103 102 103 103 103 104 105 
154 148 161 130  82  74  86  85  66  81 100  70  56  56  60  77  70  52  68  80  69  75  78  78  79  78  81  77  75  81  85  87  87  87  91  91  90  88  87  89  89  90  91  93  94  94  95  96  97  96  95  96  96  97  96  98 100  98  98  99  99 100 100 100 100  99  99 100  99 100 101 100 101 102 103 102 102 103 102 102 104 104 103 104 105 105 104 103 104 105 104 104 105 103 103 104 103 102 104 105 
154 156 155  71  43  83  86  63  48  72  94  65  59  50  57  58  71  67  56  60  69  77  75  76  77  79  81  77  77  84  86  87  86  84  86  87  85  85  87  89  89  89  90  93  95  96  96  96  97  97  96  97  96  96  97  99  99  98  98  99 100  99  99  99 100  99  99 100 101 100 101 100 101 102 103 102 102 103 102 103 103 103 103 104 105 104 104 103 104 104 103 104 105 104 104 105 104 103 103 104 
141 163 125 115  43  45  62  61  61  63  85  75  53  47  53  56  56  53  60  63  62  73  74  75  77  79  79  76  79  85  84  84  83  82  85  87  88  88  87  89  90  89  89  92  94  96  96  96  95  96  97  97  96  97  97  97  97  98 101 100  98  98  98  99 100  99  99 100 101 100 101 100 101 102 103 103 102 103 103 103 103 103 103 104 104 103 102 103 103 102 103 104 103 103 103 104 104 103 104 103 
146 171 101 125  76  24  62  64  63  52  84  84  49  44  50  62  60  49  55  64  64  71  73  76  78  79  79  79  80  83  84  81  82  83  84  85  86  88  87  88  89  89  90  92  93  94  95  96  96  96  98  97  96  97  97  96  96  99 101 100  98  99  98  99 100  99  99 100  99 100 101 100 100 101 102 103 102 102 103 103 103 103 102 103 103 102 102 103 103 102 103 103 102 102 102 103 103 103 104 105 
149 170  72  74  81  97 102  94  76  56  79  96  60  52  55  58  59  53  54  61  67  73  73  77  77  79  80  81  79  76  77  76  81  84  86  85  87  89  87  88  89  89  91  93  94  94  95  96  96  97  98  98  96  95  95  97  98  98  99 100 100  99  99 100 100  99  98  99 100 100 101 101 100 101 102 103 103 102 102 103 103 102 102 103 104 102 102 103 103 103 104 103 102 102 102 103 102 102 104 103 
145 129  50  41  94 130 130 152  96  63  63  94  77  59  65  61  56  51  55  67  71  67  74  77  77  78  80  81  80  76  76  77  82  84  86  87  86  87  88  88  91  90  90  92  94  95  96  98  98  98  99  98  96  96  95  97  98  99  99 100  99  98  99  99 100  99  98  98  99 101 102 102 102 101 102 103 103 102 102 103 103 102 103 104 104 103 102 103 103 103 104 104 103 103 104 103 102 103 104 103 
144  58  27  83 111 129 128 156 123  65  63  88  80  65  66  64  55  49  55  67  71  70  75  77  76  78  78  79  81  77  76  78  81  83  86  89  88  88  89  90  93  91  89  93  95  95  96  98  98  99  99  99  96  96  96  96  99 100 101 101  99  97  98  99 100  99  99  99  99 101 102 102 101 102 102 103 103 103 104 104 103 102 103 104 105 102 102 103 103 103 105 103 103 103 103 104 103 103 103 103 
129  33  14  99 133 145 145 151 118  68  69  83  82  65  60  69  51  55  55  60  68  71  74  79  76  77  78  81  80  76  76  78  82  85  87  89  88  88  91  94  96  92  90  91  92  94  95  96  95  96  97  96  97  97  95  96  99 100 100 100 100  99  99  99  98  98  98  99  99 101 102 101 101 102 103 102 102 103 103 102 103 104 103 103 104 103 103 104 104 104 104 103 101 102 103 104 103 102 102 102 
 97  25   6  70 139 148 145 154 125  83  65  70  82  70  62  66  53  59  55  58  67  71  76  78  77  77  78  80  81  76  73  76  80  82  86  88  89  92  94  94  95  93  91  91  92  93  94  95  95  97  98  97  97  97  96  97 100  99  98 100 101 101 100  99  98  98  99 100 100  99 101 102 102 102 103 102 102 103 103 102 102 103 102 103 104 103 103 104 103 103 104 103 103 103 103 104 103 102 102 102 
 51   7  12  54 126 150 149 160 137  75  60  70  83  68  57  60  55  64  58  58  67  71  73  75  74  75  76  77  79  77  74  75  80  83  86  89  92  95  94  94  95  94  91  90  90  92  94  95  96  97  98  97  97  97  96  97  99  98  99 100 100  99 100 101 101  99  98  98  98 100 101 102 101 101 101 101 102 103 102 101 102 102 103 104 104 103 102 103 103 102 103 103 102 104 104 104 103 103 103 103 
 80  52  23  55 129 143 145 155 130  72  63  62  82  73  55  55  53  62  59  59  68  73  70  72  74  75  76  78  80  79  76  74  78  83  85  88  92  93  91  94  95  95  91  89  89  91  94  96  96  97  97  97  96  98  96  95  97  99 100 100  99  99 100 100 101 100  98  98  98  99 100 101 101 100 101 102 103 103 102 101 102 102 103 104 104 103 102 103 103 102 103 104 103 103 104 103 103 104 104 104 
 88  57  56  78 134 148 148 153 153  91  61  62  87  82  55  55  54  61  64  63  65  69  67  70  74  76  76  77  79  80  76  73  76  81  85  87  91  91  91  92  94  94  92  90  88  90  94  95  95  96  96  97  98  98  97  97  98  98  99  99  99 101 100 100 100 100  99  99  99  99 100 100 101 101 101 102 102 101 101 102 103 102 103 104 103 103 102 103 103 102 103 104 103 102 103 102 103 104 104 104 
 64  30  46  70 137 152 154 155 162 106  67  53  85  88  63  60  56  60  67  66  64  69  67  70  74  75  76  77  78  82  79  75  77  81  84  86  89  91  92  92  92  93  93  91  90  90  93  95  97  97  98  98  99  97  97  98  99  97  97 100 100 100 100 101 102 101 100  99 100 100  99 100 101 102 101 102 102 101 101 102 103 102 103 103 103 103 103 103 103 103 103 104 102 102 102 103 102 103 103 103 
 90  35  12  47 147 156 157 154 156 123  68  65  77  95  63  58  55  61  71  68  62  66  69  70  75  72  73  77  78  83  82  78  79  81  83  85  87  90  92  92  92  92  93  91  90  90  93  96  98  98  97  97  99  98  97  98  99  98  98  99  99 100 100 101 102 102 100  99 100 100 100 100 101 102 102 102 102 101 101 102 102 102 103 103 103 103 103 104 104 103 104 104 103 103 103 103 102 102 102 102 
112  80  37  67 149 157 156 157 149 145  76  77  75  95  64  51  52  55  68  68  61  66  66  68  70  69  70  75  78  82  82  79  79  79  81  83  85  87  91  93  93  92  91  90  90  91  94  97  98  99  98  98  99 100  98  97  98  98  99 100  99 101 100 100 101 100  99 100 102 100 100 100 101 102 102 102 103 103 101 102 101 101 103 104 103 103 103 105 104 104 104 103 102 102 103 103 103 102 101 102 
130  92  46  78 145 151 151 151 151 158 114  78  76  95  76  48  57  50  67  71  60  64  63  68  63  67  72  74  79  81  82  83  78  76  80  82  84  87  90  92  92  90  88  89  91  92  95  97  97  97  98  98  98  99  99  99  98  98  97 100 101 100 100 102 102 100  99 100 101 100 100  99 101 102 102 102 104 103 102 103 102 102 103 104 103 103 104 104 104 104 104 102 102 103 103 103 104 103 102 103 
139  91  34  81 145 148 150 150 151 169 132  81  76  98  90  53  61  53  66  69  64  58  64  67  64  66  69  73  80  82  84  84  79  77  80  82  84  85  87  91  93  92  89  89  90  89  92  94  95  96  98  98  98 100 100 100  99  99  98  98  99 100 100 101 101  99  99  98 100 101 100 100 100 103 104 104 104 103 102 102 102 102 104 104 103 103 103 104 103 104 104 104 103 102 103 103 103 103 103 103 
128  74  32 103 149 150 153 149 155 168 144  82  67  90 101  61  66  58  61  66  67  56  61  67  67  68  70  73  77  81  84  85  81  77  79  81  83  84  85  88  90  91  91  91  89  90  92  93  95  98 100 100 101 102 101 101 101 100  99  98  99 101 101 102 102 101 100  99 100 100 100  99 100 102 105 105 102 103 101 101 102 102 104 103 104 103 103 104 104 103 105 105 104 103 103 103 104 104 104 104 
135  55  18 108 146 147 154 157 162 162 155  89  57  80 104  70  64  59  62  70  67  57  62  68  70  69  70  73  77  80  83  86  84  79  79  80  81  84  86  85  87  89  91  91  90  90  92  93  95  98 100 101 101 103 102 101 101 100 100  99 100 100 100 101 101 101 101 100  99  99  99 100 100 101 104 103 101 102 101 101 101 102 103 103 104 103 103 105 105 104 104 104 104 103 102 104 104 104 103 105 
161  77  10 121 154 142 155 162 158 152 152  83  59  78  96  80  65  60  58  70  65  62  62  68  70  68  69  73  78  80  83  86  86  82  80  80  81  83  86  86  86  87  90  91  90  90  91  92  93  96  99  99  99 102 101 100 100  99  99  99 100 100 100 100 100 101 102 101 100  98  99 101 100 100 102 101 100 101 102 101 101 101 102 102 104 103 103 105 105 104 103 103 104 103 102 103 104 104 104 105 
167 100  41 136 154 146 159 157 149 154 146  72  64  67  82  84  67  56  50  64  63  62  56  65  70  69  70  74  76  78  82  84  85  83  80  80  81  82  84  86  88  88  88  89  90  90  91  92  93  96  97  98  99 100 100  99  99  98  98  99 100 101 101 101 101 102 103 101 100  99 100 101 100 100 100 101 100 100 102 101 101 102 101 101 103 103 104 105 105 104 104 103 104 104 103 104 104 104 104 104 
164 100  73 147 157 152 155 154 143 153 150  75  66  67  73  86  72  50  43  60  64  59  51  61  69  67  68  74  75  77  81  81  83  82  79  80  81  81  83  85  87  88  88  89  89  90  91  91  92  95  96  97  98 101 101 100 100  99  99  98  98 100 101 103 103 103 102 101 100 100 100 100  99 100  98 100 101 100 102 100 100 102 101 100 102 103 103 104 104 104 104 103 103 104 104 104 104 103 104 103 
170 106  94 149 156 158 155 148 143 143 156  95  66  66  64  84  83  57  43  58  71  64  54  60  65  64  66  71  73  76  78  78  79  79  79  79  80  81  83  84  86  87  89  90  89  90  90  91  92  94  95  96  97  99  99  99 101 100 100  99  99  99 100 101 102 102 101 100 100 100  99  98  99  99  98  99 101 101 102 101 101 102 101 100 102 103 103 104 104 105 105 104 104 104 103 103 104 103 104 105 
170 128 102 147 150 152 155 137 138 136 167 111  68  71  62  76  88  69  54  61  78  73  65  67  65  67  66  71  73  75  75  76  76  76  78  80  81  83  83  83  86  87  87  88  88  90  90  92  93  93  94  95  95  96  97  98 100 100 100  99  99  99  98  99 100 101 100  99 100 100  98  99 100  99  99  99 101 102 103 103 103 103 101 101 102 103 103 104 105 105 104 103 105 103 103 103 103 103 104 106 
164 140 101 145 149 146 150 143 141 143 168 112  72  78  65  72  90  77  58  66  78  71  69  71  69  69  68  72  74  76  76  78  79  79  79  81  82  83  83  84  86  87  87  88  88  89  91  92  92  92  93  94  96  97  97  97  98  98  98  98  99  99  99  99  99  99 100 100 100 100  98  99 100 100 100 100 101 102 103 102 103 104 102 102 102 102 103 104 104 105 105 104 104 104 103 103 104 104 104 104 
159 147 113 142 151 144 144 144 146 152 152 130  75  68  67  64  85  88  62  61  75  61  61  66  68  71  69  72  73  75  77  79  80  80  80  80  82  82  83  85  87  87  88  89  90  90  92  92  91  93  93  93  96  97  96  97  97  98  98  97  97  96  98  99  98  98  99  99  99 100  99 100 101 100 101 101 101 103 103 102 102 103 102 102 102 102 103 103 103 104 105 104 104 104 103 102 103 104 104 103 
156 151 129 149 155 146 146 148 147 148 140 140  74  70  74  66  75  94  72  49  66  57  62  68  71  74  72  76  76  77  78  79  79  79  79  80  80  81  83  84  87  87  89  90  90  90  92  92  92  93  94  93  96  96  95  95  96  98  99  98  97  94  97  99  98  98  99  99  98  99  99 100 101 100 100 101 101 103 103 102 101 102 102 102 102 102 103 102 102 104 105 103 104 104 103 101 102 105 105 105 
160 150 129 134 149 147 140 148 154 163 147 143  73  65  67  78  74  92  83  44  53  59  67  71  72  74  74  78  78  78  77  78  78  78  79  79  79  81  83  85  86  87  88  88  89  90  92  92  91  93  94  93  96  95  94  94  96  98  99  98  97  96  99 100  99  99 100 102 101 100 100 100 101 100 101 100 100 101 102 102 102 103 102 102 101 102 103 102 103 104 105 103 104 104 103 102 103 105 106 106 
161 155 109  97  95  84  77  72  77 131 148 127  64  91  72  80  68  78  83  44  40  58  63  69  72  73  74  78  77  76  75  77  77  77  78  79  80  81  83  86  85  87  88  87  88  90  90  90  91  93  94  94  95  95  94  94  95  97  98  97  97  97  98  97  97  97  99 100 101 101 100 100 100 100 101 101  99 100 102 102 103 104 103 102 102 103 103 103 104 104 104 104 104 104 104 103 104 105 106 107 
150 152  89  54  66  56  45  42  34  47  64  70  81 154  89  79  71  69  74  54  41  52  58  68  72  72  69  73  75  76  76  78  78  77  77  79  81  81  83  86  87  87  89  88  89  89  89  91  92  92  93  95  94  95  95  95  96  97  97  98  98  99  98  98  98  98  98  98 100 102 101 101 101 101 101 101 100 102 103 102 102 103 103 104 103 103 103 104 104 103 103 105 104 103 104 104 104 105 106 106 
148 154 103  25  67  71  42  41  81  46  31  70 130 169  94  77  78  77  81  62  51  58  60  63  66  71  68  68  72  75  77  77  77  77  78  78  80  82  83  85  85  86  87  88  89  89  91  91  91  92  93  94  94  95  95  96  96  96  96  97  98  98  99  99 100 100  99  99 100 101 100 101 101 101 101 102 101 101 102 103 104 104 103 103 103 103 104 104 104 104 104 105 104 104 105 104 104 104 104 105 
149 163 133  60  75  63  35  34  59  61  52 109 163 162  93  78  74  77  90  68  62  61  64  64  64  72  70  68  73  74  77  76  77  78  79  78  79  81  83  84  84  85  86  87  88  89  90  91  90  92  93  93  95  96  96  95  95  96  98  99  99  97  97  98  99 100 100 100 101 101 101 102 103 103 103 103 103 103 104 104 106 106 104 103 104 104 104 103 102 104 105 104 104 105 105 104 104 105 104 105 
131 152 152  90  54  44  37  42  41  69  78 133 165 161 118  79  79  77  94  75  51  54  63  64  66  71  68  66  73  73  76  76  77  78  78  78  79  81  83  83  84  85  86  86  87  88  89  90  90  90  92  93  95  96  97  96  96  97  99 100 100  99  99  99 100 101 102 101 101 102 103 103 103 104 104 104 104 104 105 104 105 104 103 102 104 105 104 102 103 105 105 103 105 105 104 103 104 105 105 105 
109 142 159  92  39  40  30  36  47  44 104 156 161 156 134  78  82  81  92  82  42  44  54  59  64  69  69  68  73  75  77  77  77  77  77  77  78  81  83  84  84  86  87  87  87  88  89  90  90  91  92  94  95  96  97  97  96  97  98  99  99 101 102 103 102 101 100 100 102 104 103 104 104 103 103 103 103 104 105 105 105 104 104 105 104 104 105 105 105 105 104 104 104 105 104 104 104 105 104 104 
 82 131 144  87  45  41  32  49  47  33 131 158 153 156 145  78  84  78  81  99  48  48  58  65  72  75  73  71  74  76  79  79  79  79  78  77  79  81  82  83  84  85  86  86  87  87  89  90  90  91  92  93  93  95  96  96  96  97  97  98  97  97 101 102 103 101 101 103 104 103 103 104 104 103 103 102 103 103 105 105 105 105 105 106 103 103 105 106 106 105 105 105 105 106 105 104 104 103 103 105 
 40 101  76  35  37  42  50  69  46  62 154 157 150 145 150  93  77  85  77 101  64  45  59  67  75  76  74  72  73  76  79  79  80  80  79  77  77  80  81  82  83  85  86  86  87  88  89  90  90  92  93  93  93  93  95  95  96  97  98  98  97 100 101 101 102 102 102 101 101 101 101 102 102 102 103 103 102 101 103 103 103 103 103 103 103 103 103 104 105 105 106 105 105 105 105 104 103 102 102 105 
 19  59  49  21  31  41  56  62  47 102 161 155 155 154 153 117  79  85  71  96  76  36  60  68  77  78  78  77  76  76  78  79  80  81  80  77  76  78  81  81  83  85  86  86  88  89  89  90  90  92  93  94  95  94  95  96  97  98  99  99  98 100 100 100 101 101 101  99  99 100  99 100 101 101 101 101 101 102 103 103 104 104 103 102 103 103 102 103 104 105 105 105 104 105 104 103 103 103 103 104 
 39  36  30  27  41  44  54  63  63 133 156 154 161 158 163 136  85  92  76  89  89  43  59  68  79  79  81  80  76  76  79  80  82  84  83  80  78  79  82  83  83  85  86  87  89  89  89  90  89  91  93  95  97  95  96  97  97  99 100 100  99  97  98  98 100 100 100 100 101 103 101 101 100 101 100 100 100 101 102 102 103 104 103 102 102 103 104 105 106 105 104 105 104 104 103 102 104 105 105 104 
 70  36  27  32  43  45  54  67  54 128 155 162 160 154 166 152  85  90  74  80  94  48  56  70  74  80  81  78  76  77  80  83  84  84  83  81  78  78  81  83  85  86  87  89  89  89  89  89  90  92  93  95  96  99 100 100 100  98  98  99  96  97  98 100  99  99 100 102 102 101 102 101 101 101 102 100 100 103 102 102 103 103 103 102 102 103 104 104 103 103 104 104 105 104 103 104 104 102 103 105 
 77  30  38  35  59  49  55  56  53 134 149 159 158 150 163 164  92  61  67  84  90  59  48  65  71  78  74  68  71  76  78  82  84  84  84  82  78  78  81  82  83  84  86  90  92  93  91  88  88  90  93  96  96  99 101 101 101 101 100 102  99  98  99  99  99  98  99  99 100 100 101 100 100 100 101 101 102 103 103 103 103 102 102 102 102 104 104 103 102 103 104 103 105 104 103 104 103 101 102 105 
102  25  21  33  49  50  54  56  37 118 166 155 160 160 160 135  78  58  74  79  89  65  38  61  66  67  68  69  68  66  68  72  76  78  81  82  81  80  81  83  83  84  87  93  95  95  93  89  90  93  95  96  96  98 101 101 101 103 102 104 103 101 100 100 100  99  98  98  99  99 100 100  99 100 101 102 103 103 103 102 103 103 103 102 102 103 103 102 103 102 103 104 104 103 102 103 103 102 103 104 
132  45  16  23  30  57  56  58  31  58 145 163 157 172 144  85  66  62  75  78  79  72  39  57  61  67  69  69  65  64  66  70  73  75  77  79  79  79  80  82  82  84  88  94  97  96  94  93  92  93  94  95  95  97 101 101 101 103 103 104 103 102 100 100 101 101  99  99 100 100  99 100 101 101 101 102 103 103 102 103 104 103 103 102 103 104 103 102 103 103 104 103 102 103 104 103 103 102 103 103 
153  60  19   9  67 104  59  45  31  12  61 138 160 130 101  78  36  46  80  73  79  66  44  57  63  70  68  66  61  62  68  71  74  74  75  76  77  78  80  81  81  82  87  93  96  96  96  94  90  89  89  93  95  96 100 100 100 103 102 103 103 102  99  98  99 100  99  99 100 101 100 101 103 102 101 102 103 102 103 103 104 103 102 103 104 104 103 103 104 105 104 103 102 103 103 103 103 103 104 102 
156  90  24  15  51 121  47  89  83  61  59  70 115  77  55  56  61  19  88  87  82  65  47  56  61  68  71  72  66  64  68  72  75  76  76  76  77  78  79  81  82  83  88  94  98  98  97  95  92  90  91  93  94  96  99  99 101 102 102 102 102 102  99  98  99  99  98  99 100 101 101 102 103 103 101 102 103 103 102 103 103 102 102 103 104 104 104 104 105 105 104 103 103 103 104 104 103 104 104 103 
153 150  44  37  58  67  64 134 140  88  81  70  61  54  53  64  76  46  96  82  75  74  62  59  60  72  77  73  66  71  75  77  80  81  79  77  76  78  79  81  84  87  90  93  97  98  96  96  95  93  93  94  93  95  98  99 101 102 102 102 100 100  99  99  99  99 100 100 100 101 101 102 102 102 102 102 103 103 103 103 103 102 102 103 104 104 103 104 104 104 104 103 103 104 104 104 104 104 104 104 
159 146  35  59 100  18  80 154 152  75  74  52  37  84  92  76  60  41 114  82  69  72  57  59  61  67  71  74  70  74  76  77  78  79  78  77  78  77  76  81  85  89  89  91  93  96  97  96  94  92  91  94  94  95  97  99 102 101 101 102  98  96  97  98  98  98  99 100  99  99 100 101 101 100 101 102 103 103 103 103 102 101 101 103 104 103 104 103 102 103 103 102 103 104 103 104 104 103 102 103 
160 130  19  59 125  89 109 157 162 119 133  86  90 145 150  65  51  41 117  84  72  76  62  55  59  64  72  74  71  68  74  76  77  78  79  77  79  78  79  84  84  83  86  92  93  93  92  93  95  95  93  91  91  93  96  98  99 100  99  98  97  98  98  99  99 100 101 100  99 101 101 101 101 101 102 103 104 103 102 101 102 103 104 103 102 102 103 102 103 103 103 103 102 105 105 102 103 105 103 102 
161 106  17  74 154 148  78 111 163  84  99 142 157 149 159  78  55  57 124 100  70  79  68  55  57  61  63  69  69  69  76  76  77  80  81  79  80  84  85  83  82  82  85  88  89  92  92  92  94  94  92  90  91  91  92  94  94  95  96  96  96  99  99  99  99  98  98  99  99 100 100 100 101 102 103 102 103 103 101 102 103 103 104 105 104 103 104 104 104 105 104 103 101 103 103 101 103 104 102 103 
164 100  22 103 150 153  79  42  95  90 123 150 149 147 159  98  93  75 116 125  60  66  69  63  54  65  59  67  61  63  69  73  75  78  79  78  81  84  80  77  78  82  85  87  90  91  90  90  90  91  91  90  91  92  91  91  92  94  96  97  97  99 100 100  98  98  99 100 100 101 100  99 100 101 102 103 103 103 103 102 103 104 104 105 105 104 104 105 105 105 104 103 103 102 100 102 104 103 101 103 
161  88  19 113 149 149  90  31  15  98 156 147 154 149 161  97 114  61  72 133  69  70  61  72  55  62  65  70  61  57  66  76  78  78  81  81  84  83  78  76  78  81  82  83  86  88  88  89  90  90  90  92  93  93  92  92  94  94  96  97  98  99 100  99 100 101 102 102 103 104 102 100 100 100 101 101 102 103 104 104 104 104 104 103 104 104 103 103 104 105 103 102 104 102 101 102 104 103 102 102 
166  92  18 100 152 149 102  33  88 154 145 148 153 154 153  69  47  78  85 143  82  70  61  75  68  53  69  73  67  56  67  80  79  77  82  84  82  81  80  79  80  81  82  82  84  84  84  85  86  87  88  88  91  91  91  92  94  93  94  95  96  98  99 100 102 104 104 105 104 105 105 104 102 100 100 101 102 103 103 104 105 105 104 103 103 103 102 101 103 103 104 103 103 104 103 103 105 104 103 103 
169  97  14  90 147 152 103  70 142 155 145 149 153 155 149  65   6  59 116 143  84  73  70  77  85  58  62  74  67  58  62  72  73  75  80  83  79  79  78  76  77  79  82  84  83  85  86  88  89  90  90  90  93  90  90  93  94  94  94  95  96  97  98 100 103 105 105 104 104 105 106 106 104 102 100 101 101 102 103 104 105 105 104 104 104 102 101 101 103 104 104 104 104 104 105 104 103 105 105 104 
172 109  17  76 140 159 100  82 148 151 147 144 151 154 135 122  35  82 148 145  91  74  78  76  86  74  58  72  66  62  60  65  71  75  77  78  77  78  79  77  77  79  81  82  82  83  85  87  89  90  90  90  91  90  91  94  96  97  96  95  96  96  98 100 103 105 104 105 106 105 106 105 104 102 100 101 102 102 103 104 105 104 105 106 106 104 101 101 103 104 104 106 104 105 105 105 104 103 104 103 
163 117  24  70 146 155 126  69 139 153 152 139 147 105 108 175  98  90 126 145 110  64  78  69  78  81  59  67  72  67  61  63  71  74  71  70  73  77  78  77  79  81  82  82  83  82  83  86  88  89  90  91  92  91  92  94  97  98  97  96  97  96  96 100 103 104 104 106 106 106 105 104 102 100 101 102 102 103 104 105 105 105 105 107 106 103 102 101 102 103 104 105 105 104 105 104 103 102 102 102 
143  88  17  82 149 155 137  63 130 152 149 156 123 114 160 160 119 107 113 136 129  74  73  63  77  92  66  65  75  70  61  65  73  71  66  71  73  74  76  76  77  79  80  80  81  83  84  84  85  87  90  91  92  90  91  93  96  97  98  96  95  96  96 100 104 103 104 105 104 104 105 104 102 100  99 100 101 102 104 106 105 105 106 105 104 104 101 100 101 103 105 105 104 103 102 102 102 102 103 103 
109  55  29  97 147 157 138  35  96 155 154 151  94 150 168 156 118 119 112 105 165  82  83  70  80  89  71  65  73  72  64  66  70  65  66  72  76  76  77  78  78  78  79  81  81  82  84  84  84  86  87  88  89  90  90  93  95  97  98  97  96  97  97 101 103 102 104 106 104 104 105 104 102 101 101 101 102 102 103 104 104 104 105 105 105 104 102 102 101 102 104 104 104 103 103 103 103 102 102 103 
 85  43  43  92 149 156 133  40  59 160 152 111 129 159 149 161 143 110 113  76 167  99  76  73  79  92  74  66  80  78  68  69  67  63  68  73  79  79  80  81  79  77  79  81  81  83  85  86  87  87  87  87  88  92  93  95  97  98  99  99  97  97  99 102 103 102 104 105 104 104 104 104 102 101 101 102 103 102 103 104 104 105 105 105 105 103 103 102 101 101 103 103 103 103 102 103 103 102 102 102 
 94  44  66 109 139 155 121  55  30 124 107 119 154 159 148 159 158 104  72  67 166 132  72  78  74  93  79  71  79  79  72  67  61  62  69  72  75  79  81  81  79  78  78  79  79  82  85  86  86  86  86  87  89  94  94  96  99  99  99  98  97  98  99 102 104 104 104 104 104 104 104 103 101 100 101 102 103 102 104 105 105 105 105 106 105 104 103 102 101 100 102 102 102 102 101 102 102 103 102 102 
104  25  56 131 140 151 123  61  30  42  78 150 157 157 153 159 162 108  63  49 152 144  71  79  72  88  74  76  75  76  78  67  57  63  71  75  76  81  84  83  83  81  79  78  80  80  82  83  83  84  86  87  88  94  93  96  98  98  99  99  97  99  98 101 104 106 104 104 104 104 103 102 101 101 101 102 103 103 104 106 105 105 105 107 106 103 102 102 100 100 101 101 103 102 102 101 102 102 102 102 
117  48  34 100 140 155 119  74  48  23  69 155 161 158 154 156 148 126 113  29 113 159  79  64  59  90  75  78  79  78  80  66  56  63  72  76  77  83  85  85  85  83  81  79  79  80  82  84  85  86  87  89  90  93  93  95  98  99  99  99  99  98  97 100 103 105 104 104 104 103 103 101 101 101 102 103 103 103 104 104 105 105 105 106 105 103 102 101 101 100 102 101 103 102 102 102 102 103 103 103 
 92  63  37  69 141 153  80  56  56  26  65 157 154 152 161 148 140 164 157  44  79 159  84  61  32  86  89  71  74  78  78  66  56  61  70  73  76  79  83  85  84  83  82  79  78  79  81  84  85  87  88  87  89  91  92  95  97  98  98  98  97  97  98 100 101 104 105 105 106 105 103 101 101 101 102 103 103 102 102 102 103 104 105 103 104 104 102 102 101 101 103 102 103 103 102 101 102 104 104 104 
 32  40  38  45 133 129  47  47  53  29  73 162 141 138 151 154 147 162 156  98  86 125  78  63  18  71  95  71  72  77  75  68  56  60  69  72  76  79  83  85  85  84  84  82  79  79  80  81  84  86  87  87  87  90  90  93  95  94  95  96  95  96  98  99 101 102 103 104 105 105 104 102 100 101 102 103 102 101 102 101 101 103 104 102 103 102 101 101 101 102 103 103 103 103 102 102 102 103 103 105 
 25  34  36  33 106 103  33  62  50  64  74 142 148 138 151 155 152 153 154 147 123  84  75  56  22  62  93  74  72  79  74  70  57  59  69  72  76  84  88  89  89  88  88  86  84  81  80  80  84  87  87  89  91  92  91  92  94  93  93  96  96  97  98  99 100 100 100 101 102 103 103 102 101 101 101 102 102 101 102 102 101 102 102 103 102 102 101 101 101 101 101 102 102 103 103 102 102 102 103 105 
 23  29  27  19  55  43  24  82  56  78  86 108 155 148 155 149 150 150 150 148 147  47  38  59  29  51  92  81  70  74  75  71  61  60  69  73  77  86  93  92  91  90  90  89  89  82  80  82  85  88  87  88  91  92  92  92  94  95  95  96  98  98 100 100 100 100 100 101 101 103 102 101 100 101 101 101 101 102 102 102 103 103 104 103 104 104 103 102 102 102 102 103 103 103 103 102 102 103 103 104 
 18  20  22  23  44  20  48 115  53  89 120  99 146 146 148 153 146 154 153 144 136  50  25  48  48  44  82  90  67  68  69  72  66  58  65  72  77  86  90  90  89  87  88  88  88  84  81  81  84  87  87  87  90  92  91  91  93  95  94  94  98  99  99 100 101 101 101 102 102 102 101 101 101 101 101 101 102 102 102 103 104 105 104 103 104 104 104 103 104 103 103 103 103 103 103 102 103 103 103 103 
 27  42  25  33  95  52  76 159  48  90 124 104 149 147 149 156 151 155 151 145 115  66  58  41  73  33  58  97  62  63  67  72  71  61  64  73  77  85  90  90  88  86  86  87  86  86  82  79  83  87  88  87  90  94  95  94  95  98  96  96 100 100  98  99 100  99 100 101 102 101 101 100 101 101 102 103 104 104 104 104 105 106 106 105 104 103 103 103 104 104 104 102 104 105 103 103 104 104 104 104 
 34  46  24  36 118  71  97 174  77  53  66  97 153 144 149 157 154 160 156 155 145  74  71  61  81  52  43 101  67  62  70  72  75  69  67  72  75  83  87  89  88  86  86  87  86  85  82  80  82  86  87  90  93  98  99  99  99 101 100 101 103 102  99  98  99  98  96  98 101 100 100  99 101 103 103 104 104 104 103 103 104 105 105 105 105 104 103 103 103 104 104 103 103 103 103 102 104 104 104 105 
 28  41  17  47 116 101 132 163  94  53  28  70 155 139 145 153 160 160 156 157 167 110  71  69  82  70  27  86  85  67  73  70  74  72  67  71  72  78  83  85  84  82  84  84  84  83  82  81  82  85  87  91  96  98  98  99 100 101 102 103 103 105 102 100 100  98  96  98  99  99  99 100 101 101 103 104 105 105 103 103 104 104 105 106 106 105 105 103 102 103 103 102 101 101 102 102 103 102 102 103 
 27  38  20  63 113 125 155 148  94  57  22  71 153 138 142 145 151 160 150 147 138 145 123  83  81  77  33  64  91  69  74  73  73  68  61  70  73  77  80  84  83  82  84  85  86  83  81  80  81  83  87  91  95  96  96  99  99  99 102 104 101 103 104 102  99  98  99  98  98 101 100 100 101 101 102 104 105 104 103 103 104 104 104 106 105 105 107 106 103 103 102 101 102 103 103 103 103 102 102 103 
 28  36  21  60 111 113 150 160  89  41  54 111 155 137 142 151 146 146 146 144  97  89 109 113  74  91  45  49  92  75  72  75  71  66  57  69  73  75  83  88  86  84  85  87  88  88  84  81  79  83  86  88  95  96  95  98  99  99 100 102 101 102 103 101  99  98  98  98  98 100 101 101 101 102 103 104 105 104 103 103 102 102 103 105 105 105 106 105 103 102 102 101 103 107 108 105 103 104 103 102 
 20  30  17  59  99 107 146 170  80  46  97 137 162 141 147 148 147 148 158 140 109  84 105 137  72  85  32  29  93  82  74  73  70  60  57  66  71  75  84  89  87  85  85  86  87  88  87  82  79  83  85  87  93  96  96  97  99 100  99 100 101 103 102 102 100  99  98  99  98  98 100 101 101 102 103 104 105 104 103 102 102 101 102 103 104 105 104 103 102 101 100 101  98 105 114 115 108 102 102 103 
