208 207 205 207 206 204 201 201 201 201 203 197 197 195 194 195 192 191 194 194 191 192 188 185 183 188 185 184 186 190 183 176 178 173 173 173 175 190 161  82  48  78  89  76  81  88  84  95 148 140 115 123 112 126 162 147  74 110 187 140  99 103 116 128 140 150 150 145 140 123 145 144 158 157 149 135 138 137  87 100 122 148 141 141 118  86  97 105 141 137 143 157 135  97 146 138 127 123 142 164 
207 205 205 208 205 203 204 202 200 201 202 200 196 195 194 194 191 191 195 193 192 193 188 189 184 186 186 188 188 188 185 185 179 177 172 179 178 184 162  71  41  72  84  81  89  89  92 107 118 107 105 115 112 119 134 139  83  80 124 100 109 111 111 123 120 128 150 158 133 121 128 120 142 154 142 103 108 121  82  92  98 125  78 107  88  67  94  99 129 137 156 151 138  93 125 126 149 146 151 154 
205 205 205 207 205 203 204 200 201 202 202 200 194 194 191 192 190 191 193 192 191 192 191 188 181 182 184 185 188 190 187 188 181 178 175 178 180 180 167  44  21  74  91  80  86  83  85 114 107 130 133 105 103 122 127 121  68  61 117  80  91 117 124 127 123 127 145 157 124 134 136 142 134 150 157 113 101 107  81  82  95 110  84  80  78  61  70  93 104 120 158 162 140  99 127  98 164 175 153 166 
205 204 204 206 206 204 203 198 201 201 202 202 196 195 192 193 190 192 192 191 190 190 188 184 180 182 183 184 189 188 187 189 183 179 176 176 181 183 173  56  20  78  93  85  84  87  89 103 114 130 146 125 116 114 128 119  53  72 163 119  90 113 144 137 134 142 133 140 126 119 139 170 139 127 157 129  96 112  77  88 124  99  69  76  74  57  54  91 120 152 167 156 133  91 128  88 147 154 117 157 
204 202 203 205 206 205 203 198 201 200 203 201 197 193 192 194 190 191 191 189 189 191 187 181 182 186 181 183 188 183 186 190 180 179 176 177 178 180 181 104  45  80  94  87  88  92  97  96 108 110 118 123 117 115 125 115  56  63 127 125 115 107 122 122 116 119 119 127 124 120 157 173 145 113 156 119  95 108  79  75  95  94  67  63  69  57  72 101 125 160 119 116 129  74 111 102 134 125 125 139 
205 202 203 204 206 205 202 199 202 200 202 199 198 192 191 194 190 189 189 187 188 192 189 182 183 191 182 184 188 183 188 190 176 185 175 174 179 179 182 122  45  79  99 100  96  89  97  96 105 119 114 109 114 109 126 104  57  40  56  89 109 107 107 104 112 112 119 114 114 134 158 162 166 125 140 119 108 108  71  80 122  86  69  69  69  69 119 116 113  93  87 136 101  68  96  90 119 132 152 161 
206 204 204 203 205 204 202 200 203 202 200 198 200 195 194 194 190 192 194 189 187 190 188 183 184 191 184 186 188 185 190 188 175 184 175 172 180 179 182 119  33  76  92  98 125 111  96 101 102 120 108 105 107 105 123 111  57  41  62  89  88  85 103 100 118 104 111 113 108 123 153 156 151 133 137 128 131 103  79 119 158 110  66  69  54  92 124  99 112 103 108 132  94  77  92  85 107 132 157 175 
203 204 204 202 203 202 201 200 204 203 202 198 199 197 193 193 191 194 196 190 188 190 188 185 184 187 185 185 187 186 189 184 175 184 178 172 182 177 180 120  47  81  89  91 118 119 105 107 106 110 114 108  94 112 132 115  61  50  72  85  92  91  99 107 105  91 104 113 100 110 126 146 153 132 127 129 145 116 103 133 158 147  90  77  71  83  96  84  83 121 151 115  94  78 123  97  85 108 146 164 
202 203 203 202 202 201 201 198 202 203 204 199 197 194 191 192 193 192 191 189 191 193 189 187 186 187 187 186 186 190 190 185 177 183 178 169 180 179 185 125  51  84  97  88 100  99  96 102 110 110 110 104  97 102 140 125  84 118 106 108 112  89 118 127 118  90 101 107 107 111 115 132 133 140 129 126 149 114 111 147 153 145 116  63  79  74  74  97  70 110 158  94  97  67  67 119 123 112 128 136 
200 202 201 204 202 201 201 197 199 200 203 202 199 197 194 192 193 191 189 188 192 192 187 186 187 191 188 182 183 191 191 186 175 180 179 172 181 180 183 128  42  80  98  88  97  95  98  93 104 112 111 107 103 103 141 143 100 114 127 121 102  89 117 136 124  99 101 101 116 112 106 115 123 123 142 119 141 129 129 150 122 107  76  88  78  79  82 121 118 122 112 103 115  95 112 131 117 104 126 138 
201 199 196 198 200 202 198 192 194 199 201 201 201 198 198 197 190 190 192 189 191 191 187 189 189 186 190 178 182 190 191 183 173 183 179 173 180 180 179 113  67  95 105  98 114 105 106 126 146 115 118 113 114 130 149 137 106  95  89 113 118 118 116 110  98  98 108 101  87 100  86 109 108  94 104 120 136 117 129 139 115 113 112 115  91 103  98 135 144 109  92 108 115  85 113  95  86  95 119 133 
198 199 205 193 190 202 197 186 191 196 199 203 203 196 197 192 188 192 195 195 191 190 190 187 186 187 189 183 186 186 188 184 175 181 175 173 179 180 178 130  63 134 150 110 123 127 114 122 127 107 110 116 110 112 144 150 102  70  71 126 136 137 128 118 101  86 103 102 118 109  91 105  93  91 118 122 138 111 113 122 122 129 140 132 115 128 112 122 123 123 108  93  95  61  72  73  78  87 109 113 
198 200 201 200 185 197 198 181 187 199 199 198 203 199 195 196 194 192 194 200 190 187 190 192 189 192 188 186 188 183 189 186 174 174 175 172 180 179 172 121  51  99 103  95  98  97 106 128 139 110 104 117 125 129 156 140  73  42  69 108 128 131 133 133 114  78  90  97  81  72  81  90  86  87  99 116 147 115 101 115 130 139 142 114 124 112 119 118 111 109  92 107 105  57  78  70  67  73 109 118 
200 195 193 191 184 192 187 177 189 195 185 186 205 197 191 195 197 193 192 196 193 192 189 190 192 194 190 188 187 187 191 184 173 170 175 171 181 179 173 123  62  92  83  92  94  99 109 103  97 102 103 107 118 155 169 127  60  44  70  88  93 106 131 123 112  94  83  81  77  70 103  79  67  70  75 103 142 104 111 110 129 166 150 123 108 102 117 120 114 100 104 114  97  59  84  79  81 102 131 111 
199 189 198 180 180 189 181 177 188 191 183 180 181 185 195 194 199 194 198 199 189 189 189 190 192 193 189 189 188 190 184 180 177 173 171 174 176 175 177 139  76 100  97 100  93 104 111 103 101  97 106 108 115 148 160 115  40  35  55  56  63  66  76 103 112  93  68  75  78 114 124  60  54  87  81  78 110  86  96 100 118 141 139 123  93  90 125 120 106  99  73  88  90  60  69  97  97  97 123  88 
198 185 194 180 183 186 183 179 178 182 181 180 175 173 189 190 198 196 191 193 191 193 190 191 196 196 184 185 187 191 182 181 178 177 170 175 171 177 178 104  68  99 102  95 100 111 111 111 107 115 114 100 119 153 160  96  36  40  40  62  92  94 109 112  96  74  62  67  82 111  87 100 102  95  89  70 118  80  80 106 111 124 120 121 109  87 103 116  89  90  66  89  94  69  62  64  57  38  52  32 
197 184 190 176 182 178 173 179 178 175 178 182 174 169 171 184 200 194 191 185 183 182 188 177 178 196 180 183 186 191 186 184 178 175 173 172 168 174 179 104 119  90 100 101  98 104 112 107 108 115 111 101 105 136 159  95  60  62  59  89 117 112 113 118  94  78  64  68  74  89 102 116 120 103  82  69 113  82  69 106 106 102  88 106 107 103 109 111  98  98  98  59  56  69  72  67  72  73  65  76 
196 183 186 174 175 180 184 179 175 178 179 182 173 170 173 187 196 184 188 192 178 172 165 133 155 191 177 188 189 191 187 183 182 174 171 164 172 175 174 124 120 105  97  97 102  91  95 103 100 106  93 106 114 124 157  91  61  61  68 126 148 117 108 128 124  89  77  86  71  86  78  69 100  94  68  76 101  75  66  88 105 106  83 105  94  89 109 113  80  61  73  62  53  65  69  47  67  85  91 101 
191 180 181 174 181 179 186 174 179 175 178 184 178 167 171 187 195 186 181 183 164 169 158 116 153 170 175 188 190 195 185 187 178 174 174 172 178 176 175 104  75  95  97 101 100  93  99 106 106 115 103 106 106 109 158  81  36  56  60 106 157 140 110 119 126  85  78  71  56  62  59  46  60  67  67  51  96  60  47  84 101 111  88 114  93  88 110 132  99 103 101  94 104  59  57  64  74 103 131  97 
191 178 182 174 177 180 183 175 179 176 177 187 176 159 167 193 196 180 178 179 160 163 152 113 155 167 166 186 190 192 187 187 179 176 171 168 175 178 169  97  92 100  83 102 101  94 103  96  97 103 103 110  95 115 153  72  36  51  47  47  77 108  96 102 110  89  75  65  57  73  95  80  57  64  57  40  92  58  33  70  82  84  81  89  96 109 117  87 107  97  79 108 101  71  69  51  60  83  90 102 
191 178 181 174 176 182 186 177 177 176 178 187 172 156 171 201 192 178 185 181 161 171 153 117 157 163 160 186 190 191 191 187 180 172 169 171 173 173 161 122  97 113  86  84 106  96  91  92  80  89  95 104 104 132 143  76  26  41  70  66  44  42  68  92  92  95 101 106  99  97 104  84  79  69  67  55  79  52  41  43  72  90 106  95 105 100 111  85  95  94  71 101  99  50  67  57  65  67  69 103 
188 178 181 175 177 182 189 176 176 176 179 190 171 159 176 198 186 176 176 175 166 167 153 130 163 163 164 188 190 190 192 186 179 173 172 169 174 171 162 128  94 114  97  79  93  96  80  88  81  87  89 116 141 140 142  86  24  34  50  52  43  49  67  70  71  95 103 116 128 117  98  91  80  60  53  48  92  41  33  51  72 107 109  75  66  79 115  93 103  89  64  82  88  49  79  66  56  64  83  88 
187 178 180 176 175 176 189 173 175 177 183 186 168 162 183 197 178 173 170 164 162 166 159 124 154 163 169 188 191 191 191 186 178 170 169 166 168 171 151 133  81 100 106 101  78  89  93  79  85  90 116 157 179 141 127  85  21  36  55  53  41  44  63  77  80 103 123 158 179 166 145 122  96  62  38  60  93  47  35  52  84 110  95  54  72  87  91  91 113  96  68  59  54  52  84  88  80  56  82 100 
187 179 177 176 178 177 190 174 176 176 178 183 171 165 184 194 171 168 173 167 160 166 156 141 162 160 170 187 192 190 188 186 176 173 162 167 174 170 161 134 105  86  98  98  94 121 124  88  82  89  89 115 149 136 118  68  19  46  64  53  41  39  71  90  86 112 149 170 169 172 171 170 137  76  41  42  88  48  42  49  98 112  99  64  82  85  76  86  74  64  63  89  84  43  97  92 103  83  75  94 
185 179 176 175 180 179 186 175 175 173 178 181 169 165 188 195 167 168 173 170 164 162 164 183 166 154 169 186 194 187 185 186 177 170 165 168 172 175 154 157 172 149 140 131 124  68 103 106  82  91  82  89 106  88  80  82  35  47  62  53  42  42  62  83 100 120 155 176 168 164 159 168 150 103  74  46  71  38  29  41  68  74  70  68  65  59  70  98  82  65  70 105  99  56  91  86 116  95  79 101 
183 178 176 175 178 177 178 175 174 172 181 184 165 160 189 192 169 174 171 167 164 159 173 187 170 158 166 186 196 184 183 185 176 171 166 166 173 169 158 163 170 161 149 157 160 103  47  61  84  66  50  45  56  48  58  62  42  46  58  67  61  57  67  89 123 157 179 178 175 175 170 170 163 101  90  79  73  33  31  42  50  71  90  75  67  79  53  72 108 113 101 105  91  60 100 101 122 103  99 100 
183 176 178 175 178 175 177 175 174 173 183 190 161 157 190 190 168 171 173 172 164 160 174 188 171 155 164 187 196 184 184 184 177 170 165 167 173 171 135 124 121 121 127 112 126 116  88 115 135 123  91  73 100  71  55  88  40  53  67  65  67  80  86 107 143 163 177 175 172 177 176 173 169 101  81  99 104  32  55  73  74 122 109  69  74  73  70  74  93 111  94 109 103  55  87  93 114 112  97  82 
179 175 175 172 180 181 181 176 174 172 183 189 163 164 192 187 169 170 173 174 165 161 179 193 170 153 174 189 193 190 188 186 177 168 162 165 172 168 104  79  87  85  98 104 112 111 120 122 109 106 125 147 133  93 107 118  52  58  84  80  79  94  99 110 143 163 170 166 164 164 163 162 173 129  82  93 122  38  66  67  86 128  95  87 104  86  85  93  86 102  87  99 101  66  88  99 103  98 100  92 
172 176 177 174 177 175 178 180 175 170 185 185 159 167 191 178 168 171 173 174 165 161 183 195 168 155 174 187 193 191 189 188 158 146 148 156 172 156  81  61  84  98 106 139 156 165 153 152 140 109 104 111  93 107 157 144  65  59  85  81  80  83 110 142 165 171 167 165 164 163 166 165 172 131  83  87 107  45  58  55  84 121  92  94 105 110  92 103 105 106  89 106  99  77  90  86  95  74 112 128 
173 179 177 177 177 175 178 178 175 172 185 185 159 168 196 178 166 170 172 173 166 161 184 192 166 158 174 188 192 185 188 192 131 111 102 125 146 142  83  52  70  89 104 122 131 125 137 136 116 132  94  45  90 130 172 145  62  42  76  86  76  89 120 153 162 157 160 169 168 162 169 170 177 154  68  81 103  40  65  69  87 102  85 103 103 118 103 108  99  88 116 129  94  75  80  73  96  85 101 119 
184 178 177 191 187 173 176 178 175 169 183 186 160 166 194 174 167 172 172 175 166 160 186 189 163 153 180 191 192 190 187 190 112 112 137 106 125 125 119 130 112  98 109 110 103  79  99  89  77 103 106 100 120 136 164 141  72  31  62  85  89 105 118 125 143 147 150 160 164 160 165 170 167 173 112  74  78  34  63  60  84  81  85  77  63  69  92 110  87  98 109 118  94  69  82  79 107  91  86 106 
196 181 192 204 191 171 173 180 181 177 189 188 160 165 195 179 168 171 174 174 164 161 190 186 160 157 181 188 191 189 190 191  80  78 138 117 135 133 134 141 131 129 129 113 120  93 106  99  87  92  96 131 129 130 144 154  96  49  61  76  97 110 122 127 139 148 147 149 156 156 155 163 160 159 161 115  79  32  64  55 103  98  72  65  79  68  98 108  98 116 110 101  95  61  66  85 117 107 108 112 
196 186 199 203 195 186 184 184 193 197 198 188 163 178 195 174 170 172 171 169 162 164 193 184 159 161 180 189 189 187 192 186  80  51  67 133 138 133 152 157 153 168 167 141 134 101  96 106  92 110  97  92 120 132 124 131 105  71  83  91 102 113 131 147 145 150 154 153 157 158 148 148 155 153 159 168 113  36  66  47 109  70  61  81  80 104  99 102 112  95 101  97  87  65  66  78 104 108 112 103 
198 197 200 203 205 202 204 199 197 195 202 197 182 190 191 171 176 176 171 167 162 166 195 180 159 155 167 191 189 183 196 175  73  91 102 147 147 146 156 167 165 179 177 164 127 112  98 100  99 102 104 106 129 128 119 119 107  80 105 116 101 105 124 135 142 147 151 155 157 156 149 146 150 149 146 157 140  32  43  52  83  70  66  56  69  96  95  97 105  82  90 108  80  69  83  70 106  98  99  81 
199 196 202 206 208 199 205 208 208 206 203 203 197 195 184 175 183 181 179 176 172 175 197 175 161 156 167 190 189 181 201 161  97 157 154 146 158 153 154 167 171 178 179 168 140 119 101  94  95  88 103 108 113 125 113  91 114  86  92 116 106 114 124 130 137 141 149 154 153 147 147 147 148 153 151 152 131  33  45  52  69  75  52  59  83  71  75 104 103  70  88  88  77  57  66  67 106  93  91  72 
193 184 188 198 199 196 199 204 200 199 197 207 201 199 190 189 189 192 191 185 185 189 197 180 171 163 177 189 189 182 200 159 137 165 157 155 158 155 155 162 170 175 182 170 166 132  89 104 110  92 102 120 120 126 108  58  99 111 111 123 114 124 130 123 125 146 162 158 167 173 165 157 147 151 150 145 130  31  29  37  53  73  54  69  77  72  78 112  91  82  87  87  86  52  52  77  98  98  95  93 
185 177 179 186 193 189 186 192 179 175 181 199 195 194 198 195 194 200 199 196 196 197 197 188 183 177 181 187 188 189 195 172 154 170 149 153 163 165 157 159 164 171 185 172 174 144  89  91  99 118 136 141 126 124 117 108 132 124 122 120 119 131 121 111 123 133 149 158 165 176 174 161 156 164 152 159 137  62  83  64  41  53  67  60  67  79  86  98  78  96  78  76  73  65  61  79 105 117 114 114 
177 178 182 181 191 180 173 181 173 170 167 179 193 193 196 194 198 200 199 200 198 198 197 188 189 187 184 190 187 188 199 175 150 166 141 143 138 156 130 138 146 162 180 168 162 144  82  80  98 146 150 151 143 126 119 141 151 127 108 102 117 123 112 126 136 125 134 163 167 170 169 153 155 161 156 170 142 115 169 154  89  43  62  74  71  81 107 108  91  96  79  49  49  79  68  82 110 135 113 104 
177 175 177 181 193 176 169 170 173 173 172 177 180 184 197 199 197 201 192 195 192 178 183 191 179 179 186 190 189 185 203 164 130 167 154 137 105 129 107 136 156 128 168 154 165 146  92  88  98 131 133 151 166 139 117 132 145 130  86  84  91  99 110 126 140 139 132 156 167 165 166 160 157 155 150 143 134 118 154 163 152  90  51  68  60  85 100 100 121  83  51  50  47  79  51  71 125 142 137 123 
179 173 173 183 194 173 169 166 171 171 170 174 168 176 195 186 191 187 182 193 180 156 167 191 178 181 188 186 188 187 199 167 132 156 165 149 140 147 141 167 175  99 170 146 165 139 115 122 107 107 118 140 158 153 122 121 142 125  73  64  69  94 114 115 127 140 130 136 148 147 151 153 148 131 124 120 123 101 138 140 161 147  90  79  73  86  91  73  74  55  38  46  59  47  32  49 107 129 115 128 
179 173 174 180 186 170 168 168 166 161 172 169 165 178 185 168 173 171 177 179 168 157 164 186 183 181 187 190 187 189 200 170 147 155 175 152 154 174 161 171 164 142 175 101 139 104 111 131 106 110 129 139 149 157 141 128 142 132 104  87  76  99 134 116 122 135 144 145 148 147 140 137 131 111 110 118 117 102 147 145 117 110 126 135 104  68 106  78  35  54  46  38  56  45  35  41  85 100  70  90 
179 174 175 181 188 170 173 172 167 163 176 169 168 177 177 166 168 169 175 167 165 161 165 176 174 180 186 191 189 187 199 170 151 149 157 157 155 159 155 166 147 181 165  75 128 104 105 110  97 105 138 138 141 143 146 137 143 151 120  99  97  86 121 110  87  86 129 148 144 145 146 142 134 119 106 117 110 102 140 128  87  85 102 148 117  38  78  92  39  39  33  14  24  39  31  19  38  53  52  53 
178 176 174 184 192 168 171 170 172 176 178 169 168 177 176 163 165 166 170 164 165 159 161 165 170 184 188 190 190 188 198 166 141 139 134 143 166 156 146 139 143 166 167 122 149 141 128 125 119 126 143 145 156 161 163 158 152 142 136 137 146 139 138 145 119 117 147 156 157 156 165 170 160 154 141 143 145 138 144 146 137 131 129 148 144 108 107 128  95  76  77  64  79  80  77  66  60  62  62  68 
175 176 175 188 192 168 169 169 170 175 178 167 167 177 174 163 173 173 167 165 167 159 161 161 172 187 188 187 190 189 200 162 145 151 141 140 162 162 122 114 143 154 153 155 150 156 173 162 160 170 180 177 185 186 186 185 178 168 181 186 184 187 183 184 186 187 187 186 183 183 184 190 190 188 182 176 180 179 163 175 177 168 165 176 169 181 180 178 164 159 156 161 175 174 172 171 171 166 161 167 
172 176 178 191 191 168 171 169 164 170 177 167 170 176 167 160 180 177 166 169 167 160 165 163 171 184 189 189 191 189 198 159 149 160 149 154 164 137 114  95 124 147 150 162 142 159 179 171 170 176 187 187 190 186 187 187 187 190 190 186 185 187 184 184 188 190 182 188 188 186 187 187 189 187 183 182 179 179 161 169 174 170 179 188 181 185 192 189 176 178 168 169 178 186 189 189 188 186 187 190 
171 175 176 194 190 168 168 167 166 179 181 166 171 178 170 162 168 166 165 166 163 160 165 164 167 181 189 189 190 188 194 157 154 158 151 140 150 126 115  84 107 141 147 163 148 157 169 168 170 173 180 180 184 185 187 184 184 187 183 185 186 183 183 180 183 185 178 184 186 183 187 184 185 184 185 181 178 180 156 170 176 172 191 185 189 187 184 187 184 177 167 159 159 163 164 161 166 169 162 157 
173 176 174 197 188 167 166 167 169 186 180 164 170 177 173 168 168 162 163 166 164 161 162 161 168 184 188 187 190 191 190 154 154 156 148 135 140 132 117 109 124 140 117 160 150 140 180 169 174 175 180 181 185 185 185 185 183 186 185 181 180 180 181 180 184 182 184 179 184 186 182 185 177 173 180 183 176 177 165 174 175 179 185 187 190 187 188 185 183 180 172 168 160 161 158 163 167 165 149 151 
174 175 176 197 183 168 171 169 169 185 176 164 170 170 164 168 178 170 161 165 165 162 161 158 172 186 188 187 189 192 188 161 160 162 149 132 139 143 114 130 130 138 107 163 149 146 180 170 168 172 177 183 187 188 187 185 182 183 182 180 180 180 178 181 185 182 183 181 184 182 186 182 180 180 176 183 181 175 177 179 172 184 184 187 185 188 190 183 180 183 177 167 166 166 169 170 168 166 159 161 
173 175 175 195 178 166 171 170 168 186 178 166 171 170 167 170 175 172 162 163 164 161 165 160 173 185 188 191 187 192 189 175 174 169 157 135 143 144 115 131 122 135 111 177 156 155 176 172 170 172 179 183 183 186 188 185 179 181 181 179 179 180 181 182 180 181 183 181 185 182 184 182 187 180 177 181 186 182 181 181 168 177 180 183 185 186 186 185 186 185 181 181 179 176 179 175 167 165 171 177 
175 173 175 195 172 165 171 165 171 186 178 169 170 175 170 173 176 168 165 165 163 160 163 163 171 183 189 190 192 191 194 176 156 152 143 134 134 138 115 106 108 132 125 180 163 154 180 170 178 172 178 182 180 182 186 183 178 180 181 182 182 184 182 180 181 185 186 183 183 182 184 185 187 178 178 175 178 178 170 170 168 177 178 182 187 185 188 186 185 186 184 182 182 180 182 180 175 167 172 170 
176 173 177 196 173 168 170 166 170 181 175 169 164 175 175 170 174 168 166 163 161 163 163 158 171 184 188 195 190 193 193 175 145 145 143 133 130 144 105 122 110 117 125 182 167 146 180 169 174 174 183 186 182 181 181 180 182 182 184 185 182 182 180 175 179 185 184 184 184 183 184 182 182 179 179 178 178 178 170 167 167 178 179 182 183 181 186 187 186 186 183 179 178 178 181 179 177 173 172 171 
176 173 180 195 174 171 170 170 170 185 180 167 166 178 177 171 175 168 163 164 162 163 158 153 173 186 190 193 192 193 191 176 151 146 139 138 130 132  92 130 142 140 155 181 178 137 164 169 174 181 183 183 181 179 178 179 179 180 183 182 180 180 178 173 176 181 183 183 181 181 185 186 181 181 178 178 181 180 177 170 171 180 183 184 180 174 178 181 183 183 179 176 177 176 180 179 179 179 174 176 
176 173 187 192 170 171 169 169 171 187 169 157 167 177 171 168 171 168 166 164 164 164 159 157 175 188 187 185 190 189 196 174 154 149 143 138 110  72  76 127 157 145 175 179 177 135 160 172 178 181 180 180 180 178 179 178 175 176 178 178 178 179 178 175 176 180 182 184 183 183 184 181 181 181 177 176 179 181 176 169 176 180 180 184 181 174 176 176 173 175 174 175 178 177 181 179 175 176 175 177 
175 172 188 190 166 170 170 169 172 183 158 156 164 174 171 168 173 170 163 163 163 159 154 156 176 182 176 182 191 189 188 164 157 151 158 150 100  68 110 129 165 158 174 175 180 141 148 178 184 185 181 174 178 185 181 177 177 178 177 178 179 179 177 177 175 177 180 180 178 179 183 181 182 179 180 179 181 182 175 173 179 178 179 183 183 178 176 176 177 179 177 180 181 179 179 180 179 177 177 179 
175 172 189 193 169 172 171 169 170 177 165 165 169 176 170 165 165 167 166 162 160 160 157 156 178 173 168 181 190 186 186 160 160 179 161 140  88  97 132 133 180 159 160 174 175 149 168 174 183 179 179 182 183 178 182 176 173 183 178 180 182 179 178 177 178 179 178 178 180 183 184 176 181 179 182 181 181 182 176 180 179 178 179 182 182 179 179 179 180 181 179 183 183 182 181 183 183 181 179 180 
174 172 186 190 170 173 170 170 176 174 167 170 175 180 168 168 170 166 165 163 161 159 157 158 180 165 179 193 182 171 175 163 177 187 170 147  99  86  95 118 144 163 153 168 167 147 177 175 177 185 178 173 186 185 169 173 181 181 180 181 184 182 180 179 179 179 179 179 178 182 186 181 180 179 180 177 177 179 177 181 181 182 183 181 179 178 178 179 180 181 178 181 180 182 181 182 182 182 181 181 
174 173 185 185 169 175 168 169 183 176 162 172 178 181 167 167 172 167 164 164 164 156 157 164 177 164 179 198 186 187 159 151 183 187 172 163 148 118  94 101 143 149 120 169 174 150 158 178 175 186 186 177 181 185 182 180 178 181 181 183 184 183 181 180 178 179 181 180 177 179 185 183 180 181 179 178 180 180 179 177 177 179 182 178 177 180 181 182 184 183 181 185 182 186 186 183 180 182 185 184 
174 173 184 183 167 172 168 169 184 178 162 174 176 178 165 166 170 167 161 165 160 155 155 168 180 170 185 195 192 187 186 154 180 196 181 161 152 116 108 131 131 143 128 170 174 159 149 164 179 188 187 183 176 183 182 182 177 177 179 182 183 181 181 181 172 178 182 178 180 181 182 180 178 178 181 180 181 181 177 179 181 181 180 178 180 183 185 185 185 187 188 186 183 184 184 184 185 185 186 186 
175 175 181 181 167 173 168 169 179 177 165 170 176 172 165 166 170 172 163 164 160 159 154 165 176 176 189 193 189 195 192 153 159 167 157 155 148 129 139 142 106 177 135 155 169 164 158 165 177 185 189 178 179 184 180 180 178 180 177 178 182 180 179 176 176 181 181 182 182 176 179 184 180 180 182 181 183 184 180 184 184 184 183 181 182 185 186 185 184 186 187 186 185 185 185 186 189 189 188 188 
176 175 180 179 167 172 169 169 178 177 167 169 174 167 165 167 170 171 162 161 160 164 155 163 175 182 187 192 192 194 187 151 156 153 150 156 135 141 161 115 121 178 176 164 170 167 174 173 169 179 183 171 186 188 179 180 181 183 179 181 185 183 180 176 175 180 181 182 180 177 182 185 181 179 181 182 184 184 182 186 187 186 184 182 184 186 185 185 186 186 187 188 189 188 188 189 188 187 188 187 
174 175 180 179 167 170 170 170 179 175 166 171 171 166 164 168 168 167 164 162 158 163 157 159 175 182 189 191 189 191 184 139 135 153 151 144 135 149 136 113 138 183 173 174 183 170 172 177 172 178 175 164 182 188 178 183 185 185 180 182 185 183 180 181 182 186 182 179 183 181 181 184 181 179 181 184 186 184 182 185 186 185 183 183 185 187 186 183 185 187 186 188 190 188 187 188 186 187 187 186 
174 175 178 178 167 168 170 169 177 173 164 170 170 167 165 168 170 165 162 163 157 159 157 158 177 188 190 192 187 190 188 143 131 149 146 143 143 133 144 144 155 159 138 178 185 174 173 176 174 177 171 165 178 189 177 181 183 181 180 182 183 181 178 179 182 184 176 171 179 183 182 183 182 181 179 184 187 186 185 186 185 184 182 183 187 189 187 185 187 189 188 190 191 188 187 189 189 190 189 188 
175 176 176 176 170 170 172 171 177 173 166 167 170 168 167 167 170 164 159 160 156 157 155 159 181 186 187 193 189 187 189 100 120 158 163 150 143 148 151 157 157 173 164 181 180 150 169 179 172 174 173 170 172 186 181 183 185 183 180 180 179 179 179 180 182 175 165 174 186 180 178 185 182 179 177 182 186 187 188 188 186 186 184 185 188 191 189 188 190 191 190 190 190 189 188 190 189 190 189 188 
175 176 180 174 173 171 169 173 182 174 167 167 170 167 169 168 168 167 162 158 161 161 148 158 180 184 189 191 186 194 179 147 175 185 155 140 156 147 147 150 142 162 199 181 182 145 156 177 176 175 172 174 165 173 183 189 186 183 183 183 179 180 180 180 181 179 174 180 185 180 179 183 180 179 176 180 184 185 188 186 186 186 186 186 188 191 190 189 190 190 189 187 187 188 188 189 189 190 189 188 
175 174 183 173 173 170 165 173 185 175 168 168 170 167 168 168 166 167 162 154 163 165 147 161 181 189 192 191 190 187 189 174 180 168 153 152 148 151 151 133 135 172 198 177 188 164 155 184 181 174 174 184 172 168 181 182 178 181 182 180 175 178 179 182 180 182 180 177 179 176 178 186 180 179 178 181 184 186 188 185 187 187 186 186 187 189 189 189 190 189 188 186 186 189 190 189 190 192 190 190 
177 172 179 173 170 167 171 175 187 170 169 166 172 172 166 165 167 172 161 152 165 162 152 167 181 186 190 191 189 191 192 165 166 162 161 153 149 158 153 134 144 203 204 178 186 191 174 183 172 171 193 188 170 183 173 166 176 183 179 168 171 181 181 181 180 179 180 182 179 176 179 186 177 177 180 177 182 187 185 188 189 189 187 189 188 188 188 186 184 186 186 183 185 188 188 188 189 189 186 186 
175 175 178 170 168 165 169 174 187 167 168 170 176 171 166 164 168 170 158 156 162 160 151 169 182 187 188 187 189 192 195 137 140 172 163 137 146 150 147 146 167 203 200 180 186 189 174 179 174 177 198 186 180 187 173 167 177 177 172 173 182 181 181 183 179 179 181 183 183 180 181 183 178 177 179 178 181 185 184 188 188 188 186 187 187 188 189 187 187 185 185 185 187 186 187 189 190 188 187 187 
173 176 180 173 168 171 170 176 176 163 169 172 177 169 168 166 172 168 155 159 157 156 152 173 183 183 188 190 190 190 196 137 148 162 159 141 145 144 127 147 177 179 158 177 187 189 174 178 172 183 196 183 178 184 176 174 175 173 183 188 186 180 184 187 184 183 180 178 179 180 182 183 178 177 178 179 182 185 185 187 186 186 184 185 185 187 188 187 188 185 184 187 190 190 189 189 188 187 187 187 
172 174 181 169 168 172 171 177 169 164 172 171 174 165 167 165 172 167 155 158 155 156 154 176 184 182 188 192 189 191 190 137 132 143 145 152 148 151 142 158 175 128 132 180 187 197 177 176 173 184 179 181 169 176 184 178 178 174 176 189 191 185 182 187 189 186 180 177 178 178 181 185 180 179 179 181 183 185 185 186 186 185 184 185 186 186 188 186 185 186 186 185 185 188 188 186 186 187 186 185 
172 176 182 156 169 170 171 181 176 168 168 171 174 167 164 161 166 163 154 156 160 157 157 177 186 184 188 189 189 192 187 143 143 149 143 147 147 138 143 171 153 148 157 180 187 190 175 178 178 183 177 181 184 174 181 176 165 171 179 186 188 185 184 188 189 188 184 183 184 181 181 186 184 182 180 180 183 184 184 184 185 185 184 187 187 188 189 187 188 186 182 183 184 187 189 186 186 188 186 184 
172 178 179 149 166 172 168 184 178 166 167 169 171 166 161 163 172 164 150 157 167 159 160 179 186 185 190 189 192 191 183 142 165 159 154 168 145 124 147 179 125 142 162 169 190 190 177 179 181 190 177 177 184 176 168 155 156 176 177 180 187 185 184 185 185 185 183 183 184 180 179 185 186 184 180 179 181 182 184 183 182 184 183 185 186 188 189 188 189 184 181 183 179 180 186 188 188 189 186 184 
173 175 181 152 165 173 168 184 180 165 168 167 168 165 163 168 172 160 147 157 170 159 162 183 185 186 188 190 190 196 178 134 146 156 160 175 152 129 155 178 130 103 140 167 184 190 174 174 179 183 169 175 185 174 166 130 156 180 174 176 184 186 184 186 187 189 185 184 185 183 182 188 183 183 180 179 180 181 183 181 180 181 180 183 184 187 189 188 191 187 183 186 184 186 192 189 188 189 188 187 
173 174 185 161 169 170 173 185 186 167 171 168 163 169 171 174 170 155 145 160 173 162 167 183 184 185 187 190 188 197 179 142 144 144 171 168 161 140 151 170 124 105 130 177 183 186 173 178 180 176 181 184 171 183 161 125 165 177 178 178 183 189 188 191 190 188 185 182 184 182 182 186 179 181 181 180 179 181 184 181 181 181 181 183 185 188 191 190 189 189 185 188 184 189 193 190 189 188 189 189 
172 176 178 168 170 168 172 188 184 167 173 171 168 185 191 180 178 159 148 173 176 170 181 182 183 185 186 189 191 196 182 140 156 156 164 172 157 144 140 168 102  88 137 182 181 185 178 187 183 176 182 176 164 173 164 126 150 173 180 182 184 187 186 187 190 189 185 183 185 184 184 186 181 180 180 180 179 181 185 182 183 183 184 185 186 188 191 192 190 188 184 188 183 190 191 191 189 186 189 189 
172 172 174 171 170 170 172 190 188 180 176 178 192 196 194 182 183 178 173 181 176 175 184 181 183 188 186 187 189 198 180 133 166 167 161 173 170 146 134 172 107  90 133 163 188 181 168 185 184 179 182 172 164 140 114  93 143 172 178 184 184 179 184 191 190 190 186 183 185 185 184 188 188 180 183 183 182 185 183 183 183 184 186 187 188 190 190 190 190 190 188 183 180 191 190 189 188 187 189 189 
171 174 176 168 171 173 181 197 189 191 183 191 195 197 195 184 187 185 187 184 175 183 180 172 185 191 187 188 189 198 178 134 155 151 155 164 172 150 165 141  87 119 127 133 193 180 171 184 190 175 185 189 162  95  91 141 175 177 179 183 189 185 185 190 191 191 182 177 183 186 184 186 188 186 187 183 183 187 185 185 185 185 186 187 189 191 190 188 188 186 185 181 182 191 187 187 187 187 188 189 
172 175 171 169 177 188 195 199 192 197 193 195 194 194 197 185 180 184 185 181 174 182 177 174 184 189 188 190 187 200 175 103 155 161 158 159 151 155 167 101  95 123 118 118 190 189 184 190 188 180 194 172 121 121 153 180 182 184 185 180 184 191 189 190 190 190 184 181 186 188 187 190 186 190 188 183 184 187 186 183 187 186 186 186 188 191 191 189 189 184 183 188 189 190 188 187 185 187 188 188 
170 175 174 178 181 194 198 199 200 201 193 192 192 182 189 177 175 182 172 168 171 182 176 177 189 191 189 189 186 199 184  70 150 161 135 129 125 156 139  79 108 125 131 127 183 192 187 196 185 184 193 126  93 173 186 177 183 184 182 181 184 185 186 190 188 189 188 187 190 187 185 188 189 180 184 186 182 185 185 186 184 185 186 186 188 192 192 190 190 188 184 189 188 188 188 186 186 187 187 188 
171 183 185 189 195 196 198 199 189 191 183 194 185 166 175 169 170 163 158 164 173 176 175 184 189 189 189 187 189 197 185  74 119 135 128 107 100 118 126  90 103 128 137 127 178 187 186 195 192 186 183 157 145 177 177 179 184 189 183 182 182 178 184 183 185 186 184 184 187 187 186 187 184 164 177 191 187 189 185 187 183 185 186 188 189 192 192 190 190 190 186 188 187 185 185 187 188 187 186 187 
172 183 193 193 190 188 187 184 162 170 174 192 171 159 162 158 167 166 166 166 171 162 173 190 191 189 189 187 189 203 165  93 131 154 156 124  96  92 141 118 104 116 121 128 183 187 191 197 200 190 180 182 175 179 176 182 187 189 188 186 184 182 182 180 183 184 183 185 185 182 182 180 170 162 179 191 187 189 186 187 186 188 189 189 189 192 192 191 191 191 189 185 188 186 186 188 187 186 186 187 
177 182 185 179 170 169 172 178 159 159 166 184 163 153 160 161 170 173 166 163 166 154 173 192 191 191 189 189 188 203 157  93 151 157 147 152 145 135 134 114 115 123 112 134 157 191 194 197 199 194 175 170 175 179 181 183 188 187 188 188 187 183 181 185 188 186 187 185 181 173 169 178 176 174 181 187 186 187 186 185 185 187 188 188 187 189 190 190 190 188 188 188 188 185 186 187 187 186 185 186 
193 185 171 173 174 170 172 184 167 158 164 186 171 153 160 163 172 171 163 165 166 159 177 191 191 192 188 187 189 204 150  92 125 144 159 168 178 143  85 110 120 128  91 130 116 185 195 194 197 192 180 179 181 186 187 187 188 187 187 185 186 184 182 186 189 187 187 182 176 169 171 184 182 176 181 189 187 186 184 183 183 184 185 187 188 188 188 188 187 185 187 187 184 185 185 186 186 186 184 182 
201 187 167 172 175 171 173 186 167 157 167 192 177 158 158 164 175 168 164 167 164 165 180 191 191 190 188 186 186 202 144 129 140 148 169 168 177 138  85 106 110 105  79 130 126 178 168 200 195 195 185 180 182 185 186 189 189 184 182 181 183 184 180 184 187 186 185 182 169 160 178 166 172 174 182 187 186 184 184 183 182 185 186 186 189 189 187 187 185 184 185 184 183 184 184 185 185 184 184 183 
192 190 166 172 175 171 174 185 166 157 166 190 175 161 159 164 173 163 162 165 161 161 180 192 190 189 189 185 184 190 157 153 153 158 156 167 155 163 139 109 139  79  79 129 118 165 145 205 194 202 192 183 180 180 188 191 186 181 179 181 180 177 177 181 188 187 185 182 174 167 179 173 175 176 183 188 185 183 183 184 182 184 185 186 187 187 186 186 185 185 186 185 183 183 183 182 183 182 181 183 
181 193 169 173 175 171 174 184 164 157 167 188 170 162 161 165 172 165 163 166 159 156 179 184 186 192 190 185 184 186 144 150 153 170 165 159 136 170 142 142 164  66  96 149  81 128 152 169 184 197 193 190 185 181 187 191 179 175 176 175 176 170 165 166 180 184 186 185 181 179 180 182 180 179 185 187 184 184 183 184 182 181 185 188 186 184 185 185 186 185 184 184 182 182 179 178 179 177 179 181 
179 188 168 174 176 170 176 185 163 159 171 189 168 163 161 167 174 167 161 166 160 155 182 167 180 194 188 185 184 192 137 151 160 168 166 160 137 165 139 139 136  51  97 141 101 127 152 164 189 191 189 183 182 184 188 189 173 163 173 167 175 166 157 152 155 169 183 185 186 181 177 179 180 179 182 184 182 183 181 181 182 179 186 190 186 184 185 184 186 183 182 181 180 180 177 177 181 179 179 179 
176 180 166 176 176 169 180 186 161 160 173 190 167 159 155 168 174 167 161 165 159 155 184 155 174 195 186 183 187 196 151 151 156 166 161 152 136 159 156 120  90  47  84 101 142 158 148 190 190 185 186 181 179 180 177 177 165 155 168 171 174 166 168 158 152 160 173 181 181 180 181 181 180 179 182 183 182 180 178 179 179 179 183 186 186 185 183 184 185 183 183 182 181 180 179 180 185 184 182 181 
177 179 168 176 176 172 181 182 158 162 173 189 166 154 149 170 171 165 161 167 161 151 185 153 173 195 189 183 188 196 146 136 150 167 144 123 117 151 141 102  60  51  88  76 149 170 149 193 188 188 181 178 173 168 159 153 152 163 176 179 167 159 168 161 166 158 163 178 183 181 180 182 182 180 184 184 182 179 178 181 178 180 177 177 184 186 183 183 184 182 184 184 182 181 181 181 184 184 181 179 
179 181 169 176 177 172 182 187 160 163 176 185 163 159 156 169 169 163 162 157 153 155 183 172 184 195 188 186 187 199 138 130 152 168 139 118 117 147 136 103  65  44  86  76 142 172 136 190 190 189 185 180 169 170 169 158 163 165 169 177 169 157 165 158 155 157 163 181 184 182 178 183 185 185 183 185 182 180 181 183 180 181 177 176 182 184 183 185 184 181 184 183 182 182 180 181 185 184 181 182 
176 177 170 178 174 173 188 189 160 164 174 180 161 162 159 166 167 162 160 155 155 159 184 187 188 190 189 190 182 197 148 147 165 168 142 125 125 136 145 145  44  30  67  79 153 176 126 189 191 187 185 186 176 168 172 179 166 151 167 179 171 153 156 163 160 168 176 185 184 183 182 184 182 183 181 185 181 182 183 184 182 184 182 179 182 184 184 184 183 179 182 182 183 184 183 183 185 186 183 183 
175 175 171 178 170 175 195 186 158 164 173 179 161 163 160 165 165 161 157 164 160 159 184 190 190 190 191 189 183 200 160 156 161 160 142 132 134 107  87 136 132  91  61  79 133 173 124 184 191 187 186 187 179 160 160 176 151 143 174 171 157 152 149 161 174 182 186 187 183 182 183 183 181 182 180 182 179 181 184 185 185 186 186 183 184 185 184 182 183 180 181 183 185 186 185 185 185 186 185 183 
175 175 171 174 171 175 193 183 157 165 176 177 159 162 161 164 165 159 157 173 158 156 184 189 191 190 188 187 188 196 156 157 157 162 148 138 130 100  66  89 152 205 153  60 120 160 139 187 188 185 182 187 187 174 159 167 159 149 170 165 142 155 165 164 178 186 185 185 181 180 182 182 181 182 181 183 181 182 182 182 186 184 186 187 186 185 184 184 186 183 185 185 185 185 184 186 185 184 184 184 
176 176 172 173 176 175 195 184 158 166 179 175 157 162 161 162 164 159 159 172 157 156 182 189 189 186 186 189 187 188 156 160 158 163 144 119 129 125  76  65  68 198 213  89 119 171 140 188 183 178 181 183 186 186 169 161 168 163 167 171 149 154 169 170 181 184 183 182 181 180 181 183 181 182 179 182 182 185 186 185 186 184 185 188 186 184 184 185 186 184 186 186 184 183 181 185 186 182 182 184 
181 173 173 174 175 176 199 185 159 167 178 173 158 162 162 164 164 158 160 169 152 160 188 187 186 182 184 187 185 191 161 152 153 165 145 117 113 119  82  63  57 122 209 144 122 179 134 183 183 176 178 184 186 184 178 169 169 171 174 176 169 164 167 177 185 184 183 181 181 181 182 182 180 181 180 184 183 186 187 185 184 184 186 185 185 185 184 183 184 183 185 186 184 184 183 186 186 182 183 184 
184 168 173 174 170 178 202 177 158 166 174 172 161 163 163 166 164 156 162 170 149 166 191 184 183 176 179 184 186 192 159 142 159 163 141 122 119 122 110  93  68  83 114 112 148 176 135 179 184 175 178 185 183 181 183 178 173 179 182 181 180 176 178 181 183 182 183 181 181 180 182 181 181 183 182 184 181 185 186 183 183 186 185 184 184 185 184 183 183 183 184 184 186 186 186 188 187 184 184 186 
190 169 174 175 169 185 202 168 158 165 171 171 162 162 161 165 163 157 163 172 153 168 188 185 181 174 180 188 188 189 162 144 159 157 116 141 115 110 145 137  73 107 127 115 156 167 118 181 186 176 175 184 182 185 181 180 182 181 182 178 180 184 179 182 185 182 182 180 181 178 180 183 180 183 183 185 181 183 185 183 182 184 183 184 187 186 184 185 184 182 182 182 186 185 185 187 188 185 185 188 
182 171 173 172 172 183 205 180 163 164 169 168 163 162 165 168 160 156 161 168 154 168 187 186 182 172 177 184 186 187 159 141 159 162 118 120 113 120 141 111  77  85 179 137 128 172 143 183 188 183 174 182 184 185 179 180 181 181 179 179 180 182 181 183 186 183 180 180 180 179 182 183 180 181 182 182 181 183 184 182 183 185 183 184 187 186 185 187 185 185 185 184 184 186 185 185 186 186 186 189 
179 168 176 173 173 186 202 185 165 164 171 170 164 161 165 168 159 155 164 169 153 169 189 187 185 173 173 181 184 181 156 146 161 163 150 125 120 128 132 103  73  88 191 156 134 183 132 182 193 186 179 183 185 186 181 181 181 182 180 179 179 182 184 185 186 184 182 182 181 181 184 184 183 182 182 183 182 181 183 184 185 186 184 185 187 187 187 189 187 186 186 185 185 186 187 187 187 187 187 188 
181 169 174 173 172 190 202 187 164 163 168 169 164 158 163 165 157 152 162 166 152 171 192 191 190 180 175 188 192 178 154 160 167 159 154 132 131 112 112 126  91  86  97 106 160 182 161 174 187 189 185 183 183 186 181 181 182 182 181 179 179 184 186 187 187 186 185 185 182 182 186 185 185 186 184 183 181 181 184 186 184 184 183 183 184 184 185 187 186 184 184 184 182 184 186 187 188 188 187 186 
185 171 172 173 172 195 205 180 163 165 167 167 163 160 164 165 158 153 160 164 154 172 189 192 189 181 184 187 186 181 154 165 168 164 151 140 127 121 116 122 112  90  52  64 167 180 139 158 186 189 188 186 184 187 183 180 181 182 181 179 180 184 186 187 186 186 185 185 182 182 185 183 183 184 184 179 175 179 183 181 183 183 184 185 184 185 185 186 188 186 185 184 184 185 187 186 185 187 188 189 
