 50  57  59  49  53  54  60  59  60  56  49  70  57  56  63  67  76  67  42  53  68  75  69  66  72  75  75  68  60  67  49  42  57  60  63  64  64  64  61  59  69  54  37  33  48  50  51  50  55  59  67  58  62  56  41  60  61  61  60  57  58  57  54  49  48  60  60  53  34  27  28  32  40  39  30  34  40  37  31  29  32  34  23  16  18  21  23  27  28  27  22  16  16  17  17  20  21  21  20  17 
 43  43  52  54  56  55  51  59  60  55  51  65  58  51  59  66  62  55  51  51  57  67  73  68  68  64  60  57  56  65  49  41  52  52  51  60  66  61  57  62  76  56  53  50  41  39  43  37  50  55  59  61  60  55  47  60  58  60  57  53  54  53  56  48  46  55  56  54  41  28  26  33  34  38  32  31  35  35  34  31  29  30  19  11  14  23  33  34  25  23  20  16  17  18  19  21  22  20  17  15 
 67  63  62  45  60  61  45  51  56  44  46  56  59  50  53  57  51  45  58  49  47  51  62  61  64  60  55  52  55  66  48  39  47  44  46  50  61  54  45  55  69  59  57  60  59  57  55  54  57  58  54  55  59  58  51  56  53  53  50  46  45  44  53  50  47  56  56  54  51  43  38  38  39  41  33  31  29  23  22  21  24  19  15  18  18  20  29  30  23  12  13  11  12  16  18  21  21  19  16  14 
 62  66  75  45  62  74  55  38  62  46  35  57  56  50  51  37  41  46  55  64  52  49  63  61  62  56  55  50  48  61  50  39  52  55  56  52  57  55  48  54  64  59  47  57  56  50  52  56  46  44  47  52  58  54  46  59  48  47  46  46  42  41  48  47  42  51  47  49  50  47  44  41  42  38  27  32  29  20  19  17  24  28  18  16  18  19  24  24  23  20  17  13  15  17  16  15  14  16  14  14 
 64  70  77  54  62  78  69  31  53  52  36  56  57  44  58  39  31  38  42  55  56  54  62  66  69  65  60  53  43  56  52  36  45  50  56  56  53  53  54  56  66  53  49  61  55  49  47  53  53  42  44  45  51  54  36  58  46  43  40  48  44  38  42  44  40  48  42  47  45  41  43  44  42  40  29  29  31  30  29  22  20  28  26  22  20  23  25  28  31  30  22  15  19  22  16  14  12  12  14  15 
 59  63  70  59  61  77  72  47  31  58  39  54  61  40  62  55  38  39  39  42  56  51  45  56  70  69  66  54  44  60  55  43  49  51  58  57  58  48  46  52  61  53  47  62  59  37  37  44  54  49  48  54  53  54  36  55  47  41  35  40  46  39  45  43  40  46  42  38  38  38  34  34  37  36  25  23  28  32  27  29  25  27  29  16  14  21  27  28  32  28  24  19  24  27  17  24  18  13  14  18 
 58  59  62  61  47  74  73  62  26  60  49  48  64  35  52  54  48  45  47  46  56  57  45  40  64  63  63  57  48  60  55  43  54  60  60  63  66  52  44  52  64  56  41  59  60  47  50  45  47  50  55  58  52  55  38  52  47  46  45  39  41  40  46  41  38  47  41  31  29  31  23  18  27  32  23  24  27  27  30  39  31  23  25  28  19  15  29  31  31  25  23  20  22  20  19  23  17  13  11  11 
 74  70  71  56  64  78  77  60  45  68  64  56  68  44  50  56  49  47  44  36  46  51  48  45  59  62  61  60  52  57  54  40  47  49  50  50  50  52  49  51  58  55  35  41  45  48  55  53  49  44  53  55  50  55  42  53  48  46  42  39  39  34  39  38  35  41  41  36  23  21  18  15  22  31  25  23  26  27  26  32  29  20  23  34  26  19  24  30  27  25  26  19  20  19  20  16  17  12  14  12 
 66  63  65  63  83  85  71  70  54  78  90  79  71  59  57  55  62  78  79  30  28  44  42  44  55  55  59  54  48  54  53  39  50  51  53  57  48  48  52  53  52  54  30  34  35  39  44  42  41  38  34  44  52  55  40  53  48  47  41  37  39  38  43  42  35  41  42  40  32  30  26  27  27  29  22  21  19  21  22  27  28  20  22  21  24  18  23  27  25  20  21  17  17  14  16  11  16  12  14  16 
 47  52  57  66  77  75  59  72  45  79  87  83  66  51  54  53  59  76 120  77   7  38  45  46  50  56  52  51  49  53  56  41  52  64  58  62  55  45  47  51  55  55  26  33  33  32  36  39  33  29  26  36  49  52  40  51  43  41  45  43  42  35  39  42  34  41  43  40  38  36  30  30  31  31  22  20  18  18  23  27  23  16  21  25  24  23  23  26  24  13  13  17  20  17  19  15  14  12  14   9 
 56  60  63  74  82  66  50  74  45  76  77  82  58  55  47  54  68  73  98 120  35  33  44  46  51  59  52  46  50  57  59  40  47  62  58  56  55  54  51  50  60  55  28  35  34  36  36  38  39  32  30  40  51  51  35  48  43  31  35  34  36  36  40  42  34  40  42  41  36  36  39  37  33  34  20  16  21  20  18  20  18  12  13  17  13  15  17  20  18  16  14  13   9   9  15  15   9   8  13  21 
 57  60  69  73  81  55  59  76  57  83  75  74  54  53  44  48  84  92  99 129  78  59  60  45  54  64  60  56  56  64  65  41  45  59  60  53  45  45  49  41  48  47  21  34  36  39  42  46  40  38  29  37  42  49  36  44  43  23  26  29  34  32  30  35  29  37  35  38  42  32  31  33  32  33  20  19  20  17  14  12   9  13  20  15  26  19  13  15  23  52  69  57  43  46  14  10  33  43  47  67 
 57  65  73  74  80  55  66  65  81 102  72  71  58  53  58  69  83  99 107 123  73  59  70  49  59  68  73  77  80  82  82  61  56  63  72  77  68  59  66  68  59  58  24  33  48  47  47  39  41  68  55  56  52  53  33  41  49  55  60  45  33  32  42  39  27  44  52  65  85  80  58  57  51  30  12  15  13  10  21  36  42  51  63  49 100  84  81  87  79  96 119  99 116 154  96  33 101 109  85  83 
 64  67  64  77  83  53  65  66  75  84  66  68  61  60  73  90  68  88 100 119  71  52  66  69  66  77  92  96 103 104 100  80  78  83  90  98 103  99 103 113 106 108  85  60 107  94  78  67  77  98  95  97 112  99  76  71  56 115 106  71  74  85 105  97  67  77  81  99 116 130 120 112 103  92  66  46  63  71  86  93  88  86  83  69 134 115 122 147 128  98 103  87 137 174 160  78 131 111  89  82 
 68  65  61  68  77  46  62  60  80  85  61  62  59  63  75  93  59  79  97 115  65  62  81  75  79  96 103 107 107 111 113  82  82  94  92  94 105 111 119 119 119 127 112 100 121 107 108 105 103  93 102 105 134 127 120 114  69 113 100  91 120 108 128 130 100  98  96 108 113 118 123 111 108 141 128  89 112 111 114 113  97  90  73  55 125 104 112 134 133 105  99 105 133 156 152  92 141 106  97  87 
 63  64  67  65  71  56  69  48  79  98  56  58  73  72  62  80  57  71 104 118  67  72  89  70  90 107 102 100 102 106 106  80  84  94  91  95 100 103 118 125 116 114  98  97  97 106 100  99  95  92 112 114 123 120 109  95  88  81  71  99 115 101 121 114  93 112 108 109 112 114 113 102 105 142 135  96 114 111 103 109 105  92  80  68 127 104 119 133 123  98 102 119 123 168 159  95 157 119 102  78 
 54  62  66  67  61  60  73  53  75  79  85  87  85  76  56  60  56  69 105 122  58  68  89  82  94 108 105  99 102 104  96  74  89  95  80  89  96 114 123 124 118 108 100  60  82 109  96  98  93 101 113 111 129 121  93  84  80  80  60  95 103 107 122 103  94 129 110 100 100 115 121 108 114 145 145 101 105 121 116 106 109 111 108  96 130 102 129 139  97  87 109 111 114 166 161  95 162 123  92  81 
 66  54  62  65  54  50  65  44  87  93  98 109  85  67  62  62  50  69 104 119  50  68  99  86  86 107 108 102 102 103  89  63  71  87  75  87  76  92 108 109 110 112  99  48  72 102  99 105 107 109 115 100 132 112  93  92  75 110  99  80  83  89 119 103 100 126 103 105 104 114 122 108 112 143 145 105  95 110 113 109 111 122 122 111 125 100 133 140  92  88 107 111 114 161 160 101 132 102  81  89 
 69  56  59  63  59  58  60  38  65  99  93  92  89  63  58  54  48  80 111 116  60  68  82  84  80  93 104 104 102  95  79  59  65  79  82 100  80  70  74  97 116 120 103  51  79 102 100  96 111 107 123 107 130 106  95  96  83 115 105  74  75  79 104 102  96 124 101 101 114 119 118 110 117 142 137 100  88 104 118 115 114 115 114 113 121  92 129 134 102  89 104 118 115 154 156 102 132  92  91  87 
 64  57  60  64  52  52  57  42  60  71  72  67  87  66  60  44  54  81 115 117  53  68  74  71  84  92  94  98  95  94  78  63  78  74  75  99  89  64  70 107 108 116  98  56  82 100 101  90 111 103 111 108 123 106  86  86  82 116  88  84  95 110 105  95  95 129  98  86 111 117 113 115 126 133 126  98  92  82 116 136 125 127 103 108 131  90 133 135 107  98 106 107 117 157 155 105 143  84  83  88 
 66  50  54  56  56  38  55  36  64  79  77  63  79  65  65  47  52  71 111 121  53  62  68  68  82  96  93  92  86  87  79  70  85  85  74 100  97  63  71 114 101 122  96  69  78  82  93 104 102 103 111 115 126 103  84  85  78  93  75  87 101 122 104  87  91 114  90  85 111 116 109 109 119 124 122 101 114  84  73  95 109 131  91  80 128  93 132 135 108  92  96 100 114 163 157 102 143  80  74  87 
 60  63  49  63  66  51  56  39  63  87  91  79  75  65  60  52  55  75 112 122  54  58  60  73  92  93  90  96 100  92  77  74  84  80  72  94  97  90 109 111  97 119  95  71  70  87  93 107 106 105 110 119 119  92  91  83  77  89  92  98  84 110  99  84  87  99  90  98 119 119 111  91 102 122 117 101 119 117 105  70  68  85  60  78 128  93 108 124 111 107 106  95 109 159 156  90 141  84  70  87 
 54  59  49  56  67  57  76  46  66  82  83  70  66  62  55  52  68  82 109 121  44  67  70  72 100  97  94  93  89  88  83  73  80  73  79 107 101  87 116 111  90 111  85  74  79 100 100 101 106 114 132 112 119  90 102  83  67  89  90  92  58  80 103  80  76  93  83  90 112 108 108  86  97 126 113  97 115 117 120  83  64  61  55  89 120  89 107 112 104 107  96  74  90 147 154  75 133 107  62  90 
 68  46  51  42  60  64  69  48  80  80  78  68  59  58  54  57  60  94 121 119  55  60  65  68  95 106  98 104  86  79  81  63  65  81  86 102  99  94 102 104 106 114  83  60  82  95 104 102 105 127 119  97 124  93  96  80  85 103  78  63  57  98 103  80  77  88  72  82 108 108 106  97 108 117 105  92 113 109  94  75  71  61  66  89 108  83 112 122 105  77  70  76 102 141 147  74 136 129  79  84 
 66  56  48  42  46  56  58  45  89  77  68  76  63  50  63  59  52  96 132 114  58  54  63  79 107 102 101 105 111  99  78  60  61  75  92  98  84  88  89  96  93 101  77  51  89  92 103 106 110 128 108  93 116  83  93  87  89  91  48  38  46  83  95  81  76  81  78  90 101 111 109  97 104  99  93  85 101 107  96  70  65  64  62  94 115  82 101 106  80  58  62  62 108 142 135  70 143 126  71  75 
 49  54  45  62  42  49  61  50  70  67  55  63  63  58  59  51  63 115 136 116  64  59  64  73  97 103  98 100 106 112  79  60  76  77  92  87  76  81  87  98  76  85  76  56  88  96 107 106 108 119  93  92 117  71  94 105  73  50  51  58  63  77  88  78  63  95  84  77 102 111 105  93  97  99 103  91  95 106  97  70  67  70  86 112 128  87  87  97  77  53  43  69 127 144 142  67 150 106  65  76 
 50  46  44  61  57  56  52  54  95  70  41  51  59  50  55  59  87 107 131 115  67  68  61  55  59  81  90  93  92 105  89  64  76  86  88  79  71  79  90  90  82  96  79  52  94 102 102 102  99  89  81  91 107  66  85  93  74  44  61  74  70  85  93  71  73  97  84  88  95  85  93  85  89 111 106  81 102 111  85  71  67  84 110 118 119  84  88  93  78  69  55  73 120 141 139  68 132  97  68  81 
 56  40  70  73  55  48  40  43  78  88  45  50  80  60  61  92  95  75 127  94  57  79  65  64  64  71  84  91  91  94  77  61  73  84  92 100 100  98  95  93  84  92  74  45 108 100 107 103  84  86  91  92 105  66  96  99  93  69  59  79  70  85  95  75  79  86  79  96  85  78  85  81  86  91  85  76 100 107  81  68  62  99 106  97  97  87  86  97  67  75  58  88  87 124 135  68 127  94  69  77 
 52  40  94  80  55  56  44  52  71  59  58  40  52  68  61  61  60  53  76  58  54  77  57  63  72  81  77  73  78  87  69  49  62  79  90  98 115 109 110  94  66  86  75  46  91  90  94 103  97  95  86  89  95  65  84  95  89  93  88  77  87  90  94  75  72  80  77  79  80 104  93  74  91  75  80  80  84  83  86  83  77  83  85  78  92  80 103 105  63  70  60  63  89 115 126  62 125 135  86  68 
 51  46  50  60  52  56  63  60  81  70  84  73  67  57  70  82  87  74  65  58  69  70  62  60  70  75  77  84  84 101  85  46  62  77  82  88  94 108 112 104  58  79  71  44  79  94  95  99  81  95  76  85  98  67  78  85  98 110  91  90  96  97  82  77  64  79  88  85  85 108  95  77  88  87  82  67  74  76  78  78  76  71  73  69  83  81 119 107  62  79  60  54  85 112 115  57 120 154 129  67 
 43  49  57  51  52  60  59  62  76  63  80  81  83  64  81 116  97  90  87  67  71  75  70  60  73  79  79  91  94  86  71  61  73  74  78  84  89  98 103 107  95  80  70  64  80  97 103  96  96 122 100  85 106  78  80  94  87  82  72  87 100  92  92  85  71  84  81  76  85 103 101  79  82  86  83  67  65  56  59  72  77  82  76  72  85  77  93 102  52  75  66  68  93 109 118  58 128 150 127  75 
 46  51  54  49  55  62  48  73 100  83  76  86  87  73  61  61  70  55  76  61  62  74  86  68  57  67  78  84  87  84  60  60  84  81  82  94 100 102  97 101 110 105  69  57  99  85  90  98 125 129 114  93 107  81  89  74  77  64  63  81  43  55  96  81  83  78  70  69  79  93  88  80  87  75  81  70  68  61  62  67  71  78  78  72  92  79  81  87  59  68  82  68  90 106 117  63  87 121  96  70 
 53  57  54  63  55  66  60  86 112  64  92  91  74 104 119 100  84  86  73  55  93 106  82  72  67  56  64  84  82  83  70  60  87  99  98  93  99 107 103 110 107 119  67  49  90  92  91 100 103 114 109  88  94  83 106  75  63  73  80  80  53  70 100  86  80  95  82  69  75  84  73  68  79  74  83  66  69  78  70  69  79  80  85  75  79  74  63  82  64  80  77  47  63 112 111  63  70  96  87  77 
 66  54  52  63  72  90  67  75 114  63  76  86  74  92 102 105  90  72  77  66 110 102  78  68  77  59  67  91  81  96  89  54  57  57  52  44  57  69  78  79  78  85  52  48  98  95  93  99 105 112 127  87  98  78  81  80  55  68  79  79  66  61  72  75  82  92  75  66  75  79  81  75  75  70  82  74  73  79  74  82  83  87  82  78  87  73  71  73  77  95  68  74  93 120 113  60  63  95  83  83 
 86  58  48  64  56  60  66  80  94 104  97 104  94  89  81  87 101  76  74  62  91  86  67  87  85  76  87  93  82  87  73  58  84  91  91  92  80  73  82  89  81  72  40  46 112  90  83 100 100 119  98  69  99  69  72  83  86  75  76  73  65  77  93  69  79  75  74  91  63  73  85  72  70  77  83  69  83  82  74  75  75  65  63  69  72  62  70  77  72  80  73  77  90 116 121  57  52  92  96  84 
 72  63  48  61  63  65  59  79  84 100 102  81  88 101  72  64  75  77  79  69 101 101  68  72  88  87  92  93  79  82  68  61  89  97  97  89  88 104  94  88  86  93  58  37  95  96  97  98  99 105  93  74 104  63  81  83  84  88  84  86  87  85  92  84  85  76  65  78  61  77  81  66  69  74  84  71 100  96  99  97  97 105  90  96 110  68  70  88  85  64  71  83  77 113 116  55  74  86 106  95 
 71  54  48  70  82  69  62  57  69  76  70  55  48  60  56  50  67  81  75  71 107  97  68  68  79  80  93  91  83  99  71  60  71  77  94  83  79  89  81  87  80  89  59  53  90  98  96  86  92 106  95  78  92  66  81  81  82  90  84  91  84  78  87  80  84  86  69  72  80  96  79  64  73  81  88  70  84  90  93  98  99 122  98  65  92  70  81  83  62  68  79  91  84  98  88  93 104  85  85  98 
 70  54  40  60  75  66  82  99 103  59  36  59  41  45  66  48  59  82  63  67 109  76  61  78  79  77  92  84  87  99  62  59  93  86  75  69  74  74  79  86  82  94  58  64  93  94  97  93  98 108 107  73 106  75  74  67  68  69  76  74  85  78  88  85  80  88  71  64  80 109 109  96  88  92  97  75  86  89  93  99 101 114  92  55  74  77  78  86  60  68  97  83  86  97  89  94  90  90  95  94 
 51  57  47  52  72  62  73 111 111  70  53  77  65  62  68  66  69  90  66  54  89  80  60  76  74  80  87  73  84  99  66  64  92  95  83  69  57  69  69  74  81  94  69  47  74  88  88  88  83 101  88  79 107  75  69  68  78  97  99 102  95  81  83  81  78  81  71  72  74 105 113  83  79  88  92  70  74  90  93  95 107 111 106  96  96  77  77  91  82  77  94  93  80 111 106  99  85  88 101  90 
 57  50  51  63  77  68  53  72  76  51  53  68  60  64  75  82  77  88  64  60  88  75  62  72  70  91  89  75  83  94  62  62  79  84  80  57  61  70  64  75  81  87  60  47  88  93  80  88  83  89  88  87 100  73  91  79  93 111 109  97  81  82  94  75  75  73  63  80  87 104 111  80  75  82  92  66  84  97  92  95 102 107 113 107 105  75  77 101  74  79  81  88  87 108 107  80  88  95  93  83 
 50  51  51  65  80  66  63  68  68  49  45  62  44  43  56  49  61  90  69  73 122  77  55  73  74  82  82  66  81  94  56  49  73  84  80  57  75  81  67  73  89  77  62  41  75  96  78  80  90  95 103  89  96  71  84  79  81  77  73  56  63  84 101  73  74  71  71  75  76  91  99  74  67  82 100  78  90 103  98  98 103 107 104 109 108  76  72  93  62  65  84  75  80 100 119  77  49  90  95  87 
 44  54  49  52  69  69  62  70  59  41  50  65  47  50  57  59  58  73  70  74 108  69  54  62  68  69  65  57  79  88  54  54  78  80  70  66 101  84  68  68  82  83  62  45  81  94  88  86  87 107  95  77  93  68  67  72  88  91  85  82  86 111 100  70  73  57  69  80  62  83  90  79  77  82  94  78  82  97  95  92  94 101  98 109 118  87  74  92  73  81  89  81  91 100  99  82  57  79  87 105 
 43  40  51  59  60  60  59  56  45  49  41  64  46  48  53  57  51  64  78  69  95  57  67  80  79  79  65  56  82  92  54  58  68  62  66  89  97  63  79  74  84  78  54  47  84  82  81  88  84  94  84  90 107  68  75  72  90  85  71  97  84 106 106  67  70  55  44  49  64  99 102  82  92 100  92  66  81  92  91  92  93  94 101 102 113  94  70 102  77  66  73  88  99 100  99  92  74  79  79  75 
 46  38  45  50  52  48  55  55  52  49  41  55  47  53  62  47  51  63  55  63  79  59  77  85  80  71  59  53  92 100  47  56  70  62  65  71  58  55  75  79  92  82  50  54  79  73  87  91  93  97  83 104 105  70  80  74  79  76  88 121  93  84 109  68  68  56  48  60  74  99  90  69  89  98  91  55  77  99  93  90  93  96  98 107 107  96  68 104  76  66  73  84  84  93 100  97  56  74  91  69 
 47  46  46  51  55  51  61  58  44  43  38  50  43  78  59  38  47  78  58  70  69  52  74  76  66  55  55  59  96  97  47  55  73  72  56  60  71  83  80  76  89  83  43  61 101  82  97 109 113  97  94 103 104  64  90  87  77  80 123 118 100  93  97  66  69  55  61  76  91 105  98  63  73  94  93  56  85 104  92  91  88  93  95 102 115  97  64  87  62  62  77  74  83 100  91 112  78  60  59  69 
 54  48  43  48  64  62  46  53  53  44  43  52  51  86  42  38  55  75  55  67  61  54  71  70  64  58  61  61  89  93  49  59  70  62  58  67  65  78  72  79  96  79  44  49 106  97  90 104 102  88 100  98 101  56  91  90  80  70 110 116 104  99 103  64  71  65  70  87  94 100  99  72  68  88  94  64  88 100  89  89  87  98  83  83 117 100  69  74  38  52  78  79  89  98  86  89  73  76  63  83 
 47  41  51  50  57  66  53  54  56  43  50  54  55  64  39  41  61  76  51  70  74  51  65  63  59  56  58  56  86  93  49  61  71  60  60  61  59  56  51  78 101  74  53  57 109  93  93 104 103  90 100 109  97  55  89  84  78  66  99 124 109  93 109  63  71  67  79  99 102 103  97  86  76  87  93  58  76  89  91  91  89 106  74  66 103 104  65  75  34  52  82  73  79  77  88  89  56  82  65  66 
 45  39  52  58  51  50  59  43  44  46  56  56  49  59  40  52  54  64  44  60  66  46  57  59  55  57  55  54  88  93  48  58  69  58  52  49  52  46  44  70  97  67  60  68 112  89  97 111 119  88 104 121  99  55  86  89  79  83 103 113 104 104 110  66  64  58  85 104  95  94 103  98  80  98 102  56  68  90  90  89  88 107  71  60  97 105  66  88  45  52  79  79  77  85  77  59  29  70  74  44 
 55  45  52  45  46  57  54  43  46  55  53  53  48  57  47  52  64  76  39  53  48  51  55  64  57  56  56  61  85  73  49  75  77  56  50  49  44  38  43  66 100  71  60  65 107  98  99 107 115  99  99 123  89  58  98  94  85  87 104  97  97 123 105  67  61  57  85  97  90  97 105  80  68  96 101  55  79  95  89  90  87 106  95  85 102 109  61 105  63  46  49  59  66  98  80  40  40  74  76  61 
 61  49  52  46  59  68  73  63  56  45  53  53  51  60  50  52  67  68  53  70  62  44  60  64  60  63  54  71 106  69  55  91  83  60  52  46  48  36  43  73 111  77  52  61 110 102  90 111 107  87  91 100  71  68  99  83  88  93 103 103  87 114 104  64  66  53  55  78  84  91  93  51  60  95  88  53  95 102  88  93  94  97  94 107 105 110  62 100  89  59  59  50  63  73  78  40  12  63  65  69 
 49  45  50  65  76  57  99  95  55  47  56  58  54  60  50  56  64  54  56  83  68  44  74  83  75  79  76  82 100  68  57  79  79  67  52  43  47  48  60  85 118  75  51  60 109 103  96 111  98  84  91  98  63  66  90  88  92  98 103 105  82 115 102  68  77  58  55  68  71  72  67  51  77 103  88  58 101 101  90  97  92  99  80 105 115 111  62 100  88  64  70  66  65  48  69  47  12  56  91  70 
 49  40  52  66  66  62  95  91  54  48  57  58  55  52  54  63  76  72  54  78  60  59  76  89  76  65  74  64  72  61  57  70  76  67  43  34  47  73  81  88 113  68  63  75 110 102 102 102  90  88  90 102  57  77  93  88  97 103 100  99  91 110  89  69  78  55  57  54  54  59  68  61  63  93  95  56  94 100  94  90  96 104  86  85 120 116  63 106  75  63  70  63  58  68  85  51  14  52  92  79 
 54  45  55  59  67  58  84  60  46  47  52  56  52  43  60  74  78  79  60  75  65  52  51  58  53  46  49  48  73  70  67  82  85  72  44  53  96  94  82  92 105  75  89  84 105  98  99 106  98  89  96  99  53  82 110  92  89 106  94  92 103 114  98  75  77  49  60  73  55  53  76  75  65  88 102  62  89 102  94  91 104 102 100  82 102 125  69 107  87  65  67  69  82  89  95  53  12  49  77  65 
 53  48  53  53  55  62  68  36  42  51  48  59  57  52  52  57  75  78  73  80  73  55  38  47  60  61  55  58  89  77  73 101 106  62  26  78 118  88  78 100 109  86  89  87 103  93  98 109 106  96  92  97  63  85 112 103  87  94  89 102 108 126 114  82  86  52  51  74  71  77  66  66  90 108 114  68  87 102  95 104 101 113 109  78  94 130  71 112 109  86  52  68  91  92  98  64  22  39  53  56 
 45  43  44  49  44  53  42  29  43  45  46  50  57  60  54  51  77  80  75  86  80  73  41  46  73  75  65  56  79  78  84 111 109  66  35  84 107  94  83 104 124  86  90  87 103 104 101 103 100  99  94 108  85 102 116 101  84  89  88 103 104 119 121  84  86  58  47  47  58  67  58  61  80 108 118  68  82 108 103 104  97 111 108  83 105 126  79 128 125 115  74  61  63  91  92  66  37  41  48  44 
 45  47  39  54  63  44  45  31  36  40  40  37  37  45  49  44  56  73  71  77  82  79  65  57  77  83  80  72  75  69  82 102  82  82  87  88 101 100  88 108 129  81  96 100  91  83  90  96  94 108 105 117  79  81 101  87  70  71  64  77  78  89  98  79  85  62  46  49  53  51  50  49  56  82 106  79  85  98 113 110 106 100  97  87 122 138  89 130 134 123 100  53  52  98  87  72  35  53  64  38 
 54  49  48  47  62  43  63  40  38  42  35  35  35  35  41  42  43  66  64  62  84  85  84  68  81  84  81  78  81  72  66  79  61  71  94  77  79  85  83  84 110  78  83 103  88  60  65  85  89 100  95 106  75  63  88  82  66  60  45  68  65  65  80  63  73  67  50  63  72  75  59  52  77  86  98  82  86  74  81  89  94  89  85  81 119 150  95 112 119 119  98  50  54  86  87  75  45  58  57  47 
 53  63  48  37  57  39  51  48  40  39  40  42  46  41  43  49  46  62  71  67  78  74  79  77  80  79  87  78  87  76  59  74  65  71  81  71  69  71  69  64  94  75  76  95  84  67  62  77  79  85  89  94  87  72  88  84  81  65  48  69  64  62  75  60  62  63  62  74  76  83  66  69 101 104 103  83  95  88  57  54  59  66  65  71 104 137  89 103 104 100  81  50  56  73  78  69  53  66  50  42 
 58  67  33  36  56  38  47  50  44  42  46  55  56  54  50  53  53  61  83  65  73  73  82  83  83  90  89  73  93  79  60  79  74  76  81  74  69  66  75  67  89  73  74 100  83  74  76  83  75  82  92  95  88  74  92  79  88  70  45  64  68  65  78  57  67  62  59  78  76  79  72  85 105 102 107  83  94 109  72  54  51  58  56  67 103 121  80  93 102  77  59  64  58  76  83  69  64  76  50  44 
 69  54  30  37  55  36  45  48  47  48  50  60  66  69  64  65  61  62  72  62  78  81  96  87  90  84  81  73  90  85  68  80  81  83  81  80  68  65  74  71  91  80  68  94  91  80  87  96  80  80  95  98  87  77 100  82  91  64  44  69  72  67  82  59  74  63  53  73  79  79  80  81  97  99 110  85  86 105  88  61  56  67  65  71  93 109  73  93  98  68  44  79  59  79  93  69  72  88  54  37 
 52  49  54  49  61  42  45  51  48  52  60  68  72  75  72  74  61  58  70  68  82  85  91  88  91  78  69  72  86  79  68  86  81  77  80  87  75  72  73  71  93  84  70  94  91  92  80  94  86  85  99 106  98  78 114 102  98  82  65  77  71  76  85  65  73  73  58  63  81  82  83  85  95 101 109  86  88  99  98  75  59  65  71  74  86 105  66  91  97  59  50  66  49  79  87  66  75  93  69  37 
 53  63  58  51  63  54  50  57  58  70  74  77  79  81  79  79  63  62  84  79  93  95  93  98  78  84  85  66  86  75  79  94  90  81  77  88  85  83  81  66  88  88  71 103  89  90  79  87  87  98 104 109 103  78 114 105  96  91  80  82  78  82  81  62  71  81  60  59  79  74  81  93  99  98 104  80  86  98  87  88  77  68  73  69  86 103  64  93  99  70  55  63  63  87  94  78  84  93  76  39 
 73  78  72  64  68  61  62  66  66  82  84  85  83  86  84  85  78  77  94  86 101 101  99 102 102  82  79  82  95  89  85  95  98  89  76  88  94  80  75  69  94  87  79 110  99  93  86  83 106 105  99 106 102  82 113 102  98  91  68  79  84  86  84  65  74  79  63  64  78  69  68  87 103 101 110  81  79 102  87  93  80  69  69  68  88  95  61 100 106  89  51  57  72  91 102  82  88  93  74  41 
 80  75  86  78  75  66  82  84  72  83  90  88  85  87  86  89  90  85  96  90 100 112  96  92 109 101  81  86 100  99  83  98 102  91  80  83  93  83  80  85 105  95  85 111 111  98  88  85  84  99  98 106 112  91 119 111 103 102  83  84  87  92  88  71  78  83  76  69  74  78  74  81 103 106 114  85  90 102  96  88  70  67  63  74  96  91  66 104 105  88  64  49  77 100  97  81  87  91  81  61 
 97  88  81  74  88  78  83  89  83  86  89  86  87  87  90  93  93  88 102  98 104 116  99  97 100 106  98  82 101  91  79 107 114 100  87  78  92  93  89  94 114 110  88 115 115 108  85  88  87  72 100 109 123 104 123 120 116 103  67  74  93  99  96  76  84  75  69  83  82  74  77  90 104 106 112  83  92 106 101  69  59  66  65  78  94  87  75 105 103  92  80  53  80  96  89  83  83  86  70  51 
 92  95  83  67  88  88  81  93  92  87  87  86  87  84  92  96 100  98 106 100 115 114 101 113 101 102 107  94  90  88  84 113 115 113 108  88  90  93  91  96 110 116  90 118 114 115 110 102 100  80  96 113 118 107 127 120 120 109  63  64  93  91 100  83  94  87  70  67  78  71  79 103 113 112 115  86  97 109 103  83  65  62  66  85  99  89  77  97  97  90  82  58  71  94  95  77  79  80  66  36 
 68  73  77  70  79  92  83  97  97  87  86  86  88  87  93  89 102 108 112 103 110 117  98  98  99  99 102 101  93  99  93 112 120 105  97  94  92  89  92 100 107 116  90 121 128 120 123 124 117 106  98  99 117 107 124 123 121 118  75  61  95  99 101  83  90 100  84  63  69  80  86  86 100 115 121  91  99 107 107  78  67  76  77  90 109  95  76  92  94  94  90  73  75  90  87  68  78  74  57  29 
 76  75  75  75  86  90  87 100  98 101  86  84  93  89  96  93  97 113 113 104 104 120 100  94  94  90 102 104 107 108 102 109 120 109  92  97  99 101 104 109 113 117  90 120 124 119 121 118 120 118 114 105 119 101 123 128 127 120  78  64  87  99 104  84  83  96  89  69  68  86 101 103  99 116 122  92 107 116 100  82  75  85  85  88  98  90  74  88  84  84  86  81  72  87  83  70  73  68  45  30 
 95  80  80  89  88  97  85 102 105  94  88  88  92  91  91  91  97 107 108 104 107 123 105 103 108  99 103 106 109 108  98 111 123 115 100  94 101 105 107 116 111 116  90 110 116 117 115 110 114 114 113 122 116  97 130 127 126 120  77  70  89  96 108  89  87  92  83  80  78  82  95 105 105 112 117  98 105 113  97  97  74  60  81  87  93  86  71  81  83  82  81  79  75  82  79  68  75  65  40  24 
 97  97  89  88  88 101  83 106 109  92  86  87  89  92  91  94 101 105 110 115 110 120 111 108 108 103  98 100 110 113  98 113 123 117 104  98  99 105 106 109 114 125  96 111 119 121 119 118 119 117 110 121 116 102 128 126 126 115  95  78  96  97 104  89  89  90  88  91  90  87  93  95 107 113 116  95 101 115 102  93  62  64  79  89  96 111  85  81  82  77  76  74  69  71  77  63  67  51  35  28 
 89  78  81  91  91  94  81 110 110  99  89  90  93  92  95  97 104 112 118 121 111 119 119 121 113 114 113 114 118 119 102 118 128 116 106  98  99 103 108 114 113 125  98 112 114 112 116 120 119 118 121 122 122 103 122 123 120 113  92  76  91 100 109  91  89  95  93  96  93  92  95  99 101 110 113  92  99 103 101  90  52  57  75  87  87  99  95  89  82  75  79  86  78  74  78  64  64  44  32  28 
103  92  95 101  91 106  90 109 110  95  97  96 100 101 103 102 103 110 120 125 119 128 122 125 117 113 112 115 117 123 109 119 128 110 102 102 103 105 109 115 112 124 100 115 115 111 116 122 120 121 126 120 125 105 118 123 117 111  95  75  91 106 106  96  94 100  94  95  99 100  97 104 103 104 110 103 101 101 100  93  52  45  68  89  93  94  85  88  90  87  79  84  78  78  73  65  68  55  51  49 
108 114 112 104  96 116  94 105 121  97  92  98  98 104 101 101 105 113 129 127 119 138 127 127 124 116 112 114 117 124 112 119 134 126  97  94 100 104 107 106 109 123  98 114 119 121 122 122 121 119 121 124 121 100 116 122 118 115 111 100 100 107 106  95  93 107  97  90  93 105 106 104 109 102 116 120 101  97  96  94  56  53  72  83  87  92  80  92  93  95  86  87  79  78  68  64  69  65  70  65 
112 103 120 109 104 110  88  99 122 104  93  99 101 103  99 100 105 113 127 125 112 136 129 130 127 118 115 116 115 121 110 118 132 129 118 102 106 105 101 111 103 120  91 110 115 115 118 117 117 115 119 121 124 109 114 119 119 109 108 105 104 102 102  95  94 102  94  92  85  81  80  81  92 104 111  97  96  97  95  86  45  47  69  77  85  76  77  85  91  90  85  77  72  75  68  61  65  64  50  48 
112 112 117 120 101  97  89 105 124  98  95  98 104  98  97  99 105 119 127 124 115 135 128 129 123 106  99 104 113 123 109 113 122 124 123 104 107 109 102 111 104 118  87 110 104  96 105 109 113 115 114 118 122 108 116 115 112 109 102 105  98  92  97  90  89 100  85  68  65  54  52  63  75  93 104  88  91  92  95  76  48  47  52  71  82  75  79  68  60  58  56  50  66  73  65  58  66  33  30  33 
107 113 120 112  86  98  87 111 125  94  94  95  99  96  94  92  99 109 131 126 113 133 129 129 125 101  95  96  98 123 112 110 119 113 112 108 106 103 102 106 101 117  84 110 106  88  91  96  99 108 107 116 122 106 115 118 116 111 105 104 102  93  94  86  82 101  85  68  62  56  62  66  71  88  95  85  95  96  96  83  55  58  78  78  83  70  77  84  58  61  50  53  67  75  62  50  52  24  26  21 
107 109 113 108  89 101  97 116 124 102  88  92  92  88  86  85  91 103 126 126 113 126 124 124 120 104  99 100 102 121 111 108 119 115 115 110 106 105 101 101 101 116  89 103 104  82  91  89  86  88  90 106 115 104 107 115 111 111 108 103  99  95  92  82  81  96  91  82  62  53  65  68  73  82  92  83  91  97  95  90  67  77  86  80  88  67  69  61  52  53  62  75  68  70  57  48  39  27  28  28 
121 103 106  91 100 104  83 114 113  87  88  88  89  89  89  87  86  91 116 125 113 126 122 124 114 102 103 104 108 120 108 102 116 116 115 109 109 115 104  96  98 113  89  96 105  91  92  84  80  87  84  95 114 102 110 113 112 103 104  94  83  89  94  84  80  88  88  90  73  56  60  70  82  90  92  79  89  94  89  92  55  51  67  76  83  68  59  48  43  43  44  57  68  67  56  45  39  24  21  20 
119 111  92  86  92 113  91 109 118  91  86  88  86  85  85  86  86  95 119 126 114 122 118 119 107 103 106 104 110 120 104  98 113 113 114 107 106 113 107 101 103 110  89 100 104  97  95  95  86  81  86  97 115 108 107 115 110  98  98  90  74  83  97  85  82  88  88  92  73  64  64  58  68  91  98  79  90  97  90  94  86  51  61  78  85  67  57  36  44  41  52  58  65  68  56  46  49  26  18  17 
101 137 112  96  91 112  96 108 123  94  88  90  88  88  86  88  87  95 119 138 123 119 122 115 102 111 110 104 107 121 105  98 110 109 113 110 108 109 105 104 103 111  92 105 109 102  94  87  85  82  84  99 116 104 105 112 110 101  98  97  87  85  91  80  82  93  86  87  73  64  68  62  71  89 104  86  86  96  92  85  98  90  61  73  80  66  53  44  45  34  45  64  63  59  46  45  42  37  20  14 
 92 117 128 105  97 107  97  99 113  95  92  89  87  87  84  87  88 103 123 123 113 120 126 120 105 112 112 102 102 118 106  99 108 108 106 104 108 108 102 103  99 110  87 102 111  96  96  88  91  81  80  97 108  91 108 114 114 112 109 106 103  94  90  77  81  92  85  84  75  66  72  77  80  92  93  78  89  90  90  89  83  91  82  71  78  63  49  41  46  44  47  56  59  54  42  44  44  37  22  15 
107 102 102  95 102 109 102  97 114  96  96  91  89  89  84  84  82  99 124 118 105 121 120 117 106 115 113 100 106 117 106  98 110 111 116 113 112 109 102 107 101 112  87  95 101  92  97  89  88  86  89 104 104  92 103 114 107 106 103  97  98  95  92  77  82  90  77  74  75  61  58  78  88  87  85  69  80  88  85  80  83  80  80  73  75  63  52  40  38  43  57  52  49  49  41  38  44  35  33  19 
107 121 108  97 104 110 102  95 117  92  89  92  89  92  89  88  83 101 123 112 101 118 119 112 102 114 108 100 112 118 105  96 114 116 113 109 114 113 106 108  99 110  85  94  97  91  92  89  79  81  91 102 111  93 100 107 106 100 100  97  95  97  95  75  80  88  73  68  65  61  59  67  82  85  84  72  81  86  80  81  79  77  76  77  82  63  68  37  42  54  55  56  51  47  38  43  39  38  34  31 
 92 104 135 121 113 111 105  91 109  90  90  91  91  91  90  86  89 112 121 113 101 116 121 112 104 115 110 103 107 117 109  94 106 109 107 104 103 103 103 104 105 117  81  92  97  83  93  92  86  84  85  97 110  95  97 103  98  97  89  88  85  84  87  74  79  82  64  57  69  62  60  67  75  83  86  74  80  84  75  74  68  65  70  74  76  65  69  50  32  44  56  54  48  44  34  37  39  35  33  26 
107  96 104 117 114 114 114  85 112 100  92  95  95  96  92  88  92 105 110 111 100 117 121 110 103 111 110 105  97 108 112  98 102 105 105 101  99  97  96  96  96 110  83  87 101  90  86  89  89  91  80  94 104  88  95 104 100  99  94  95  93  87  85  72  80  85  65  55  52  51  56  62  68  79  84  72  78  82  80  80  74  68  67  71  74  59  67  54  36  35  47  52  47  38  28  33  34  36  28  18 
104 103 103 105 109 106 107  92 113 110 111 109 103 105 102  99 100 102 104 108  96 119 125 107  98 109 107  97  91 100 108  98  99 102 102 100 101 100 100  97  95 107  90  84  90  89 101 103  81  84  83  93 102  89  94 107 106 102  96  96  96  91  89  74  77  82  69  63  51  50  55  55  63  74  79  72  78  82  79  79  75  75  73  70  71  57  64  51  33  32  35  45  48  38  28  35  31  26  22  21 
108 108  98  93 111 111  98  88 109 114 110 111 104 104  99  99  99 104 113 112  94 115 127 109  98 108 104  95  95 103 106  97 102 105 102 100 101 101 103 102  96 105  89  79  91  83  86 101  75  62  85  97 102  87  92 101 100 100  98  95  95  88  87  73  74  82  66  54  49  49  56  58  61  72  75  68  75  79  77  79  80  70  73  71  68  56  65  57  46  45  43  44  42  36  31  33  22  16  18  19 
117 111 110  87  97 112 112  82  98 114 105 106 106 110 108 111 108 110 115 114  99 113 126 108  96 108 111 101  97 105 106  95  99  99  97  96  96  95  97  96  91  99  91  75  84  92  85  80  81  74  81  94 101  88  91  97  95  94  91  89  89  86  86  73  72  83  70  59  53  42  52  64  55  66  74  67  76  80  81  81  76  71  74  72  69  54  62  62  59  53  49  49  44  33  32  34  16  14  15  15 
121 115 113 107  84  88 116  90  98 108 105 111 109 108 111 118 118 115 111 113 103 107 123 106  93 105 110  95  88  99 105  95  99 103 100  97  95  94  96  97  92  93  93  81  84  81  90  87  86  87  85  80  89  85  87  98  91  68  65  61  62  71  80  73  72  81  72  62  51  42  48  52  50  61  66  64  72  69  68  68  60  71  77  69  65  49  61  64  54  44  44  46  45  38  30  41  43  15  20  24 
116 121 115 108  93 102 117  91  99 111 110  98  94  92  97 103 108 119 113 113 103  99 125 114  94 102 109  98  91  99 101  91  96 101  99  97  97  95  94  96  92  93  94  78  92  79  86  85  82  81  81  75  85  80  81  97  89  58  58  53  53  67  77  72  71  78  71  62  54  49  43  37  39  50  53  55  63  50  43  48  48  58  67  60  60  50  58  56  50  32  38  42  43  36  26  44  62  26  16  30 
110 117 113  98  92 115 126 103  96 116 111 104  95  93  95  93  98 112 120 113 103  97 127 117  95 102 107 101  97  99 101  87  92  98  94  94  93  92  90  90  88  89  93  75  98  75  77  93  80  81  83  84  91  82  83  96  86  62  59  59  61  75  79  70  69  73  62  60  56  51  48  47  41  46  47  45  55  46  41  41  43  49  59  59  55  48  55  52  50  41  32  45  45  34  31  50  41  16  14  14 
115 113 107  95  86 113 120 106  90 118 106 107  95  92  95  95  95  98 125 127 102  95 119 115  98 100 102 102 102  98 106  95  92  98  92  97  96 100  98  86  84  88  91  73  90  87  71  85  85  83  82  80  89  81  83  93  82  59  56  55  61  78  77  68  68  69  56  55  53  46  49  50  47  52  49  43  51  43  42  41  41  55  62  62  50  42  50  48  42  36  33  47  40  35  28  44  33   7  13   9 
117 117 108  92  86 112 117 106  91 117 104 105  98  94  97  98  95  92 113 137 103  94 116 115 102  98 100  99 104 101 103  97  91  97  97  96  99 100 101  88  82  85  87  77  86  84  77  75  77  83  75  76  88  76  83  91  85  57  51  52  57  73  75  66  67  70  56  49  49  44  46  51  47  53  47  42  45  36  37  46  37  51  59  59  47  41  47  41  33  22  35  42  39  31  28  29  25  13  13  10 
116 117 109  92  99 106 117 108  82 116 105 109 106  99  99 104 104  95  98 116 102  89 115 111 100  98  96  97  98  96 103  89  86  98  97  96 102  99  96  87  84  82  84  78  92  84  76  76  71  75  69  73  86  74  80  89  84  56  50  50  53  67  72  66  67  69  58  50  47  43  43  42  40  48  40  36  37  32  32  41  42  53  54  52  45  42  43  36  33  26  42  42  38  27  29  23  20  18  16  14 
113 116 108  93  99 105 105 108  76 112 106 110 110 105 105 111 110 100  90  98 100  88 109 104  95  99  96  97 101  96 107  93  88  97  91  94 102  98  86  86  88  82  81  75  88  87  84  79  77  75  72  75  80  72  76  88  81  57  52  54  54  66  72  65  66  62  60  71  60  54  53  39  33  47  40  34  33  35  33  37  46  50  50  52  41  40  42  35  27  24  33  35  34  25  31  25  17  16  14  13 
110 115 107  90  98 110 109 106  78 106 104 100 102 102 107 113 107 102  96  96  98  91 108 103  94  96  98  94 104 108 106  95  87  97  92  94 101 100  85  86  91  84  83  74  85  91  96  85  85  84  75  78  80  74  72  85  73  59  58  59  56  62  69  63  65  64  59  64  63  60  55  50  44  49  43  40  37  37  35  39  50  50  48  48  36  38  40  35  30  19  26  33  31  27  29  26  19  13  11  13 
110 113 110  81  97 112 112 110  75 107 104  96  93  97 104 108  98  96  97  99  98  90 107 106  94  95  94  94  99 107 114  95  81  94  95  97  99 104  94  87  88  88  87  72  93  88  88  89  81  83  74  76  78  72  75  87  67  56  56  57  55  61  68  60  63  66  62  58  54  52  55  60  50  50  45  39  37  38  41  46  50  48  47  48  33  36  39  35  28  26  30  34  28  25  25  21  17  13  10  13 
109 107 108  90  93 101  97 113  75  99 108  95  89  95 100 106  95  90  91  96  99  95  99 106  92  92  92  94  97  97 107  93  81  88  96 100  99 100 100  84  81  84  87  67  94  85  76  83  84  86  81  80  81  66  77  85  65  56  53  53  55  64  70  60  67  72  67  68  60  54  53  53  50  54  44  33  37  42  43  44  49  50  46  46  34  40  39  33  27  31  32  34  30  21  26  23  19  13  12  12 
108 104 104 102  98  93  93 109  87  90 107  90  89  96 100 108  97  89  88  94 101 103  94 103  95  89  93  89  93  93  91  85  81  85  89  91  90  88  92  82  79  84  85  66  83  83  81  79  86  84  83  81  79  67  71  82  64  54  56  53  51  63  69  62  68  74  69  67  64  57  50  50  52  58  47  36  40  44  41  41  52  54  46  43  34  41  41  39  36  32  30  31  27  21  27  29  19  13  12  14 
106 106 105 101 100  97  96 105  92  92 111  87  86  93  99 108 100  94  91  95 107 107  93  94  96  89  92  89  85  81  83  81  79  92  90  87  86  81  85  85  83  85  85  70  84  87  89  84  85  79  80  81  82  71  72  82  67  53  52  56  54  64  69  63  66  71  70  66  66  60  53  49  50  55  42  37  46  43  38  45  53  55  50  44  32  38  38  38  35  32  29  31  27  24  25  28  16  12  11  14 
