 78  42  27  52  77  72  71  60  59  64  67  59  59  61  59 104 178 184 188 181 178 179 182 185 185 182 185 181 180 179 178 180 182 185 190 194 196 198 200 198 196 195 191 189 191 192 195 199 202 206 210 213 215 217 218 218 217 216 218 221 222 217 211 204 197 198 202 199 192 184 179 175 172 170 170 171 172 172 173 175 176 177 179 181 183 181 178 177 177 176 172 167 160 156 154 153 152 151 151 149 
 81  48  22  53  64  59  61  48  57  73  69  74  66  53  67  91 103  76  82 161 181 180 182 178 183 188 187 181 181 176 179 181 183 186 190 193 196 198 200 197 194 191 190 190 190 192 194 198 203 207 210 215 217 220 220 219 218 218 219 221 221 217 211 204 199 198 199 196 189 182 177 173 171 169 170 171 172 172 173 175 177 178 179 182 184 181 178 178 178 175 172 166 159 154 152 152 151 149 149 148 
 83  53  23  54  59  53  54  45  44  72  85  81  80  60  75 105  63  42  48 121 177 176 185 202 199 186 185 183 181 181 180 181 184 186 189 192 194 196 199 196 193 190 189 189 191 193 196 200 205 208 212 216 220 222 221 220 221 222 221 221 220 214 208 201 200 199 197 192 187 181 177 173 170 168 170 171 172 172 174 176 176 177 179 182 184 181 179 179 178 175 171 164 157 153 151 150 150 148 148 148 
 78  46  29  67  61  57  52  43  47  67  80  64  55  66  75  86  56  48  65 129 187 195 182 118 155 197 190 183 179 179 181 183 185 186 189 192 194 195 198 196 193 190 189 190 191 194 198 202 206 210 212 217 221 223 222 222 223 223 221 220 220 212 204 200 200 198 195 190 186 180 176 172 170 169 170 171 172 173 174 176 176 177 179 183 184 181 180 180 178 174 169 163 156 152 150 150 149 147 147 149 
 75  52  44  73  58  55  54  49  56  71  70  51  60  72  67  64  55  58  68 101 145  97  69  50  78 120 191 186 179 181 181 183 185 187 190 193 195 196 197 196 194 191 190 190 192 195 199 203 208 210 213 216 219 222 223 223 223 222 219 219 219 211 203 198 198 196 192 188 183 178 174 171 170 169 170 171 172 173 174 175 176 178 181 184 185 181 180 181 178 173 168 162 155 150 148 149 148 146 148 149 
 83  83  61  68  52  65  85  80  67  71  62  46  67  76  60  70  53  48  70  88  58  37  57  91 101 102 178 184 182 181 181 183 186 187 190 193 195 197 197 195 192 192 191 192 193 196 201 204 208 211 214 216 219 222 223 223 222 218 218 218 218 210 201 197 197 195 191 186 181 176 173 170 170 169 169 171 172 173 175 177 179 181 184 187 186 184 182 181 178 172 166 160 153 148 148 149 147 146 147 146 
 73  94  69  66  57  54  64  55  37  53  55  52  67  60  55  78  57  45  68  70  64  55  60  92 109 122 175 186 181 181 183 184 188 190 192 194 196 196 194 193 191 191 192 194 195 198 200 203 209 211 214 217 219 222 223 222 221 218 218 217 216 208 199 195 197 195 191 186 180 176 173 170 169 170 171 170 171 173 175 179 182 184 187 189 188 185 182 181 178 172 165 158 152 149 149 149 147 145 146 144 
113  90  68  69  61  43  40  23  29  49  47  54  67  47  33  49  53  48  53  48  46  50  69  96  92 124 187 179 179 183 186 189 189 191 193 194 195 196 194 191 190 191 192 196 198 199 201 204 210 214 215 216 219 222 223 220 219 219 218 218 216 207 199 194 195 193 188 182 178 175 173 171 170 170 170 170 171 173 177 179 181 186 189 189 188 186 186 183 176 169 163 157 152 150 149 148 147 146 144 142 
 72  80  80  59  56  44  66  49  49  59  52  61  61  29  26  44  43  49  44  35  61  59  57 101 101 152 201 192 188 184 187 191 191 192 194 194 194 194 193 190 190 191 192 196 198 201 202 205 211 214 215 218 219 221 221 219 218 219 217 216 213 205 197 193 193 193 188 182 178 175 173 172 170 169 170 171 173 174 179 181 182 187 190 190 188 185 185 182 175 168 162 156 151 150 149 148 146 144 143 141 
 48  69  92  91  78  83  96  79  80  75  50  41  27  28  60  50  41  61  52  46  70  60  73  82 109 138 127 121 172 190 191 193 194 195 196 195 194 194 192 190 190 191 192 196 200 202 203 206 210 212 214 217 220 221 221 220 220 219 217 214 210 201 195 192 194 191 186 181 177 175 173 171 171 170 171 172 174 176 180 183 183 188 191 191 189 186 185 182 174 165 159 154 149 148 149 148 146 143 142 140 
 55  73 103  97  89  88  86  89  86  50  17  30  35  43  60  40  43  64  57  59  68  52  78  81 113  96  79  82 112 197 193 194 193 195 197 198 196 194 192 190 191 192 194 197 202 203 204 207 208 209 213 216 219 220 221 220 219 218 215 212 206 199 194 192 193 189 184 179 175 173 173 173 172 171 170 172 174 176 181 184 185 189 192 192 190 188 187 182 174 164 157 151 148 147 149 149 145 142 141 140 
 55  60 105 100  65  64  77  90  78  55  40  54  58  43  49  49  46  58  69  72  68  47  68  98  92 120 106  91 111 180 197 195 194 195 198 199 197 195 193 191 192 193 196 199 204 205 205 206 207 208 211 216 219 220 220 219 219 217 212 208 201 196 192 191 192 187 182 177 174 173 174 174 174 172 171 172 173 175 180 184 186 190 193 191 189 189 188 182 174 165 156 150 147 147 150 150 145 140 138 139 
 62  36  80  90  55  73 105  97  78  63  66  65  64  67  58  61  57  60  76  77  69  57  64  74  89 108  99 100 108 174 199 195 195 197 199 199 198 195 194 193 194 195 197 201 204 206 205 205 206 208 212 216 218 219 220 219 218 216 211 207 199 193 190 189 189 185 181 177 175 174 173 175 174 172 172 170 172 175 179 183 187 190 191 190 190 189 186 182 175 165 156 150 146 148 152 151 144 138 137 138 
 80  50  65  82  82  80  87  87  71  60  65  59  60  76  70  68  70  62  59  60  64  73  64  60  84  85  89 104 130 177 198 195 197 199 200 200 198 196 195 194 195 197 200 202 204 205 204 204 206 209 212 214 217 219 221 219 217 215 210 205 198 192 188 187 187 184 180 178 176 173 174 174 174 172 171 172 173 177 179 183 187 190 190 189 189 188 185 181 174 165 155 148 146 148 151 150 145 139 137 137 
 86  57  66  89 108  97  87  77  63  46  49  56  68  74  80  75  64  70  73  65  68  71  62  69  75  70  73  77 102 191 196 195 198 201 200 201 199 198 196 195 196 198 200 202 204 204 203 202 205 209 212 214 216 218 219 217 214 211 206 203 195 190 187 186 186 183 180 177 176 174 175 175 174 172 172 173 175 178 180 183 187 190 189 189 189 188 185 180 174 165 154 146 144 147 150 149 144 139 138 137 
 92  67  64  80  66  54  85  68  47  41  47  57  62  70  74  70  75  74  65  64  77  74  69  70  68  66  78  90 136 197 193 197 201 201 201 201 201 201 199 198 198 198 200 202 202 201 200 202 205 210 213 216 217 217 216 214 212 209 205 199 194 189 188 187 185 182 178 175 175 175 174 174 174 173 171 172 175 178 181 183 187 190 190 189 190 190 186 180 172 161 152 146 146 149 152 150 143 138 138 138 
 94  74  56  76  65  44  81  72  48  40  51  62  71  64  63  73  82  76  68  77  76  90  88  82  70  72  85 114 179 195 194 198 202 202 202 203 203 202 202 200 199 199 199 199 199 199 201 203 206 211 214 216 216 215 213 211 209 207 203 197 192 189 189 187 184 180 177 175 174 173 173 173 173 172 171 172 175 179 182 184 188 192 192 191 190 189 184 177 169 160 152 146 146 149 152 149 142 139 139 138 
100  78  53  69  67  54  74  60  36  50  64  58  68  70  69  67  65  72  76  82  80  94  87  80  70  85  88 157 199 193 196 199 202 203 203 204 204 204 203 201 199 198 197 196 196 197 200 203 208 212 215 216 215 213 211 209 207 205 202 196 190 188 189 187 183 179 176 174 175 173 174 173 173 173 172 173 177 181 183 187 191 194 194 193 191 188 183 174 166 157 150 145 145 149 150 146 140 140 141 139 
 82  83  44  49  63  68  63  47  41  59  62  61  68  62  65  59  59  71  75  74  86  83  66  95 103 115 155 197 189 194 198 200 203 204 204 204 205 203 202 201 198 196 193 193 193 196 200 204 208 212 215 215 214 211 208 206 205 203 199 194 189 188 188 187 183 179 176 175 174 172 173 174 174 174 173 175 178 180 183 187 193 196 195 193 192 189 183 173 164 155 148 145 145 147 148 142 139 141 141 139 
 64  77  70  61  81  83  59  54  50  61  64  64  55  56  66  69  72  75  74  75  82  71  94 158 188 188 198 195 193 196 199 201 203 204 204 205 205 205 202 198 196 193 190 191 192 195 199 204 208 212 214 214 213 210 206 204 204 200 195 191 187 187 186 185 182 179 177 176 173 173 174 175 175 175 175 177 179 179 182 187 194 197 195 193 191 189 183 174 163 153 146 143 145 148 146 140 138 140 139 136 
 62  79  83  73  89  79  69  62  50  56  64  66  57  63  69  73  75  77  76  72  74 104 168 191 185 186 188 193 198 196 201 202 202 203 204 205 205 204 202 197 194 191 189 189 191 194 199 204 208 213 214 214 213 208 205 205 203 197 191 190 186 184 184 183 180 178 176 174 172 173 174 174 175 176 176 178 179 179 181 187 193 195 195 193 191 188 182 172 161 151 143 140 143 146 144 139 137 137 136 135 
 65  72  76  68  59  70  88  60  37  32  36  52  68  78  85  76  80  87  82  95 124 174 187 181 180 189 192 192 197 201 201 201 201 202 203 204 205 204 200 195 191 189 187 188 190 194 198 203 208 213 214 214 210 209 205 204 202 195 188 188 185 182 182 182 179 176 175 173 171 172 173 174 174 177 178 178 179 179 179 186 191 193 193 193 191 187 180 170 158 149 142 139 140 143 141 137 136 136 135 134 
 70  60  59  69  50  61  70  49  48  45  34  36  55  70  85  99 133 153 156 170 187 184 181 185 185 188 191 195 199 197 200 200 201 201 202 203 203 202 198 193 188 186 186 188 191 194 198 203 209 214 216 215 210 207 203 201 198 191 186 185 182 180 181 180 177 175 174 173 170 172 173 174 175 177 178 179 179 180 180 185 190 193 194 193 190 186 177 166 156 146 140 137 138 140 139 136 136 136 135 135 
 67  60  55  61  54  65  65  52  57  74  70  61  69  84 116 163 184 184 187 181 179 179 183 184 186 190 194 195 197 199 199 199 200 199 199 200 200 198 195 191 186 185 187 189 191 194 198 202 209 215 217 215 210 205 202 200 195 188 184 181 180 179 178 176 175 174 174 173 170 172 173 174 176 178 179 180 180 181 182 184 188 192 194 192 189 184 175 163 153 143 138 135 135 137 137 137 136 136 136 134 
 63  60  57  58  53  68  74  63  67  72  84 121 137 153 177 180 172 174 178 177 182 182 182 184 187 191 193 194 196 197 198 199 199 198 198 197 197 196 192 188 186 186 187 188 191 194 197 202 208 214 217 214 209 204 201 199 193 187 182 179 178 177 177 175 174 173 172 171 170 172 172 173 175 177 178 179 180 181 181 185 189 192 192 190 186 181 171 161 151 143 137 134 134 135 136 136 135 136 136 134 
 58  55  55  60  64  67  75  80  69  93 141 178 178 173 170 172 177 179 180 183 184 180 182 185 188 190 193 194 195 198 199 200 200 199 197 196 194 193 190 188 187 187 187 188 190 194 197 202 208 212 215 213 208 203 201 198 192 185 180 177 176 177 175 174 172 171 170 170 170 171 171 172 174 175 177 180 182 182 182 186 191 192 191 188 185 179 170 160 151 144 138 135 134 134 134 135 135 135 134 132 
 52  50  45  57  68  60  68  88 101 150 175 167 163 167 172 175 177 178 182 183 181 184 185 185 188 190 192 194 196 199 200 201 201 200 198 195 193 191 189 188 188 188 188 188 190 194 198 202 207 210 211 211 208 205 202 197 191 184 179 177 176 176 175 173 171 170 170 169 169 169 171 173 175 177 178 180 182 184 183 187 191 191 189 187 185 178 167 158 150 143 138 134 134 134 133 132 133 134 133 131 
 47  55  52  58  76  69  60  82 157 181 167 169 168 170 174 175 180 181 183 185 184 188 187 187 188 190 192 194 197 198 200 202 202 200 198 195 192 190 189 188 188 188 189 189 191 194 198 201 205 207 209 210 210 208 204 198 190 184 179 177 176 175 173 171 170 169 170 169 169 169 171 174 177 178 179 180 182 185 185 188 190 190 188 188 184 175 165 155 147 142 137 133 133 133 131 131 133 134 133 132 
 62  68  61  62  75  67  65  74  96 141 174 170 170 172 175 178 181 183 182 186 187 185 187 188 188 190 193 195 198 199 201 202 201 199 197 196 193 191 190 188 187 187 189 189 192 195 198 200 204 206 209 211 213 212 206 198 190 183 179 177 176 173 171 169 169 169 169 168 168 168 171 175 178 179 179 181 183 186 186 188 189 189 189 187 182 173 162 154 146 141 137 133 132 131 129 129 133 134 134 133 
 71  89  55  62  71  66  63  74  67  82 142 174 172 176 180 182 182 184 184 184 186 189 189 189 190 192 195 198 200 201 204 203 202 199 197 196 195 194 193 190 188 188 189 190 193 196 198 201 204 206 209 213 215 214 209 198 188 181 178 176 174 171 170 168 168 168 166 166 167 168 171 176 179 179 180 181 184 185 185 186 187 189 188 185 180 170 161 152 146 141 136 133 131 130 128 129 133 134 134 132 
 61 102  63  56  77  70  64  77  87  80 104 166 178 177 181 183 183 184 186 186 187 189 190 190 192 194 197 199 202 204 205 206 203 200 199 198 197 196 195 192 190 189 189 191 193 196 198 200 204 206 209 213 215 214 208 197 186 179 176 175 172 170 169 169 168 167 165 165 166 168 171 175 179 179 179 181 183 183 183 184 187 188 188 185 178 167 159 151 145 140 135 130 129 129 128 129 132 134 133 132 
 65 100  81  47  65  75  82  74  74  89  96 149 182 178 183 184 184 185 186 187 188 188 190 190 194 196 198 200 203 206 206 206 204 201 201 200 199 197 196 192 191 192 192 192 193 195 197 200 205 206 209 212 213 212 207 197 184 177 175 174 170 168 168 167 167 166 165 165 166 167 171 175 179 180 179 180 181 182 181 183 186 188 188 185 177 167 157 149 143 138 134 130 128 128 127 127 129 132 132 131 
 69  78  92  58  55  72  79  67  77  86  90 150 185 182 185 185 184 184 185 186 187 188 190 192 195 199 200 203 204 206 206 206 204 202 201 200 199 198 197 194 194 194 193 194 194 196 197 201 205 207 210 212 212 209 204 194 183 175 173 171 168 165 166 166 165 165 164 164 165 167 171 175 178 179 179 180 180 180 181 184 186 187 188 184 177 167 156 147 141 137 134 131 128 127 126 126 127 130 130 129 
 70  70  79  89  57  41  41  53  71  88  73 118 180 188 185 186 185 185 186 186 188 189 191 193 197 200 202 204 205 205 205 205 204 203 202 200 199 199 198 196 195 194 193 193 195 196 198 201 206 208 211 212 210 205 199 190 180 173 170 167 165 164 164 164 163 164 165 164 165 168 172 176 178 179 180 179 178 178 179 183 186 187 187 184 177 167 156 147 141 137 134 130 127 127 125 125 126 128 128 129 
 79  92  83 100  49  24  32  43  61  89  71  80 166 191 184 188 186 187 187 189 190 192 192 195 198 201 203 204 205 204 204 204 203 202 201 200 200 199 199 198 196 194 192 192 194 198 200 203 206 209 210 211 208 202 196 186 176 171 168 166 163 163 164 163 163 164 164 163 165 169 173 175 178 178 179 178 177 177 180 184 186 187 188 185 179 168 157 147 142 138 133 129 126 125 124 124 126 127 129 130 
 71  95  89  93  32  28  35  42  51  76  87  67 149 199 188 189 187 188 189 190 192 193 195 198 201 202 204 205 206 205 203 203 202 201 200 199 200 200 200 198 197 195 192 193 196 198 202 204 206 208 210 210 206 200 193 182 173 169 167 164 161 161 161 161 161 162 163 164 165 168 172 175 177 177 177 176 176 177 181 185 186 187 188 186 179 169 156 147 141 136 133 129 126 124 124 124 124 126 128 130 
 45  75  72  81  27  27  29  36  47  65  88  75  83 146 188 190 189 189 190 191 193 194 198 200 202 203 204 207 206 206 204 203 202 201 200 200 200 201 200 198 197 196 194 194 197 199 201 204 207 208 209 208 204 197 190 179 171 167 164 162 160 159 160 160 159 161 162 163 164 168 171 175 178 177 176 175 175 178 181 185 186 188 189 185 178 168 156 146 140 135 132 128 124 123 123 123 124 126 127 129 
 33  45  72  80  29  22  36  36  41  57  86  82  56 137 193 187 186 186 188 190 195 198 199 202 203 203 205 206 205 205 205 203 203 201 201 200 202 202 198 197 196 196 195 195 198 199 200 204 207 207 207 206 202 195 188 178 169 164 163 161 160 159 160 160 159 161 163 162 164 167 170 173 178 177 174 173 175 177 181 185 188 189 189 186 178 167 156 147 140 134 130 126 123 123 124 123 124 125 127 129 
 46  48  78  93  37  20  41  34  38  43  59  88  75 154 204 194 197 199 200 199 194 195 199 200 204 203 207 206 207 205 204 206 201 203 200 204 203 201 199 193 196 197 194 197 199 199 202 205 208 208 209 206 200 193 185 177 169 164 160 159 159 158 159 159 159 160 162 162 164 167 169 173 176 177 174 173 175 177 181 184 187 189 189 186 177 168 156 147 140 133 129 126 123 123 123 123 124 125 126 127 
 52  55  68  84  36  11  29  36  36  43  39  56  68 118 171 179 176 172 177 188 205 209 201 200 204 204 207 210 206 207 205 201 203 201 204 204 201 200 194 196 200 196 200 200 200 203 204 207 209 209 209 206 200 192 183 175 168 162 159 158 159 158 158 159 159 160 161 163 164 167 169 172 175 175 174 173 174 178 182 185 188 190 189 185 177 167 156 147 140 133 129 125 123 122 122 123 124 125 127 128 
 79  56  44  56  36  13  31  40  46  50  49  53  53  67  93  93 100 109 102  95 106 136 199 204 205 207 211 211 209 207 205 201 202 202 204 204 202 207 203 197 200 201 205 203 205 207 207 208 209 208 207 204 197 190 182 172 166 161 159 158 158 157 157 158 158 160 161 163 164 166 170 173 175 174 173 172 175 179 183 186 190 190 188 185 177 165 155 147 139 133 128 125 122 121 122 122 124 125 127 128 
 85  82  61  51  64  18  33  42  45  47  48  40  39  58  93 114 131 151 151 137 117  81 121 201 204 208 211 206 211 206 206 205 201 205 201 205 211 185 193 205 201 210 207 209 210 209 210 209 207 206 205 202 197 189 180 170 163 160 158 157 156 155 156 157 158 159 161 163 164 166 171 175 175 174 172 173 176 179 182 186 190 190 187 183 175 164 154 146 139 132 128 126 122 121 121 122 124 125 126 128 
 75  66  76  61  63  37  21  42  41  41  34  47  82  85 130 167 145 139 142 134 139 106  78 171 208 203 208 211 210 209 204 203 204 201 205 205 113  72 135 211 207 206 211 212 209 212 210 208 207 207 206 201 196 189 179 170 163 160 157 156 155 155 156 157 157 157 159 161 164 166 171 175 175 174 172 174 177 179 182 185 190 190 186 181 174 164 153 144 137 131 127 124 123 123 121 122 123 125 126 126 
 85  71  69  75  70  58  27  41  35  34  58  85  85  86 129 162 143 119 114 132 102  89  97 126 207 204 204 208 209 209 208 203 204 202 208 163  55  74 110 192 214 211 211 211 213 211 209 207 208 210 208 202 194 187 178 169 163 158 156 155 154 154 156 156 155 156 158 160 162 165 170 174 175 173 172 174 175 178 182 185 189 189 185 180 172 162 151 143 136 130 127 125 124 124 122 123 123 124 125 125 
 70  73  83  76  63  66  24  22  31  67  80  69  86  76 121 160 133 146 145 149 131 104 112 118 194 206 203 206 211 206 206 206 205 203 208 175  72  86  96 189 218 208 214 210 212 211 209 206 208 209 207 199 192 185 177 168 162 159 155 154 153 153 155 155 154 156 157 160 163 166 171 174 174 174 173 173 174 177 182 186 188 187 183 178 169 160 149 141 135 129 126 126 124 124 123 123 124 124 125 125 
 73  84  86  61  79  88  40  48  69  80  83  80  87  77  87 137 136 121 147 147 103  96 116 109 182 204 200 206 206 210 209 207 204 200 216 178  73  88 112 202 218 210 213 212 213 212 210 205 205 206 203 197 190 183 175 168 162 158 154 153 152 152 153 154 154 156 158 160 163 168 172 174 175 175 174 173 173 174 182 185 187 184 182 177 168 157 147 141 135 130 127 127 126 125 124 124 124 124 125 126 
 59  62  58  61  97 103  64  80  80  73  77  92  91  75  68  83 119 129 140 136 117 123 106  92 180 198 196 204 203 208 205 208 209 223 190  73  62  79  96 183 220 208 211 211 211 214 210 205 204 203 201 196 190 183 175 167 162 158 154 153 152 152 153 152 154 156 158 161 164 169 172 174 176 175 173 172 172 174 180 184 185 183 180 175 167 155 147 141 136 130 127 126 124 125 126 127 125 125 126 127 
 44  53  67  74  94 100  60  63  59  72  82  87  89  89  90  84  78  94 109 109 111  97  73 100 194 209 206 213 217 223 221 216 202 141  62  50  83  75  98 196 216 207 212 211 214 213 209 203 201 202 199 194 188 182 174 166 161 157 154 152 151 152 152 153 154 156 157 160 164 168 171 174 175 174 171 170 172 175 179 184 184 183 180 175 165 154 146 140 136 131 128 127 126 126 127 127 125 125 126 127 
 20  28  36  42  68  80  48  53  68  69  66  70  71  76  88  91  82  80  88  79  81  84  83 105 104 110 109 122 127 130 126 104  68  48  77  94  90  88 175 223 209 211 211 213 214 217 211 205 202 201 198 193 186 179 172 165 159 156 152 150 150 150 152 154 155 156 157 160 164 168 171 173 174 173 172 171 172 176 181 185 185 185 181 174 165 153 144 138 135 132 130 127 126 127 128 127 126 125 126 127 
 73  53  52  70  61  80  77  65  67  73  74  73  74  62  82  91  90  81  76  67  60  75  71 103  59  54  73  74  80  85  79  75  73  78  88  83  96 215 230 212 213 214 212 217 217 216 212 206 201 200 197 192 186 179 171 165 159 155 151 150 150 150 153 154 156 158 157 160 164 169 171 173 174 173 172 172 174 177 181 185 184 183 180 172 164 154 144 138 135 132 130 128 127 127 127 126 125 124 126 127 
 53  50  60  59  49  93  89  51  66  77  75  65  75  75  79  88  83  77  72  73  64  72  69  93  64  60  77  96 115 106  90  81  80  80  76  85 108 172 211 224 218 214 216 215 217 219 212 206 201 198 195 189 184 178 170 165 159 155 151 150 149 151 152 152 154 156 157 160 164 168 171 172 173 172 171 172 173 175 179 183 182 181 177 170 162 154 145 139 135 131 130 128 127 127 127 126 124 124 125 126 
 48  15  18  24  52  87  77  69  67  51  57  61  59  60  63  69  78  82  77  80  72  63  58  73  55  67  67  79 116  97  90  77  67  71  65  80 101 108 103 156 216 221 218 220 219 217 213 207 202 199 194 189 182 177 170 163 158 155 152 151 150 150 150 150 152 155 157 160 164 169 172 173 173 172 172 173 174 175 179 182 181 179 176 170 162 154 146 139 134 131 130 129 129 129 128 127 125 125 125 126 
 71  46  27  32  41  80  84  56  70  60  57  64  66  65  72  77  80  73  69  72  69  81  86  62  62  65  66  59  77 107  86  73  74  84  79  79  91 109 124  96 149 226 217 220 220 217 213 209 205 200 194 187 181 174 168 161 158 155 153 151 149 149 150 150 152 155 158 161 165 169 172 173 172 172 173 174 174 175 179 182 180 178 175 170 162 154 146 139 134 131 130 130 130 130 129 128 126 127 127 126 
 63  70  69  61  51  68  85  59  72  68  55  61  66  60  64  62  51  57  55  56  62  76  89  64  63  71  67  76  82  91  93  77  73  71  79  71  80  99 118 110 126 218 222 221 221 215 211 209 205 200 193 185 178 172 166 160 157 155 153 152 150 149 150 151 153 156 159 163 167 169 172 173 172 172 172 172 172 174 178 181 179 175 172 166 160 155 146 140 134 131 131 130 129 129 128 127 127 127 127 127 
 57  68  64  65  79  75  58  68  69  58  60  61  57  55  49  48  50  43  58  60  77  71  83  65  51  58  57  59  60  95  92  69  75  76  76  73  88 111 104  93 108 178 228 220 221 214 209 208 204 198 191 184 177 171 165 159 156 155 153 152 150 149 149 151 153 155 158 163 166 169 170 171 172 172 170 168 170 174 178 177 177 173 168 164 159 154 148 142 136 134 132 131 130 128 127 128 128 128 128 127 
 58  67  70 101 111 117  97  77  63  52  52  46  60  54  48  59  64  60  69  76  72 122  98  68  74  68  58  60  60  90 119  84  86  87  86  79  78  85  94  99 107 148 198 225 216 212 208 205 202 197 190 182 176 170 163 159 156 155 153 151 149 149 149 150 153 155 158 163 166 168 169 170 171 171 169 167 167 172 178 179 177 171 165 164 160 156 149 143 137 135 133 132 130 128 127 128 129 129 129 128 
 54  82 119 142 111  93 110  86  59  55  40  39  47  50  74  88  88  81  70  74  66 186 198 102 102  73  50  57  65  74 111 108  68  62  85  90 104 123 104  93 110 136 132 192 221 207 206 203 199 193 187 181 174 168 163 159 157 155 153 151 149 148 147 150 153 155 158 163 165 169 170 170 172 173 169 167 168 171 177 178 175 169 165 163 160 157 150 143 139 137 134 133 132 130 128 129 131 130 130 130 
 39  65 133  97  72  80  75  92  79  65  67  72  87 101  92  88  86  77  87  87 133 200 216 180  86 125  78  51  62  73 102  75  67 114 131 170 209 232 199 164 149 139 154 203 218 210 205 201 196 191 186 179 172 168 163 159 157 154 153 151 149 147 146 149 152 155 159 162 164 168 169 170 172 172 170 168 168 172 175 175 172 168 165 163 160 158 151 145 140 137 136 133 132 131 129 130 132 131 131 131 
 34  56 102 103  85  98  71  79  83  89  97  73  74  73  64  57  64  74  53 105 195 142  93  95 123 205  77  76  93 103  88 125 196 222 221 224 225 222 231 237 235 235 234 223 213 207 204 199 195 189 184 177 171 167 162 157 155 153 152 151 149 147 146 149 152 155 159 162 164 166 168 169 170 169 167 165 167 171 173 173 170 167 165 165 163 159 152 146 141 138 137 134 132 131 131 132 134 133 133 134 
 29  48  65  99  93  76  79  80  74  82  68  46  64  81  74  64  59  71  58 119 101  21  25  53  95  79  61  86  74  94 108 218 217 203 208 215 216 223 221 219 222 227 221 218 212 206 202 199 195 189 183 176 170 166 161 156 153 152 151 150 148 147 146 149 153 155 158 162 164 166 168 169 169 168 165 163 166 169 172 172 169 165 165 167 164 158 152 146 142 138 137 134 133 131 131 133 133 134 136 136 
 28  47  68  60  68  84  74  65  52  72  77  50  75  81  63  53  53  53  80  62  33  60  94 111 104  62  49  76  63  89 184 207 206 209 213 217 217 220 220 221 221 225 222 214 206 205 200 199 195 189 183 175 169 165 160 155 153 152 151 149 147 147 147 150 153 154 157 161 164 167 168 169 169 168 165 163 165 169 172 171 169 166 165 166 164 159 152 146 142 140 137 135 134 134 133 132 133 135 137 135 
 31  45  83  71  60  73  72  60  63 108  93  43  66  72  57  75  65  64  89 107  82  61  55  70  85  77  73  95 146 192 214 210 209 211 214 217 220 219 215 216 215 219 219 212 208 200 200 199 195 189 183 176 169 164 159 156 153 152 151 150 147 147 147 150 153 154 157 161 164 166 168 169 168 167 165 163 165 170 171 169 168 167 167 166 163 157 151 146 142 140 138 136 135 134 132 132 132 135 136 133 
 38  39  75  72  68  79  77  58  69  98 101  70  87 101  82  95  93  79  68  89  58  35  53  77  93  89  86 177 223 214 207 210 211 212 216 219 220 218 214 210 210 215 217 212 207 204 201 199 194 187 181 174 168 163 157 155 154 153 151 149 147 147 147 149 153 154 156 159 162 166 168 169 168 166 164 163 163 167 166 167 167 167 168 167 162 156 151 146 142 140 138 137 134 133 132 130 131 133 133 134 
 45  33  61  74  61  68  62  46  61  59  99  90  80  95  80  60  61  59  47  72  96  75  55  59  76 111 177 215 200 208 212 212 213 214 217 220 219 217 213 208 207 211 215 213 208 204 202 199 194 186 180 174 169 163 158 154 153 153 151 150 148 146 147 149 152 154 156 159 163 165 167 168 167 165 163 162 163 162 164 166 166 166 167 166 162 156 149 145 143 141 140 138 136 135 133 131 131 131 132 131 
 54  32  43  72  68  75  81  63  57  50  79  87  48  74  82  55  78  89  89  78  87  90  67 100 137 196 215 205 210 212 215 215 215 216 218 220 218 216 213 207 203 207 212 212 206 202 201 197 192 184 179 173 169 163 158 154 153 153 152 150 148 146 146 149 151 154 156 160 163 165 167 167 166 164 163 162 162 162 164 166 165 165 166 165 162 155 148 144 143 142 141 139 137 136 133 131 130 130 130 131 
 61  34  32  69  85  48  48  81  63  53  84 102  61  59  89  82  85 116 108  80  71  76 147 207 213 209 202 209 211 212 216 217 217 217 218 219 218 216 212 207 203 204 208 210 205 200 199 195 190 183 176 172 168 163 159 155 153 153 151 150 148 146 146 147 151 154 156 160 163 166 166 167 166 164 162 161 161 162 163 163 162 161 162 163 160 153 148 143 142 142 142 139 137 135 132 130 129 129 128 130 
 60  40  28  50  76  70  24  28  42  52  78 113  75  52  83  96  95 139 120  78  71  65 143 203 199 201 205 208 212 214 217 218 219 219 219 218 217 217 213 210 205 203 206 208 204 201 199 194 189 183 177 171 167 163 158 154 152 151 150 150 148 147 146 147 150 153 156 160 163 166 167 166 165 163 161 160 160 160 161 161 160 159 160 160 157 152 147 143 142 141 141 139 137 135 132 128 128 127 128 130 
 44  40  25  37  54  64  60  45  53  65  69  97  89  64  61  80 104 114 122  79  69  69 110 194 202 206 205 209 212 216 218 220 220 219 218 217 217 217 214 210 205 204 206 208 206 202 198 193 188 183 177 172 167 162 157 155 153 152 150 150 149 148 147 147 150 153 156 160 163 165 166 165 164 162 161 160 159 159 160 161 160 159 159 159 156 152 147 143 142 140 140 139 137 135 130 128 127 128 128 130 
 36  40  32  32  49  57  74  82  76  76  71  69  98  66  44  52  72  94 122  91  63  68 103 187 202 204 206 207 213 214 219 220 219 218 217 216 215 215 214 209 207 207 210 210 206 201 197 192 187 182 177 172 167 162 158 156 154 152 150 150 150 149 148 148 150 153 157 160 162 164 164 164 163 161 161 161 160 158 159 160 160 158 159 157 155 153 147 143 142 140 140 138 137 134 129 128 128 129 129 132 
 47  55  39  30  48  54  73  90  94  99  88  69  96  73  44  48  45  71 107  87  78  74  93 180 207 201 207 207 212 216 218 218 218 217 215 214 214 213 212 210 208 211 213 211 206 200 197 190 186 181 177 172 167 161 158 156 154 153 150 149 149 149 148 148 150 153 157 159 162 163 163 163 162 161 160 160 160 159 159 159 157 157 158 156 155 153 148 143 141 139 138 136 135 132 128 126 128 131 133 134 
 53  57  50  30  40  53  74 120 132 119  99  92  95  84  62  49  45  45  95 110 100  90  93 175 204 202 203 210 212 214 216 217 217 216 214 214 214 213 211 208 208 211 214 211 205 199 195 189 184 181 177 172 166 160 158 156 154 153 151 149 148 148 148 148 150 152 156 159 161 162 162 162 162 161 159 159 159 160 161 160 157 157 157 157 155 152 148 144 139 137 135 134 132 130 127 126 129 134 136 135 
 63  52  56  34  34  51  72 124 102  80  72  94  97  85  84  62  59  57  75 116  95  82  90 166 206 199 205 210 212 214 215 216 215 214 214 214 214 213 211 208 209 212 213 209 203 199 195 188 184 180 176 170 166 160 158 156 154 153 151 149 149 148 148 150 152 154 156 159 161 161 161 161 161 160 159 160 159 159 160 159 157 158 157 156 154 150 146 142 137 135 134 133 130 128 127 127 130 134 136 135 
 71  50  62  40  28  43  59  80  77  75  82  91  81  84  96  70  54  52  51  98  94  82  85 147 203 203 206 207 211 213 214 214 214 214 213 213 213 212 209 206 208 213 214 208 201 197 193 188 184 179 174 169 165 160 157 155 154 153 151 150 150 148 149 150 152 154 157 159 162 160 160 160 160 159 158 159 159 160 160 158 157 157 156 154 152 149 146 141 136 134 132 131 127 126 126 127 131 136 137 136 
 54  38  65  58  30  36  50  67  97  87  82  99  84  81  94  68  45  51  55  76  85  75  60 134 203 201 205 206 210 212 212 213 215 215 214 213 212 212 208 205 206 211 212 206 201 197 193 188 183 179 174 168 164 160 157 155 154 153 152 150 151 150 149 150 152 154 157 159 161 161 160 159 159 158 159 158 159 160 159 157 156 156 154 153 150 148 144 140 135 132 130 128 127 126 125 127 133 137 138 137 
 40  28  56  71  37  35  52  71  96  92  85  92  81  74 102  85  58  55  58  66 100  76  59 150 206 199 204 207 209 209 211 214 216 215 215 213 212 212 208 204 203 208 209 205 200 196 191 187 182 178 173 169 165 161 158 155 154 153 152 151 151 151 150 150 151 155 158 159 159 161 161 159 159 158 158 158 158 160 159 156 155 155 153 152 149 146 143 138 134 131 129 127 126 125 125 127 133 137 138 138 
 41  29  42  73  48  32  41  71  80  72  83  88  74  59  89  86  63  53  59  64 108  99  70 163 203 203 202 203 207 210 211 214 215 215 214 213 213 212 208 203 200 202 204 203 198 194 190 186 182 178 173 169 165 161 158 155 153 153 152 152 151 151 151 151 152 156 159 159 159 161 161 160 158 158 158 159 159 159 158 156 155 154 152 150 148 144 141 136 133 130 128 126 125 125 125 128 133 138 138 137 
 34  33  35  71  57  42  60  89  95  79  84 100  87  65  83  86  62  52  61  58  92  90  73 183 203 200 202 206 206 211 212 213 214 214 214 213 214 213 208 201 196 198 201 200 196 193 190 185 181 177 173 169 165 162 158 156 154 153 152 151 150 151 152 153 154 157 158 160 160 161 160 159 158 158 159 159 159 158 157 156 155 155 152 148 146 142 139 135 132 129 128 126 125 125 125 130 136 138 138 137 
 26  36  39  61  75  71  71  87 119 105  77  99  86  59  93  93  64  56  59  59  89  58 104 204 203 201 202 206 207 208 212 212 213 213 213 215 216 214 209 202 196 194 196 195 192 190 188 184 181 177 174 170 165 161 158 156 153 152 152 152 151 152 153 153 155 157 159 160 160 160 160 159 159 158 158 157 158 157 157 156 155 154 151 147 144 141 138 134 131 129 127 126 126 126 127 131 135 138 137 136 
 25  32  34  59  79  58  40  50  96 117 116  97  64  62 106  89  52  47  55  65  82  62 167 209 202 204 202 208 208 210 212 213 214 213 213 215 217 216 211 204 196 192 192 192 190 188 187 184 180 176 174 171 166 161 158 155 152 152 153 153 152 153 153 153 155 157 158 159 159 159 160 160 159 158 158 156 157 157 156 155 154 152 149 146 143 140 137 134 131 128 126 126 126 127 128 130 134 138 137 136 
 25  34  46  62  71  60  36  43  82 109 118  97  91  77  78  73  61  46  46  74  64  99 210 210 207 206 205 208 209 212 213 212 213 214 213 214 216 217 213 205 196 191 189 188 187 185 184 182 179 176 173 170 167 162 158 156 154 153 154 154 153 153 153 153 154 157 158 158 158 158 159 159 158 158 156 155 156 158 157 155 154 151 148 145 142 140 135 133 130 128 127 126 126 128 128 131 133 136 137 137 
 22  32  69  71  62  60  40  35  67  86  90  88 111 117  71  66  73  57  50  68  77  99 175 213 208 209 210 205 210 210 212 212 212 213 212 212 214 215 213 206 197 190 186 186 185 183 183 181 179 174 172 169 166 163 160 157 155 154 154 154 153 153 152 153 154 157 158 159 158 157 159 159 158 157 155 154 156 158 156 155 153 151 147 144 141 139 134 131 128 128 127 125 126 129 130 132 133 135 136 136 
 24  28  67  78  55  57  43  34  52  77  93  88 107 107  72  66  92  63  57  72 100 119 130 207 210 208 208 209 211 210 211 211 212 211 211 209 211 213 212 206 198 189 186 184 183 182 181 181 179 175 171 169 166 163 161 158 156 155 155 154 152 152 153 154 155 157 159 158 157 156 158 158 159 158 155 155 156 157 156 155 154 150 146 143 140 137 133 129 127 127 126 125 125 127 130 133 134 135 136 135 
 25  23  62  83  59  49  40  39  44  66  87  81  78  60  31  35  80  89  68  69  82 139 124 171 215 207 209 210 210 210 211 212 212 211 209 208 208 211 211 207 199 190 185 182 181 180 179 179 177 174 171 169 166 163 160 157 156 155 155 154 153 153 154 155 156 157 157 157 156 156 158 158 158 158 156 156 157 157 156 155 153 149 145 141 139 135 133 129 127 126 126 125 124 126 129 133 135 136 136 137 
 24  25  51  88  55  34  51  45  33  46  64  70  69  78  69  52  67  97  87  57  54 106 115 131 211 211 213 206 210 210 212 214 212 209 207 205 207 209 210 207 198 189 183 181 179 177 177 177 175 172 170 168 165 162 158 156 155 156 155 154 154 154 154 156 156 156 156 156 154 156 156 156 158 158 157 155 157 157 156 154 151 147 143 140 138 136 133 129 128 126 126 126 125 126 129 133 136 137 137 137 
 22  24  38  63  43  33  64  53  30  40  61  67  72  77 103  90  68  66  78  66  58  61  92 116 184 218 211 211 211 212 213 215 212 207 205 205 206 208 209 206 198 188 183 181 179 177 177 176 174 171 168 166 163 161 159 156 156 156 156 155 155 153 154 156 155 155 155 155 155 156 155 155 157 157 156 155 156 155 154 152 149 146 141 139 138 136 133 130 128 127 128 127 125 127 130 133 136 136 136 136 
 23  22  28  52  45  29  61  63  38  33  46  51  68  90  98 106 109  94  67  75  73  67  73 100 171 222 211 215 215 213 215 216 214 208 202 201 204 209 209 205 197 188 182 180 178 176 175 174 172 170 168 167 164 161 159 156 157 158 156 155 153 153 153 154 154 155 155 155 155 154 154 155 156 157 156 156 157 155 152 150 149 146 142 140 138 136 134 130 127 127 127 126 126 127 130 133 135 138 138 138 
 27  24  20  40  40  21  48  64  50  38  41  33  47  79 114 137 137 122 122  73  85  77  61  74 128 215 218 215 215 218 217 218 216 210 203 200 201 204 207 204 195 186 181 179 177 176 175 172 171 169 167 166 165 161 158 156 156 157 157 155 154 154 154 154 154 155 155 156 154 153 154 156 157 157 157 156 156 155 152 149 149 147 143 141 138 136 133 131 129 128 128 127 128 129 131 133 136 138 139 139 
 27  28  22  30  33  25  41  61  58  38  46  61  57  83 135  85  91 106  90 103  80 103  94 105 113 209 218 218 217 217 217 218 215 209 202 198 197 200 203 200 193 184 179 178 177 176 175 172 170 168 168 167 165 161 157 156 156 157 156 156 155 154 154 154 154 155 156 155 154 154 154 156 157 157 157 155 155 154 152 150 149 146 144 142 140 136 133 131 130 130 128 129 130 133 134 136 137 139 140 141 
 24  27  24  25  28  30  39  62  66  47  40  67  71  87 133  82  82 134  91  79  92 134 127 117 104 192 219 218 216 219 219 219 214 207 200 195 195 197 199 197 191 182 177 177 177 176 175 172 169 167 167 167 165 162 159 157 157 157 156 155 154 153 153 153 153 154 155 154 154 154 154 155 156 158 157 155 153 153 153 152 149 146 145 143 140 136 132 131 131 130 128 130 132 134 136 138 138 139 141 142 
 28  25  20  21  25  31  35  54  68  52  39  50  65  70  95 108  90  79 117 108  81 112 132  88  73 153 220 216 218 218 221 220 215 207 200 194 192 194 196 193 188 180 176 176 176 176 174 172 169 168 168 168 165 163 160 158 157 157 155 153 153 153 153 152 153 154 155 155 155 155 154 154 155 156 157 154 152 153 153 152 149 146 145 142 139 136 133 132 132 129 128 131 132 135 138 140 140 140 141 142 
 26  23  24  23  20  30  50  64  70  57  40  42  67  89  74  92 110  96  88 121  92 100 127 110  65 132 222 214 221 220 219 218 213 206 199 194 191 192 193 191 186 180 176 174 175 175 174 172 171 169 169 168 164 163 160 158 157 157 155 154 154 153 153 152 154 155 156 156 158 156 155 154 154 155 155 154 152 153 153 152 150 147 144 141 139 135 133 133 132 130 128 131 133 135 139 141 141 140 141 142 
 26  26  27  21  19  53  88  71  64  65  43  35  66  93  92  80  86  95  69  79 136 134 118 132  66 122 224 216 217 216 220 219 213 205 199 193 190 191 191 189 184 179 175 173 173 173 173 172 171 171 170 168 165 162 159 158 157 157 155 154 154 154 153 152 153 154 156 156 156 156 155 154 154 156 156 154 152 152 152 151 150 147 144 141 138 136 134 134 134 133 131 132 134 136 139 141 141 141 142 143 
 22  21  24  22  19  42  84  77  62  62  52  34  57  88  93  64  58  62  72  67 119 139 109 129  95 125 219 216 220 231 227 223 216 207 199 192 190 190 189 188 184 178 174 172 172 172 172 172 172 172 170 168 165 162 160 157 157 157 155 154 153 153 153 151 153 154 155 154 155 156 155 154 155 157 156 154 153 150 151 150 149 147 143 141 138 135 134 135 135 135 134 133 134 136 139 141 141 141 142 143 
 36  40  37  29  24  30  71  85  63  58  58  36  55  97 123  93  56  58  68  57  86 127 111  82  92 146 221 224 215 123  97 134 218 206 200 192 189 189 190 186 181 176 173 173 173 171 173 173 174 173 169 167 165 162 158 157 157 157 155 155 153 151 152 152 153 153 154 155 156 154 154 154 156 157 156 153 151 150 150 149 147 146 144 141 139 137 136 135 135 134 135 134 134 136 138 140 140 141 143 144 
 48  40  35  23  22  20  60  95  67  59  68  45  41  85 112 119  55  38  51  59  83 111 128  67  51 106 200 209  77  52  65  58 101 212 197 193 193 189 186 186 181 176 174 172 172 172 171 172 174 173 171 166 163 161 158 157 158 157 156 154 152 152 152 153 152 153 154 155 156 154 154 155 156 156 155 153 151 150 149 148 147 145 143 140 138 137 136 135 135 134 134 135 134 136 138 140 140 141 143 144 
 23  21  25  23  21  16  44  78  50  52  74  60  42  43  52  77  65  75  77  79  64  72 142  96  33  47  58  60  22  63  62  70  80 151 193 193 189 190 188 186 180 175 174 173 172 171 170 170 171 171 169 165 162 160 159 159 159 158 156 154 153 153 154 153 152 152 154 154 155 155 154 155 156 156 154 152 150 149 148 146 146 145 142 140 138 137 135 136 135 134 134 135 134 135 137 139 140 141 144 144 
 27  25  26  26  25  20  26  58  49  40  71  71  46  32  52  80  72  57  60  76  86  68 119 120  31  51  52  45  39  54  57  60  90 117  85 180 198 189 188 183 178 175 175 174 170 169 170 169 170 170 169 166 163 161 160 161 160 159 156 154 153 153 153 152 152 153 154 155 154 154 154 155 155 155 153 151 149 148 146 145 145 145 143 140 138 137 136 135 135 135 135 134 135 135 135 137 138 140 143 144 
 26  26  25  24  31  31  23  46  50  32  69  83  53  33  51  70  76  64  38  17  45  49  75 124  53  49  48  48  36  45  54  53  77 119  81 171 202 191 186 181 179 174 173 174 173 170 169 169 169 168 166 163 159 159 160 160 160 159 157 154 152 151 151 151 152 153 154 154 154 154 153 154 155 154 152 150 148 147 145 143 145 144 143 140 138 138 136 135 136 135 135 135 135 136 135 136 137 140 143 145 
 31  28  27  24  23  27  21  28  40  33  59  82  66  39  48  64  65  76  98 112  97  79  88 140  75  39  37  34  27  46  53  56  76 116  77  96 162 171 180 180 185 180 178 176 174 173 170 171 170 169 166 164 163 160 160 160 159 158 157 153 152 151 150 151 152 153 154 155 154 155 154 153 154 154 152 150 148 146 144 144 145 144 142 140 139 138 136 137 136 135 136 135 135 136 135 136 137 140 144 146 
 36  31  28  28  24  29  30  22  37  37  47  74  61  44  47  62  58  68  88 105 113 110 106  96 109  39  24  24  25  45  51  46  61 105  76  42  97  97 100 110 128 142 158 163 160 166 172 172 173 171 167 165 165 163 162 160 158 158 158 153 151 151 151 150 151 153 154 155 155 154 153 153 154 155 153 150 147 147 145 144 145 144 140 139 139 138 137 138 137 135 135 136 135 135 136 137 139 141 143 147 
