184 185 185 185 187 186 186 186 188 189 191 191 194 194 196 198 200 201 203 203 203 204 204 204 204 205 204 204 204 203 203 203 202 202 202 200 200 199 198 197 196 194 193 194 194 194 194 194 194 194 192 191 189 186 184 182 182 182 181 180 179 178 177 176 175 174 174 175 174 174 172 171 170 169 168 168 167 165 166 167 167 169 173 178 183 186 185 181 178 177 175 174 175 179 182 184 186 186 187 189 
185 186 185 186 188 188 188 188 189 191 192 193 194 195 196 198 200 200 202 201 203 205 205 204 205 206 207 208 207 205 204 205 204 204 205 204 204 203 201 200 199 198 198 197 198 198 197 197 197 197 196 196 194 191 188 187 186 186 185 183 182 181 180 179 178 176 176 176 176 175 174 172 171 170 169 169 167 166 167 168 169 170 175 179 185 187 184 180 179 178 177 175 175 179 181 183 182 182 183 184 
187 187 185 186 188 188 190 191 190 190 191 193 195 195 195 197 199 200 199 200 204 204 204 204 205 207 208 209 209 207 206 206 206 207 207 206 205 204 203 202 201 201 201 200 201 201 200 200 201 201 201 203 199 196 194 192 190 188 186 186 184 182 182 182 181 179 178 178 177 175 174 174 173 172 171 170 169 168 169 170 172 173 178 182 187 186 184 182 179 178 179 179 179 181 183 184 183 183 183 182 
188 188 188 188 189 190 191 192 192 191 192 193 195 195 195 197 198 198 198 199 202 204 205 204 206 208 209 210 210 208 207 207 208 209 208 208 207 206 205 204 204 204 204 204 204 203 203 203 205 204 204 206 205 204 200 197 194 193 191 189 187 185 185 185 184 182 181 181 180 177 176 176 175 174 172 172 171 171 171 173 174 175 179 183 185 185 183 181 181 180 181 182 183 184 185 185 184 183 181 180 
189 191 191 190 190 191 192 193 192 192 192 193 194 195 195 197 198 197 198 199 200 202 204 203 205 208 209 210 211 210 209 209 209 209 209 210 209 208 207 206 206 206 206 206 205 203 204 206 206 207 207 210 210 209 207 204 200 198 196 193 190 188 188 189 187 186 186 185 182 179 178 178 177 175 174 174 173 173 174 175 177 178 179 182 184 184 181 181 182 182 184 185 187 187 186 185 184 181 179 178 
190 190 192 192 191 192 194 195 194 194 194 194 194 195 197 198 199 199 199 199 200 202 203 204 205 207 209 209 209 209 209 208 209 211 211 212 211 209 208 208 208 207 207 207 206 204 205 207 209 209 210 213 212 212 212 211 208 205 202 199 195 192 193 194 193 191 189 188 184 181 178 179 178 176 175 174 173 173 174 177 177 178 178 180 182 182 181 182 184 185 187 188 188 188 187 185 182 180 179 177 
189 189 191 191 193 194 195 195 196 197 197 197 197 197 199 201 202 201 201 200 199 201 202 203 204 207 209 208 208 208 208 208 209 211 212 213 213 212 211 210 210 210 209 209 208 208 208 209 210 213 214 216 217 218 216 215 213 211 208 204 200 198 197 197 196 194 192 190 187 184 181 179 179 177 176 175 174 174 174 176 176 177 176 178 179 180 180 182 184 187 191 191 191 190 188 186 181 177 177 177 
189 189 191 192 194 195 195 196 197 198 199 199 200 201 203 204 205 204 204 202 201 201 201 203 204 205 208 208 208 208 208 208 210 212 212 215 214 213 213 212 212 211 211 210 210 210 210 212 212 214 217 219 221 223 220 217 215 215 212 208 206 202 200 198 196 195 194 193 189 186 184 182 181 179 178 177 175 175 174 175 176 176 176 176 178 178 179 180 184 187 192 193 192 190 189 187 182 177 175 175 
190 191 193 194 195 196 197 197 199 200 201 200 203 204 206 208 209 209 210 207 206 205 205 205 205 205 207 208 209 210 210 209 211 213 214 215 216 215 215 215 214 213 213 213 213 213 213 213 214 217 220 222 225 226 223 221 219 217 214 212 210 206 202 198 197 196 195 194 193 190 188 187 186 184 183 181 178 175 175 175 176 175 177 177 177 177 177 178 182 185 189 191 192 190 189 188 184 181 177 175 
193 194 196 196 197 198 199 200 201 203 203 202 205 206 208 210 211 212 213 213 212 212 210 209 209 208 209 210 211 211 211 211 211 213 215 217 217 218 217 217 217 216 215 216 215 215 216 217 218 220 222 226 227 227 225 223 221 218 216 215 213 210 206 200 198 198 197 197 196 194 192 191 190 189 187 184 181 179 177 177 177 176 178 177 177 176 176 177 181 184 185 188 190 189 189 189 186 183 180 176 
196 197 198 199 199 200 200 201 204 206 206 206 207 207 209 212 212 213 216 217 217 216 216 215 215 214 212 212 214 215 214 212 211 213 217 219 220 220 219 220 221 221 219 219 219 219 219 220 222 223 224 226 227 227 225 222 220 218 215 214 213 211 207 204 201 201 201 200 198 197 195 194 193 193 190 188 184 183 180 179 179 178 178 176 175 176 175 177 179 182 184 185 187 187 187 186 185 183 181 177 
196 198 199 200 200 201 202 202 205 208 209 209 209 208 210 212 214 216 218 221 222 222 223 222 221 219 217 217 218 218 217 215 213 214 216 218 220 221 221 222 223 224 224 223 223 223 223 223 225 226 227 227 228 227 224 222 219 216 213 212 211 209 208 205 203 203 203 203 201 199 198 197 195 194 192 191 188 185 183 182 181 180 179 177 177 177 176 176 178 180 181 182 183 184 183 183 183 182 180 178 
195 197 198 199 199 200 201 203 205 208 209 209 209 209 210 212 214 217 221 223 225 226 227 227 226 224 222 221 222 222 221 218 217 216 218 219 221 222 223 224 225 226 226 224 225 225 226 227 228 229 229 228 229 227 224 221 218 215 212 210 208 207 207 206 205 205 205 204 201 200 199 198 196 194 194 191 189 187 185 184 183 182 181 179 178 178 178 177 178 178 179 179 179 180 179 179 180 180 178 178 
196 196 196 196 196 198 200 202 204 205 206 207 208 208 209 211 214 217 221 224 226 227 229 230 229 227 226 226 226 225 225 222 222 222 223 223 224 226 227 227 226 227 227 225 226 226 227 230 231 232 231 229 230 228 225 222 218 215 212 209 207 206 206 206 204 204 204 204 203 201 200 198 196 195 194 192 190 188 186 185 184 183 180 178 176 178 177 178 179 179 177 176 177 177 177 176 177 176 175 176 
199 196 196 196 196 197 198 200 202 204 205 206 207 207 208 210 213 217 220 223 226 227 229 231 231 231 231 230 231 229 228 228 228 230 229 229 229 229 230 230 229 229 229 229 229 228 230 231 232 233 231 231 231 229 226 222 218 215 213 211 209 207 206 205 204 203 203 203 203 202 201 199 197 196 196 194 191 189 188 185 185 184 181 179 177 176 178 179 180 179 178 176 175 177 176 176 175 174 174 174 
202 200 198 197 197 197 197 198 200 201 204 205 205 206 207 210 212 216 219 220 223 225 228 229 231 233 234 235 234 233 233 234 234 234 234 234 232 232 233 233 232 232 232 232 231 230 231 232 233 232 231 232 232 231 228 224 219 216 215 214 212 209 207 205 204 202 202 201 202 201 201 199 198 198 197 195 192 190 188 186 184 183 182 180 178 178 179 179 179 180 178 176 175 176 177 177 176 175 176 176 
205 203 201 199 198 198 199 199 199 199 200 202 202 204 207 209 211 214 217 219 221 224 226 228 231 233 235 237 238 238 238 239 238 238 237 238 236 235 236 237 236 235 235 234 233 232 232 233 233 233 232 233 232 231 229 225 221 218 216 215 213 210 207 205 204 202 200 200 200 200 201 200 199 198 197 195 192 190 188 186 184 182 181 181 180 178 177 177 177 177 176 174 174 175 176 176 176 177 177 178 
206 205 203 202 201 200 200 200 199 199 200 201 201 204 206 208 210 211 213 216 219 221 225 229 232 234 236 238 239 240 241 242 240 240 240 240 239 239 239 240 239 238 238 236 234 233 233 234 235 233 233 233 233 232 230 227 224 221 218 216 214 212 208 205 204 202 200 199 199 200 201 200 199 197 197 195 192 189 188 186 184 183 181 180 179 178 176 176 174 173 175 172 170 172 173 173 176 178 179 180 
204 204 204 203 203 203 202 201 200 201 202 202 202 204 206 208 209 210 211 213 215 218 223 227 231 234 235 238 240 242 243 243 242 243 243 242 242 242 242 242 241 240 239 239 236 236 236 234 234 234 235 234 234 233 230 228 225 222 220 218 216 214 209 206 203 201 199 198 198 200 200 199 197 196 196 194 192 190 188 185 184 183 181 178 178 178 176 175 174 173 174 171 170 171 172 174 177 178 179 180 
203 203 202 202 203 204 205 203 203 203 204 204 203 204 206 208 209 210 211 212 212 215 219 223 227 231 233 237 240 243 244 244 244 244 244 243 243 244 244 245 244 242 241 240 239 238 237 236 234 235 236 235 236 235 233 230 228 224 222 219 217 214 210 206 204 201 199 198 198 198 199 197 196 195 195 194 191 190 189 187 184 183 180 179 179 178 176 175 174 173 172 171 172 172 173 174 176 178 179 179 
202 203 203 203 204 205 206 205 204 205 206 206 205 205 206 206 208 209 210 211 212 214 217 220 224 229 232 236 240 243 245 245 246 245 244 244 244 245 245 246 245 244 243 241 240 238 237 236 236 236 237 238 238 237 235 233 230 226 223 220 217 215 211 207 204 201 198 198 197 196 197 196 196 196 195 193 191 189 188 186 183 182 179 178 178 179 176 175 174 173 171 173 173 172 173 175 176 177 179 179 
201 202 203 204 204 205 206 206 206 207 207 207 206 206 205 205 206 208 209 211 213 215 216 218 220 225 230 233 239 244 246 246 247 246 244 244 244 244 245 244 244 244 243 241 239 238 237 236 235 235 236 237 237 237 236 233 231 227 223 221 218 215 211 207 204 202 199 198 197 196 197 197 197 197 195 193 191 188 186 184 182 182 179 178 179 179 176 175 174 173 172 174 173 172 173 175 176 177 178 178 
199 200 201 202 204 205 205 205 207 208 208 207 207 207 207 206 205 206 207 209 212 214 215 215 218 221 227 230 235 241 245 247 248 247 246 245 245 244 244 244 243 243 243 241 239 237 235 234 233 233 233 234 234 234 234 233 231 226 224 221 219 216 211 208 204 202 200 198 197 197 197 198 197 198 197 195 191 187 184 182 182 181 180 179 179 179 176 176 174 173 173 174 173 172 173 174 175 175 177 177 
198 199 200 200 203 204 204 204 206 208 208 207 207 207 207 207 207 207 207 208 210 212 213 213 216 219 222 224 228 235 240 244 246 247 247 246 246 245 244 243 242 242 241 241 238 235 233 231 229 228 229 230 229 229 230 230 229 225 223 220 217 215 211 207 204 202 200 198 196 196 196 197 197 198 196 194 191 187 183 180 180 180 181 179 178 177 176 175 174 174 174 174 173 172 173 173 173 173 175 175 
197 198 199 199 201 203 203 202 204 208 208 207 205 207 208 209 209 209 208 207 207 209 210 211 212 215 216 219 222 227 235 239 241 243 245 246 245 246 245 244 241 241 240 239 236 233 231 228 225 224 224 224 224 224 226 227 225 222 219 217 215 213 209 206 204 201 200 198 196 195 195 196 196 197 195 193 191 187 182 180 179 180 180 178 177 177 175 174 174 173 175 174 173 173 173 172 172 173 173 174 
197 197 197 199 200 201 202 203 204 205 206 206 205 205 206 208 210 209 209 208 207 206 208 210 210 210 211 213 217 223 229 233 234 237 241 243 244 245 245 244 243 240 238 236 235 232 229 224 221 221 222 220 220 220 221 223 221 218 215 213 211 210 207 204 201 200 198 196 195 193 194 195 195 195 195 192 189 186 183 180 179 179 178 177 175 175 174 175 174 173 174 173 174 173 172 172 172 172 173 174 
196 196 196 198 199 200 201 203 204 203 204 204 204 204 205 207 209 210 210 209 208 207 207 209 209 208 208 210 213 219 223 226 227 230 234 238 241 244 246 245 244 242 239 235 233 230 225 220 216 216 216 217 217 216 217 219 219 215 212 210 207 205 204 202 201 199 196 194 192 191 192 193 194 194 194 192 189 186 183 180 179 180 178 178 176 175 174 174 173 173 173 173 174 173 172 172 172 172 174 174 
197 196 197 198 198 199 200 202 203 203 202 202 202 203 204 207 209 210 211 210 209 208 207 207 206 206 206 207 210 213 217 219 220 224 227 231 237 241 244 246 245 243 240 235 233 230 224 217 213 211 211 212 212 211 213 213 213 211 209 207 204 202 200 200 199 198 195 193 191 190 190 191 193 193 192 191 190 188 185 183 180 180 180 179 177 176 175 174 173 172 173 174 173 173 172 173 173 173 174 175 
198 199 199 199 199 199 200 201 203 202 201 200 202 203 205 206 207 209 209 210 210 209 208 207 206 205 205 206 207 209 211 213 217 220 221 226 230 237 240 243 243 240 237 235 234 231 226 219 214 210 209 208 207 206 206 206 206 207 206 205 201 200 199 198 197 196 194 191 190 189 189 191 191 191 190 189 189 187 185 182 180 181 180 179 178 177 176 175 174 173 173 174 174 174 173 173 174 173 174 175 
198 200 200 200 200 199 200 200 201 201 200 200 202 203 204 205 206 206 207 208 209 208 207 206 206 205 204 204 204 206 207 210 214 216 216 219 224 230 234 237 237 237 235 235 235 233 229 224 219 214 211 207 206 203 200 199 200 201 202 200 199 198 197 196 196 194 193 190 190 189 188 188 188 188 188 188 187 186 184 181 181 182 181 179 178 177 178 177 175 173 173 174 174 174 173 173 174 174 173 174 
198 199 199 199 200 199 199 199 200 200 200 200 201 202 203 204 205 205 206 207 207 207 206 205 204 204 203 203 203 204 206 208 211 212 212 214 218 223 228 233 236 235 233 233 232 232 230 227 221 216 213 210 206 202 198 195 194 195 196 196 195 196 196 195 196 194 192 191 189 188 188 187 187 186 187 187 186 185 184 182 182 183 182 180 178 178 178 177 175 172 172 173 173 174 173 174 175 174 173 174 
199 200 199 199 199 200 199 199 199 201 200 200 201 202 203 204 204 205 206 206 206 205 203 202 202 202 202 202 203 203 203 206 209 210 209 209 213 218 224 228 231 230 228 225 227 227 226 224 220 216 212 209 206 201 197 193 191 191 191 190 190 192 193 194 195 195 194 193 191 190 189 188 187 186 187 186 185 185 184 183 183 182 181 181 180 179 178 177 175 174 172 172 172 173 174 174 175 174 174 175 
199 198 200 200 198 200 200 200 200 200 200 200 201 202 202 203 204 204 204 206 207 206 202 200 200 201 202 200 200 201 201 203 206 207 207 204 208 214 219 223 225 222 218 217 219 220 220 219 217 212 210 208 205 201 197 193 190 188 189 187 186 188 190 192 195 193 193 193 191 191 190 188 187 187 186 185 184 185 184 182 182 182 182 182 181 180 178 177 176 176 174 173 173 174 175 174 173 173 174 175 
200 200 200 200 200 200 200 202 202 202 202 201 201 202 203 204 205 205 204 205 205 204 202 200 199 199 201 199 198 199 199 201 203 205 206 204 205 209 213 216 216 214 212 211 211 211 211 210 208 207 205 205 204 201 196 192 189 186 185 185 185 187 187 189 190 193 194 193 191 189 189 188 186 186 185 185 186 185 183 183 183 183 182 182 182 181 179 177 177 175 174 173 173 173 174 175 174 174 173 174 
201 201 201 201 201 201 202 202 203 204 203 202 202 203 204 206 207 207 207 206 205 203 202 201 200 199 200 200 199 198 198 200 202 203 204 203 204 205 207 208 209 208 207 206 206 206 205 204 203 201 200 201 200 198 195 191 188 186 186 184 184 185 185 185 187 190 193 192 189 188 188 188 187 185 186 187 186 184 183 183 183 182 181 181 181 181 178 177 177 176 174 173 172 172 173 174 174 173 172 173 
203 202 202 202 201 202 202 203 204 203 204 204 204 204 205 207 208 209 209 208 205 203 202 202 201 200 201 200 199 199 198 199 200 201 202 203 203 202 201 202 202 203 203 201 200 199 198 197 196 195 195 195 195 193 191 189 187 186 185 185 184 185 184 184 185 188 190 190 189 188 187 186 185 184 184 185 185 183 182 181 182 182 181 180 180 178 177 177 178 177 175 173 171 171 172 172 173 172 171 172 
203 203 203 202 201 202 203 204 203 204 205 206 207 206 206 207 208 209 209 208 206 204 203 203 202 201 200 201 200 199 198 199 199 200 201 202 202 200 198 198 198 199 199 198 196 194 192 190 190 190 190 188 189 188 187 186 185 184 185 185 184 184 184 183 184 187 189 189 188 187 186 184 183 182 182 181 183 182 181 182 181 181 181 180 178 177 176 177 176 176 174 173 171 170 171 172 171 172 171 171 
204 203 203 202 202 203 203 204 204 205 205 206 208 207 207 208 209 210 209 209 207 206 205 204 202 201 200 201 200 199 198 198 199 200 201 201 200 198 197 196 196 196 196 195 193 191 188 186 185 185 184 184 184 184 184 184 183 182 183 183 184 184 184 183 185 186 188 188 187 186 185 184 183 182 181 182 182 182 181 180 180 179 180 179 178 177 176 175 175 174 173 173 172 171 171 172 173 172 172 172 
205 204 204 204 204 204 204 205 206 206 207 206 206 206 207 208 209 210 211 210 208 207 205 203 201 200 199 199 198 198 198 197 198 199 199 199 198 198 197 196 195 194 193 192 191 189 187 184 183 181 181 180 181 180 180 180 181 179 180 182 182 182 183 183 184 185 185 186 185 184 185 184 183 183 182 181 180 180 180 179 180 179 179 177 177 177 176 175 174 172 172 173 172 171 171 172 173 174 173 172 
206 205 206 204 205 205 205 206 207 206 207 206 205 206 207 208 209 210 210 209 207 206 205 203 201 200 200 199 198 198 197 197 197 198 199 198 199 198 197 195 194 193 193 191 190 188 186 184 182 181 180 179 178 178 177 178 177 177 177 179 178 179 180 181 182 182 182 182 182 182 182 183 183 183 181 180 179 179 180 179 179 179 178 176 176 176 175 174 173 171 170 170 170 170 170 171 173 173 174 173 
207 206 207 205 205 204 205 206 207 208 207 207 206 207 208 209 210 209 210 209 207 206 205 203 201 200 200 199 198 198 198 197 197 198 198 198 199 197 196 194 193 193 192 189 189 188 186 184 182 180 180 179 178 177 176 176 175 175 174 174 174 175 176 178 179 179 180 180 180 180 181 181 182 181 180 179 178 179 180 179 176 176 176 175 175 175 174 173 172 170 169 168 167 168 169 170 172 173 173 172 
207 207 206 206 206 204 205 206 208 208 208 208 207 208 207 207 209 210 209 209 207 205 205 203 201 201 200 199 199 198 197 197 198 199 199 199 199 198 195 193 194 193 191 189 188 187 186 184 183 182 181 180 179 177 175 174 175 173 173 173 172 173 174 174 175 177 177 177 178 179 179 180 180 181 179 179 178 179 179 178 175 173 174 173 173 172 172 172 171 170 168 167 166 166 167 169 171 172 172 172 
208 207 207 206 205 205 206 207 208 208 208 209 208 207 207 208 208 208 208 208 206 205 206 205 202 201 200 198 198 198 198 199 199 201 200 200 199 198 196 194 194 193 190 190 189 187 185 184 182 182 182 181 180 178 176 175 175 174 174 173 172 172 172 172 174 175 175 175 176 177 177 177 179 180 181 180 179 177 177 176 173 172 172 171 171 171 171 170 170 169 169 168 168 168 169 170 170 171 172 171 
207 207 208 206 206 207 207 208 208 207 208 209 208 207 207 207 207 206 207 207 206 206 207 205 203 201 200 198 198 199 200 200 201 200 200 199 199 198 196 193 193 193 190 190 189 187 185 183 182 182 183 182 181 179 177 176 175 174 174 173 172 171 171 171 172 173 173 173 174 175 175 176 177 179 180 179 177 175 175 174 173 171 171 170 169 169 169 169 169 169 169 170 169 168 169 169 169 170 170 169 
206 206 208 208 209 208 208 209 208 207 207 208 208 207 207 207 206 205 206 208 207 206 207 205 203 201 199 199 200 199 200 200 200 200 198 198 197 198 197 194 193 192 191 189 188 187 185 184 183 183 182 181 181 179 178 177 176 175 175 174 173 172 172 172 173 173 173 173 174 174 175 175 177 178 177 176 175 175 174 174 173 172 172 170 169 170 170 169 169 169 170 169 169 169 168 168 167 167 167 167 
204 205 208 209 210 208 207 208 208 208 208 208 208 206 206 207 206 204 205 207 207 206 206 204 203 202 201 200 201 200 199 199 199 199 199 197 196 197 196 194 193 193 192 190 190 188 187 185 184 183 182 181 180 181 181 180 178 176 176 175 174 173 173 174 174 174 173 174 174 175 176 177 176 176 175 175 175 175 175 173 173 173 173 170 169 170 169 169 169 169 169 169 168 168 167 166 166 166 166 166 
203 205 207 209 209 207 208 208 209 208 208 207 207 206 206 206 205 205 205 206 206 206 206 205 205 205 204 202 202 201 200 200 200 200 200 197 197 196 195 194 194 193 192 191 190 189 188 187 185 183 182 182 182 182 183 182 180 178 177 176 175 175 175 175 176 175 175 175 174 175 176 177 177 177 177 177 176 176 175 174 173 173 172 170 169 169 169 168 167 168 168 168 167 167 166 165 164 164 165 166 
203 205 207 208 207 207 208 209 209 208 208 208 207 206 206 205 205 205 204 205 205 206 206 205 206 207 205 204 203 202 202 201 201 200 199 199 197 195 195 194 194 194 192 191 192 191 189 187 186 186 185 184 184 184 185 184 182 180 179 178 177 177 177 178 177 176 175 176 175 175 176 176 177 178 177 177 177 176 175 174 173 174 173 170 169 169 168 167 167 167 167 167 166 166 165 164 163 163 164 164 
202 204 206 207 207 207 208 209 209 208 207 207 207 206 206 205 206 205 203 204 205 206 207 206 206 207 205 205 205 203 202 201 201 200 199 199 197 196 196 195 194 194 192 192 192 192 190 189 188 187 186 185 184 185 186 185 184 183 181 180 179 178 178 180 179 177 176 176 175 174 175 176 177 178 177 176 176 175 176 175 174 172 172 170 169 170 168 167 166 167 165 165 165 165 164 163 163 162 163 163 
201 203 204 206 208 209 208 207 206 206 207 207 206 205 205 204 205 205 204 203 203 205 206 207 207 207 207 206 205 203 202 201 200 200 200 199 198 195 196 196 196 194 193 193 193 192 190 189 189 187 186 187 186 185 186 186 186 186 183 181 181 181 181 181 180 179 180 179 176 174 174 175 176 177 176 175 174 175 176 175 174 171 171 171 171 170 170 168 166 166 166 165 164 164 164 164 163 163 162 163 
200 201 204 206 206 207 208 208 206 206 206 206 205 205 204 204 204 205 205 204 205 206 207 207 208 208 208 207 205 203 203 202 201 200 200 200 199 196 197 196 196 196 194 192 192 192 189 189 188 187 187 187 186 186 186 187 186 185 183 182 183 183 183 183 182 180 179 179 177 176 176 175 175 176 175 174 173 174 174 173 172 171 170 170 170 169 169 168 168 166 165 165 164 163 163 163 162 162 163 163 
200 200 204 206 205 207 208 208 207 206 205 205 206 205 205 205 204 205 206 205 205 206 207 207 208 209 209 208 206 205 204 203 202 201 201 199 199 197 198 198 197 195 194 193 192 190 189 189 189 189 188 187 186 186 187 187 186 185 183 182 183 184 184 184 183 182 180 180 180 178 177 176 176 176 175 174 173 173 172 171 170 170 171 170 169 169 169 168 168 167 165 164 163 163 162 162 161 162 163 163 
201 201 203 205 206 207 209 209 208 206 206 206 206 206 205 204 204 203 205 206 206 207 206 207 208 210 210 209 208 207 206 205 203 201 202 200 200 199 199 198 198 195 195 193 192 190 188 188 189 189 189 187 186 186 186 186 185 184 184 184 184 184 185 185 184 184 183 183 182 180 179 179 178 178 177 176 176 174 173 171 170 170 170 171 170 168 168 168 169 168 165 164 164 163 163 162 161 161 162 162 
201 202 202 204 206 207 209 209 208 207 206 206 206 205 205 204 203 203 205 206 207 207 207 207 209 210 210 210 209 208 207 206 204 203 203 202 202 201 201 200 198 197 196 193 192 191 188 188 189 190 189 188 187 186 186 186 186 185 185 186 186 186 186 186 186 186 186 185 184 182 182 182 181 179 179 179 178 177 175 172 171 171 169 170 169 167 167 166 167 167 166 166 165 164 163 163 161 161 162 162 
203 203 203 204 207 208 209 209 208 208 207 206 207 206 206 206 204 204 206 207 208 208 208 208 209 210 210 210 209 209 208 207 205 204 204 204 203 203 202 200 199 198 197 194 194 192 190 189 190 190 190 190 189 188 187 187 187 187 187 188 188 187 188 188 188 188 188 187 187 185 183 184 183 181 182 181 181 180 178 175 173 173 170 170 169 166 165 164 165 166 166 166 165 164 163 163 162 161 161 161 
206 205 205 205 208 208 209 209 210 210 209 208 207 207 207 206 205 204 205 207 208 209 209 208 209 210 211 210 210 210 209 208 206 205 206 205 204 204 203 201 200 199 198 196 196 194 192 191 192 192 193 193 191 188 187 187 187 187 188 189 190 191 191 192 192 192 191 191 191 188 186 186 185 183 183 182 182 182 181 179 175 175 172 171 167 166 165 164 164 164 165 164 163 163 163 162 162 162 162 162 
208 206 205 206 208 209 210 210 210 211 211 209 208 207 207 206 205 205 204 205 208 209 210 210 209 209 210 211 210 210 210 209 207 206 206 206 206 205 204 203 202 200 199 198 196 195 193 193 193 194 194 194 192 189 188 188 188 188 190 191 193 194 195 194 194 195 194 194 194 192 190 189 188 187 184 185 184 184 182 180 177 176 174 172 169 167 166 165 164 163 163 163 162 162 162 163 162 162 163 163 
210 208 207 207 209 211 211 210 211 212 211 210 209 208 207 207 207 206 204 205 208 209 210 211 210 209 210 211 211 211 211 210 208 207 205 207 205 205 206 204 204 202 200 199 197 195 195 195 195 194 195 195 193 192 191 190 190 190 191 193 196 197 198 197 197 198 197 196 196 194 192 192 190 189 188 188 185 184 183 181 180 180 176 174 171 169 167 167 165 164 164 164 164 163 163 164 164 163 163 164 
210 209 208 209 211 212 213 213 213 214 213 212 211 209 207 208 207 206 204 204 207 209 210 211 210 209 210 211 212 212 211 210 208 207 205 205 204 206 206 205 204 203 201 202 199 199 199 198 197 196 196 197 195 194 193 191 191 192 193 195 198 201 203 203 203 203 202 200 197 195 194 194 193 192 191 190 188 186 184 183 182 181 178 176 173 171 169 168 167 165 165 165 165 165 165 165 165 166 166 166 
211 211 211 210 213 214 214 214 215 216 215 214 213 210 209 209 208 207 204 204 206 208 210 210 209 209 210 211 212 212 212 211 209 208 206 206 205 207 208 206 205 204 202 202 202 202 202 201 199 198 197 197 196 196 194 193 193 194 196 199 202 205 207 208 208 207 205 202 199 197 197 198 196 194 192 191 189 188 186 184 182 181 178 176 174 172 171 168 167 165 166 164 165 166 166 166 167 168 167 167 
214 214 213 213 214 216 216 216 217 217 216 214 213 212 211 210 209 208 206 204 205 207 209 210 209 209 210 211 212 212 212 211 210 209 208 207 207 208 209 207 206 206 205 204 203 204 204 203 201 200 199 199 198 197 197 196 196 197 199 203 207 210 211 210 211 211 209 205 202 199 200 201 199 195 194 192 190 189 187 185 183 181 179 177 175 173 172 170 169 167 167 165 165 167 166 166 167 169 168 168 
216 216 216 216 217 218 219 219 219 218 216 215 214 213 211 210 209 208 206 205 204 206 208 210 209 209 210 211 211 212 212 212 211 211 210 208 207 208 208 206 206 207 206 205 204 205 205 205 203 203 202 202 201 200 199 199 200 201 202 207 212 216 216 215 214 214 213 210 205 201 201 202 200 197 196 193 191 189 187 186 184 183 180 178 176 175 174 173 171 169 167 166 167 168 168 166 167 168 168 169 
219 219 219 219 220 221 222 221 220 220 218 216 215 213 212 211 210 209 207 205 204 206 209 211 211 211 211 211 212 213 213 213 212 212 211 209 208 208 208 207 207 208 207 205 205 205 205 205 204 204 204 203 202 201 201 201 201 203 205 210 216 221 221 218 218 217 216 212 207 203 202 203 202 199 197 195 192 189 187 186 185 185 180 179 177 176 175 174 173 171 169 168 168 168 168 168 168 168 169 169 
222 222 222 222 224 224 223 222 221 221 220 218 217 214 212 211 211 209 207 205 205 207 209 212 212 212 212 212 212 213 214 214 213 212 212 211 209 209 209 208 208 208 206 206 206 206 206 205 204 204 205 204 203 203 202 201 201 204 208 213 221 226 225 223 220 217 216 212 208 206 205 205 203 201 199 197 195 192 189 186 184 184 182 180 178 177 177 176 175 173 170 170 170 169 170 170 169 169 169 168 
224 223 224 224 226 226 225 224 222 221 219 218 217 215 212 212 211 210 207 205 205 205 208 211 213 213 213 212 213 214 215 215 215 214 214 212 211 211 210 209 208 208 208 206 206 206 206 205 205 205 206 205 205 203 202 203 203 205 209 215 222 228 228 225 221 218 215 212 209 207 208 208 206 204 202 201 198 195 191 188 185 184 183 182 180 178 177 177 177 176 173 172 171 171 171 171 170 170 169 168 
224 224 225 227 227 228 227 225 223 221 219 217 217 216 214 212 211 210 207 206 205 205 207 211 212 213 213 213 214 215 215 216 216 216 216 213 213 212 211 210 210 209 209 208 208 207 206 206 206 206 206 205 205 204 204 204 205 207 210 216 222 227 228 225 221 218 214 212 209 208 208 209 208 206 204 203 200 197 194 191 188 187 185 185 184 182 180 179 179 178 176 174 174 173 172 172 171 171 171 169 
223 224 226 228 229 229 228 225 224 222 218 216 216 215 214 212 210 208 207 206 205 205 208 211 213 212 214 215 215 216 217 218 218 217 216 215 214 214 213 212 212 211 210 210 210 209 208 207 207 206 206 206 206 205 206 207 207 208 211 216 222 226 226 223 219 215 213 211 208 207 208 208 207 207 206 203 202 198 196 193 191 189 187 187 186 185 183 182 180 179 178 177 177 176 175 174 174 174 173 171 
223 224 226 229 230 230 229 225 224 222 218 214 213 213 213 211 210 208 206 206 205 206 210 212 212 212 215 216 217 217 218 219 219 219 217 217 216 215 215 215 214 213 211 211 211 211 209 209 208 207 206 206 206 206 207 208 208 209 213 217 220 223 223 221 217 214 212 209 208 207 207 207 206 207 206 205 202 200 196 195 192 191 190 189 188 187 186 184 182 180 179 179 178 178 177 176 175 176 174 173 
222 224 227 229 230 231 229 225 223 221 215 212 210 211 211 211 209 206 205 205 205 206 210 213 212 213 217 217 218 219 219 219 220 220 219 218 217 217 217 218 217 215 213 213 213 212 211 210 210 209 207 207 206 206 207 208 208 210 214 216 218 219 219 219 216 213 210 208 207 206 206 207 207 208 208 205 203 201 198 196 194 193 194 192 191 189 188 188 185 182 181 179 178 178 178 177 176 175 175 174 
223 228 231 232 231 230 228 225 223 219 214 210 209 209 209 209 207 205 204 204 205 208 211 213 214 215 218 218 219 220 220 220 220 220 220 219 218 218 219 219 218 216 214 215 214 213 212 211 211 210 209 208 207 205 206 208 209 211 213 214 215 216 216 216 215 212 209 207 205 204 205 205 206 208 208 206 204 202 199 197 195 194 194 193 193 193 192 190 188 185 182 180 179 179 179 178 177 177 176 175 
223 229 233 234 230 229 227 225 221 217 213 210 207 206 205 205 204 203 202 203 205 208 211 213 215 217 220 220 220 220 221 220 221 221 221 219 219 219 220 220 219 217 216 215 215 214 213 212 212 211 209 209 208 206 207 208 209 210 211 212 212 212 212 213 213 212 211 208 205 204 204 203 203 204 206 206 205 204 201 198 196 195 193 193 194 195 195 192 189 187 186 183 181 181 181 179 178 177 178 177 
220 226 232 234 229 227 225 224 221 215 211 207 204 202 201 200 200 200 201 202 205 208 211 214 217 220 221 221 221 221 220 221 221 221 220 219 219 220 221 221 219 217 215 216 216 214 213 212 211 210 209 209 208 206 207 208 208 208 210 210 210 210 210 211 212 212 211 208 206 205 205 204 204 205 205 205 206 205 203 200 196 194 194 194 195 196 196 195 193 190 188 186 184 183 181 180 179 178 178 177 
214 222 227 228 225 225 224 221 218 214 210 207 204 201 200 198 198 198 200 202 204 208 212 216 218 220 222 222 221 221 221 222 222 222 222 220 219 220 221 222 220 218 217 216 215 214 214 213 211 210 210 209 207 206 206 207 207 208 207 207 208 208 208 210 211 211 211 210 208 206 205 205 205 205 204 205 207 207 203 201 198 197 195 195 197 197 196 195 194 192 188 187 185 183 182 181 179 178 178 177 
209 216 220 221 221 220 219 217 214 211 208 206 203 202 199 198 196 196 199 201 203 209 214 217 220 221 222 222 222 221 222 222 223 223 223 222 221 221 221 221 221 220 219 218 217 215 215 214 213 211 211 208 206 206 206 206 207 207 206 207 207 206 206 208 211 213 213 212 210 208 208 208 207 206 206 205 207 206 203 200 199 198 197 196 197 197 196 195 193 192 189 188 186 184 183 181 180 178 178 177 
205 209 213 214 215 214 212 210 209 207 205 204 202 201 200 198 196 196 197 199 203 208 214 218 221 222 222 222 221 222 222 223 224 224 224 224 223 222 222 222 222 221 221 219 218 216 215 215 213 212 211 207 207 207 207 207 206 206 206 207 207 206 206 209 212 216 216 214 212 211 211 211 210 209 207 206 206 206 203 202 201 199 199 197 196 196 196 195 193 191 188 187 185 184 182 181 180 178 178 178 
203 206 208 209 208 207 206 204 202 202 201 200 200 200 198 197 196 195 197 200 204 210 214 218 222 225 225 224 223 223 224 224 224 224 224 224 224 223 223 222 222 222 222 220 219 217 217 216 214 212 211 210 209 209 209 209 208 207 207 207 207 208 209 211 215 218 218 217 215 213 214 214 213 211 210 208 207 206 205 204 203 201 201 198 194 194 194 193 191 189 187 186 184 183 183 182 180 179 179 178 
201 202 203 204 203 202 200 199 198 197 196 196 196 196 195 195 196 197 198 200 205 210 214 218 223 227 227 226 225 225 226 226 225 225 224 224 225 224 224 224 224 223 223 221 220 219 219 218 216 213 212 212 211 210 210 210 209 209 209 208 209 210 212 215 218 220 222 221 218 216 217 217 217 215 212 210 209 209 208 207 205 203 201 198 194 192 191 189 189 188 187 186 185 184 184 183 182 180 180 179 
200 200 200 199 199 198 196 194 194 192 192 192 193 192 193 195 196 197 199 200 204 209 214 219 224 226 227 226 226 227 227 228 228 227 226 225 225 225 226 226 225 225 224 222 221 220 220 219 216 214 214 214 213 212 212 211 211 210 211 211 210 211 214 217 222 225 226 225 220 218 219 220 220 219 216 214 212 212 211 210 207 203 201 198 194 191 189 188 187 187 187 186 185 185 185 185 184 182 180 179 
201 200 198 197 196 195 194 192 192 191 190 191 192 192 193 194 195 196 198 200 204 207 213 218 222 226 227 227 228 228 229 230 231 230 229 227 226 226 226 227 227 225 224 222 222 221 220 218 217 216 216 216 214 214 214 213 213 212 213 213 212 213 216 220 224 229 230 227 223 221 222 223 223 221 219 217 216 215 213 210 207 204 200 197 194 190 188 188 187 187 187 187 187 188 187 186 185 183 181 180 
202 201 199 197 196 195 193 191 190 191 190 191 192 192 194 195 195 196 199 202 205 207 211 217 221 224 228 228 229 230 231 231 232 231 230 228 227 227 226 227 227 226 225 223 223 222 221 219 218 219 219 217 216 215 215 216 215 214 214 213 213 215 218 221 226 230 231 229 226 224 226 227 226 224 220 218 216 215 213 210 207 203 200 197 193 190 189 188 188 188 190 189 188 188 189 188 186 184 182 181 
205 203 201 200 197 194 193 191 190 191 191 190 191 192 193 194 196 197 199 202 205 207 210 215 220 224 226 227 229 230 230 231 233 233 231 231 230 228 227 227 226 226 226 223 223 223 223 221 220 221 220 218 217 218 217 216 215 216 216 215 214 215 217 222 228 233 232 229 226 224 227 229 228 225 223 220 217 215 212 209 206 203 199 195 192 190 190 189 188 188 190 190 191 192 191 190 189 187 186 185 
209 206 204 201 200 197 195 193 191 191 191 191 192 192 194 195 197 198 201 203 205 207 210 214 217 222 225 225 227 230 231 232 233 234 233 232 230 228 227 227 226 225 225 224 223 222 222 221 221 222 221 220 220 220 219 218 216 217 217 217 216 216 219 223 227 230 230 228 225 224 226 230 229 227 223 220 217 214 211 207 204 201 197 195 193 192 191 190 189 190 190 192 193 195 194 193 191 188 186 185 
214 211 207 204 202 199 197 195 192 193 192 192 194 194 195 197 199 200 203 204 205 208 210 213 216 219 222 224 227 230 231 233 234 235 234 233 231 230 229 228 226 225 224 223 222 221 222 221 222 223 223 221 222 221 220 219 218 217 217 217 217 218 221 224 225 226 225 223 221 220 222 226 225 224 222 218 214 212 209 206 203 200 197 195 194 194 193 193 191 190 191 193 196 198 197 195 192 190 188 187 
217 215 211 207 203 200 199 197 195 195 196 195 196 195 196 198 199 201 203 204 207 209 211 213 215 217 218 221 224 227 230 231 233 234 234 232 232 231 229 227 225 224 222 222 221 220 222 221 222 223 223 222 221 222 221 220 218 218 217 216 217 218 221 223 222 221 221 219 218 218 220 222 222 221 218 214 211 209 207 206 203 200 198 197 196 196 194 193 193 193 193 195 198 200 199 197 194 192 190 187 
218 217 214 210 204 203 201 199 198 198 199 198 199 198 198 199 200 201 202 204 207 210 212 214 214 215 216 217 219 223 226 228 230 232 232 232 231 230 228 226 224 222 220 220 219 220 221 222 223 222 222 221 221 221 221 220 219 217 216 216 217 218 219 220 218 216 214 214 215 215 217 218 218 217 215 211 209 209 207 206 204 202 200 199 198 197 196 196 196 197 197 198 200 202 202 200 197 195 193 189 
219 218 216 212 209 207 205 203 200 200 201 201 201 200 200 201 201 201 202 204 208 210 212 214 214 214 214 214 216 219 223 224 227 230 231 231 230 229 227 224 222 220 219 217 217 218 221 223 223 223 222 221 220 220 220 220 218 217 217 216 217 217 217 217 214 212 210 210 210 211 211 212 213 213 213 210 208 209 207 206 205 204 201 200 199 199 199 199 200 201 201 201 202 203 202 201 199 197 195 191 
220 220 218 214 212 210 209 206 202 202 202 202 203 203 203 202 201 202 203 205 208 209 211 213 213 213 214 213 214 215 217 220 223 225 228 228 227 226 223 221 219 217 216 215 215 217 220 222 222 222 222 221 219 219 219 218 216 215 215 215 215 215 214 213 211 208 208 208 209 208 207 208 209 211 211 209 208 208 207 206 206 205 203 202 201 201 201 202 202 203 203 202 202 201 201 200 199 198 196 193 
221 221 219 215 213 212 210 207 204 203 204 204 205 205 204 203 202 202 203 205 208 209 211 213 214 214 215 213 212 212 213 216 219 221 222 224 223 221 219 217 215 214 213 213 213 215 218 221 221 221 222 220 219 217 217 216 214 214 213 212 212 211 210 208 207 206 206 206 206 204 203 203 205 207 209 209 208 207 207 206 206 205 204 202 201 202 203 203 203 203 203 202 202 201 201 200 200 199 197 194 
223 222 219 217 214 212 210 207 204 204 204 206 207 206 204 204 204 204 203 205 207 208 211 212 214 215 214 212 211 210 211 213 216 217 217 220 219 217 216 213 211 211 211 211 211 213 217 218 218 218 219 217 217 215 213 211 211 211 211 210 208 206 206 205 204 204 203 202 202 201 200 200 202 206 207 207 208 208 207 206 205 205 203 202 202 203 202 202 202 203 203 201 199 200 201 201 201 201 198 194 
224 222 219 217 214 212 210 209 207 206 206 207 207 207 206 206 206 206 204 205 207 208 209 211 213 213 213 212 211 210 210 212 214 215 216 216 216 214 213 211 209 208 208 210 209 211 214 215 215 217 218 215 214 212 210 208 208 208 207 205 203 202 203 202 201 200 200 199 199 198 198 198 200 203 205 206 207 208 207 207 206 206 205 204 202 203 203 202 202 202 202 201 200 200 201 201 201 201 199 194 
223 222 221 219 216 214 212 211 210 208 208 208 208 208 208 208 208 207 206 206 207 208 209 210 212 212 212 212 211 209 209 210 212 213 214 215 213 212 211 211 208 207 207 208 208 209 211 212 213 214 216 213 211 209 206 206 204 203 202 201 199 199 199 198 197 196 197 196 195 195 195 196 199 200 203 205 206 207 206 207 207 208 206 205 204 204 204 202 202 203 203 202 202 201 202 202 201 201 198 194 
222 222 223 222 219 218 215 214 212 210 209 208 208 208 208 209 209 208 207 207 209 209 209 209 211 212 212 211 210 209 208 209 211 212 213 214 212 211 210 210 208 207 206 207 207 208 210 210 211 212 212 211 210 207 205 203 202 201 200 200 199 198 196 195 194 193 194 194 193 194 195 196 198 199 201 203 206 206 205 206 206 207 206 205 205 205 205 203 202 203 204 204 203 203 203 204 203 202 197 193 
221 222 223 223 222 221 219 217 213 211 209 209 208 208 208 209 209 209 209 209 209 210 209 209 210 211 211 210 210 209 208 208 209 210 212 211 210 209 209 209 207 206 205 206 206 208 209 209 209 208 208 209 208 207 204 202 200 200 199 198 198 197 195 193 192 191 191 191 191 193 195 197 197 198 199 201 204 204 205 206 207 208 207 206 204 204 204 203 203 203 204 205 205 205 205 205 205 202 198 195 
222 223 224 225 225 223 221 218 215 211 210 209 209 208 207 209 210 211 211 210 210 210 209 208 209 209 210 210 209 209 208 207 208 208 209 209 209 209 209 208 208 206 206 205 207 207 207 207 207 206 206 206 207 205 203 201 201 199 197 196 197 195 194 193 192 191 190 190 190 191 194 196 196 197 197 200 203 204 205 208 209 208 206 205 205 204 205 204 204 204 205 206 207 206 206 206 206 204 200 198 
223 225 226 228 228 225 222 219 217 213 211 209 209 208 208 209 211 212 211 211 211 211 210 207 208 209 209 209 209 208 208 207 207 207 208 208 208 210 209 209 207 207 207 205 206 208 208 207 207 207 206 206 205 203 202 201 201 199 196 196 197 196 194 193 192 191 191 190 189 191 192 193 193 194 196 199 202 203 205 207 208 207 206 205 204 205 204 205 205 206 207 209 210 209 208 208 207 205 204 201 
223 225 227 228 229 226 222 220 218 216 212 210 208 209 209 211 212 213 213 212 211 211 210 209 209 208 209 209 209 209 209 208 207 208 209 208 209 209 209 209 208 208 208 207 208 209 209 208 208 207 207 206 205 203 202 202 201 199 197 197 197 196 195 194 193 192 192 191 191 191 192 192 192 192 195 197 200 202 204 204 204 203 204 204 204 204 204 207 208 208 209 211 212 211 210 209 209 208 206 204 
224 225 226 228 228 227 224 221 219 217 214 211 209 211 212 213 213 214 214 213 212 211 210 210 210 210 209 209 209 210 209 208 208 209 209 209 209 209 210 210 211 210 210 210 210 210 209 209 208 207 207 207 206 204 203 204 202 200 199 197 197 197 197 196 193 193 193 192 192 192 192 191 192 192 195 195 196 200 202 202 202 202 202 204 204 203 205 209 211 210 211 213 213 213 211 209 210 209 206 205 
224 224 226 228 228 227 225 222 221 219 217 215 213 213 212 213 214 214 214 213 213 212 211 211 211 211 211 210 210 210 209 209 209 210 210 209 209 210 211 213 214 212 212 211 211 211 210 209 208 208 208 208 206 204 204 204 203 201 200 198 198 198 198 197 195 194 194 193 193 193 193 192 193 194 195 196 196 199 200 200 200 201 200 201 203 204 206 210 212 213 215 216 216 215 213 210 209 208 206 205 
225 225 227 227 227 227 225 224 222 221 219 218 218 217 216 215 215 215 214 214 214 213 213 213 213 212 213 212 212 211 210 210 210 211 211 210 210 210 212 215 216 216 214 213 212 212 211 210 209 209 209 208 206 205 205 205 205 203 202 201 200 199 199 198 197 196 195 195 194 194 194 194 195 195 195 196 196 196 197 198 199 200 199 200 201 204 207 211 215 217 218 217 218 217 214 211 209 207 205 205 
226 227 227 227 226 226 225 224 223 222 221 221 222 221 220 219 217 216 216 215 214 214 215 215 214 214 215 215 214 213 212 212 212 212 211 211 211 210 212 216 217 217 216 214 214 213 212 211 210 210 210 209 207 206 206 206 205 204 204 203 202 202 200 199 198 198 197 196 196 196 197 196 196 196 196 195 195 195 196 197 198 199 199 199 202 206 210 214 218 221 221 220 219 219 216 211 208 206 205 204 
