173 175 178 179 179 179 179 179 178 179 180 180 180 181 182 184 182 180 178 175 172 172 170 168 165 162 159 158 155 154 152 151 149 147 145 142 141 141 141 141 141 138 136 135 136 137 137 135 135 135 137 138 138 138 141 144 144 144 146 149 152 155 155 155 154 152 150 150 150 146 146 144 144 144 145 146 145 146 146 147 148 148 149 149 150 152 152 152 154 155 156 156 156 157 159 159 160 161 162 164 
175 178 179 180 179 180 181 182 181 181 181 181 181 181 181 182 181 180 177 174 171 171 170 167 163 161 159 156 154 153 151 150 149 147 144 142 141 140 140 141 141 139 137 136 135 136 136 134 133 134 136 137 136 138 141 142 143 144 145 147 150 152 153 154 153 151 150 150 150 147 147 146 146 146 147 146 146 147 147 147 149 150 151 151 152 153 153 154 154 154 155 156 156 157 158 158 160 162 163 166 
177 179 180 179 179 181 182 184 184 183 182 182 182 181 180 181 180 178 176 174 172 172 169 166 163 161 159 156 154 153 151 149 147 146 143 142 140 139 139 140 140 139 137 137 136 135 134 133 133 134 135 135 136 138 140 141 142 143 145 146 148 150 151 152 153 151 150 149 150 148 148 147 147 148 149 147 148 148 147 148 149 151 152 153 153 154 154 155 155 154 154 156 156 156 157 159 161 163 164 167 
179 179 179 180 180 181 183 184 185 184 183 182 182 181 180 179 178 176 175 175 173 172 169 166 163 162 159 156 155 153 152 149 147 145 143 143 140 139 138 139 139 139 137 137 136 135 134 133 134 135 135 135 135 137 139 140 141 142 144 145 147 148 148 151 152 150 150 151 150 148 149 148 148 149 149 148 149 149 148 148 149 152 153 154 153 154 156 156 156 155 155 156 156 157 157 160 162 164 165 167 
180 179 180 181 181 182 183 185 184 184 183 182 182 181 179 179 177 176 175 175 173 172 169 167 164 161 158 156 155 154 153 150 148 145 144 142 140 139 139 138 138 138 137 136 136 135 134 133 134 134 135 135 136 138 139 139 139 140 141 144 146 146 147 149 150 150 151 152 151 149 149 149 149 149 149 149 150 150 149 149 149 151 153 155 154 154 155 156 155 155 156 156 157 157 158 160 163 165 166 168 
181 179 179 181 182 183 184 184 184 183 182 182 183 182 180 180 178 177 176 174 174 172 170 167 163 160 156 155 156 153 152 150 148 145 142 140 140 139 140 139 139 138 137 137 136 136 135 134 134 135 135 136 137 138 139 138 139 140 142 143 144 145 146 148 150 150 152 153 151 150 150 150 150 150 150 148 151 151 150 148 150 151 152 154 155 154 154 154 154 155 156 155 156 157 158 160 164 165 167 169 
180 179 180 181 183 183 184 183 183 182 184 184 184 183 180 178 177 176 175 175 174 172 171 167 163 159 156 154 153 151 150 150 148 145 143 142 140 140 140 139 139 138 137 136 136 135 135 134 133 134 136 138 137 137 138 138 139 141 142 142 144 145 146 147 148 149 151 151 151 150 150 150 150 150 150 152 150 150 150 150 150 152 152 154 154 154 153 153 153 153 154 154 155 157 159 161 163 166 168 171 
181 180 180 181 182 182 183 183 183 184 185 184 183 182 180 178 177 176 176 176 176 174 172 167 163 159 155 153 152 150 151 150 148 146 144 142 140 140 140 139 138 138 137 136 135 135 134 134 133 134 135 137 138 137 137 138 139 140 141 142 144 145 145 145 146 148 149 149 151 151 150 150 151 151 150 152 150 149 149 151 150 152 153 154 154 154 153 153 153 153 154 154 155 157 159 161 163 166 168 170 
182 181 180 181 181 182 183 184 185 185 185 185 183 181 180 178 177 176 177 178 177 176 170 166 163 159 156 153 151 150 150 150 149 147 144 142 140 139 139 139 138 138 136 135 135 134 134 133 133 133 134 136 137 137 137 137 138 139 140 142 143 145 144 143 143 145 146 148 150 150 150 150 151 152 151 151 150 150 150 150 150 152 154 154 153 152 153 152 153 154 154 154 155 157 159 162 164 167 168 170 
183 181 180 179 180 182 184 185 186 187 187 186 184 182 180 179 177 177 178 179 177 174 168 165 162 159 156 153 151 149 148 148 149 148 145 143 141 140 138 138 139 137 136 134 134 134 133 133 132 133 134 135 136 137 137 137 137 138 139 140 142 143 144 143 143 144 144 147 149 149 149 150 151 152 152 152 150 151 151 150 150 151 153 153 152 152 152 152 153 154 154 153 154 156 160 163 165 166 167 170 
183 182 180 179 180 182 183 185 186 187 187 185 185 183 181 179 179 179 178 178 176 172 167 163 161 158 155 153 150 148 147 147 147 147 146 145 142 140 138 137 138 136 135 134 134 134 133 134 133 133 134 134 135 136 138 138 138 138 139 140 141 142 143 143 143 144 144 146 148 148 148 149 150 151 151 151 150 151 151 151 151 151 152 152 152 152 152 153 154 153 153 153 154 157 160 163 166 167 168 171 
183 182 180 180 181 183 184 185 186 187 187 186 185 185 182 181 180 179 177 175 172 169 165 161 159 157 155 152 151 150 146 146 146 147 147 145 141 140 138 137 136 135 134 134 134 133 133 133 133 133 133 134 136 137 138 139 139 139 139 141 142 143 142 141 142 144 144 145 146 147 147 149 150 150 150 151 149 150 150 151 150 150 150 152 152 152 153 154 153 154 153 154 155 157 159 163 166 167 169 171 
182 181 181 182 183 184 185 185 186 187 186 185 185 184 183 182 180 178 174 170 168 165 161 159 158 157 155 152 152 150 147 146 145 145 145 144 141 140 138 137 136 135 134 134 135 133 134 134 134 133 134 135 136 137 137 138 139 140 139 141 143 143 142 142 143 144 143 144 145 146 147 148 149 149 149 150 149 150 150 151 150 149 150 152 151 152 153 153 154 153 154 155 156 158 160 163 166 168 169 172 
181 180 182 183 184 184 184 184 185 185 184 183 183 182 182 182 180 176 172 169 164 161 159 158 157 157 156 155 152 150 148 145 144 144 144 143 141 140 139 137 136 135 134 135 135 134 134 135 134 134 134 135 136 135 136 137 138 139 140 141 141 143 143 144 144 144 143 142 144 145 146 148 149 149 149 149 149 150 151 151 151 151 151 151 151 151 151 152 153 153 154 156 157 159 160 163 166 167 170 173 
181 182 183 182 183 184 184 185 186 185 182 181 181 182 181 179 177 175 170 167 162 159 158 159 157 155 154 152 151 150 147 145 143 143 143 142 142 141 140 136 136 135 134 134 135 134 133 134 135 134 135 135 136 136 135 136 138 139 139 139 140 141 142 143 143 142 143 145 145 145 145 147 148 148 149 148 148 150 151 152 151 151 152 152 151 151 152 153 154 153 154 155 157 160 163 164 165 168 171 174 
180 182 182 181 181 182 183 184 185 184 181 179 179 180 179 177 175 173 170 166 163 160 159 158 155 153 152 151 150 149 147 145 143 142 142 141 142 143 141 137 136 135 134 134 135 134 134 134 134 135 136 136 136 136 135 136 137 138 138 139 139 140 141 142 142 142 143 144 145 145 145 147 148 147 149 148 147 149 150 151 151 151 151 152 151 151 151 153 154 154 154 155 158 161 163 164 165 168 172 175 
179 181 181 180 180 181 181 183 183 183 181 179 177 177 177 175 173 171 168 164 161 159 158 158 155 153 152 150 148 148 146 144 141 140 141 140 141 142 141 139 137 135 134 134 135 134 134 134 135 136 136 135 136 137 136 135 136 137 137 139 139 140 141 142 141 141 142 143 144 145 144 147 148 147 148 149 148 147 148 149 150 150 151 150 151 150 151 152 153 154 155 158 160 163 165 167 167 169 172 175 
178 180 181 180 179 181 182 182 181 181 180 177 176 175 176 174 172 169 166 163 159 157 158 159 156 154 152 150 147 146 145 143 142 140 139 139 140 141 141 139 138 137 136 135 135 134 134 134 135 136 137 136 135 136 137 136 136 136 138 139 138 139 140 141 141 140 141 142 143 143 144 146 146 147 148 148 149 149 148 148 148 149 149 149 149 150 151 152 154 154 155 159 161 165 167 169 169 170 173 177 
176 179 179 179 178 179 179 179 178 178 177 175 174 174 174 173 171 167 164 161 159 158 158 159 156 154 153 151 147 146 145 143 142 141 139 140 140 140 140 141 140 138 136 135 135 134 134 134 134 135 136 135 134 135 135 135 135 135 136 137 138 139 140 140 141 140 140 142 143 144 143 145 146 146 147 148 149 150 149 148 147 148 150 149 149 150 151 153 154 154 155 158 161 165 167 169 169 171 174 178 
175 177 178 178 178 178 177 177 176 177 176 174 173 173 171 170 168 164 161 159 160 160 158 158 155 154 153 151 148 146 144 144 144 141 140 141 141 141 142 141 140 139 137 137 136 134 134 134 134 134 134 134 134 134 135 135 134 134 135 136 137 138 140 141 139 139 140 142 143 144 143 145 145 146 147 147 150 150 149 148 149 150 151 150 149 150 151 152 153 154 156 159 162 165 168 170 171 174 176 179 
173 175 175 175 175 176 176 176 175 175 175 173 172 170 168 166 165 162 160 158 159 160 159 158 156 155 153 150 148 146 143 143 144 142 140 141 142 142 143 143 141 139 138 137 136 136 135 134 134 134 134 134 134 134 134 135 135 134 135 136 137 137 139 139 139 140 141 141 142 143 143 143 144 144 147 148 149 149 148 148 149 150 149 150 151 150 150 150 153 154 157 161 164 166 169 171 173 176 178 181 
172 173 173 173 173 174 175 175 174 173 173 171 170 169 165 164 163 160 158 158 159 159 159 159 158 156 153 149 148 145 143 144 144 142 140 140 142 143 145 145 143 140 139 138 136 137 136 134 134 134 134 135 135 134 134 135 135 135 135 137 137 137 138 138 139 140 142 141 142 142 142 143 144 145 147 149 149 148 148 149 150 150 149 150 152 152 151 151 153 157 159 161 164 166 169 172 175 179 180 183 
172 173 172 173 173 174 173 172 172 172 171 170 170 167 165 164 162 160 158 158 159 158 158 158 159 156 152 150 148 145 144 144 144 141 140 140 142 144 144 144 143 142 140 140 139 137 135 134 135 136 136 135 136 135 134 134 135 136 136 137 138 137 138 139 140 141 141 142 141 140 142 144 145 147 147 149 148 147 148 150 150 150 151 151 150 150 151 153 155 157 159 162 163 166 170 173 176 178 181 187 
171 173 172 173 174 173 172 171 171 171 170 169 169 167 165 165 164 161 159 159 159 158 158 158 157 155 152 149 146 145 143 143 143 141 141 140 143 145 146 144 143 142 140 139 138 137 137 136 136 137 136 136 135 135 135 135 136 135 135 136 136 136 137 138 139 139 140 141 142 141 142 143 145 146 146 148 148 148 149 150 150 150 151 151 151 152 153 154 155 157 158 160 163 167 171 174 177 180 183 188 
171 172 172 173 173 172 171 170 170 169 169 168 168 166 165 164 164 162 160 160 159 159 158 157 156 155 152 149 146 144 144 144 144 141 142 141 144 145 145 144 143 142 140 140 138 138 139 137 137 138 137 136 135 134 134 135 136 136 135 135 135 136 136 137 137 138 139 140 141 142 141 143 145 146 145 147 149 149 149 150 149 150 151 151 151 152 153 153 154 156 158 160 164 168 172 175 178 181 185 189 
170 171 171 173 173 172 171 170 169 169 168 167 167 165 164 163 163 162 160 160 160 159 158 157 157 154 151 149 146 144 143 143 143 142 141 141 144 144 144 144 144 143 141 140 138 139 139 139 137 138 137 136 136 135 134 135 136 136 134 135 135 136 136 136 136 137 138 139 140 141 140 141 145 147 146 146 148 148 149 150 150 149 150 150 151 152 153 153 154 156 158 162 165 168 170 174 177 181 185 190 
170 170 170 171 172 172 171 170 169 169 167 166 166 165 163 162 161 160 160 159 159 158 157 156 155 153 150 148 145 144 142 143 143 141 141 141 144 145 144 144 143 143 141 140 139 140 141 140 138 138 137 136 137 136 135 136 137 136 134 134 134 135 135 136 135 136 137 138 140 140 140 142 145 146 145 145 147 148 148 149 149 150 151 150 151 152 152 153 154 156 158 162 164 167 169 172 177 181 185 190 
170 170 169 170 171 171 170 169 169 168 167 166 165 164 162 161 160 159 159 159 158 157 156 155 154 152 149 147 146 144 143 144 144 142 142 143 145 145 144 143 143 142 141 139 140 141 141 139 139 139 138 137 137 137 138 138 138 136 135 134 136 136 136 137 137 138 138 138 139 140 141 142 144 145 144 145 148 148 149 150 149 150 151 150 151 152 152 153 154 156 158 161 163 166 168 173 177 182 185 190 
171 170 170 169 169 169 169 169 169 168 167 166 165 164 163 160 159 158 158 158 157 156 155 155 154 152 149 147 145 143 143 143 144 143 142 144 145 144 145 143 143 143 141 139 140 140 141 140 139 139 139 138 139 139 138 138 137 136 136 136 136 136 136 137 138 139 138 138 139 139 141 142 144 145 146 147 149 149 150 151 150 150 152 151 151 152 153 154 155 156 158 160 162 164 168 172 177 181 184 189 
171 170 170 169 169 168 168 168 168 168 167 166 165 164 162 160 158 157 157 157 156 155 155 155 154 152 149 147 144 142 142 143 143 142 142 143 144 144 144 143 143 143 141 140 140 140 140 140 139 139 139 139 140 139 138 137 136 136 137 136 135 136 136 137 138 139 138 138 138 139 141 143 144 145 146 148 148 148 149 150 150 151 152 151 151 152 153 153 155 156 157 159 161 164 167 171 175 179 182 187 
171 171 170 169 169 168 167 167 167 167 167 167 166 164 162 160 158 156 156 157 155 155 154 155 153 151 148 147 144 142 141 142 141 140 140 141 142 143 143 142 142 142 143 142 141 140 139 139 140 140 139 140 139 138 138 138 136 136 137 136 136 136 135 136 138 139 140 139 138 139 141 142 143 144 145 147 147 147 148 149 149 150 151 152 152 153 153 153 155 157 158 159 161 163 167 170 173 177 181 185 
172 171 170 169 168 167 166 166 166 166 166 165 164 162 161 159 157 156 155 155 156 156 155 154 154 151 147 145 144 141 140 140 139 139 139 140 143 144 145 144 143 142 141 141 141 140 139 138 138 139 140 140 138 138 138 139 137 137 138 137 135 135 134 135 137 139 139 138 139 140 140 141 142 143 146 146 146 147 148 148 149 150 151 152 152 153 154 154 155 156 157 159 161 162 166 169 171 175 179 183 
172 171 169 168 167 166 166 165 165 165 165 163 162 161 160 158 157 156 155 155 156 156 154 154 154 151 147 145 144 141 140 139 138 138 138 140 143 144 146 145 143 143 142 142 142 140 139 137 138 138 140 140 138 137 138 139 138 138 139 138 136 135 134 134 136 138 138 138 140 141 141 141 141 142 145 146 146 146 147 148 148 150 151 151 151 152 153 155 155 156 157 159 160 162 165 168 170 172 177 181 
171 170 169 167 167 166 166 165 164 164 164 163 161 159 159 157 156 155 155 154 155 155 154 154 153 151 148 145 143 140 139 137 138 137 138 139 142 144 145 145 143 144 144 144 143 141 140 139 138 138 139 140 138 137 138 139 138 138 138 138 137 136 135 135 136 137 137 139 141 141 142 142 142 142 144 146 145 145 146 147 147 149 150 150 151 151 152 153 155 155 157 159 160 162 165 166 168 171 176 179 
170 170 168 167 167 168 166 165 163 163 164 163 160 158 157 155 156 155 154 153 154 154 154 153 151 149 146 145 142 141 138 137 137 136 137 138 141 144 145 144 143 144 145 144 143 143 141 141 139 138 139 139 138 138 138 139 138 137 137 137 137 136 136 136 136 137 137 140 140 141 142 143 143 142 143 145 144 144 145 145 147 148 149 150 150 151 151 151 153 155 156 157 160 162 164 165 167 170 174 177 
170 169 167 167 168 168 167 166 164 164 164 163 160 159 159 156 157 157 156 155 154 153 153 151 150 147 146 145 142 140 138 138 137 137 136 138 142 144 144 144 144 144 144 144 143 142 141 142 140 139 138 138 138 138 138 138 138 137 137 136 136 136 136 137 137 137 139 141 140 139 141 142 142 142 142 144 144 145 145 146 147 148 149 149 149 150 150 150 151 154 155 156 159 161 163 165 166 170 172 174 
169 169 167 166 167 168 168 167 165 165 165 163 160 160 159 156 157 157 157 156 154 152 151 149 148 147 146 145 141 140 138 139 139 138 137 138 141 144 145 145 145 145 144 142 142 141 141 142 141 139 139 139 138 138 139 139 138 138 138 137 137 137 137 136 136 138 140 142 141 139 140 141 142 142 142 143 143 144 146 147 147 148 149 148 148 149 149 150 151 153 154 156 158 161 163 165 166 169 171 173 
170 168 167 167 167 167 168 167 166 165 165 163 161 160 158 157 158 157 157 155 154 153 150 148 147 146 145 144 140 139 138 138 140 139 138 139 142 144 146 145 144 143 143 141 141 140 141 142 141 139 139 139 139 138 139 139 139 138 137 137 137 137 137 138 137 139 141 142 141 141 140 140 141 141 142 143 142 143 145 147 147 147 148 146 146 147 149 150 152 153 154 156 158 159 162 164 166 168 170 173 
170 169 168 168 168 168 168 167 167 165 163 163 162 160 158 158 158 156 155 154 154 154 152 149 146 145 144 143 141 140 139 139 139 139 139 139 143 144 145 144 143 141 141 141 140 140 141 141 141 140 140 139 138 138 137 138 139 139 138 137 137 136 137 138 138 140 141 141 142 142 141 141 140 143 143 144 143 144 145 146 146 146 146 144 145 146 148 150 152 153 154 155 156 157 160 162 165 167 168 171 
169 170 169 169 169 169 168 168 167 166 164 163 162 161 160 159 157 155 155 155 154 154 153 149 146 144 142 142 142 140 139 139 139 139 139 139 143 143 145 145 144 141 139 139 139 139 139 140 140 139 139 138 137 136 137 138 139 140 139 138 137 136 137 138 139 140 140 140 141 141 142 142 142 141 143 144 144 145 146 145 145 145 146 144 145 145 146 148 150 153 153 154 155 156 158 160 163 166 167 169 
169 170 170 170 169 168 169 168 167 166 165 164 163 163 162 160 159 156 155 155 155 155 153 150 146 145 144 143 142 140 139 140 141 141 141 142 142 143 144 145 144 143 141 140 139 139 139 140 138 138 138 137 135 135 136 137 139 139 139 137 137 137 137 139 141 141 141 141 140 141 141 141 141 141 142 143 143 145 146 146 145 146 147 145 145 146 146 147 149 151 152 154 154 156 157 160 163 166 167 169 
170 170 171 171 170 169 169 169 168 167 165 164 163 163 162 162 160 158 157 156 155 155 153 151 148 146 145 144 141 139 140 140 142 142 142 143 142 142 143 144 144 143 141 141 142 141 141 140 139 138 138 138 137 136 136 136 138 139 139 138 138 138 138 141 142 142 142 141 141 141 140 140 140 140 141 142 143 145 145 145 145 144 145 145 146 147 146 147 148 149 151 153 154 156 158 160 163 165 166 167 
170 171 172 172 172 172 170 170 168 166 165 165 164 163 163 162 161 159 158 156 156 156 153 152 149 147 145 143 141 140 141 141 142 143 143 144 143 142 143 143 143 142 142 142 143 142 141 142 140 139 139 138 137 136 136 137 138 139 139 139 138 139 139 141 142 142 141 140 140 140 139 139 139 140 142 142 143 144 144 144 144 143 143 144 145 146 147 147 148 149 150 152 153 156 157 159 162 164 165 166 
171 171 172 173 173 172 172 170 169 168 167 165 164 164 164 163 161 160 158 156 156 156 155 153 150 147 145 142 141 141 142 143 142 142 142 143 144 143 143 144 142 142 142 143 143 142 142 142 141 140 140 139 137 136 135 136 138 138 139 138 139 139 139 140 141 141 140 138 138 138 137 138 139 140 142 141 142 143 143 144 144 144 143 143 143 145 146 147 148 149 150 152 153 155 156 157 160 162 165 167 
172 172 172 173 172 171 171 170 169 168 167 167 166 166 166 164 162 161 159 159 156 156 156 153 150 147 145 143 140 142 143 144 143 142 143 144 143 142 142 143 142 140 142 144 145 144 144 143 142 141 141 140 138 137 136 137 138 139 138 139 140 140 140 139 140 140 139 137 137 138 138 139 138 140 141 142 142 142 142 144 145 144 143 142 143 144 145 146 148 149 150 152 153 154 155 156 159 162 164 165 
174 175 174 173 173 173 171 170 169 168 168 168 167 166 167 164 162 162 162 160 159 158 157 154 151 148 145 144 143 143 144 144 144 143 143 143 142 141 141 142 141 140 141 143 144 145 145 145 145 143 142 140 139 138 137 137 138 138 137 138 140 140 139 139 139 139 138 136 137 137 137 138 138 139 139 141 142 144 143 143 142 142 142 142 143 144 145 146 147 149 150 152 153 154 156 158 159 161 162 162 
175 176 175 174 174 175 172 171 170 169 168 168 168 167 166 164 162 162 162 161 160 160 158 155 152 149 146 144 145 144 143 145 144 143 143 143 141 141 141 142 142 141 141 143 143 145 145 146 145 144 142 140 138 137 136 137 137 138 137 137 138 139 139 139 137 138 137 136 136 136 137 137 138 139 140 140 141 142 143 142 141 141 142 142 143 145 145 146 147 149 151 152 153 154 157 159 158 160 161 161 
175 175 175 174 174 173 172 171 170 169 169 169 169 169 167 165 163 163 163 163 161 161 159 156 153 150 148 147 147 147 145 146 145 144 144 144 142 141 140 142 143 142 141 142 143 144 144 144 145 144 142 140 138 136 136 137 137 137 136 137 138 138 138 138 138 137 137 137 137 136 137 138 139 139 141 139 140 141 141 142 142 142 141 142 143 145 146 146 147 149 151 152 153 154 157 158 157 159 160 161 
176 176 176 175 174 173 173 172 170 169 169 168 169 170 168 165 164 164 164 163 163 161 159 157 154 153 151 150 149 149 147 147 145 144 143 144 143 142 141 143 143 142 142 143 143 144 144 145 146 145 143 140 139 138 137 138 138 137 136 137 138 138 138 138 138 138 137 136 136 136 137 138 139 139 140 139 139 140 140 141 142 142 142 141 143 145 145 145 146 148 150 152 153 154 157 158 157 158 160 161 
177 177 177 176 175 174 174 173 171 171 170 169 169 171 169 167 166 163 163 163 163 160 159 158 156 154 153 152 150 150 149 147 146 145 143 143 142 142 142 143 144 143 142 142 142 143 143 144 145 144 143 140 138 138 138 138 138 139 137 137 137 137 138 139 137 137 137 137 137 137 137 138 138 139 140 140 140 139 141 142 143 143 143 143 143 144 145 145 147 148 149 151 153 154 156 157 158 159 160 161 
179 178 178 178 176 175 175 174 174 172 171 170 170 170 170 170 167 164 164 164 164 162 160 158 156 156 154 153 151 150 149 147 146 145 144 144 143 143 142 144 144 143 141 141 142 142 143 143 143 142 142 140 138 138 138 139 139 139 137 137 136 137 138 139 138 136 137 138 138 138 137 138 138 139 140 141 141 140 141 142 143 144 144 144 144 144 145 147 148 149 150 151 154 154 155 157 158 159 160 160 
181 180 180 179 178 176 175 175 174 174 172 172 170 170 171 170 167 165 164 164 164 162 160 159 158 157 155 152 151 151 150 148 146 146 145 144 144 144 143 144 144 142 141 141 141 142 142 141 141 142 141 140 139 139 139 139 139 138 136 136 136 137 139 140 138 137 137 138 139 138 138 138 138 139 140 140 140 140 141 141 143 144 144 145 145 145 145 146 148 149 150 151 154 155 156 157 157 158 161 160 
182 181 181 180 178 177 177 176 176 176 174 173 171 171 170 169 167 165 164 164 164 162 160 159 159 158 156 154 152 152 151 148 147 147 145 144 143 145 145 143 143 142 141 141 141 142 142 141 140 141 142 141 140 140 140 140 139 138 136 135 135 136 138 139 138 137 137 139 138 137 137 136 138 139 140 140 140 139 140 140 142 144 144 144 144 144 145 145 147 149 150 153 155 155 156 156 157 158 159 159 
182 183 182 181 180 179 179 178 178 177 175 174 173 172 171 169 168 167 165 165 163 162 161 160 159 158 158 157 154 153 152 150 149 146 145 145 146 145 145 144 143 143 142 142 141 141 141 141 141 141 141 140 141 141 141 138 137 138 137 135 135 136 137 138 138 137 138 137 138 138 137 137 138 140 140 140 140 140 139 141 141 143 144 143 144 144 144 146 148 150 150 152 155 156 156 155 156 159 160 159 
183 182 183 182 181 180 181 180 179 178 177 176 175 173 171 168 168 166 165 164 163 162 161 160 159 159 158 157 155 153 152 151 150 148 145 146 146 144 145 144 143 142 143 142 141 141 140 140 141 142 142 141 141 142 141 139 138 137 137 136 136 136 136 136 137 138 138 138 138 139 138 137 138 139 138 139 139 139 139 140 142 143 144 144 145 144 144 146 148 149 150 152 154 156 156 155 156 159 161 160 
183 183 183 183 182 181 182 181 181 181 180 179 177 174 171 168 167 166 165 164 163 162 161 160 159 159 158 159 156 154 153 152 151 149 146 145 146 144 144 143 143 143 142 142 142 141 140 141 140 141 141 140 140 141 140 139 138 137 137 137 137 135 135 137 138 139 140 138 138 139 138 137 138 138 139 138 138 138 139 140 142 143 144 145 144 145 146 147 147 149 150 153 153 155 156 156 158 159 160 161 
185 185 185 184 184 182 182 182 182 183 182 181 178 175 172 169 168 167 166 165 163 162 162 161 161 160 159 160 157 156 155 154 153 151 148 147 146 144 144 144 144 144 144 143 142 141 141 141 142 141 141 140 140 141 140 139 138 138 137 137 136 135 136 138 139 139 138 137 137 138 137 137 138 139 140 139 138 138 139 141 143 143 144 145 144 145 147 147 148 149 150 152 153 154 155 156 157 158 159 159 
186 187 186 185 184 183 183 183 183 184 183 181 180 177 174 171 170 168 167 166 164 164 163 163 162 160 159 159 158 157 157 157 155 152 150 149 148 145 144 145 147 146 145 143 142 142 143 142 143 143 142 141 141 142 141 140 139 138 138 136 136 136 137 138 138 139 138 136 137 136 137 138 138 139 140 140 139 139 140 142 143 143 144 144 144 145 147 149 148 149 150 151 152 152 153 155 156 157 158 159 
187 188 187 186 185 184 185 184 184 185 184 183 180 177 175 173 171 169 167 166 166 164 164 163 162 160 159 158 157 158 159 158 157 155 153 151 149 146 146 146 148 147 146 143 142 143 142 143 144 144 143 141 141 140 141 140 138 136 136 137 138 138 137 137 137 137 137 137 137 136 137 138 138 139 140 140 141 140 141 142 142 142 142 143 143 145 147 149 148 149 150 151 152 154 155 156 156 157 158 159 
189 188 188 187 187 188 187 185 184 186 185 183 180 178 175 172 171 169 167 166 166 164 164 164 163 160 158 159 159 159 160 159 158 157 154 152 150 148 148 148 148 147 146 143 143 143 142 142 143 144 143 141 141 140 139 140 138 137 135 136 138 137 137 137 138 137 138 137 136 136 137 139 140 141 141 141 140 141 142 142 141 142 142 143 144 145 146 147 149 150 150 152 153 154 155 156 157 157 159 160 
190 190 189 188 188 189 188 187 185 187 186 184 181 178 174 171 170 168 166 164 166 165 164 164 163 161 160 161 160 160 160 158 157 157 155 152 151 150 149 149 148 147 145 144 146 144 143 143 144 146 145 143 142 141 141 141 140 138 138 137 136 136 137 137 137 138 137 136 136 135 138 140 141 141 142 140 141 142 141 141 141 142 142 144 144 144 145 146 149 150 150 152 153 153 154 155 155 158 159 161 
191 191 191 190 190 190 189 187 187 186 186 184 180 177 176 173 170 169 167 166 166 166 165 164 164 162 161 162 162 161 160 158 158 156 156 154 152 151 149 149 149 148 147 146 147 146 145 145 145 144 144 145 144 141 139 139 141 141 139 138 138 138 137 137 137 136 137 137 136 135 137 138 139 140 141 140 142 142 140 140 143 143 142 142 143 144 146 147 149 150 150 151 152 153 154 155 156 157 158 161 
193 193 192 191 191 191 190 188 187 188 187 184 180 178 177 174 172 171 169 168 168 166 166 166 166 164 162 163 164 162 161 160 159 158 157 155 151 150 150 151 150 149 148 148 146 146 145 146 146 146 146 145 144 143 141 141 140 141 139 138 139 138 137 138 136 136 137 136 136 135 136 137 138 140 141 142 143 142 140 141 142 142 141 141 143 144 146 148 149 149 150 152 152 153 154 155 155 158 160 162 
194 194 193 193 192 191 191 189 188 187 185 183 181 178 178 175 175 174 172 170 170 168 167 168 167 165 164 164 164 164 163 161 160 159 158 156 153 152 152 153 151 150 150 149 148 147 147 147 148 147 146 145 145 144 143 141 141 140 141 140 139 138 138 138 137 137 138 137 137 137 137 137 138 139 141 143 142 141 141 141 142 141 141 141 143 145 147 147 149 150 151 151 152 153 155 155 158 159 161 163 
194 195 194 193 193 192 191 189 188 187 184 182 180 178 177 176 176 176 174 172 172 171 170 169 168 166 165 164 164 163 162 162 161 160 159 158 157 154 153 153 152 150 151 151 151 149 149 149 148 147 146 145 146 145 144 142 141 142 142 140 139 139 139 138 137 137 138 138 137 136 137 138 139 140 141 142 141 140 142 142 141 142 142 142 142 145 145 147 148 150 150 151 152 153 155 157 158 161 162 163 
196 195 194 193 192 192 191 189 187 186 183 181 179 178 178 177 177 177 175 174 173 172 171 170 169 167 166 165 165 164 162 162 161 160 159 158 156 155 154 153 152 152 152 153 153 151 150 149 149 148 146 146 145 144 144 143 143 142 143 141 140 139 138 139 138 137 138 139 138 137 137 138 140 140 142 142 140 141 142 142 141 142 142 142 143 143 145 146 148 148 150 151 151 152 155 157 158 160 161 163 
196 195 194 192 192 192 191 189 186 185 183 181 179 179 179 179 179 178 177 177 174 173 172 171 170 168 167 167 165 164 162 162 162 162 161 160 157 156 155 153 154 154 154 154 153 152 151 150 150 149 148 147 145 144 145 145 144 143 143 142 141 140 139 138 138 137 138 138 138 137 138 138 139 140 141 143 142 142 143 142 141 141 142 143 143 144 145 146 148 149 149 151 152 152 155 156 157 159 161 163 
196 195 194 192 191 191 190 188 186 184 183 182 181 181 181 180 180 179 179 179 176 175 174 172 171 170 169 168 166 165 163 163 163 161 161 160 158 159 157 155 155 156 157 154 153 154 153 153 151 150 149 148 146 145 146 145 144 143 143 143 142 141 140 139 138 138 139 137 137 139 139 138 138 139 142 142 142 143 142 142 141 142 142 143 144 145 145 147 148 149 150 151 152 153 155 156 157 159 161 162 
196 195 194 193 191 190 189 188 185 184 183 182 182 182 182 182 182 180 180 180 178 176 175 173 172 171 170 169 166 165 164 163 163 161 162 160 160 160 158 157 157 158 157 154 154 155 155 153 152 151 150 148 147 146 147 146 144 143 143 143 143 141 141 140 139 138 139 138 138 139 139 137 138 140 142 141 143 143 142 142 141 142 142 142 143 144 146 147 148 149 150 150 151 153 156 157 158 160 161 162 
196 197 196 194 192 189 188 187 186 185 183 181 183 184 182 182 183 182 181 181 178 177 177 175 172 172 171 169 167 166 164 164 162 162 161 161 160 160 159 158 159 161 158 155 156 156 155 155 154 153 153 151 150 149 148 146 145 144 143 142 142 141 141 141 139 138 139 138 137 137 137 138 139 141 141 142 143 145 144 143 142 142 143 142 143 143 144 146 148 150 150 150 150 153 156 156 157 160 162 162 
195 195 195 193 191 189 188 187 186 184 183 182 184 184 182 182 183 182 182 181 179 178 177 175 173 173 172 170 168 166 164 164 163 162 162 162 161 161 161 160 162 162 159 157 157 157 156 155 155 155 154 153 152 151 148 147 146 144 144 143 142 142 141 141 139 138 138 138 138 138 139 139 140 140 142 141 142 143 143 144 144 144 144 145 145 146 147 147 149 150 150 150 152 154 155 155 156 158 161 162 
195 194 193 192 190 189 188 187 186 183 182 183 184 184 183 182 183 182 182 180 179 177 176 175 173 173 173 170 169 167 165 163 164 163 163 164 162 162 162 164 164 162 160 159 159 158 158 157 157 156 156 155 153 150 148 148 147 147 147 144 143 142 143 142 140 140 140 141 140 140 141 140 139 139 141 142 143 142 142 143 144 145 145 146 147 147 148 148 149 150 150 151 153 154 154 154 157 159 161 161 
194 193 192 191 189 189 188 187 186 184 183 183 183 182 183 183 182 182 180 179 179 177 176 175 173 172 172 171 170 168 166 165 165 165 165 165 164 163 164 166 166 163 162 160 160 160 158 157 157 156 156 155 154 151 150 148 147 146 145 144 142 142 143 143 142 141 140 141 140 140 141 141 139 139 142 143 142 142 141 143 144 145 145 145 146 146 148 148 148 149 150 152 153 154 154 155 157 160 161 162 
193 192 191 190 189 188 187 186 186 184 184 183 182 181 183 183 181 180 179 179 179 177 177 176 173 172 172 172 169 167 166 166 166 166 165 165 165 164 165 167 166 164 163 163 162 160 158 157 156 156 157 157 156 154 152 150 148 146 144 144 143 142 143 143 143 142 141 140 139 139 140 141 141 140 143 143 143 142 142 144 145 145 144 144 145 147 148 149 149 149 150 153 153 153 154 155 157 158 161 162 
193 192 191 190 189 187 186 185 184 183 184 183 182 182 183 183 181 179 179 180 179 177 176 175 173 170 171 171 169 167 165 165 166 166 166 166 167 166 167 168 168 166 165 163 162 161 159 158 157 157 158 158 157 156 154 152 150 147 145 145 144 143 143 143 143 142 141 141 140 140 141 140 140 142 142 144 143 142 143 145 145 145 145 145 146 147 147 148 149 149 151 152 153 154 153 154 156 158 160 162 
193 191 190 190 189 187 187 185 184 183 183 183 183 183 183 183 181 180 179 181 181 179 177 176 174 171 171 171 169 167 165 164 165 165 167 168 167 167 168 169 168 167 165 163 164 162 160 160 159 159 160 159 158 157 155 153 150 148 146 146 145 144 143 144 143 142 142 142 141 142 140 140 141 142 143 143 142 142 144 144 144 144 145 146 146 147 147 148 149 150 151 152 153 154 154 154 155 158 161 161 
193 191 190 189 188 188 187 186 184 184 184 184 184 183 184 182 181 179 180 181 181 179 177 177 175 173 172 171 170 166 164 164 165 166 167 168 168 168 169 168 168 168 166 165 165 164 162 161 160 161 161 160 159 158 156 153 150 147 146 146 145 144 144 144 143 143 144 143 143 142 141 141 142 143 142 142 142 142 144 143 143 143 144 145 146 146 148 149 149 149 150 152 153 153 154 154 156 158 161 161 
192 190 190 189 188 187 187 185 184 184 185 185 185 185 184 182 180 179 180 181 180 179 180 178 176 174 172 171 170 168 166 166 167 168 168 169 170 169 170 169 169 169 168 167 167 166 165 162 161 161 162 160 159 158 156 154 151 149 146 146 145 145 144 145 144 143 145 144 144 144 143 143 143 144 142 143 141 142 143 143 143 144 145 146 147 147 149 149 149 149 150 152 153 153 154 155 156 158 161 162 
190 189 189 188 187 186 187 185 185 185 185 186 185 184 183 181 179 179 180 181 180 181 181 179 176 173 172 171 170 169 168 168 168 168 169 170 169 169 170 171 170 170 168 168 167 167 166 163 161 162 162 160 159 157 156 155 152 150 148 147 146 145 144 144 143 143 144 144 144 144 143 142 144 145 144 144 142 143 143 143 143 144 145 145 147 148 148 148 149 150 151 153 154 154 154 156 158 159 161 163 
191 189 189 188 187 186 187 186 186 186 187 186 185 184 183 182 179 179 180 181 181 180 181 180 178 175 172 171 169 168 167 169 169 166 168 169 170 171 171 172 171 170 169 168 167 166 166 164 162 162 162 160 159 158 156 155 154 152 150 148 146 145 145 144 143 143 143 144 144 144 143 143 144 146 145 143 143 143 143 144 144 145 145 146 147 148 148 148 149 151 152 153 154 154 155 157 158 160 162 164 
191 189 189 188 187 187 188 188 188 187 187 187 186 184 183 181 179 179 179 179 181 181 180 179 179 177 173 171 170 168 167 168 168 167 167 168 171 171 171 171 171 170 169 169 168 166 166 164 163 164 163 161 160 159 158 156 155 153 150 149 148 146 145 144 143 143 144 143 143 144 144 144 144 145 146 143 143 144 144 145 144 146 145 146 146 147 148 149 150 151 151 153 154 154 155 157 158 160 163 165 
190 189 189 188 187 189 189 189 188 188 187 187 186 185 183 181 179 179 179 179 180 180 181 180 180 177 175 173 170 168 167 168 168 168 168 169 172 172 171 171 170 169 169 169 168 167 166 164 164 165 164 162 162 160 158 158 156 153 150 149 148 146 145 144 144 143 143 144 144 145 145 145 145 145 144 142 143 144 144 144 145 146 146 147 147 148 148 149 150 151 151 151 153 153 154 156 158 160 163 165 
190 190 190 189 188 189 189 188 187 187 186 186 185 185 183 181 180 180 181 181 180 180 181 181 179 176 174 173 171 169 167 167 167 167 169 170 173 172 171 170 169 168 169 170 169 166 165 164 164 164 163 161 162 161 159 158 156 153 150 149 148 147 146 144 145 144 143 144 144 145 145 147 146 145 144 143 144 146 145 145 146 146 147 147 147 148 149 150 151 151 151 151 153 154 155 156 157 160 163 165 
190 191 190 190 189 188 189 188 186 185 186 185 184 183 182 180 180 180 181 181 181 181 180 179 179 177 174 172 171 169 167 166 166 167 169 172 172 172 172 171 170 169 170 171 170 168 166 164 164 164 162 160 161 161 160 158 156 153 150 149 148 148 146 145 145 145 144 145 145 145 146 147 146 146 146 144 145 147 146 146 147 147 147 146 147 149 149 150 150 152 152 152 155 155 155 156 157 160 163 165 
190 190 191 191 190 189 188 187 187 185 185 185 184 182 181 179 179 180 182 182 183 182 180 180 179 178 175 172 172 170 168 167 165 166 168 171 173 172 172 172 171 171 173 172 170 168 166 165 163 163 163 162 160 160 160 159 156 152 151 149 148 148 147 146 145 145 145 145 145 146 147 147 148 147 146 145 146 147 147 148 149 148 148 147 148 149 149 150 151 152 152 153 156 156 156 157 158 161 163 164 
190 190 190 191 192 191 191 189 188 186 184 184 183 182 181 180 179 181 183 184 184 182 181 180 180 178 175 173 171 169 168 167 166 166 168 171 173 173 173 173 173 173 174 173 170 168 167 166 165 163 163 163 162 161 160 158 155 153 151 150 149 148 148 147 145 145 145 145 145 146 147 147 148 147 147 146 146 147 148 149 150 149 149 149 149 149 150 151 153 153 153 154 155 156 156 157 159 160 162 163 
191 190 190 192 193 193 192 190 188 186 184 184 183 181 181 181 180 182 184 186 185 183 181 181 180 178 175 174 171 169 167 167 166 165 168 170 172 173 173 174 175 174 173 172 171 168 167 167 167 164 163 163 163 161 160 159 156 154 152 150 149 149 148 147 146 146 147 146 146 146 146 146 147 148 149 147 147 148 148 148 149 150 150 149 149 150 150 152 153 154 153 154 155 156 157 158 159 160 161 164 
191 191 192 193 193 192 191 190 188 186 184 184 182 181 181 181 182 183 185 186 186 184 183 182 181 178 176 176 171 169 168 167 166 164 166 169 172 173 174 175 176 175 174 173 171 169 168 168 167 165 163 162 163 162 160 159 157 155 153 152 151 149 149 148 147 147 148 148 147 147 146 146 147 148 150 149 149 149 149 149 149 150 151 151 151 151 151 151 153 154 153 154 155 156 158 159 160 160 162 164 
192 192 193 193 193 192 192 190 190 188 185 184 182 181 181 181 182 183 183 186 186 186 184 183 180 178 177 176 172 170 169 169 168 167 166 168 172 172 175 176 176 176 175 175 172 170 169 168 168 167 165 164 163 161 160 158 157 156 154 153 152 150 150 149 148 148 148 149 148 148 147 147 147 148 150 150 150 150 150 149 150 151 153 153 152 152 152 153 153 154 154 155 156 157 159 160 160 160 161 163 
193 194 194 193 193 193 192 192 192 188 185 184 183 182 181 183 183 182 183 185 186 185 184 183 181 179 177 176 172 171 170 170 169 168 169 170 171 173 174 177 177 177 176 176 174 172 169 169 168 167 167 166 164 162 160 158 157 156 154 153 153 152 151 150 150 148 149 149 149 148 148 148 148 148 149 151 150 151 150 150 151 152 153 153 153 153 153 154 155 155 155 156 157 158 159 160 159 159 160 161 
193 194 194 192 192 191 191 193 192 190 187 185 184 182 181 183 184 183 183 183 184 184 183 182 182 180 177 176 172 171 168 169 169 169 169 171 172 174 175 176 178 178 177 177 176 174 171 170 169 168 167 167 166 164 161 159 158 157 155 154 154 152 152 151 150 149 150 149 149 148 148 148 149 149 149 151 151 151 151 151 151 153 153 153 152 153 153 153 155 156 156 157 158 158 159 160 160 160 160 161 
193 193 192 192 192 191 192 193 194 192 188 186 185 183 183 184 184 184 183 183 184 183 182 182 182 181 178 176 173 171 170 170 170 170 170 172 172 174 176 177 179 179 178 178 179 176 174 171 170 170 169 167 166 164 162 160 159 158 156 155 154 153 153 151 150 149 149 150 150 148 148 149 150 149 149 151 150 150 152 153 153 154 154 155 155 154 154 155 155 155 156 157 158 159 159 160 161 161 161 162 
196 196 195 194 192 192 194 194 195 194 191 190 187 185 185 185 184 184 184 184 183 183 182 182 182 181 179 176 175 173 171 170 169 170 171 173 173 175 177 179 181 180 180 181 180 179 176 173 172 172 170 168 167 165 162 159 159 158 156 155 155 154 153 152 151 150 150 150 150 150 150 150 150 149 150 150 151 152 153 153 155 156 156 157 156 155 155 157 157 157 156 158 159 160 159 161 162 162 162 164 
198 197 196 195 193 194 196 196 196 195 192 191 189 187 187 186 185 186 185 185 184 184 183 183 183 181 180 178 175 172 170 170 171 171 172 173 174 176 179 180 181 180 181 180 179 179 177 173 172 172 171 170 166 164 161 160 159 158 157 156 156 156 154 153 151 150 150 152 152 151 151 151 149 149 149 151 151 152 152 153 155 156 157 157 157 157 156 157 158 157 158 159 160 160 161 162 164 164 163 165 
198 198 197 196 196 197 197 198 198 196 194 193 192 191 189 187 186 186 185 185 185 185 185 185 185 183 179 177 175 173 171 171 172 173 174 175 176 177 179 180 181 181 181 180 178 179 177 175 173 172 172 171 166 163 162 162 160 159 158 158 158 156 154 152 152 152 151 152 152 153 152 151 150 150 150 150 150 150 152 154 155 156 157 158 158 158 158 158 158 158 159 160 160 161 162 163 165 166 164 165 
198 198 197 197 198 199 199 199 199 198 196 196 194 193 191 189 188 187 186 186 186 186 186 186 186 184 180 178 176 174 172 172 173 174 175 176 177 179 181 181 182 182 181 181 180 180 178 175 173 173 172 170 168 165 163 164 162 160 160 159 158 157 156 154 153 153 153 153 152 153 152 151 151 151 151 151 150 151 153 155 155 157 157 157 159 159 159 160 160 160 159 160 160 161 161 162 164 165 164 166 
197 197 198 199 200 200 201 201 201 200 198 196 195 194 192 191 189 189 188 187 187 187 187 187 187 185 181 179 176 174 173 172 173 174 175 177 178 179 180 182 184 183 183 182 182 181 179 176 175 174 172 170 169 167 164 163 162 161 161 159 158 158 157 156 154 154 155 152 152 153 152 152 152 152 152 152 151 152 155 155 156 157 158 158 159 160 159 161 162 161 161 160 161 162 162 163 164 164 165 167 
198 198 199 200 202 203 203 203 202 200 198 196 196 196 194 193 191 191 190 189 188 188 188 188 188 186 182 180 176 174 173 173 173 174 174 175 176 176 178 181 184 185 185 184 182 181 179 178 177 175 172 170 169 167 164 162 162 161 159 159 159 158 158 158 156 155 155 154 154 154 153 152 153 152 152 151 152 153 154 154 156 157 159 160 159 159 160 161 162 161 161 161 162 162 163 164 166 166 167 168 
199 199 200 202 205 205 205 204 203 201 198 197 196 196 194 193 191 191 191 192 190 189 188 188 188 186 182 180 176 175 173 172 172 173 173 173 175 175 177 179 182 184 184 183 182 181 179 179 178 175 173 171 168 166 163 162 161 160 160 160 160 159 159 158 157 155 156 155 155 156 154 152 153 153 151 150 151 153 155 155 156 158 159 160 159 158 158 158 160 162 161 161 162 163 163 165 167 167 167 168 
199 199 200 203 206 206 206 205 203 201 200 199 197 196 194 192 191 191 192 193 190 190 189 188 187 185 182 179 177 175 173 173 173 173 173 174 175 175 176 178 180 182 182 182 182 181 180 179 177 175 173 171 168 164 162 162 160 159 160 161 160 159 159 158 157 156 156 156 156 157 156 154 155 155 153 151 151 153 155 156 157 158 159 160 159 158 157 157 160 161 161 160 161 162 163 165 166 166 167 167 
