120 113 106  97  90  87  76  54  37  37  40  32  23  23  17  13  18  32  45  57  63  65  64  63  63  63  63  63  63  63  63  64  61  48  29  12   8  17  27  33  34  30  31  31  31  32  31  31  31  31 
 83  83  81  75  70  58  37  33  27  27  16   8   6  19  40  43  54  64  68  69  67  60  61  63  63  63  63  64  62  62  61  62  64  64  61  48  27  17  13  18  26  33  33  33  30  31  30  30  30  30 
 56  59  58  41  31  34  32   6   6  19  46  88  83  28  22  62  70  61  64  62  62  64  63  63  63  63  62  63  62  61  61  60  61  58  59  61  61  48  31  17  11  21  29  34  32  32  32  31  31  31 
 26  18  19  16  14  10  25  61 113 148 174 186 182 151  76  24  32  68  71  62  67  63  62  62  63  63  63  62  62  63  60  61  61  58  60  59  59  55  56  49  33  21  18  18  29  33  36  33  30  30 
  3   2  11  27  52  96 126 169 190 183 177 171 177 179 184 130  35  20  57  73  64  64  63  63  62  61  62  62  61  62  61  61  62  60  59  59  58  58  58  60  60  51  34  12   4  18  27  32  34  28 
 75 108 140 155 164 160 146 146 175 176 179 172 170 165 166 169 165  77  14  36  65  69  62  60  63  65  61  63  62  59  62  63  64  60  60  60  59  58  58  57  59  60  61  54  36   8   6  12  27  34 
166 167 161 157 152 152 148 134 171 172 173 173 171 165 168 160 166 169 121  30  23  54  63  63  61  61  63  64  63  62  62  61  63  61  60  60  60  59  58  57  59  57  62  59  83  76  50  12   7  22 
159 151 152 154 150 154 149 133 147 179 172 168 170 166 163 163 161 155 164 143  65  11  45  68  61  59  65  61  61  63  58  58  60  60  60  60  60  59  58  59  59  55  60  58  78 123 112 114  53  10 
152 154 152 151 150 149 152 133 124 170 173 166 166 167 163 161 159 155 150 159 155 102  25  31  63  64  61  62  61  55  59  60  60  60  58  58  59  59  59  58  57  56  59  54  67 104 130 179 166 120 
154 152 152 152 151 148 150 140 117 159 171 167 165 163 163 163 157 153 154 149 147 163 129  40  15  60  65  62  61  59  59  59  60  60  58  58  58  58  58  58  58  57  58  62  60  98 121 165 177 188 
153 152 152 152 150 152 150 152 123 127 166 167 166 167 164 159 156 155 151 153 149 142 152 141  42  13  48  65  62  65  58  59  60  60  58  57  58  58  58  57  58  57  58  62  60  95 116 164 176 172 
156 152 153 151 151 152 150 154 133 108 165 168 162 167 164 162 158 155 151 154 152 146 148 150 139  54   7  35  65  55  62  59  59  59  58  57  57  57  57  58  57  57  59  55  60  79 109 148 180 174 
157 152 153 151 150 151 150 149 151 127 139 166 166 163 163 161 159 155 153 155 152 149 150 143 142 146  90  14  27  59  66  59  60  62  59  57  57  57  57  56  57  57  56  55  58  63 103 128 174 175 
156 153 152 151 150 151 152 150 152 136 113 159 168 165 163 161 160 157 154 153 154 151 147 150 147 139 154 101  22  24  56  63  55  60  62  58  57  57  58  58  57  58  56  55  58  55  92 116 161 178 
156 154 154 151 150 151 151 151 151 149 116 138 169 161 162 162 161 160 156 152 156 153 150 148 151 144 141 155 131  27  14  55  60  59  61  58  57  58  57  60  58  58  57  55  57  53  78 108 150 176 
159 155 154 152 150 148 149 150 148 155 129 116 163 163 161 162 163 161 159 155 153 152 149 150 146 146 146 149 155 130  45   9  44  62  59  58  57  57  57  59  59  56  56  59  58  56  65  99 133 168 
161 157 155 152 150 147 147 148 147 156 144 105 149 165 162 163 163 164 160 158 153 151 152 149 149 147 152 148 150 164 161  82  10  37  64  59  57  57  57  57  59  56  55  59  60  55  56  90 118 159 
163 158 155 153 151 149 148 147 149 150 151 119 137 165 162 163 163 164 161 160 157 152 152 151 150 151 151 153 155 157 158 173 114  13  33  65  57  59  58  60  58  57  56  54  56  57  54  64 107 147 
166 160 156 154 151 151 150 149 151 153 147 128 114 161 161 160 164 162 162 162 158 155 153 152 152 152 155 154 154 159 164 164 180 119  16  25  59  54  60  59  58  57  56  56  55  53  53  57  88 129 
167 161 158 155 152 150 150 149 151 148 147 140  97 141 164 161 162 161 161 161 159 155 154 153 153 155 156 157 160 164 167 169 169 174 138  29  20  58  63  58  58  57  56  55  56  55  53  54  68 106 
168 164 158 156 152 150 149 149 150 145 152 149 102 128 166 161 159 161 159 159 158 155 156 155 154 156 158 160 164 168 168 167 172 172 180 140  36  15  54  62  60  55  55  54  57  55  56  58  57  87 
172 166 161 156 154 153 150 149 149 147 148 153 121  92 155 161 153 160 159 160 159 160 160 160 157 159 163 163 165 167 169 169 171 172 167 176 159  47   4  49  63  56  55  57  56  55  57  54  51  82 
173 168 162 157 154 153 150 149 150 148 147 149 139  92 134 156 159 155 158 159 161 162 162 162 160 161 164 164 165 166 168 172 168 169 173 169 175 169  64  10  44  55  58  57  56  56  57  52  51  67 
175 170 163 158 154 153 149 149 149 149 149 146 155 104 100 152 162 158 159 159 161 162 162 164 162 163 162 162 165 167 169 170 171 171 168 171 170 174 177  72   8  39  57  54  56  56  55  50  53  52 
176 171 165 158 154 153 150 149 149 149 148 147 156 113  69 144 158 160 160 160 161 161 161 164 163 162 163 164 165 166 168 170 171 171 170 171 167 169 170 172  96   9  38  61  56  53  55  52  54  49 
176 173 169 161 157 152 150 149 148 146 147 144 149 134  68 121 161 158 159 158 162 163 163 165 166 167 166 166 166 166 167 169 170 170 170 171 170 173 172 174 179  89  10  42  55  48  57  55  53  51 
176 174 169 163 158 153 150 150 148 146 144 146 143 151  91  98 159 160 161 165 165 165 166 167 167 167 166 166 167 167 167 168 169 169 169 170 171 171 171 171 168 178 117  10  32  63  49  55  53  53 
176 175 170 165 159 154 151 150 148 146 144 147 142 155 119  83 142 166 163 169 168 168 168 167 166 165 165 166 166 166 167 168 169 170 169 170 171 171 171 176 168 175 178 102  16  33  55  53  50  52 
177 176 171 165 160 156 152 150 147 145 146 146 146 149 137  73 116 167 166 166 169 169 169 169 169 168 169 169 169 170 170 169 171 171 170 172 173 173 174 173 173 169 168 175 119  20  23  56  53  50 
178 176 173 166 161 157 152 148 147 147 147 147 148 144 150  80  92 170 168 166 169 170 169 170 171 172 171 170 171 171 171 171 170 171 170 172 173 173 174 174 175 171 167 165 175 128  21  26  56  52 
178 177 174 168 163 157 153 148 148 147 146 148 145 143 155  96  76 159 171 169 171 169 170 171 171 171 171 170 171 172 173 171 169 170 170 172 172 173 174 173 174 173 168 167 166 174 120   6  21  43 
179 177 174 169 164 159 154 150 148 147 147 148 143 140 155 116  62 137 176 170 171 170 174 172 172 170 171 172 172 173 174 172 168 170 171 172 173 173 173 174 173 172 168 167 166 160 162 123  16  21 
179 178 175 171 167 161 156 151 148 149 147 146 145 142 148 133  70 108 176 169 171 172 173 173 173 172 171 172 172 171 171 169 167 168 168 170 171 171 171 172 170 170 167 164 162 159 155 163 123  43 
179 178 175 171 168 161 157 151 149 149 146 145 146 145 145 143  84  83 169 172 173 171 172 172 172 174 173 172 171 170 169 166 166 167 166 168 169 169 170 170 169 169 167 162 162 160 159 153 168 130 
179 178 175 173 169 162 159 151 149 148 146 145 144 143 144 149  99  64 147 179 174 172 172 172 172 172 172 171 171 171 170 167 167 166 166 167 168 167 167 167 166 167 166 161 159 156 156 157 153 165 
179 179 177 175 171 164 160 153 150 148 146 145 145 142 143 146 120  62 127 180 172 174 172 172 172 172 172 171 169 168 167 167 166 165 165 166 166 164 163 162 160 159 161 159 157 156 155 157 155 153 
180 179 178 175 174 167 161 156 151 148 146 145 145 143 143 144 138  67  92 174 174 173 171 171 170 169 170 169 168 166 166 166 165 163 162 163 163 160 159 160 158 157 158 156 157 159 155 151 153 156 
180 179 179 177 175 169 161 158 151 148 146 145 144 146 142 144 146  79  71 167 174 170 170 169 168 167 167 167 166 166 165 165 164 163 161 158 157 156 155 156 156 157 155 152 153 152 150 151 152 153 
179 177 178 177 175 170 165 159 151 149 147 144 145 147 141 143 146 102  71 151 173 173 170 170 166 168 167 166 164 163 161 162 163 160 157 154 154 154 153 152 149 145 146 148 148 147 148 149 150 151 
179 178 178 177 175 171 165 159 153 149 148 143 144 145 144 142 145 136  65 114 175 171 170 170 168 168 167 165 163 161 160 158 157 156 154 151 148 145 143 140 137 135 136 138 139 139 141 142 144 147 
180 178 178 178 175 172 167 160 154 150 148 144 144 143 143 140 147 143  72  80 161 174 167 168 169 167 164 162 161 159 157 157 154 150 149 144 138 134 131 128 127 127 127 126 126 129 135 140 144 145 
181 179 179 178 176 174 168 161 155 150 149 144 144 142 143 141 143 142  93  66 148 168 166 163 169 164 161 158 156 155 154 152 146 140 137 133 126 123 122 120 120 121 120 120 121 125 132 137 144 152 
181 179 180 178 177 175 169 164 157 152 149 145 144 142 144 142 137 145 118  56 128 166 166 165 165 161 156 155 153 150 148 143 135 128 125 122 117 115 116 117 117 118 119 119 122 126 132 140 147 155 
181 179 179 178 178 175 170 166 159 153 149 146 145 142 143 143 137 144 128  57 110 164 166 165 161 160 155 152 149 143 139 135 129 123 121 120 117 116 117 118 118 121 123 124 124 129 137 144 152 159 
180 179 179 178 177 176 171 166 161 155 150 147 145 143 143 143 140 142 132  68  87 155 167 160 157 157 151 149 145 137 131 128 123 120 120 118 117 118 118 120 121 124 128 130 128 134 147 152 155 163 
178 178 179 178 177 177 172 168 162 156 150 148 145 143 142 143 141 141 145  77  69 140 163 154 154 152 143 142 138 132 128 126 122 119 120 120 121 124 124 127 128 132 135 137 140 146 153 157 162 169 
178 179 179 178 178 177 173 168 163 157 152 148 144 143 142 143 142 139 143 112  59 121 160 152 151 148 137 134 134 129 126 127 123 121 123 125 127 129 131 132 135 138 141 141 144 152 158 166 172 177 
180 179 179 179 178 178 174 169 165 157 154 148 144 143 142 140 141 141 138 130  71 110 152 151 149 146 134 133 132 128 127 128 127 126 129 130 132 135 137 140 144 148 149 149 153 157 163 171 176 180 
179 179 179 178 178 179 176 171 167 160 156 149 145 143 141 140 140 141 138 138  85  83 145 149 145 141 131 130 129 130 132 132 132 132 133 136 138 141 144 146 148 150 153 155 159 165 170 176 178 181 
180 179 179 178 178 179 177 173 169 163 156 150 146 141 141 139 140 140 140 142  87  62 134 149 136 135 130 129 129 132 135 135 137 138 138 140 142 145 149 151 151 152 155 157 162 169 174 179 179 182 
