191 190 191 190 190 190 191 191 190 189 188 187 186 185 186 183 181 183 183 177 183 179 153 110 106 107 141 183 191 189 188 189 187 188 189 188 188 189 189 189 189 189 187 187 187 187 187 188 189 189 
190 190 191 190 189 190 191 191 190 189 188 187 185 184 181 182 181 176 180 183 167 131 111 111 124 158 185 186 187 188 188 188 188 188 188 189 188 188 189 189 189 189 188 187 187 187 188 187 188 189 
191 190 191 190 189 189 189 189 190 188 187 185 184 184 181 180 178 179 172 147 111 100 109 146 188 190 187 190 190 187 188 188 188 188 188 188 188 188 189 188 188 188 187 187 188 187 188 188 188 188 
190 190 191 189 188 188 187 187 186 185 184 184 181 175 178 181 180 151 118  98 109 137 170 189 191 186 188 187 187 190 188 188 189 189 189 189 189 188 188 188 188 188 187 187 187 187 188 189 188 187 
191 190 190 188 187 189 187 185 186 184 182 179 178 181 179 157 126 100  97 119 159 184 185 181 185 189 186 189 188 188 189 189 189 188 188 188 188 187 187 187 187 188 188 188 188 188 188 189 188 187 
190 190 189 190 188 186 185 185 183 180 183 181 178 163 133 100  94 108 146 177 182 184 183 183 187 188 189 189 189 189 188 188 189 187 187 187 187 187 187 187 188 189 188 189 189 189 188 187 187 188 
189 189 188 187 190 187 184 184 183 183 178 157 126 103  92 105 131 165 183 179 177 181 184 185 187 187 188 188 189 189 188 188 189 188 187 188 187 187 187 187 189 189 188 188 188 189 188 187 188 187 
188 188 187 186 183 183 186 183 175 164 132  98  94 105 132 163 177 173 173 177 177 179 182 183 184 187 187 188 188 188 189 188 189 187 187 187 187 188 188 189 189 190 188 188 188 188 188 187 187 187 
188 186 185 186 186 183 161 134 115  98  92 111 139 165 170 170 168 170 172 174 174 177 179 180 183 186 186 187 187 188 188 188 188 187 187 187 187 187 188 189 189 190 189 189 188 188 188 187 187 187 
183 187 187 176 157 125 105  99  99 118 143 164 172 167 170 171 168 167 167 168 170 172 176 180 182 181 184 184 186 188 187 188 188 187 187 187 188 188 187 188 189 190 190 189 188 189 188 187 188 187 
181 167 144 117  99  99 103 129 163 174 173 170 165 163 166 166 167 168 168 167 167 169 171 175 177 180 183 185 187 188 187 188 187 187 188 187 188 188 187 188 189 190 190 189 188 188 188 187 187 187 
129 102  97  99  99 100  97 122 145 157 168 169 166 169 167 166 166 166 167 169 167 167 171 173 175 178 182 183 187 188 187 187 188 187 188 187 188 188 187 188 189 190 189 188 187 188 188 187 187 187 
 95 109 131 136 128 118 106  92  87  97 125 155 171 167 166 168 167 167 167 168 167 167 169 172 173 177 179 179 182 187 188 188 187 188 188 187 188 188 187 188 189 190 189 187 187 187 188 187 187 188 
150 166 174 175 172 169 158 143 136 119  91 102 126 158 167 165 171 171 167 168 165 166 168 170 170 174 179 176 178 186 186 188 188 187 188 188 189 189 188 189 189 189 188 187 187 187 188 187 187 187 
186 181 174 173 170 167 170 175 174 167 142 107  91 107 154 170 169 164 167 165 167 166 169 169 169 173 179 163 167 186 186 188 188 187 188 188 189 189 189 188 189 189 188 187 188 188 187 188 187 188 
180 178 179 173 173 172 168 169 169 167 171 158 136 106 105 134 162 170 168 168 164 167 168 168 168 172 179 146 158 186 186 188 188 187 188 188 189 190 189 188 188 188 187 188 187 187 187 187 187 188 
182 182 181 179 175 170 170 170 167 167 168 168 171 145 107  89 121 163 169 169 165 166 167 167 167 171 178 137 161 186 186 188 188 187 187 188 189 190 189 188 187 186 187 188 187 187 187 188 187 188 
183 183 182 181 178 175 171 169 170 168 165 164 171 166 159 110  80 117 164 164 164 168 166 166 167 171 171 132 164 186 186 188 188 188 188 188 189 189 188 188 187 187 187 188 187 188 187 187 187 187 
187 186 183 181 179 176 172 170 169 168 166 165 168 166 168 152 115  93 121 166 165 166 166 166 170 176 159 125 169 187 187 188 188 189 188 188 188 189 187 187 188 188 188 187 188 188 188 187 187 187 
190 187 185 184 182 179 177 174 171 167 167 168 167 166 164 169 155 101  87 125 172 162 166 165 172 176 138 128 182 187 186 188 189 190 189 189 187 187 188 188 187 187 187 188 187 188 187 187 187 187 
189 188 187 185 183 181 179 176 173 170 167 167 168 166 165 163 168 149 111  97 135 164 165 168 172 167 115 150 186 186 187 186 189 191 190 188 187 187 188 187 188 188 188 187 188 188 188 187 187 187 
188 189 187 186 183 180 179 176 174 172 170 167 165 169 164 175 175 143  99  91 104 161 167 171 173 156 113 170 188 187 186 186 188 190 189 188 188 187 187 188 187 187 187 188 187 188 188 187 187 187 
190 190 188 186 185 187 185 181 180 173 170 170 170 176 176 144  76  19  39 103  91 131 170 166 173 139 128 181 187 185 187 187 188 187 187 188 187 188 188 187 188 187 187 187 187 187 187 187 187 187 
190 190 190 188 188 183 179 181 180 179 180 174 160 126  82  20  12  53  90 105  92  98 160 173 172 121 143 181 185 187 187 187 188 187 188 187 188 188 187 187 187 187 187 187 187 187 187 187 188 187 
190 187 186 187 191 191 191 194 191 171 125  65  29  13  18  57  91 103 101 102 105  88 136 180 159 115 159 181 184 186 187 187 188 187 187 187 187 188 188 187 187 187 187 187 188 188 187 187 187 187 
191 194 198 196 189 171 126  88  75  44  32  49  67  85 100 106 104 103 101  98 103  98 114 169 131 126 167 183 184 186 187 187 188 187 188 187 187 187 187 187 187 187 187 187 187 187 187 187 188 187 
181 160 104  79  45  17  14  33  61  87 118 122 116 114 108 105 103 100 100 102 106 106 101 127 109 140 167 183 187 188 187 187 188 187 188 187 187 187 187 187 187 187 187 187 187 187 187 188 188 188 
 46  26  28  52  73  94 112 136 140 136 128 120 117 113 107 107 106 103 103 104 101 108 106 102 112 157 179 188 186 187 187 187 187 188 187 188 187 187 188 188 188 188 187 187 188 187 188 189 189 189 
 91 112 134 143 143 144 142 135 130 130 128 128 121 114 110 110 105 101 102 105 103 106 101 102 139 179 187 187 187 187 187 187 188 187 188 187 187 187 188 187 188 187 188 188 188 188 188 190 189 190 
141 141 138 132 137 132 132 135 133 135 131 129 124 117 113 110 107 105 105 105 105 108 106 116 176 186 187 185 188 187 188 187 187 188 188 188 187 187 188 188 187 187 188 188 188 188 188 188 188 188 
134 133 133 134 135 132 135 133 134 134 134 132 130 123 119 113 110 106 103 104 102 108 105 155 189 184 188 186 187 187 188 187 188 187 188 187 187 187 187 187 188 188 188 188 188 188 187 187 186 186 
133 134 135 133 135 137 138 138 137 135 135 134 131 130 124 115 113 103 107 105 104 100 142 188 185 186 187 187 187 187 188 187 188 188 187 187 187 187 187 188 189 189 188 189 189 189 188 188 187 186 
135 136 133 133 134 134 137 137 138 141 136 126 118 109  94  87  88  89  84  96 104 127 180 185 184 187 187 187 187 187 187 187 188 187 187 187 187 187 187 188 189 190 190 190 190 190 188 187 187 186 
135 135 138 138 138 137 128 119 109  93  73  60  52  48  47  43  44  61  84 100 121 171 184 183 188 186 186 187 187 187 188 187 188 188 187 187 187 188 187 188 189 190 188 188 188 188 187 188 187 186 
136 132 117 101  80  65  57  52  47  43  43  46  45  44  52  46  48  86 107 101 157 188 183 186 186 187 186 187 187 187 188 187 188 187 187 187 187 187 187 188 189 190 187 187 186 186 187 187 187 187 
 90  75  55  47  38  41  46  45  45  47  48  47  48  47  48  47  71 107 106 129 182 184 185 185 186 188 188 187 187 187 187 187 187 187 188 188 188 188 187 188 189 189 189 189 186 186 188 187 188 188 
 45  45  42  46  50  49  46  49  49  49  48  47  46  47  47  65 106 109 112 172 186 185 186 186 187 187 187 187 187 187 187 187 187 187 188 187 187 188 187 188 189 189 189 189 186 186 188 187 187 187 
 47  48  48  47  46  47  47  48  49  48  48  48  46  42  52  95 116 107 150 187 184 186 186 187 187 187 187 187 187 187 187 187 187 187 187 187 187 187 187 188 189 189 189 189 186 186 188 187 187 187 
 49  47  49  47  48  48  48  48  47  48  48  48  46  50  90 125 111 146 186 188 186 187 187 187 187 187 187 187 188 187 187 187 187 187 188 187 188 188 187 188 189 189 189 189 186 186 188 187 188 188 
 49  48  47  48  48  47  47  48  47  50  46  49  46  69 117 121 124 183 188 189 187 187 187 187 187 187 187 187 187 187 187 187 187 187 187 187 188 188 188 189 189 189 189 188 188 187 188 187 188 188 
 48  48  47  47  47  48  48  48  50  46  46  47  46  98 121 114 167 191 189 186 187 188 187 188 188 188 188 188 188 188 187 187 187 187 188 188 188 188 190 189 189 189 189 187 188 187 187 187 187 187 
 48  47  47  47  48  48  48  46  47  47  47  43  73 114 116 152 187 190 188 186 189 187 188 187 187 187 187 187 187 187 187 187 187 188 188 188 189 189 189 188 188 188 188 187 186 186 186 186 185 185 
 47  47  46  47  48  47  47  47  45  50  42  51 104 119 128 183 189 188 187 191 189 187 188 187 188 188 188 187 187 187 187 187 187 188 189 189 189 189 189 188 187 187 187 186 186 185 186 186 185 184 
 47  47  47  47  48  47  47  47  46  47  42  62 111 127 178 188 188 190 188 191 188 187 188 187 188 188 188 188 188 187 187 187 188 188 188 188 188 189 189 188 187 186 187 187 187 187 186 185 184 183 
 48  48  48  48  47  47  48  48  48  45  45  81 122 157 193 188 188 188 189 189 188 187 187 187 187 188 188 188 188 187 187 188 189 188 188 188 188 188 188 188 187 187 187 188 188 188 186 185 184 184 
 47  48  47  47  47  47  48  46  46  45  72 105 136 184 191 190 189 188 188 189 188 187 188 187 187 188 187 188 188 187 187 188 188 189 189 189 188 188 187 187 187 187 187 188 187 188 186 185 184 184 
 47  47  48  48  48  48  47  48  46  45  89 118 161 191 189 189 189 187 188 188 188 187 187 187 187 188 188 188 188 187 187 188 188 189 189 189 188 187 185 186 186 187 188 188 187 188 186 185 184 184 
 47  48  47  47  47  48  48  49  42  71 104 130 185 189 192 187 189 188 187 187 187 187 187 187 187 188 187 188 187 187 188 187 188 189 189 188 187 186 186 186 186 187 187 187 187 188 185 184 184 184 
 48  47  46  47  46  47  47  46  42  92 119 151 207 193 189 190 189 188 188 188 187 187 187 187 187 187 187 187 187 188 187 188 188 188 189 188 187 187 188 186 186 186 187 187 187 187 185 184 185 184 
 48  47  47  46  48  46  43  45  49 100 118 180 223 211 204 192 186 186 188 188 185 188 187 188 188 188 188 187 187 188 187 188 188 188 189 188 187 186 187 186 185 186 186 186 186 187 186 186 185 186 
