199 198 198 204 202 198 198 198 197 198 199 202 203 206 202 204 203 204 201 202 200 195 195 200 194 201 196 147 123 116 162 221 222 219 221 223 223 208 192 192 193 192 192 193 192 193 193 193 193 193 
199 198 195 196 197 199 200 201 201 200 199 199 199 197 195 193 194 199 199 199 198 196 196 195 202 198 149 121 119 157 213 222 222 222 222 220 221 214 195 191 194 191 192 192 192 192 193 193 193 193 
199 198 197 197 197 198 199 199 198 197 197 198 199 199 198 199 198 198 198 198 197 196 194 197 198 150 115 125 169 215 224 223 220 221 223 220 220 220 202 191 192 191 192 192 193 192 192 193 193 193 
198 198 197 198 198 198 198 199 198 197 197 198 199 199 199 199 199 200 200 200 200 200 201 188 141 116 146 186 217 221 220 221 219 221 222 220 220 223 211 193 190 192 192 192 192 192 192 193 193 193 
197 199 198 197 198 198 198 198 200 199 198 199 199 199 200 199 199 200 199 198 198 197 177 135 117 151 205 225 220 221 222 221 223 219 221 221 221 223 216 197 191 192 193 192 193 192 192 193 193 193 
197 197 199 200 199 198 198 198 199 199 197 198 200 199 198 199 197 197 197 202 201 162 121 116 174 216 223 220 221 221 221 222 222 221 221 222 221 221 220 203 191 192 194 192 193 192 193 193 193 193 
200 199 199 199 196 198 199 200 197 196 198 199 198 197 196 197 195 205 202 180 147 116 142 190 215 225 221 221 224 221 222 221 222 222 222 222 221 221 220 208 191 193 193 192 193 192 193 192 193 192 
200 202 206 200 194 196 196 195 199 195 195 197 196 199 203 201 196 172 141 112 126 180 219 224 223 220 222 222 221 222 222 222 222 222 222 222 221 221 221 213 195 193 192 193 192 193 193 193 193 193 
129 150 174 193 197 202 203 201 202 201 207 202 195 185 162 142 131 126 146 180 213 225 221 224 220 221 222 222 220 222 222 222 222 222 222 222 221 221 221 215 201 189 192 192 192 193 193 192 193 192 
149 126 123 138 155 174 177 185 178 171 162 142 134 130 126 140 167 198 220 227 225 221 219 220 220 222 221 221 222 222 221 222 222 222 222 222 222 221 222 219 203 190 192 192 192 192 192 193 192 193 
224 212 208 164 121 134 146 130 136 153 149 162 191 199 209 219 221 221 221 219 223 222 221 221 222 222 222 222 221 221 222 222 221 221 222 222 221 222 221 224 215 195 191 192 192 192 192 193 192 193 
220 218 231 171  55 175 224 212 215 218 224 227 225 222 223 223 218 219 222 223 219 222 222 223 222 222 221 222 221 222 221 222 222 222 222 221 222 222 221 222 219 198 192 192 193 192 192 193 192 193 
218 218 227 154  16 175 230 222 225 223 217 220 220 218 218 219 219 222 220 220 222 222 222 222 222 222 222 222 222 222 222 222 222 222 222 222 222 221 220 220 223 201 193 192 192 192 192 193 192 193 
223 219 232 155  19 173 232 218 219 220 220 222 221 221 222 221 220 222 222 221 222 222 222 222 222 222 222 222 222 222 222 222 222 222 222 222 222 221 220 221 224 205 191 193 192 192 192 193 192 193 
222 220 229 152  13 175 231 219 221 221 222 221 222 222 222 222 222 222 222 222 222 222 222 222 222 222 222 222 222 222 222 222 222 222 222 221 222 221 222 221 223 210 191 192 192 193 192 192 193 192 
221 220 230 166  20 174 230 218 221 221 222 221 222 222 222 222 222 222 222 221 222 222 222 222 222 222 222 222 222 222 222 222 222 222 222 221 222 221 221 221 223 213 194 192 192 192 192 193 192 193 
221 220 227 194  39 165 231 218 221 222 222 222 222 222 222 222 222 222 221 222 222 222 222 222 222 222 222 222 222 222 222 222 222 222 221 222 221 222 221 221 223 218 198 191 193 192 192 192 193 192 
222 221 224 205  45 159 233 218 222 222 223 222 222 222 221 222 222 222 222 222 222 222 222 222 222 222 222 222 222 222 222 222 222 222 222 222 221 222 221 221 222 221 201 190 192 192 193 192 193 192 
222 220 223 218  48 135 231 218 221 222 222 221 222 222 222 222 222 222 222 222 222 222 222 222 222 222 222 222 222 222 222 222 222 222 221 222 221 222 222 221 223 222 200 191 192 192 192 193 192 193 
222 220 217 224  49 100 228 220 222 222 222 221 222 222 222 222 221 222 221 222 222 222 222 222 222 222 222 222 222 222 222 222 222 222 222 222 221 222 222 221 224 223 201 191 193 192 193 193 193 192 
223 219 223 230  90  75 223 222 221 221 221 221 222 222 222 222 222 221 222 222 222 222 222 222 222 222 222 222 222 222 222 222 222 222 221 222 221 222 222 221 223 221 200 191 193 192 193 192 193 193 
221 222 218 241 136  56 212 222 218 223 223 221 222 221 222 222 221 222 221 222 222 222 222 222 222 222 222 222 222 222 222 222 222 222 222 222 221 222 222 221 221 219 198 192 193 193 192 193 193 193 
222 220 229 195  56  27 110 225 227 218 220 217 222 222 221 220 220 222 221 222 222 222 222 222 222 222 222 222 222 222 222 222 222 222 222 222 222 222 223 220 223 219 194 191 193 193 192 193 193 193 
219 222 192  70  23  25  19 109 196 228 219 218 224 225 221 220 222 221 221 222 222 222 222 222 222 222 222 222 222 222 222 222 222 222 222 222 222 222 223 222 224 217 194 191 193 193 192 193 193 193 
232 164  34  19  56 143 120  35  25 134 216 225 216 222 223 221 222 222 222 222 222 221 222 221 222 222 222 222 222 222 222 222 222 222 221 222 221 222 224 223 225 213 193 191 194 193 192 193 192 193 
180  53  29  93 189 228 226 191  95  17  84 197 230 221 219 224 222 222 222 221 222 222 221 222 222 222 222 222 222 222 222 222 222 222 222 222 222 222 223 222 224 208 192 191 194 193 192 193 193 192 
 55 102 137 217 225 219 223 228 222 162  51  34 157 225 232 224 222 222 222 223 223 222 222 221 222 222 222 222 222 222 222 222 222 221 222 221 222 221 223 223 221 204 191 191 192 192 192 193 192 193 
180 207 219 223 220 219 219 220 222 231 203 124  49  66 141 218 224 220 222 221 221 221 222 221 222 221 222 221 222 221 221 221 221 221 222 222 222 221 221 223 217 198 192 192 192 192 192 193 192 193 
223 222 221 218 222 221 221 223 220 216 221 235 200 125  71 124 205 224 221 221 223 222 222 222 221 222 221 222 221 222 222 222 222 222 221 221 222 222 222 223 211 191 193 193 194 194 193 192 193 192 
215 217 222 219 222 222 222 222 219 222 221 219 222 233 227 195 194 216 224 223 221 222 221 221 222 221 222 221 222 221 221 221 221 221 222 222 221 222 222 218 199 190 190 192 192 192 192 193 192 193 
207 223 221 223 221 222 222 221 221 220 221 223 220 221 221 227 221 222 222 220 222 222 221 221 222 221 221 222 221 222 222 222 222 222 221 221 223 222 223 215 195 193 190 192 192 192 192 193 192 193 
217 224 223 223 222 222 222 222 222 222 222 222 223 223 223 223 223 223 222 222 222 221 222 222 221 222 221 222 221 222 223 223 223 223 222 221 221 221 223 207 193 192 193 192 193 193 193 192 193 192 
223 223 222 222 221 222 221 222 221 221 222 221 222 223 222 223 223 223 222 222 222 222 221 221 222 221 221 222 221 222 223 222 223 222 222 222 220 223 218 198 191 192 191 193 192 192 192 193 192 193 
220 221 222 223 222 222 222 222 222 222 222 221 222 223 223 223 222 222 221 222 223 222 222 222 221 222 221 222 221 222 223 222 223 222 220 223 222 221 212 194 192 193 190 192 192 193 192 193 193 193 
220 222 223 222 221 222 222 222 222 222 222 221 222 222 222 222 222 221 221 222 223 222 222 222 221 222 221 222 221 222 222 222 223 223 222 224 206 213 215 194 189 194 193 192 192 192 192 193 193 193 
221 221 222 221 221 222 222 222 222 222 222 221 222 222 222 222 222 222 221 222 222 221 222 222 221 222 221 222 221 222 219 221 221 221 222 214 204 215 217 199 192 192 193 192 192 192 192 193 193 193 
221 221 222 222 222 222 222 222 222 222 221 222 221 221 221 221 221 221 222 221 221 222 221 221 222 222 222 222 222 222 221 221 219 221 221 204 209 223 221 202 192 193 192 192 192 193 192 193 193 193 
222 222 222 222 222 222 222 222 222 222 222 222 222 222 222 222 222 222 222 222 222 222 222 222 221 222 222 222 222 222 221 221 221 223 211 202 217 225 222 204 192 194 191 192 192 192 193 192 192 192 
224 222 220 221 221 222 222 222 222 222 222 222 222 222 222 222 222 222 222 222 222 222 222 221 222 221 221 221 222 222 220 219 223 213 201 211 222 223 224 212 195 192 191 192 192 192 192 192 192 193 
220 222 223 221 221 222 221 222 221 222 222 222 222 222 222 222 222 222 222 222 222 222 222 222 221 222 222 222 222 222 222 220 219 200 204 220 220 222 223 220 199 188 190 192 193 193 192 192 192 192 
218 222 222 222 221 222 222 222 222 221 221 221 221 222 221 222 222 222 222 221 222 222 221 222 221 222 223 222 223 223 219 221 206 202 217 222 221 221 221 223 209 190 192 194 192 190 194 192 192 192 
219 223 220 222 222 222 222 222 222 221 222 222 222 221 222 221 222 222 221 222 221 222 222 221 221 222 223 223 223 222 222 207 200 217 222 219 221 221 223 221 219 199 189 192 193 191 193 192 192 193 
216 222 222 221 221 221 222 222 222 222 221 221 221 222 221 222 222 221 222 221 222 222 221 222 222 223 223 223 223 223 207 197 217 220 220 219 220 221 222 223 221 212 196 192 192 194 192 192 192 192 
205 219 223 221 222 220 222 222 222 221 222 222 222 221 222 221 222 222 221 222 221 222 223 221 222 224 221 222 223 209 200 215 221 223 222 222 221 222 221 224 219 222 215 198 189 194 192 191 191 194 
199 206 221 224 222 222 223 221 221 222 222 223 222 221 222 221 221 222 222 221 221 221 221 225 220 221 226 216 204 200 214 222 220 220 221 221 222 222 223 221 220 223 225 214 199 192 192 190 190 192 
205 194 209 222 223 221 216 222 222 221 222 223 222 221 222 221 221 222 221 222 222 222 222 217 222 220 213 201 204 216 220 222 222 223 222 222 221 222 222 222 223 222 222 225 216 198 190 193 192 189 
217 205 198 204 215 222 224 221 222 222 222 223 222 222 221 221 222 222 222 222 222 222 222 223 216 205 194 208 221 221 222 222 222 223 222 222 222 221 222 223 222 222 221 222 225 217 201 193 192 194 
223 220 209 198 197 204 217 224 223 222 223 223 221 221 222 222 221 222 222 222 222 221 219 207 198 202 208 221 221 221 221 222 223 222 222 222 222 221 223 222 222 222 221 221 223 225 220 204 192 192 
222 223 221 218 208 199 199 208 216 222 223 223 223 221 221 220 220 222 223 222 221 212 199 200 214 222 223 222 222 222 221 222 222 222 222 222 221 222 222 221 222 221 222 223 222 223 223 219 211 200 
219 221 222 223 223 219 208 198 201 209 208 210 214 218 219 219 216 216 215 209 203 200 208 220 222 223 223 223 223 222 221 222 222 221 221 221 222 222 221 221 222 221 222 223 223 223 223 223 224 216 
