172 174 174 173 173 173 174 174 175 175 175 172 169 172 171 171 173 173 175 170 177 175 163 134 169 150  59  34   7  25  26  26  24  25  24  25  24  24  24  25  25  25  24  25  23  21  25  25  22   8 
169 170 173 173 173 173 173 172 171 172 173 172 171 172 173 171 171 172 172 172 174 174 176 142 149 192 197 145  39  15  12  19  25  26  28  22  27  26  25  24  24  25  26  27  23  21  24  24  22  23 
174 171 172 173 174 175 174 173 172 173 173 172 172 173 172 171 172 171 172 172 172 174 174 166 132 160 195 204 184 127  49  12   8  13  16  16  23  22  24  25  26  23  22  24  24  21  23  24  23  26 
176 172 171 172 174 175 174 173 173 173 173 172 172 173 173 171 171 171 172 172 171 172 171 174 144 136 182 191 199 195 170 115  54  10   7  14  13  12  13  17  23  26  25  24  24  25  26  25  24  22 
172 173 173 173 173 174 173 172 172 172 173 172 171 173 172 171 172 172 171 169 170 171 172 170 170 138 148 191 193 194 199 204 188 112  30  18  16  29  23  12   6  10  11  12  19  24  26  25  22  27 
164 174 173 171 172 172 172 172 172 172 173 173 173 173 173 171 171 171 171 171 170 170 170 171 172 159 117 170 198 195 191 192 194 200 155  94  25  17  35  39  36  28  22  18  17  17  11  13  17  15 
127 175 172 170 172 171 172 173 173 172 173 174 174 174 173 171 171 170 170 170 170 171 170 170 176 170 136 138 188 194 191 196 194 195 198 192 143  64  10  28  48  49  52  52  45  38  28  20  16  14 
 99 160 177 169 171 173 173 172 172 172 173 174 174 174 173 172 171 170 171 171 170 171 171 172 171 170 167 132 144 195 196 193 194 195 195 194 201 175  86  22   7  21  36  43  49  54  51  48  44  47 
 87 128 174 170 173 173 173 172 173 173 171 171 172 172 172 172 171 170 171 171 171 171 171 170 172 172 172 153 120 173 200 192 197 193 198 196 196 200 199 141  86  44  14  26  40  50  48  48  49  48 
 70  99 161 171 174 171 173 173 172 172 170 170 170 170 171 172 171 170 171 170 170 171 170 171 170 168 172 169 139 144 187 194 196 193 197 192 194 195 197 201 196 165  89   9  15  31  43  51  51  46 
 60  89 121 169 173 173 174 173 172 172 172 172 172 172 171 170 169 170 171 170 171 170 171 171 171 170 170 173 159 122 141 197 197 196 195 196 195 195 193 193 194 201 195 114  11  13  16  33  46  45 
 53  76  94 152 174 171 172 172 171 171 171 171 171 172 171 170 169 170 171 170 170 171 170 171 171 170 171 169 172 149 125 163 195 194 193 194 196 193 197 197 194 192 199 201 107  75  52  15  16  30 
 55  60  90 119 168 174 172 172 170 171 171 172 171 172 171 170 169 170 171 170 171 171 170 170 170 171 170 173 169 165 140 116 171 197 195 195 194 194 196 196 195 195 194 195 183 106 121 125  57  12 
 30  58  72  99 149 177 171 172 170 170 171 172 171 171 171 170 169 170 171 170 171 171 171 171 171 170 171 170 171 172 165 126 130 189 196 195 194 195 193 193 194 193 193 193 195 141 116 174 158  94 
 74  26  55  83 121 161 173 170 171 170 170 172 172 170 170 171 170 170 171 170 171 171 171 171 171 171 171 170 170 170 169 163 129 139 181 198 193 193 192 195 194 193 193 192 197 192 120 120 181 183 
147  56  33  63  99 145 174 170 171 171 171 172 172 172 170 171 171 171 170 171 171 171 170 170 170 171 170 171 169 167 170 174 159 121 145 191 196 193 195 191 195 194 193 194 191 199 163 108 164 174 
168 143  63  30  80 129 160 173 172 171 170 170 169 169 170 171 170 171 170 171 170 170 170 170 170 170 170 171 171 171 170 168 171 160 123 137 192 198 195 197 191 194 194 195 193 196 196 136 119 174 
160 158 146  67  38  99 131 172 174 171 171 170 168 169 170 171 170 170 170 170 171 171 171 170 170 170 169 170 171 171 169 169 168 172 152 115 155 196 190 193 193 194 196 196 197 194 198 183 110 130 
158 159 166 150  75  74 116 158 174 172 172 171 169 169 170 171 171 171 171 171 170 170 169 169 168 168 170 171 172 170 170 168 170 171 173 147 113 153 198 196 193 197 196 197 193 194 200 198 158  96 
165 161 158 162 149  85 109 128 167 173 173 170 169 169 170 170 170 170 170 170 170 169 169 169 168 168 169 170 171 170 169 168 170 166 172 175 143 107 158 196 195 195 195 195 196 193 195 197 193 143 
165 160 159 158 160 130 102 111 150 171 171 170 169 169 170 169 170 170 170 169 169 170 170 169 169 170 169 169 169 169 168 168 169 173 170 172 174 145 106 169 202 194 196 196 197 195 194 194 199 180 
165 161 155 161 160 160 131 113 119 163 171 168 168 169 169 169 169 169 169 169 169 170 171 170 171 171 169 168 168 169 169 170 170 169 171 174 175 171 142 111 170 202 196 190 192 194 194 197 196 195 
169 163 158 160 159 160 158 134 111 137 165 168 169 167 170 169 169 169 169 168 169 170 169 171 171 170 169 169 169 169 169 169 170 170 172 171 170 173 172 145 119 177 195 195 199 195 194 198 195 197 
168 162 158 156 159 158 161 161 135 106 154 169 170 169 169 170 170 170 169 168 169 169 168 170 170 169 169 168 168 168 168 168 168 169 169 170 169 173 171 170 137 119 167 199 195 193 198 195 194 193 
165 161 159 158 159 160 161 155 162 127 122 163 175 167 169 169 169 169 168 169 170 169 169 169 170 170 168 167 169 168 168 169 169 170 169 170 170 170 169 170 171 135 116 169 200 195 194 194 199 197 
164 160 158 159 160 158 156 163 156 162 111 121 167 175 168 169 169 168 168 170 170 170 169 169 169 169 168 168 169 168 168 169 170 170 169 168 169 169 170 166 171 166 134 117 163 201 197 196 194 195 
161 160 158 156 157 159 156 159 162 157 144 110 131 174 171 168 167 167 169 170 171 171 170 169 168 168 168 168 168 169 169 169 170 170 169 168 171 168 170 169 170 171 172 141 111 153 197 196 193 194 
158 159 158 158 158 158 158 157 162 158 163 139 109 143 171 167 169 170 167 169 170 170 170 168 168 169 168 168 168 168 169 169 168 169 170 171 170 170 171 171 171 169 174 175 145  98 160 195 195 195 
158 156 158 161 162 160 161 160 158 159 163 161 123 105 153 173 168 171 169 168 168 169 169 168 168 168 168 168 168 168 169 169 168 169 170 171 170 170 171 171 169 171 170 171 176 157 108 133 191 197 
160 160 160 160 161 162 162 161 159 160 161 167 157 118 111 161 171 167 170 168 169 169 169 168 168 169 168 168 169 168 169 169 168 169 170 171 170 170 171 170 171 169 170 172 169 178 162 123 143 193 
157 156 158 160 161 162 161 160 164 162 163 163 167 153 108 126 168 167 168 170 169 170 170 168 168 168 168 168 168 168 169 169 168 169 170 171 170 170 171 170 172 170 170 172 174 174 177 176 143 123 
156 157 158 161 161 160 160 161 163 163 165 165 164 165 147 112 137 172 170 168 168 168 167 167 169 169 169 169 168 168 169 169 169 169 169 170 169 170 170 170 170 172 173 171 173 170 174 178 179 148 
158 159 159 161 161 160 161 162 163 164 164 164 165 164 167 144 111 144 170 171 169 168 166 166 169 170 170 169 168 169 168 168 169 168 169 170 169 170 171 170 171 172 172 172 174 175 174 174 173 176 
160 161 161 162 162 162 162 163 163 164 164 164 164 165 160 160 136 104 148 171 167 165 168 167 168 170 170 169 167 168 168 168 169 168 169 170 169 170 171 170 171 173 173 172 174 173 174 175 177 173 
159 160 162 163 164 163 164 164 163 164 162 162 162 162 160 162 163 129 114 158 173 166 168 167 169 170 169 168 166 167 167 167 168 168 169 170 169 170 171 170 171 173 173 173 175 174 174 174 176 172 
159 160 162 163 164 164 163 163 163 163 161 161 160 159 159 164 162 161 131 112 165 168 172 167 169 169 171 167 167 167 167 168 169 168 169 170 170 171 171 172 171 172 173 173 174 175 174 174 172 173 
160 161 161 163 162 162 162 161 161 161 162 161 161 159 160 161 160 166 162 114 120 164 165 170 170 166 167 168 166 167 167 168 168 168 169 170 171 172 172 173 172 173 173 174 174 174 173 173 173 172 
160 161 162 163 163 162 161 161 161 161 160 161 161 160 161 164 167 166 165 165 100 121 168 168 166 173 165 167 166 167 167 168 169 168 169 170 171 171 172 172 173 174 175 174 174 172 172 172 172 173 
160 161 162 162 161 160 160 160 160 160 159 160 161 161 163 166 166 166 171 175 154 108 136 169 166 167 165 167 166 167 167 168 168 168 169 170 171 171 172 173 173 173 173 174 174 174 173 173 172 172 
160 159 159 159 159 157 159 159 159 159 160 159 161 162 163 167 171 171 174 171 176 149 105 140 171 168 165 167 167 167 168 168 169 169 170 170 171 172 172 173 172 172 173 173 173 174 174 174 173 172 
159 158 158 160 160 159 158 158 159 159 161 161 164 166 166 168 170 173 174 175 174 182 138 103 148 173 169 165 167 166 168 169 170 170 171 171 169 172 174 172 172 174 173 173 173 174 174 174 174 172 
159 158 159 160 161 159 159 159 160 161 162 164 166 169 172 173 174 175 175 179 176 180 176 131 107 152 167 168 168 165 165 168 168 168 169 170 170 172 173 172 173 174 173 172 173 176 175 175 175 172 
159 159 160 161 161 160 160 161 162 163 162 165 168 170 173 174 176 178 179 177 179 179 181 176 115 106 163 168 168 167 167 168 168 169 169 169 170 171 172 173 173 174 173 171 170 172 172 172 172 173 
160 160 160 161 161 161 160 161 163 164 166 171 169 171 176 176 176 177 177 178 179 177 179 181 176 122 122 165 170 171 170 168 170 170 171 171 171 170 172 173 174 173 172 170 169 171 171 171 171 174 
160 160 160 159 160 161 160 160 163 165 169 171 173 174 175 177 177 177 176 176 179 178 179 180 181 169 110 123 159 169 170 172 170 171 171 172 172 172 172 173 173 173 172 171 171 171 172 171 172 173 
160 160 159 158 160 162 161 163 166 170 171 172 173 174 177 179 178 177 176 177 176 179 180 178 177 180 167 110 117 164 168 168 171 171 172 172 172 172 172 172 172 172 171 171 171 172 171 171 172 173 
160 159 158 159 160 163 168 168 170 172 172 172 173 173 175 177 177 178 178 176 175 177 180 178 180 177 185 162 112 136 167 168 170 170 171 171 172 171 171 172 171 170 171 171 171 172 171 171 172 174 
159 160 160 160 163 166 168 169 171 174 174 175 175 174 176 177 178 178 177 174 176 177 177 179 178 180 174 179 162 110 124 167 171 170 171 171 171 171 171 171 170 170 170 171 172 172 172 171 172 174 
160 160 161 162 164 167 169 170 173 176 178 179 179 179 180 179 178 176 176 175 177 177 176 178 179 176 176 180 181 151 105 130 169 172 172 169 172 170 170 171 170 169 171 171 171 170 171 171 172 174 
160 161 163 164 165 169 172 174 176 177 178 179 180 180 181 181 178 177 177 178 177 177 177 177 178 178 178 178 179 180 156 103 127 176 168 172 172 171 169 169 169 170 170 170 170 170 171 171 172 174 
