137 136 130 100 106 217 226 218 222 222 222 222 221 222 223 221 222 218 117  85 157  81  86 127 115  64  45 102 144 137 139 141 141 140 141 144 141 144 146 146 146 144 136 106  88  59  36  32  50  84 
146 140 139 141  68  70 212 224 222 222 221 221 222 222 224 219 224 202  93 128 120  48 125 127 134 125  85  65 108 142 141 140 141 141 141 140 142 137 137 135 139 137 146 146 145 143 134 105  72  62 
138 138 145 140 155  64  84 222 219 216 221 223 219 221 219 220 228 167  79 147  74  73 144 128 122 125 140  91  62 143 141 141 142 141 141 141 141 141 141 140 143 142 138 133 137 136 140 151 148 152 
 70  95 125 140 141 145  53 118 224 219 221 223 220 221 219 221 225 143  96 147  67 107 133 124 125 124 130  53  84 148 140 142 141 142 142 141 142 142 141 142 141 141 142 143 142 141 141 139 139 143 
102  90  87 141 140 149 115  30 173 230 219 222 222 220 222 220 223 138 101 134  69 122 127 124 128 128 125  51 119 146 141 141 141 141 141 141 141 141 142 143 141 141 144 142 139 143 143 141 141 139 
139 116  72  95 143 139 147  75  56 210 222 217 223 221 220 223 214 123 108 114  71 130 126 126 125 132 111  74 143 142 141 141 141 142 142 142 142 141 141 141 141 141 143 141 141 143 142 139 141 141 
123 132 101  51 117 151 140 128  20 123 230 216 223 219 222 223 209  98 118 113  85 132 126 127 122 133  93  81 149 141 140 141 141 141 141 141 141 142 141 140 141 141 142 141 142 142 141 141 142 141 
126 127 121  57  65 142 140 147  67  58 215 222 222 222 219 220 215 129 131 115  89 132 128 125 123 129  90  89 147 139 141 141 141 141 141 140 141 142 141 141 142 142 141 142 141 141 141 141 141 141 
126 128 128  88  46 128 144 147  94  21 186 229 221 224 221 227 214 132 128 113  88 132 124 123 125 130  94  96 148 140 141 141 141 141 141 140 141 142 141 141 142 141 142 141 142 142 142 141 141 141 
130 122 129 120  62  90 140 144 114  27 166 225 219 223 221 222 212 103 115 112  86 129 124 124 124 131  94 100 148 140 142 141 142 141 141 140 141 142 141 141 142 142 142 142 141 141 142 141 142 141 
128 128 127 132 100  52 126 140 138  37 128 223 224 219 221 223 211  78 120 117 100 134 122 126 120 130  90 103 143 141 143 141 140 141 142 140 141 142 141 141 142 141 141 141 142 141 142 141 141 140 
126 128 129 129 122  38  79 146 134  83 165 217 217 220 221 219 222  90  97 139  87 124 128 133 131 134 100 104 143 138 142 143 142 141 142 141 142 141 142 142 141 141 140 141 142 141 142 141 139 138 
129 129 128 125 127  56  68 144 143 102 126 215 219 222 219 220 228 153  85 153 103  70  73  69  64  91 105 120 148 140 142 141 141 141 141 141 141 142 141 141 141 141 141 141 142 141 142 141 139 137 
128 128 127 124 130  89  62 132 143 111  95 222 222 221 219 222 222 211 113 106 163 126 111  99  88  90 126 137 137 142 143 141 140 143 142 141 141 141 141 141 141 141 141 141 142 141 141 142 140 139 
131 127 127 125 132  94  55 111 147 122 117 216 221 218 223 220 220 228 169  59  70 118 134 155 155 153 147 144 141 137 136 137 142 138 137 142 143 141 141 141 141 141 141 141 141 142 141 142 141 140 
131 132 127 125 132  90  61 112 148 111 140 223 221 222 223 222 223 220 227 189 121 112  87  59  74  88 101 122 138 144 144 148 147 140 140 140 141 142 145 142 141 138 140 140 141 141 139 140 141 140 
131 126 125 128 132 103  74 116 147  98 154 221 222 223 222 222 222 224 219 226 231 228  82  37 105  83  54  60  64  71  95 119 129 141 145 142 140 139 140 140 143 140 140 139 140 142 142 142 142 142 
124 126 126 127 131 109  65 111 116  88 172 218 221 223 222 222 222 222 222 215 227 157  60 143 147 145 149 135 127 100  81  46  37  56  95 120 143 149 145 144 142 138 137 137 139 141 141 139 139 139 
117 133 129 125 101  68  89  93  37 136 228 219 222 222 223 223 223 221 221 219 214  59 100 160  86  72 100 134 149 154 145 130 112  80  67  64  64  85 123 133 143 144 140 139 139 139 138 139 138 137 
122 119  96  86  91 135 117  38  76 214 224 220 220 222 222 222 222 221 214 231 137  49 154 111  50  97  76  55  57  96 138 145 144 144 145 138 116  90  74  54  72 103 127 147 149 147 142 140 139 138 
115  96 102 126 157 136  42  52 173 225 217 221 221 221 221 221 222 224 222 213  61 107 146  80  79 128 132  98  71  63  92 138 137 142 138 139 143 145 140 114  90  76  66  70  84 118 140 144 144 139 
120 119 147 153 136  34  54 188 226 218 220 219 220 220 222 221 222 218 227 180  74 145 113  40 121 128 123 127 139 117  50 134 136 141 140 139 139 139 139 143 144 143 131 103  73  48  52  87 115 142 
138 136 150 113  40  47  67  88 189 226 217 222 220 221 222 222 222 219 227 158  88 153  88  55 128 127 122 122 127  84  45 146 140 141 142 143 142 140 140 142 137 137 145 148 144 134 117  75  52  41 
142 148  96  27  73 137 111  57  69 210 226 219 221 222 220 221 223 217 230 119  80 150  85 104 132 124 127 123 134  48  65 152 137 140 144 141 140 141 142 139 142 139 140 141 136 142 149 148 133 102 
125  51  53 114 144 148 143  88  50  84 226 222 220 221 222 221 222 220 226 109  96 142  76 129 121 127 122 132 113  26  93 148 138 140 142 141 141 141 141 141 140 139 143 142 136 138 135 135 141 146 
 40  86 141 146 149 138 135 132  89  43 164 227 221 218 224 221 221 221 224 131 113 134  71 126 124 125 122 134  86  29 126 143 137 138 140 141 141 141 141 141 141 139 140 139 138 140 139 138 139 141 
130 149 144 114 109 145 140 146 125  71  60 215 221 219 223 221 221 222 226 162 122 124  66 129 127 124 121 129  66  51 141 143 138 139 141 140 140 140 140 141 140 137 136 137 138 137 137 138 139 138 
151 141  97  46  33  97 146 136 145  82  33 129 224 220 220 221 222 221 224 196 137 121  70 126 122 125 126 121  41  80 149 137 139 142 138 139 139 140 140 140 141 139 139 138 137 136 137 137 139 136 
128  94  85 127  99  24  93 145 142 123  74  69 213 220 222 220 220 221 224 217 154 127  69 119 130 119 128 121  44 103 145 138 137 137 138 138 139 140 140 141 140 138 138 138 138 138 139 139 139 138 
 88 109 132 129 137  95  29 108 145 141  73  36 150 225 218 221 221 221 221 221 171 131  66  65 130 126 130 119  58 109 146 140 140 140 139 139 140 140 140 140 139 138 138 138 139 138 138 138 138 138 
142 131 125 127 127 134  70  51 138 149 104  14  92 224 217 223 222 220 225 222 197 134 133  83  47  84 107 112  80 112 147 140 141 141 141 141 140 141 140 138 138 138 138 138 139 139 138 137 137 137 
130 129 125 128 123 126 121  43  79 147 141  64  28 194 223 222 221 222 221 221 221 198 134 117 120  69  37  51  57 110 148 140 142 140 139 141 141 141 139 137 137 138 138 139 139 138 138 138 137 137 
125 124 128 131 122 123 134  89  36 127 150 105  22 147 231 220 216 222 223 224 222 222 189  86  74 113 119 112 105 137 141 141 140 142 140 144 139 141 141 139 138 140 141 139 138 138 138 139 138 137 
104 128 126 128 125 125 124 123  36  77 151 127  25 108 230 217 219 224 222 222 223 223 224 215 164 125  38  88 134 155 144 138 137 132 138 137 134 141 140 138 136 139 139 138 138 138 138 138 137 136 
 57 125 126 126 127 125 123 132  66  30 136 145  50  74 223 222 219 222 222 223 222 223 217 226 228 223 176  92  44  65 104 143 146 145 141 137 137 144 138 137 136 138 138 138 139 138 138 138 136 135 
 61  88 133 122 127 122 123 128  86  27 120 150  83  69 215 222 217 223 223 223 223 221 223 214 221 218 227 220 188  80  19  53  89 124 145 149 138 139 140 137 137 139 140 138 138 138 138 139 138 137 
108  45 126 130 123 124 122 129 106  37 109 153  91  71 198 224 219 222 221 222 222 221 220 222 220 221 214 217 232 123 100  76  49  59  54  90 129 144 149 142 137 138 137 139 135 138 136 139 138 135 
138  57 102 128 124 123 122 125 121  55 107 152 106  96 199 223 221 222 222 221 221 222 222 221 222 220 219 226 200  87 131  87  65  87  88  69  59  72 100 135 141 147 141 137 135 139 140 135 135 138 
152  90  54 129 128 129 124 134 104  48 126 140  85  57 186 226 219 221 222 221 222 222 222 222 222 223 221 225 169 101 110  35  85  74  58 118 137  94  50  31  60 109 136 144 151 139 138 138 140 138 
144 130  34  99 125 127 129 112  47  28 124 114  24 106 221 221 219 223 221 222 222 222 222 222 221 221 218 220 115  98  75  45 121 134  90  47  91 152 137  85  45  28  39  65 103 130 141 144 139 138 
136 147  63  66 130 128  81  31  56 120 118  40  40 193 224 221 222 220 222 222 222 222 221 221 221 221 223 213  93  72  23  87 131 118 133 120  66 133 143 146 147 111  68  35  20  35  67 104 132 142 
136 147 100  44  86  42  61 116 136 146  51  37 182 224 220 222 221 221 222 222 222 222 222 221 221 220 222 202  85  74  32 124 121 120 132  91  99 143 136 139 136 144 145 128 109  83  31  17  36  73 
140 144 116  56  51  71 140 149 145  78  29 176 225 219 222 222 221 221 222 221 222 221 221 222 222 218 226 176  64  78  59 128 119 127 130  77 119 141 139 136 138 137 138 143 145 145 123  85  47  31 
141 141 135 127 124 145 145 144  86  26 170 227 223 220 221 222 221 221 222 222 222 221 221 221 222 219 228 182  99  71  72 129 124 122 121  62 133 139 139 138 139 137 138 139 138 139 145 142 143 119 
142 139 143 147 144 139 139  93  41 177 226 218 216 220 221 222 221 221 222 221 222 221 221 221 221 220 220 195  99  79  69 135 125 128 108  48 134 141 138 138 137 137 138 138 135 138 138 138 136 140 
141 144 142 136 139 154  76  40 184 230 221 222 222 222 221 221 222 222 222 222 221 221 220 221 220 221 221 219 109  65  54  83 118 136  95  60 138 138 138 138 139 139 138 138 137 137 137 138 138 137 
144 138 138 142 152  72  76 196 227 219 222 222 222 221 221 221 222 222 222 222 221 220 221 221 220 221 220 219 216  87  67  94  62  81  73  82 147 138 140 139 139 138 137 137 138 138 138 137 138 140 
138 139 145 138  66  96 217 223 221 219 222 223 222 222 222 222 222 222 222 222 221 220 221 220 220 220 219 218 226 199  95  66 117  90  61  94 140 139 135 138 138 138 137 137 138 137 138 137 137 139 
140 146 129  39 111 231 221 218 222 223 221 222 223 222 222 222 222 222 222 222 221 220 221 221 220 220 220 218 218 223 222 124  52  74 118 136 137 132 139 135 136 138 138 137 137 138 137 137 136 135 
147 114  66 147 228 219 218 224 221 222 222 222 222 222 222 222 222 221 221 221 221 220 221 220 220 221 220 222 220 218 221 225 190  82  50 104 148 147 131 139 136 140 137 138 138 139 138 137 136 134 
