153 150 149 149 149 148 147 156 113  69 144 158 160 160 160 161 161 161 164 163 162 163 164 165 166 168 170 171 171 170 171 167 169 170 172  96   9  38  61  56  53  55  52  54  49  60 103 134 173 173 
152 150 149 148 146 147 144 149 134  68 121 161 158 159 158 162 163 163 165 166 167 166 166 166 166 167 169 170 170 170 171 170 173 172 174 179  89  10  42  55  48  57  55  53  51  51  86 116 161 174 
153 150 150 148 146 144 146 143 151  91  98 159 160 161 165 165 165 166 167 167 167 166 166 167 167 167 168 169 169 169 170 171 171 171 171 168 178 117  10  32  63  49  55  53  53  48  70  98 142 177 
154 151 150 148 146 144 147 142 155 119  83 142 166 163 169 168 168 168 167 166 165 165 166 166 166 167 168 169 170 169 170 171 171 171 176 168 175 178 102  16  33  55  53  50  52  49  57  86 112 164 
156 152 150 147 145 146 146 146 149 137  73 116 167 166 166 169 169 169 169 169 168 169 169 169 170 170 169 171 171 170 172 173 173 174 173 173 169 168 175 119  20  23  56  53  50  53  52  66  91 144 
157 152 148 147 147 147 147 148 144 150  80  92 170 168 166 169 170 169 170 171 172 171 170 171 171 171 171 170 171 170 172 173 173 174 174 175 171 167 165 175 128  21  26  56  52  58  49  57  82 112 
157 153 148 148 147 146 148 145 143 155  96  76 159 171 169 171 169 170 171 171 171 171 170 171 172 173 171 169 170 170 172 172 173 174 173 174 173 168 167 166 174 120   6  21  43  47  52  51  69  90 
159 154 150 148 147 147 148 143 140 155 116  62 137 176 170 171 170 174 172 172 170 171 172 172 173 174 172 168 170 171 172 173 173 173 174 173 172 168 167 166 160 162 123  16  21  37  47  52  52  76 
161 156 151 148 149 147 146 145 142 148 133  70 108 176 169 171 172 173 173 173 172 171 172 172 171 171 169 167 168 168 170 171 171 171 172 170 170 167 164 162 159 155 163 123  43  17  47  52  46  53 
161 157 151 149 149 146 145 146 145 145 143  84  83 169 172 173 171 172 172 172 174 173 172 171 170 169 166 166 167 166 168 169 169 170 170 169 169 167 162 162 160 159 153 168 130  39  17  47  51  52 
162 159 151 149 148 146 145 144 143 144 149  99  64 147 179 174 172 172 172 172 172 172 171 171 171 170 167 167 166 166 167 168 167 167 167 166 167 166 161 159 156 156 157 153 165 153  51  24  51  52 
164 160 153 150 148 146 145 145 142 143 146 120  62 127 180 172 174 172 172 172 172 172 171 169 168 167 167 166 165 165 166 166 164 163 162 160 159 161 159 157 156 155 157 155 153 164 151  65  26  47 
167 161 156 151 148 146 145 145 143 143 144 138  67  92 174 174 173 171 171 170 169 170 169 168 166 166 166 165 163 162 163 163 160 159 160 158 157 158 156 157 159 155 151 153 156 152 161 143  63  25 
169 161 158 151 148 146 145 144 146 142 144 146  79  71 167 174 170 170 169 168 167 167 167 166 166 165 165 164 163 161 158 157 156 155 156 156 157 155 152 153 152 150 151 152 153 151 158 161 138  63 
170 165 159 151 149 147 144 145 147 141 143 146 102  71 151 173 173 170 170 166 168 167 166 164 163 161 162 163 160 157 154 154 154 153 152 149 145 146 148 148 147 148 149 150 151 150 153 160 163 163 
171 165 159 153 149 148 143 144 145 144 142 145 136  65 114 175 171 170 170 168 168 167 165 163 161 160 158 157 156 154 151 148 145 143 140 137 135 136 138 139 139 141 142 144 147 154 158 157 157 164 
172 167 160 154 150 148 144 144 143 143 140 147 143  72  80 161 174 167 168 169 167 164 162 161 159 157 157 154 150 149 144 138 134 131 128 127 127 127 126 126 129 135 140 144 145 154 156 156 159 159 
174 168 161 155 150 149 144 144 142 143 141 143 142  93  66 148 168 166 163 169 164 161 158 156 155 154 152 146 140 137 133 126 123 122 120 120 121 120 120 121 125 132 137 144 152 156 155 157 164 158 
175 169 164 157 152 149 145 144 142 144 142 137 145 118  56 128 166 166 165 165 161 156 155 153 150 148 143 135 128 125 122 117 115 116 117 117 118 119 119 122 126 132 140 147 155 158 162 166 162 162 
175 170 166 159 153 149 146 145 142 143 143 137 144 128  57 110 164 166 165 161 160 155 152 149 143 139 135 129 123 121 120 117 116 117 118 118 121 123 124 124 129 137 144 152 159 163 165 168 168 167 
176 171 166 161 155 150 147 145 143 143 143 140 142 132  68  87 155 167 160 157 157 151 149 145 137 131 128 123 120 120 118 117 118 118 120 121 124 128 130 128 134 147 152 155 163 167 170 173 173 172 
177 172 168 162 156 150 148 145 143 142 143 141 141 145  77  69 140 163 154 154 152 143 142 138 132 128 126 122 119 120 120 121 124 124 127 128 132 135 137 140 146 153 157 162 169 174 176 177 176 172 
177 173 168 163 157 152 148 144 143 142 143 142 139 143 112  59 121 160 152 151 148 137 134 134 129 126 127 123 121 123 125 127 129 131 132 135 138 141 141 144 152 158 166 172 177 178 179 179 177 175 
178 174 169 165 157 154 148 144 143 142 140 141 141 138 130  71 110 152 151 149 146 134 133 132 128 127 128 127 126 129 130 132 135 137 140 144 148 149 149 153 157 163 171 176 180 180 181 179 177 174 
179 176 171 167 160 156 149 145 143 141 140 140 141 138 138  85  83 145 149 145 141 131 130 129 130 132 132 132 132 133 136 138 141 144 146 148 150 153 155 159 165 170 176 178 181 181 181 179 176 172 
179 177 173 169 163 156 150 146 141 141 139 140 140 140 142  87  62 134 149 136 135 130 129 129 132 135 135 137 138 138 140 142 145 149 151 151 152 155 157 162 169 174 179 179 182 180 179 177 173 169 
179 176 172 169 164 157 152 147 141 141 140 140 139 141 143  99  58 117 146 137 133 133 134 134 136 138 141 144 145 144 145 147 149 151 154 156 156 159 164 170 175 176 177 179 181 178 177 172 167 163 
177 175 173 168 164 159 152 147 143 141 140 141 140 139 143 109  51 101 134 135 134 135 138 137 140 146 147 148 149 150 149 151 153 154 156 159 160 164 169 173 176 175 177 177 177 175 173 169 164 160 
179 178 176 170 165 159 153 147 143 142 140 141 141 138 142 121  52  82 131 137 135 137 139 142 145 150 150 151 152 153 154 156 157 158 161 161 165 170 171 173 176 175 175 176 174 170 165 164 161 158 
180 178 175 171 167 161 154 149 145 142 140 140 140 138 143 127  66  72 126 134 136 139 142 146 149 153 152 152 153 154 155 156 159 161 163 164 167 171 170 171 172 172 170 169 167 164 160 159 159 159 
179 176 175 170 167 162 155 149 145 143 140 140 139 137 138 138  81  61 120 137 141 140 144 148 150 153 155 155 156 157 156 157 161 164 166 171 171 169 170 168 168 169 164 159 161 160 158 158 158 157 
179 178 175 173 168 162 155 149 145 142 138 140 141 140 138 142  97  61 113 138 141 142 146 149 151 154 155 156 158 159 160 161 164 166 170 172 171 172 170 166 163 162 162 158 158 156 155 156 155 156 
179 178 176 173 169 163 156 150 145 143 138 139 141 140 140 144 103  59 105 137 142 144 148 150 152 154 155 156 158 160 163 164 166 168 170 170 170 171 168 164 160 157 157 156 155 155 156 156 157 157 
179 178 176 173 170 163 158 152 146 143 138 139 141 142 139 139  96  55 101 139 145 147 150 151 152 155 156 157 160 162 165 167 168 169 169 168 169 166 162 160 157 155 153 153 153 155 156 157 158 159 
179 178 176 173 171 165 158 153 148 143 138 138 139 140 138 140  99  55  98 140 144 148 151 152 153 156 156 158 161 163 166 167 168 169 168 166 167 163 158 156 155 153 152 154 154 155 155 157 157 158 
178 178 177 174 172 166 159 154 149 144 139 139 140 137 137 139 107  53  88 138 145 150 151 154 154 155 157 159 161 164 166 166 167 167 166 165 164 161 156 156 156 156 156 156 156 157 158 157 157 158 
177 177 178 175 173 167 159 155 149 144 140 139 140 138 136 140 119  56  73 132 145 152 150 154 154 154 157 160 160 162 163 163 163 162 163 162 160 157 156 157 156 157 159 157 157 158 160 158 158 159 
177 177 178 174 173 168 161 155 150 145 139 139 138 138 135 142 125  55  72 144 150 150 153 155 155 154 157 159 159 159 161 160 159 157 159 160 157 156 155 155 155 155 157 157 156 156 159 158 159 160 
177 177 178 174 173 168 163 156 150 146 139 138 137 136 136 141 126  61  78 140 151 151 154 156 155 153 155 158 158 159 158 158 157 156 157 158 157 157 157 156 156 156 158 158 157 158 159 160 160 160 
177 178 178 175 173 169 164 156 150 146 140 138 137 135 139 140 129  63  80 134 151 150 152 153 153 151 154 157 157 158 157 157 156 157 157 157 157 157 157 157 157 158 159 160 160 160 161 161 160 160 
178 179 179 177 173 169 163 155 150 145 140 138 137 137 135 136 135  66  63 130 146 148 150 150 152 155 156 156 156 156 157 156 155 154 154 155 157 157 157 157 158 160 161 161 161 161 161 162 161 160 
178 179 179 176 173 170 164 158 152 146 140 138 138 138 135 136 139  72  66 136 143 147 149 149 150 153 155 156 155 155 154 153 152 152 154 156 157 158 159 159 159 159 159 160 160 161 160 161 161 160 
178 179 179 176 174 172 166 161 154 148 141 138 138 135 134 136 143  82  59 130 149 150 149 148 149 151 153 153 153 153 152 152 152 152 153 155 157 158 158 158 158 158 159 160 160 161 160 160 160 160 
178 179 179 177 175 172 167 162 156 149 142 138 138 135 135 134 139  96  56 114 146 146 150 149 150 151 152 152 152 152 152 152 153 154 152 152 154 156 156 155 156 157 159 160 160 160 160 159 158 159 
179 179 178 176 175 172 168 161 156 151 143 138 136 137 135 132 143 103  53 111 142 143 150 149 149 150 152 153 150 152 151 150 150 150 151 151 153 157 155 157 158 159 157 159 159 159 159 159 158 159 
179 179 178 176 175 172 168 162 156 152 144 139 136 137 134 132 142 107  49  89 135 140 148 147 149 150 150 149 151 150 150 149 149 149 151 150 152 155 155 157 158 158 157 157 158 158 158 158 159 159 
179 179 178 177 175 172 169 164 157 152 144 139 137 136 136 133 140 112  53  78 135 142 145 145 146 148 149 146 149 148 148 148 149 150 150 151 153 155 157 157 157 157 157 157 157 157 157 158 159 159 
179 179 178 176 175 172 169 165 158 152 145 140 137 136 136 135 139 120  56  71 129 143 144 141 140 141 143 145 146 148 148 147 148 150 151 154 155 155 158 156 155 156 158 158 159 159 159 159 159 159 
178 179 178 177 175 172 169 164 158 152 145 139 137 135 135 134 140 120  60  51  95 141 141 144 142 144 147 149 141 147 147 148 150 149 151 154 156 158 159 156 156 157 157 159 159 159 159 159 159 158 
179 178 178 178 175 172 170 165 158 153 144 138 136 135 135 134 141 120  64  52  55  93  89  93  97 102 113 139 148 144 146 148 148 148 151 155 160 161 158 158 158 158 158 158 158 159 159 159 159 158 
