222 221 221 222 223 222 221 218 210 199 200 200 196 197 198 198 200 202 202 207 212 221 224 220 222 223 223 222 222 222 222 222 222 222 222 222 221 221 222 221 222 221 222 223 223 223 222 222 221 220 
220 222 222 222 222 221 221 222 221 219 219 216 215 213 209 211 215 219 218 221 224 223 222 224 221 222 222 223 223 222 222 222 222 222 221 221 222 222 222 222 222 222 222 223 222 222 222 219 222 223 
221 219 223 221 222 222 222 222 222 223 223 223 223 222 223 223 223 223 223 223 222 222 223 220 221 221 223 223 221 219 222 222 219 221 222 222 222 221 223 223 222 222 222 223 222 223 223 223 224 222 
222 220 222 219 221 222 222 222 222 221 221 221 221 221 221 221 221 222 222 222 221 222 222 221 224 219 217 220 215 219 220 220 220 221 223 222 222 221 223 223 221 220 222 223 222 223 223 223 222 221 
202 226 218 222 222 222 222 222 221 222 222 222 222 221 222 222 222 221 222 221 223 224 219 221 221 224 219 231 232 228 230 223 224 221 219 219 219 220 219 220 222 222 222 223 223 223 223 223 222 223 
 80 219 222 219 222 222 222 222 222 221 222 222 222 222 221 222 221 222 221 222 220 221 230 218 210 211 207 159 139 151 162 189 201 223 229 228 228 232 230 228 225 224 224 223 222 222 222 220 221 221 
 20 160 228 218 223 219 223 221 221 222 221 221 222 221 222 221 223 219 222 222 224 215 162 150 102  66  50  19   6   9  12  28  32  69 109 125 150 158 170 195 216 217 218 218 225 227 223 232 227 229 
 65  83 220 218 222 218 224 221 221 222 221 222 222 222 222 221 221 222 222 223 221 114   6  27  51  63  74  82  86  91  80  68  59  32  28  32  25  18  10  24  36  45  51  40  63  80  68 107  93  98 
133  50 167 226 220 220 223 221 222 222 222 221 222 222 222 222 221 220 218 225 194  49  48 123 141 152 158 147 146 147 149 150 144 141 136 142 133 114  98  92  87  81  80  77  58  47  51  42  38  32 
156  65  71 217 219 221 222 222 222 221 222 222 222 222 222 222 223 218 223 228 147  48 140 100  56  81 118 148 140 143 139 137 143 139 141 139 148 145 147 145 147 147 148 149 148 145 146 144 142 133 
145 108  22 176 226 220 221 220 222 221 222 222 221 222 222 222 221 220 227 210  72 117 109  42 109  98  67  91 129 137 138 141 141 141 140 143 140 139 140 143 140 139 139 140 141 140 142 140 140 143 
142 133  24 121 230 218 222 220 222 221 222 222 222 222 222 222 220 219 229 151  44 146  84  86 137 128 131 100  76  80 132 141 140 141 141 141 141 142 142 142 141 140 142 141 141 141 140 138 139 139 
140 147  60  87 227 218 221 222 222 222 222 222 222 222 222 222 222 223 218  68  55 144 107 121 131 123 121 137  87  75 148 139 141 140 141 142 142 141 141 141 142 141 141 142 141 142 141 138 139 139 
134 152  86  58 218 219 220 222 221 222 222 222 222 222 222 222 222 218 211  51  85 140  97 127 131 128 126 133  67  99 147 141 142 142 142 142 142 142 141 141 142 141 141 142 141 142 141 140 140 140 
137 146 113  28 188 227 217 221 222 221 222 221 222 222 222 221 220 222 204  50 100 132 100 128 127 128 124 132  66 109 146 142 141 140 142 142 142 142 142 141 142 141 141 142 142 141 142 142 142 141 
146 146 121  29 175 226 219 220 222 222 222 222 221 222 221 222 221 223 192  37 106 123  97 127 129 125 126 123  65 123 141 138 142 143 142 141 142 141 142 141 142 141 141 142 141 142 141 141 140 141 
145 149  98  33 193 224 220 220 222 222 221 222 221 222 221 221 219 227 180  29 118 117  98 133 124 125 130 105  48 136 140 139 143 140 142 141 142 141 141 142 141 142 142 141 141 142 141 140 141 140 
136 151  72  56 224 219 224 221 222 222 222 221 222 222 222 222 219 228 191  31 101 128 102 125 127 124 132  99  50 147 141 136 142 143 141 142 141 142 142 141 141 141 141 142 141 142 141 140 141 142 
135 142  39 107 229 218 224 221 221 222 221 222 222 222 222 222 223 220 222  56  71 134  94 140 130 125 136  97  56 146 142 140 140 142 141 142 141 141 141 142 142 141 141 142 141 142 141 140 141 141 
154  78  41 202 223 220 222 222 222 222 222 222 222 220 220 221 223 219 229 133  20 133  96  84 109 117 130  84  69 146 141 144 139 141 142 141 141 141 143 141 141 142 141 141 142 141 141 142 141 142 
 99  35 172 227 219 221 222 222 222 222 222 222 218 226 220 223 219 223 222 196  35  58 115  85  69  66  74  30  77 148 140 138 139 143 140 140 142 143 142 140 141 142 141 141 142 141 141 141 140 140 
117 124 218 224 219 221 222 222 222 222 222 222 222 223 218 223 222 208 206 214 102   7  35  90 128 139 134 125 140 144 138 137 139 137 137 138 139 139 140 140 141 140 138 140 142 142 141 139 138 138 
186 204 221 217 221 221 222 222 221 222 222 222 220 220 226 198 140 100 119 104  83  63  42  19  28  50  70  93 109 128 142 150 150 146 141 140 138 139 137 138 141 139 137 139 141 141 140 138 138 138 
216 221 221 222 221 222 222 222 222 221 222 222 220 229 195  64  85 141 147 139 138 142 139  90  66  64  45  27  24  30  49  71  87 113 133 138 142 142 140 136 141 141 136 139 143 142 144 140 140 139 
219 223 216 221 222 221 221 222 223 221 222 223 221 214  81  68 156 124 119 138 147 143 141 144 146 147 141 134 117  91  53  45  33  25  33  37  62  97 129 145 147 147 140 140 137 139 139 138 140 139 
222 218 222 220 221 222 221 222 222 222 222 222 226 164  61 137 138  56  44  69  98 142 147 139 138 142 140 142 146 143 142 142 131 104  86  75  54  38  34  44  81 106 130 148 147 142 140 141 136 138 
217 226 218 222 222 222 222 221 222 223 221 222 218 117  85 157  81  86 127 115  64  45 102 144 137 139 141 141 140 141 144 141 144 146 146 146 144 136 106  88  59  36  32  50  84 124 148 149 143 145 
 70 212 224 222 222 221 221 222 222 224 219 224 202  93 128 120  48 125 127 134 125  85  65 108 142 141 140 141 141 141 140 142 137 137 135 139 137 146 146 145 143 134 105  72  62  51  52  71 106 128 
 64  84 222 219 216 221 223 219 221 219 220 228 167  79 147  74  73 144 128 122 125 140  91  62 143 141 141 142 141 141 141 141 141 141 140 143 142 138 133 137 136 140 151 148 152 129  82  60  33  26 
145  53 118 224 219 221 223 220 221 219 221 225 143  96 147  67 107 133 124 125 124 130  53  84 148 140 142 141 142 142 141 142 142 141 142 141 141 142 143 142 141 141 139 139 143 145 146 142 131 115 
149 115  30 173 230 219 222 222 220 222 220 223 138 101 134  69 122 127 124 128 128 125  51 119 146 141 141 141 141 141 141 141 141 142 143 141 141 144 142 139 143 143 141 141 139 140 142 139 138 148 
139 147  75  56 210 222 217 223 221 220 223 214 123 108 114  71 130 126 126 125 132 111  74 143 142 141 141 141 142 142 142 142 141 141 141 141 141 143 141 141 143 142 139 141 141 139 141 141 141 138 
151 140 128  20 123 230 216 223 219 222 223 209  98 118 113  85 132 126 127 122 133  93  81 149 141 140 141 141 141 141 141 141 142 141 140 141 141 142 141 142 142 141 141 142 141 140 140 136 139 137 
142 140 147  67  58 215 222 222 222 219 220 215 129 131 115  89 132 128 125 123 129  90  89 147 139 141 141 141 141 141 140 141 142 141 141 142 142 141 142 141 141 141 141 141 141 142 140 138 140 138 
128 144 147  94  21 186 229 221 224 221 227 214 132 128 113  88 132 124 123 125 130  94  96 148 140 141 141 141 141 141 140 141 142 141 141 142 141 142 141 142 142 142 141 141 141 141 142 141 140 140 
 90 140 144 114  27 166 225 219 223 221 222 212 103 115 112  86 129 124 124 124 131  94 100 148 140 142 141 142 141 141 140 141 142 141 141 142 142 142 142 141 141 142 141 142 141 141 142 139 141 142 
 52 126 140 138  37 128 223 224 219 221 223 211  78 120 117 100 134 122 126 120 130  90 103 143 141 143 141 140 141 142 140 141 142 141 141 142 141 141 141 142 141 142 141 141 140 140 141 139 136 146 
 38  79 146 134  83 165 217 217 220 221 219 222  90  97 139  87 124 128 133 131 134 100 104 143 138 142 143 142 141 142 141 142 141 142 142 141 141 140 141 142 141 142 141 139 138 139 140 140 138 149 
 56  68 144 143 102 126 215 219 222 219 220 228 153  85 153 103  70  73  69  64  91 105 120 148 140 142 141 141 141 141 141 141 142 141 141 141 141 141 141 142 141 142 141 139 137 138 140 140 135 142 
 89  62 132 143 111  95 222 222 221 219 222 222 211 113 106 163 126 111  99  88  90 126 137 137 142 143 141 140 143 142 141 141 141 141 141 141 141 141 141 142 141 141 142 140 139 140 140 144 135 141 
 94  55 111 147 122 117 216 221 218 223 220 220 228 169  59  70 118 134 155 155 153 147 144 141 137 136 137 142 138 137 142 143 141 141 141 141 141 141 141 141 142 141 142 141 140 141 141 139 136 136 
 90  61 112 148 111 140 223 221 222 223 222 223 220 227 189 121 112  87  59  74  88 101 122 138 144 144 148 147 140 140 140 141 142 145 142 141 138 140 140 141 141 139 140 141 140 141 140 137 139 137 
103  74 116 147  98 154 221 222 223 222 222 222 224 219 226 231 228  82  37 105  83  54  60  64  71  95 119 129 141 145 142 140 139 140 140 143 140 140 139 140 142 142 142 142 142 142 142 139 135 140 
109  65 111 116  88 172 218 221 223 222 222 222 222 222 215 227 157  60 143 147 145 149 135 127 100  81  46  37  56  95 120 143 149 145 144 142 138 137 137 139 141 141 139 139 139 139 141 142 140 138 
 68  89  93  37 136 228 219 222 222 223 223 223 221 221 219 214  59 100 160  86  72 100 134 149 154 145 130 112  80  67  64  64  85 123 133 143 144 140 139 139 139 138 139 138 137 138 138 138 142 141 
135 117  38  76 214 224 220 220 222 222 222 222 221 214 231 137  49 154 111  50  97  76  55  57  96 138 145 144 144 145 138 116  90  74  54  72 103 127 147 149 147 142 140 139 138 140 140 138 141 141 
136  42  52 173 225 217 221 221 221 221 221 222 224 222 213  61 107 146  80  79 128 132  98  71  63  92 138 137 142 138 139 143 145 140 114  90  76  66  70  84 118 140 144 144 139 139 134 133 139 137 
 34  54 188 226 218 220 219 220 220 222 221 222 218 227 180  74 145 113  40 121 128 123 127 139 117  50 134 136 141 140 139 139 139 139 143 144 143 131 103  73  48  52  87 115 142 146 149 145 138 140 
 47  67  88 189 226 217 222 220 221 222 222 222 219 227 158  88 153  88  55 128 127 122 122 127  84  45 146 140 141 142 143 142 140 140 142 137 137 145 148 144 134 117  75  52  41  54  91 115 130 138 
137 111  57  69 210 226 219 221 222 220 221 223 217 230 119  80 150  85 104 132 124 127 123 134  48  65 152 137 140 144 141 140 141 142 139 142 139 140 141 136 142 149 148 133 102  68  42  43  42  59 
