 84  84  85  83  74 100 114 127 138 164 181 185 184 179 179 183 188 190 192 194 193 191 193 191 192 193 190 186 179 180 182 182 180 177 172 160 150 139 136 136 137 141 146 144 139 136 137 136 138 145 
 86  84  83  84 111 120 125 150 174 185 184 178 183 181 183 188 192 194 192 191 191 192 191 191 191 190 183 181 183 182 181 183 182 181 177 170 165 154 142 139 135 133 136 137 136 136 136 136 137 139 
 81  83  89 120 124 136 168 184 181 179 179 183 184 186 189 191 192 194 192 190 191 192 192 191 190 186 183 181 183 181 181 183 183 183 181 178 172 166 159 149 141 136 136 133 134 135 135 136 137 136 
 85 109 129 123 155 186 180 181 182 178 181 183 185 188 190 192 193 192 191 191 192 192 190 189 184 179 179 181 179 181 183 183 183 182 183 183 178 178 173 164 156 144 139 135 135 135 136 136 135 134 
121 127 139 167 186 182 178 182 182 181 183 182 187 191 192 192 192 191 191 191 191 191 186 182 173 172 176 180 180 180 181 183 182 181 182 182 181 180 177 173 162 150 141 137 134 135 136 136 135 135 
120 144 185 187 182 180 181 181 181 182 180 186 193 192 192 192 192 192 192 191 190 187 175 166 157 159 164 169 176 177 179 182 182 181 182 182 183 181 180 177 168 155 141 137 134 135 136 134 132 132 
162 195 188 184 180 181 181 180 181 184 186 193 192 192 193 192 193 192 192 191 187 180 161 150 142 143 149 156 167 173 176 180 181 182 182 182 184 183 182 176 173 161 144 137 133 134 136 135 135 135 
196 194 186 182 181 181 180 179 184 189 193 193 192 192 192 192 192 192 193 191 185 174 150 139 134 133 139 145 150 164 171 175 178 182 183 182 184 183 181 175 173 161 142 137 134 134 136 135 135 136 
191 190 188 180 182 181 180 182 187 192 192 190 190 192 191 191 193 193 192 192 186 172 154 143 135 132 132 139 138 151 162 169 175 177 180 182 183 182 179 175 168 154 141 136 136 135 135 134 137 141 
193 191 185 181 179 183 186 187 188 188 187 188 188 189 189 190 190 192 193 191 184 175 164 150 137 133 132 136 136 142 149 156 165 169 173 177 178 177 173 166 157 146 139 135 136 135 135 135 141 146 
191 190 187 183 182 186 189 189 185 180 177 175 175 175 179 182 183 185 187 181 175 175 165 152 142 136 133 133 137 137 138 143 147 155 159 163 166 164 159 152 145 138 136 136 136 135 138 141 144 149 
192 190 189 189 188 191 191 185 179 169 163 157 157 157 159 165 169 172 171 167 166 166 160 149 138 133 135 135 135 134 135 138 138 140 145 148 150 149 145 138 137 135 136 136 136 136 141 145 147 153 
192 192 192 192 193 193 189 181 171 156 151 148 148 149 148 150 154 156 152 151 152 148 144 140 137 136 136 136 134 135 135 136 137 137 138 139 139 138 138 135 134 136 136 135 136 137 142 148 151 155 
192 193 193 192 192 190 188 180 166 150 145 146 146 147 146 145 146 145 140 139 140 138 138 136 135 134 135 136 135 135 135 135 135 135 135 134 134 135 136 138 134 135 136 137 139 142 145 146 149 152 
193 192 193 192 193 191 187 178 164 150 146 145 143 145 147 146 142 138 135 135 135 135 135 135 134 135 136 136 135 136 135 136 137 134 133 134 134 134 134 136 136 134 137 140 143 145 145 145 145 146 
192 193 192 192 192 189 187 179 167 153 147 145 145 147 148 146 140 134 134 134 133 134 135 135 135 136 135 135 135 135 136 137 138 137 138 139 137 136 135 136 136 134 137 142 143 146 145 145 145 144 
192 193 192 192 192 190 191 187 178 162 149 145 145 145 145 143 138 133 136 137 134 136 137 137 136 136 135 135 136 135 136 134 135 138 141 142 139 135 135 136 135 141 144 144 144 143 143 144 144 143 
192 193 192 193 191 190 191 189 182 172 158 151 148 144 144 140 137 136 136 137 136 136 136 136 136 136 135 135 135 135 134 134 134 137 138 139 138 135 137 138 136 142 145 146 144 143 143 144 143 143 
192 193 192 193 191 190 191 192 188 182 170 162 154 146 141 136 135 136 136 135 135 136 135 135 135 135 136 135 136 135 135 134 134 134 135 137 135 134 136 138 143 144 147 146 144 143 143 144 143 143 
192 193 192 192 192 191 193 193 192 189 182 173 164 153 141 136 136 136 137 136 137 136 135 136 136 136 135 135 136 135 135 134 134 134 134 136 134 135 139 140 145 144 147 147 144 143 143 144 143 143 
193 192 193 192 193 192 191 192 192 192 188 184 178 167 152 144 142 136 137 141 141 138 135 135 135 135 136 136 136 135 134 134 134 136 137 137 136 137 144 145 142 143 145 146 145 143 143 144 143 143 
192 192 192 192 193 192 192 192 191 190 190 189 185 177 163 157 150 144 144 147 146 140 137 135 135 135 135 135 134 136 137 137 136 136 138 140 139 143 148 147 146 146 147 148 146 144 144 144 144 145 
193 193 192 193 192 192 193 192 193 193 192 191 188 181 173 170 167 162 163 163 159 154 149 146 142 140 138 139 138 139 142 143 144 146 148 150 152 158 161 161 160 159 158 156 155 152 150 149 148 148 
193 192 193 192 193 193 193 192 193 193 193 192 188 182 178 177 178 177 180 177 172 171 165 162 155 150 151 153 151 152 154 156 161 164 167 171 174 175 174 176 174 172 171 168 165 162 159 159 156 151 
193 193 192 193 192 192 192 192 192 192 191 191 187 182 182 183 185 189 189 188 186 184 182 178 172 167 169 169 167 170 171 172 176 179 181 184 187 189 188 188 188 187 185 184 181 178 177 175 170 165 
193 193 192 193 192 192 192 192 193 192 192 191 186 181 182 185 190 192 190 190 191 189 189 182 178 177 177 177 175 176 179 180 182 185 188 191 191 191 191 191 191 191 191 189 189 187 187 186 184 180 
193 192 193 192 193 193 192 193 192 192 193 191 188 185 186 189 191 192 191 191 191 192 191 184 181 180 179 180 179 178 178 182 185 188 190 193 193 193 193 193 193 193 193 192 192 192 192 191 190 188 
192 192 192 192 192 192 192 193 192 192 193 194 192 190 190 191 191 192 192 192 192 191 187 183 181 183 181 181 181 180 181 185 189 191 191 193 192 192 192 192 192 192 192 193 193 193 193 193 192 192 
192 192 192 192 192 192 193 192 193 192 193 193 193 193 192 192 192 192 192 193 192 191 186 181 181 183 182 183 182 181 181 185 191 192 192 193 192 193 193 193 192 193 192 193 194 194 194 192 191 193 
192 192 192 192 192 192 192 193 193 193 192 192 192 192 192 192 192 193 193 193 193 191 184 182 181 182 182 182 182 181 181 186 192 192 192 192 192 192 193 193 192 192 192 192 193 192 192 192 192 193 
192 192 192 192 192 192 192 193 193 193 192 192 192 192 192 192 192 193 193 192 193 190 183 181 182 183 183 182 182 181 182 188 192 192 193 192 192 192 193 193 193 192 193 192 192 192 192 193 192 192 
192 192 192 192 192 192 192 192 192 193 193 193 193 192 192 192 192 192 193 192 192 190 183 181 181 181 181 181 178 183 188 191 192 192 192 192 192 192 193 193 192 193 192 193 192 193 193 192 192 192 
192 192 192 192 192 192 192 192 193 193 192 192 192 193 192 192 193 192 193 192 192 191 185 182 181 179 179 182 180 187 193 193 193 191 192 192 192 192 193 193 193 192 193 192 192 192 192 192 193 193 
192 192 192 192 192 192 192 192 193 193 193 193 193 193 193 193 193 192 192 192 192 192 188 184 182 181 180 182 186 190 191 192 191 190 192 192 192 192 193 193 193 193 193 193 193 193 192 193 192 193 
192 192 192 192 192 192 192 192 193 193 193 193 193 193 193 193 192 192 193 192 193 193 190 185 182 182 180 186 191 192 191 192 192 192 192 192 193 192 193 193 193 193 193 193 193 193 193 193 192 192 
192 192 192 192 192 192 192 192 193 193 193 193 193 193 193 193 193 192 193 192 192 192 190 185 183 182 183 189 192 192 192 192 192 193 192 192 192 193 193 193 193 193 193 193 193 193 193 193 192 192 
192 192 192 192 192 192 192 192 193 193 193 193 193 193 193 193 193 192 193 192 192 192 190 186 182 183 187 189 191 191 192 192 192 192 192 192 193 192 193 193 193 193 193 193 193 193 193 193 192 193 
193 193 193 193 193 193 193 193 193 193 193 193 193 193 193 193 193 192 192 193 192 193 193 188 185 185 190 191 191 191 192 192 192 192 192 193 193 193 193 193 193 193 193 193 193 193 193 193 192 192 
193 193 193 193 193 193 193 193 193 193 193 193 193 193 193 193 193 193 192 193 192 193 193 190 188 188 192 192 192 192 192 192 192 192 192 193 193 193 193 193 193 193 193 193 193 193 193 193 192 192 
193 193 193 193 193 193 193 193 193 193 193 193 193 193 193 193 193 193 192 192 192 192 192 192 191 190 192 192 193 192 192 192 192 192 192 193 193 193 193 193 193 193 193 193 193 193 193 193 192 192 
193 192 193 193 193 193 193 193 193 193 193 193 193 193 193 193 193 193 192 192 192 192 192 193 193 194 193 192 192 192 192 192 192 192 192 193 193 193 193 193 193 193 193 193 193 193 193 193 192 192 
192 193 192 193 193 193 193 193 193 193 193 193 193 193 193 193 193 193 192 192 192 192 192 193 193 194 193 192 193 192 192 192 192 192 192 193 193 193 193 193 193 193 193 193 193 193 193 193 192 192 
193 192 193 193 193 193 193 193 193 193 193 193 193 193 193 193 193 193 192 192 192 192 192 192 192 192 192 193 192 193 193 193 193 193 193 193 193 193 193 193 193 193 193 193 193 193 193 193 193 193 
192 192 192 193 193 193 193 193 193 193 193 193 193 193 193 193 193 193 192 192 192 192 192 192 192 192 192 193 192 193 193 193 193 193 193 193 193 193 193 193 193 193 193 193 193 193 193 193 193 193 
191 193 192 193 192 193 193 193 193 193 193 193 193 193 193 193 193 193 192 192 192 192 192 192 192 193 193 192 193 192 193 193 193 193 193 193 193 193 193 193 193 193 193 193 193 193 193 193 193 193 
192 193 192 192 193 192 193 193 193 193 193 193 193 193 193 193 193 193 192 192 192 192 192 192 192 192 192 193 193 193 193 193 193 193 193 193 193 193 193 193 193 193 193 193 193 193 193 193 193 193 
193 192 193 193 192 193 193 193 193 193 193 193 193 193 193 193 193 193 193 193 193 193 193 193 193 193 193 193 193 193 193 193 193 193 193 193 193 193 193 193 193 193 193 193 193 193 193 193 193 193 
192 192 193 192 193 192 193 193 193 193 193 193 193 193 193 193 193 193 193 193 193 193 193 193 193 193 193 193 193 193 193 193 193 193 193 193 193 193 193 193 193 193 193 193 193 193 193 193 193 193 
193 192 192 192 192 192 193 192 193 193 193 193 193 193 193 193 193 193 193 193 193 193 193 193 192 192 192 192 192 192 192 192 192 192 193 193 193 193 193 193 193 193 193 193 193 193 193 193 193 193 
191 193 192 192 192 192 193 193 193 193 193 193 193 193 193 193 193 193 193 193 193 193 193 193 192 192 192 192 192 192 192 192 192 192 193 193 193 193 193 193 193 193 193 193 193 193 193 193 193 193 
