 10  48 128 142 139 133 135 135 135 132 132 133 133 133 132 131 131 131 131 130 130 130 129 129 129 128 129 130 128 127 126 127 126 125 125 124 124 124 124 123 123 123 124 122 120 120 122 122 121 120 
 29  15  41 128 143 133 138 133 134 134 134 134 134 133 132 131 130 131 130 130 130 130 129 128 127 127 128 129 127 127 127 125 124 125 123 123 123 123 123 123 123 122 123 122 122 121 121 121 121 120 
 45  28  10  49 125 135 132 134 135 134 134 133 133 133 132 131 131 132 132 131 131 131 130 128 127 126 127 128 127 127 127 125 123 125 123 123 123 123 123 122 122 121 122 122 123 121 120 120 120 119 
 53  51  41  11  29 122 142 135 132 131 131 131 131 132 132 132 131 132 131 130 130 130 129 128 128 127 128 128 128 128 126 124 124 124 124 123 123 123 123 122 122 121 121 121 122 121 120 120 120 120 
 54  56  57  32  13  41 120 132 133 131 131 130 130 131 132 132 132 131 131 130 130 129 129 129 128 128 129 129 128 128 126 123 123 123 124 123 123 123 123 122 122 121 121 120 121 120 119 121 120 120 
 56  54  59  53  37  10  49 125 134 131 130 132 131 131 132 132 131 130 131 129 130 129 129 129 129 128 128 129 128 128 126 123 122 123 124 125 124 123 123 123 122 121 120 120 121 120 118 120 121 120 
 44  53  51  55  52  32  25  77 136 131 131 131 132 133 133 131 129 131 131 130 130 128 129 130 129 129 126 126 128 126 126 125 121 122 124 122 121 123 123 121 121 122 120 122 122 121 121 119 121 121 
 25  49  57  50  53  54  36  18 100 137 134 129 135 133 132 130 128 131 130 130 129 128 129 129 128 128 127 125 127 127 124 123 125 121 121 123 122 121 121 122 119 119 122 121 120 119 119 120 120 121 
  7  28  50  51  50  56  50  18  34 115 142 136 134 136 134 132 129 129 128 128 128 128 128 129 127 126 126 126 126 128 125 124 124 120 124 125 124 125 125 127 129 128 126 125 125 126 122 119 119 120 
 35  11  35  58  52  54  54  59  31  85 135 135 137 136 136 134 132 130 130 129 129 128 128 128 126 123 127 129 123 124 128 129 129 134 129 126 122 118 112 102 104 105 103 114 110 111 128 133 126 120 
167  18  15  49  53  52  53  55  37  58 134 134 138 140 141 140 135 131 130 130 129 131 127 129 125 124 122 125 131 129 124 130 120  99  78  65  42  22  15  12  12  14  17  23  19  34  65 101 124 128 
226  92   9  35  58  53  55  57  44  40 100 130 130 136 141 141 139 135 131 127 128 131 128 124 121 126 132 128 114  77  52  37  21  12   5   4   4   9  15  15  12  11  12  12   9   3   2  16  36  52 
222 171  18  19  50  55  52  53  46  36  64 111 116 121 130 134 137 138 135 129 130 129 127 126 138 128 101  59  18   4   4   8  13  16  22  29  34  38  38  37  38  36  37  31  28  23  20  13   7   6 
213 225 102   5  38  59  51  51  56  43  40  87 101 109 116 123 133 139 141 135 135 134 138 127 103  57  13   2  12  28  40  42  44  47  44  51  52  50  48  48  50  48  47  48  47  50  51  41  29  20 
212 224 167  15  26  56  55  50  51  47  30  71  94  95 101 108 120 128 136 138 145 123  78  42  14   8  17  29  43  48  49  49  49  47  52  50  50  46  45  45  44  43  44  45  43  45  51  47  44  44 
219 219 214  51  18  51  54  50  50  50  33  68  86  85  89  95 102 117 126 135  85  43  26  29  36  47  51  50  52  50  47  50  50  49  50  49  49  52  53  54  48  52  50  48  49  48  45  47  44  46 
216 218 225  72   7  52  53  52  56  51  30  61  77  77  80  85  95 100 109  71  30  35  45  53  53  51  50  50  49  49  48  48  44  45  41  40  34  26  21  19  18  20  33  38  42  50  48  45  48  45 
221 213 225 135   4  50  53  52  54  50  33  62  71  73  77  80  85  93  86  33  45  55  57  55  52  49  48  51  48  49  50  43  31  22  11   3   8  38  73  88 108  74  17   6   6  23  42  45  48  45 
214 216 227 179  20  41  54  50  51  53  41  66  69  70  72  73  77  77  43  46  55  53  51  51  47  50  52  48  48  44  30  19  14   2  27 104 173 200 216 222 221 212 180 155 108  32   7  26  38  42 
218 215 220 207  43  34  56  49  52  50  44  65  65  69  70  68  77  49  36  57  52  49  48  48  49  50  49  50  48  33  13   9  19 104 191 226 226 217 206 210 211 211 215 221 224 193  95  24  10  31 
220 216 219 205  41  34  53  54  53  44  52  65  63  67  69  73  66  32  53  51  51  49  49  49  48  50  48  49  49  47  16  41 169 228 211 145  97 165 222 214 210 210 210 207 208 219 224 183  49   2 
219 216 216 206  41  31  54  53  52  40  59  64  64  65  66  75  49  43  54  45  50  49  49  48  49  48  50  54  52  27  47 194 222 208  81   8   7  31 162 212 214 213 209 213 209 209 209 216 197  98 
217 215 223 179  19  37  55  60  48  38  61  62  62  61  66  59  37  55  49  52  51  49  49  49  48  49  49  50  45  18 166 215 210  96   3  16  18   4  49 207 212 211 211 208 209 212 211 207 213 215 
218 214 227 151   3  49  51  57  44  46  61  61  64  62  63  38  44  52  47  48  49  49  50  49  49  50  46  56  26  95 216 214 197  22  15  15  19   4  97 223 209 210 211 210 209 210 209 211 210 211 
216 214 228 113   5  48  53  62  40  56  66  63  61  62  54  37  59  50  48  48  48  50  49  49  48  48  51  46  26 175 220 214 217  81   2   6   6   8 164 217 208 211 211 209 210 210 210 209 211 211 
212 217 214  43   8  39  54  47  42  63  61  62  62  62  41  49  55  48  50  48  48  49  48  47  47  49  53  28  47 212 218 209 215 199 136 103  74 137 209 209 209 214 209 209 210 210 210 208 209 211 
224 225 153   7  19  45  53  37  52  65  65  59  64  53  34  52  50  49  50  49  48  47  48  47  47  45  53  24 104 223 212 211 215 216 219 220 214 216 213 211 214 212 209 210 210 211 210 209 208 210 
133  92  27  28  52  53  42  35  60  65  65  58  67  43  35  49  50  50  50  49  49  48  48  47  48  47  51  16 143 223 210 212 212 211 209 210 212 207 211 211 210 208 211 210 210 210 209 208 210 211 
  9  16  35  50  53  53  35  41  64  63  59  61  57  35  50  51  51  48  48  48  48  48  48  48  48  50  51  16 142 222 210 212 212 212 212 211 210 209 210 210 210 210 210 210 210 210 210 210 210 209 
 54  58  56  49  53  44  37  59  63  60  63  65  43  42  54  52  50  47  47  47  47  47  48  47  48  47  52  16 132 224 211 213 213 213 212 211 211 210 210 211 210 210 210 210 210 210 209 209 210 209 
 54  50  53  52  48  36  42  64  61  60  64  61  34  49  50  49  50  48  47  47  47  48  48  48  48  47  53  11 129 223 212 213 213 213 212 211 210 209 210 211 210 210 210 210 210 210 210 210 210 210 
 54  52  48  30  26  34  50  65  63  64  60  49  39  55  54  48  52  48  48  47  48  48  47  48  48  50  50  20  66 214 213 215 215 213 211 210 210 210 210 211 210 210 210 210 209 209 209 208 211 209 
 30  20  13  21  32  39  65  64  62  66  59  38  33  55  52  51  50  48  48  48  49  48  47  47  48  48  51  36  16 173 222 213 212 212 209 209 209 210 210 210 211 210 210 210 209 209 209 210 209 208 
 10  21  52  85  51  50  65  61  64  64  49  42  20  38  54  52  50  49  47  47  48  47  47  46  48  42  33  35   8 100 207 208 211 209 211 209 209 209 210 211 210 210 210 210 210 209 210 211 207 210 
 71  93 103  63  34  62  63  64  65  59  33  81  70  13  48  53  51  50  49  47  48  46  45  46  46  45  28  21  17  14 150 211 208 213 213 211 210 210 210 210 210 211 210 210 210 210 210 209 210 211 
101 103  95  44  39  64  61  64  64  54  43 100  99  37  22  47  50  50  47  48  47  46  45  45  45  48  45  23  13   4  90 223 210 209 215 212 212 209 210 211 210 209 210 210 210 210 211 210 211 208 
 97  95  69  32  58  62  63  60  63  38  82 105 100  79  16  31  48  47  51  50  47  47  46  46  45  47  50  48  31  14   5 107 214 212 213 208 210 212 211 211 212 211 213 208 210 210 209 209 206 208 
101  86  36  48  64  62  61  65  53  45  98 100  99  96  51  14  34  52  51  50  48  45  44  44  44  45  45  48  53  35  17  12  87 196 211 214 217 208 209 209 210 209 209 207 211 209 210 216 217 216 
103  62  33  65  62  64  60  65  41  72 100  99  98  94  99  47   9  36  48  47  48  45  44  44  44  46  44  49  46  49  51  30  19  74 134 167 178 215 211 223 217 218 220 218 216 216 217 203 171 116 
 87  47  51  64  62  62  63  58  38  85 102 105  97  97  99  86  45  17  31  49  48  46  45  46  45  47  49  46  47  49  52  43  41  32  25  32  20  81 108 114 157 161 168 172 157 117  68  39  11   7 
 61  50  65  62  64  64  64  41  58 101 101 101  96  96  96  96  94  54  10  38  49  45  45  46  47  46  47  47  47  46  47  43  47  49  48  37  29  11  11   9  13  14  19  18  14  11  11  26  31  39 
 39  63  60  66  62  60  58  35  87 108  97  95  96  95  95  95  94  97  56   9  35  51  47  50  45  44  46  48  47  46  45  44  46  44  49  48  45  48  43  47  41  40  37  34  43  45  44  43  42  43 
 55  62  63  59  59  63  47  44  99 104  97  96  99  95  95  94  94  97  95  71  36  31  47  44  50  45  44  46  46  45  45  45  45  45  44  44  44  44  48  45  43  43  46  45  42  43  42  40  42  43 
 67  59  63  59  63  65  35  70 101  98  96  99  98  97  96  94  95  92  97 106  79  35  34  38  48  48  45  43  43  43  46  48  45  45  44  47  45  43  45  44  47  46  45  44  43  46  45  48  44  39 
 61  63  61  64  64  50  41  97 103  96  96  97  96  97  96  95  95  94  97  98  98  89  61  37  21  39  44  45  48  51  50  48  47  48  48  47  45  46  41  39  39  30  28  31  26  23  20  13  25  31 
 64  63  61  64  62  38  69 103  93  95  96  96  97  96  95  95  94  94  95  96  96 101  97  73  27  18  24  28  27  23  21  23  28  22  21  19  18  18  19  18  20  24  31  40  45  50  52  59  73  84 
 62  62  61  64  55  35  89 103  94  95  96  97  97  95  96  95  96  96  95  95  95  93  95  97  95  87  82  78  70  56  43  37  37  38  49  56  58  63  72  77  83  90  93  93  94  97  98  98  98  97 
 62  62  61  62  51  28  74 107  97  96  95  95  95  94  95  95  96  96  95  95  94  96  98  97 100 103 101  98  98  98 100  98  98  99  99 101 103 104 101  99  99  97  96  96  95  94  94  94  93  94 
 60  61  60  60  37  34  19  45  85  97  96  96  96  94  97  97  95  96  95  95  96  94  94  98  96  96  96  96  94  95  95  96  94  95  95  92  94  94  94  93  92  92  94  97  95  95  95  95  93  92 
 58  60  61  55  34  82  77  33  29  41  68  90  97  99  99  98  97  95  94  95  94  94  95  96  98  97  95  96  97  97  97  95  95  96  96  93  95  96  94  92  93  96  97  95  95  96  99 101 100  98 
