192 192 193 192 193 193 193 193 193 193 193 192 193 192 193 193 193 193 193 193 193 193 194 193 193 192 192 191 191 191 191 190 191 191 190 190 191 191 190 190 191 192 191 190 189 190 190 191 191 191 
192 192 193 192 193 193 193 193 192 193 192 192 193 192 193 194 194 193 193 194 194 194 194 193 192 192 190 191 191 191 191 191 191 190 190 190 191 191 191 191 192 192 191 190 190 191 190 190 190 191 
194 193 192 193 192 193 193 193 193 192 193 193 193 192 193 194 193 193 194 194 194 193 194 193 192 192 191 190 191 191 191 191 191 190 190 190 191 191 191 191 191 192 192 192 191 190 191 191 191 190 
192 192 193 192 193 193 193 193 192 193 192 192 192 192 193 193 193 194 193 193 193 193 194 193 192 192 191 190 191 191 190 191 191 191 191 190 192 192 192 192 190 190 190 190 190 190 190 190 190 191 
192 192 193 192 193 193 193 193 193 192 193 193 193 193 193 193 194 193 194 194 194 194 194 193 192 192 191 190 191 190 191 191 191 191 191 191 192 192 192 192 190 189 189 190 190 190 191 191 191 190 
193 193 192 193 192 193 193 193 193 192 193 194 194 194 194 193 194 193 194 195 194 194 194 193 192 192 191 190 191 190 191 191 192 191 191 191 192 191 191 191 191 191 191 191 190 190 190 191 191 190 
192 192 193 192 193 193 193 193 193 192 193 193 193 193 193 193 194 193 193 194 194 193 193 192 192 192 191 190 191 191 191 191 191 191 191 191 191 191 191 191 191 190 190 191 190 189 191 190 189 189 
193 192 193 193 193 193 193 193 193 192 193 193 193 193 193 193 194 193 194 193 193 192 192 192 193 192 191 190 191 191 191 191 191 191 191 191 191 190 191 191 190 190 190 190 191 190 190 189 188 188 
192 192 193 193 193 193 193 193 193 192 193 194 194 194 194 194 194 193 194 193 192 192 191 192 192 192 191 190 191 191 191 191 191 191 191 191 190 190 190 190 190 191 191 190 190 190 191 189 186 187 
192 192 193 193 193 193 193 193 193 192 193 193 193 194 193 194 194 194 193 193 192 192 191 191 191 191 190 190 191 191 191 191 191 191 191 192 190 190 190 190 191 191 191 190 189 190 191 186 185 186 
193 192 193 193 193 193 193 193 193 192 193 193 193 194 193 193 193 194 193 193 192 192 191 191 191 191 191 191 190 191 191 191 192 192 191 192 191 190 191 190 191 191 189 189 189 187 187 189 187 186 
192 193 192 192 192 193 193 193 193 192 193 193 193 194 193 194 194 194 193 193 192 192 191 191 191 191 191 191 191 191 191 191 192 192 191 192 190 190 191 190 191 191 188 188 190 188 187 189 178 159 
192 192 192 192 193 192 192 192 192 192 193 193 193 194 193 194 193 194 194 193 192 192 191 191 191 191 191 191 191 191 191 191 191 192 192 192 191 191 190 190 189 190 193 194 196 190 173 145 116 101 
193 192 192 192 192 193 193 193 193 193 193 193 193 194 193 193 194 193 193 193 193 193 193 191 191 191 191 191 191 192 192 193 192 191 191 191 189 190 190 190 193 196 189 177 157 139 116 109 116 128 
190 194 192 192 192 193 193 194 193 193 193 194 194 194 194 193 194 193 193 193 192 193 193 191 191 191 190 192 191 189 189 190 190 193 190 191 191 194 195 194 180 157 139 117 111 120 135 150 174 184 
191 193 192 192 193 193 193 193 193 193 193 193 193 193 193 193 194 193 193 192 192 192 192 191 191 191 191 190 190 189 190 193 193 191 193 191 194 183 159 136 127 121 138 152 163 175 187 187 187 182 
194 192 192 192 192 192 193 194 193 194 194 193 194 194 194 194 194 193 193 191 191 192 192 191 191 191 191 189 190 192 193 193 191 191 186 163 140 128 123 132 145 170 191 193 196 195 189 187 185 185 
194 192 191 191 194 193 193 194 193 194 193 194 193 193 193 192 193 192 192 192 192 190 191 193 193 194 196 194 191 188 175 162 152 140 139 146 158 167 179 191 192 191 189 191 189 188 188 187 187 186 
192 192 190 190 192 195 194 194 194 194 193 194 193 192 191 190 191 191 190 190 193 192 191 187 183 178 170 172 170 152 152 163 167 167 178 193 196 195 194 190 189 190 190 189 188 188 189 188 187 187 
198 190 193 192 189 192 193 194 193 193 193 194 193 192 192 190 191 191 191 192 189 187 177 165 155 153 166 178 183 183 185 195 195 195 193 192 189 187 188 191 191 190 190 190 190 190 191 190 188 190 
217 201 193 192 194 193 193 194 194 193 193 194 193 192 192 190 191 191 191 192 188 185 180 177 182 189 193 193 193 196 194 190 188 190 192 193 192 190 188 189 189 189 190 190 190 191 192 191 189 189 
225 220 204 192 192 191 193 193 193 194 194 193 193 193 191 190 191 191 190 189 191 189 189 192 192 192 189 190 189 188 193 189 191 190 189 191 190 191 190 191 190 189 190 190 190 191 191 191 190 188 
223 223 219 211 200 190 193 195 191 191 192 192 192 191 191 190 190 190 191 191 191 190 189 190 190 190 190 190 191 190 189 190 191 191 191 190 190 190 191 191 191 190 191 190 191 191 191 191 191 188 
223 223 223 224 216 202 190 192 192 192 191 192 192 191 191 190 191 190 191 191 191 190 190 190 191 191 191 190 190 190 189 190 191 192 192 191 190 191 190 190 190 191 190 190 190 190 190 190 190 189 
223 222 222 221 220 220 205 192 193 194 191 191 191 191 191 190 191 190 191 191 191 190 189 190 191 190 191 190 190 190 189 190 190 191 191 191 190 190 190 191 191 190 191 191 190 190 191 191 190 191 
222 222 219 222 223 221 221 214 198 191 191 191 191 190 191 190 190 190 191 191 191 190 189 190 191 191 191 190 191 190 189 189 190 191 191 190 190 191 190 190 190 190 190 190 190 190 189 189 189 190 
223 223 223 224 222 221 221 223 218 203 195 191 189 191 191 191 191 194 192 191 191 191 191 191 191 191 193 191 190 192 190 188 189 190 191 191 191 190 192 190 190 188 189 192 189 190 195 196 198 193 
223 223 223 222 221 221 221 221 223 221 212 201 194 192 191 194 192 191 191 191 191 191 192 191 191 191 193 192 191 190 190 189 188 190 187 187 188 188 188 192 197 197 195 195 192 177 154 121  71  52 
223 223 223 222 223 223 223 224 223 224 223 222 206 194 195 193 193 191 193 193 192 192 192 193 192 190 191 190 189 189 191 190 190 197 197 201 197 190 190 174 136 134 106  69  65  48  27  24  52  72 
222 222 220 221 221 221 216 218 217 219 222 219 221 211 197 190 188 191 190 190 190 190 191 193 192 193 196 199 199 197 197 191 180 158 122  86  63  53  53  38   9  27  36  61  95 109 118 130 146 145 
227 223 232 227 229 229 234 230 229 230 229 231 229 230 225 206 203 199 197 197 197 195 195 191 194 180 154 138 124 109  73  51  46  25  25  40  45  60  58  77 107 126 135 144 146 142 141 139 134 133 
 80  68 107  93  98 118 129 134 130 138 137 132 147 160 175 194 165 118 108  93  87  76  49  49  46  29  18  25  31  41  57  80  92 112 132 140 145 145 146 147 145 141 138 137 137 138 139 138 138 136 
 47  51  42  38  32  22  17  14   8  13   6  10  13  13  21  30  22  12  19  35  46  53  54  73  81  93 110 120 132 138 144 150 148 145 141 137 138 136 138 139 136 137 137 138 139 139 139 138 135 134 
145 146 144 142 133 128 120 114 110 110  97 104  95  98 102  98 112  94  90 128 146 145 145 146 146 149 147 141 141 135 137 137 136 138 138 138 138 138 135 136 139 137 135 135 137 137 137 136 135 137 
140 142 140 140 143 141 144 145 146 144 141 138 144 144 147 148 144 145 132 139 137 136 138 138 135 137 139 139 138 137 140 139 138 135 135 138 136 138 140 139 136 137 139 138 136 136 136 139 138 135 
141 140 138 139 139 139 140 141 141 140 143 139 141 141 139 140 140 142 145 141 141 140 140 138 138 138 138 139 139 139 139 140 139 135 137 136 137 139 138 139 138 138 139 138 136 138 138 126 115 104 
142 141 138 139 139 139 140 143 142 141 140 138 139 140 139 140 141 139 137 138 137 137 138 138 138 138 138 138 139 139 139 138 138 136 137 137 138 139 138 139 138 137 138 138 136 141 138  77  50  50 
142 141 140 140 140 139 139 139 137 138 137 137 137 137 139 141 141 138 134 136 136 136 138 138 138 138 138 139 139 138 137 137 137 138 138 138 139 139 138 139 137 136 137 136 135 139 128  56  45  49 
141 142 142 142 141 141 140 140 135 139 138 139 138 139 142 142 141 139 136 136 137 137 139 138 138 138 138 139 139 137 136 135 135 139 137 138 138 138 138 139 137 135 136 135 134 138 114  48  46  50 
142 141 141 140 141 142 139 123 137 140 129 138 137 142 139 140 141 141 139 139 139 139 139 138 138 139 138 138 139 137 137 136 136 139 137 137 136 138 139 138 135 134 135 135 136 140 102  44  49  47 
142 141 140 141 140 144 130  87 143 138 116 135 137 140 139 140 142 141 139 140 139 139 138 138 138 139 138 138 139 137 137 136 136 139 138 137 138 138 139 138 136 134 135 135 135 142  86  44  50  48 
142 141 140 141 142 144 127  82 140 137  97 131 140 138 140 140 142 141 139 139 139 138 137 138 139 139 138 138 139 137 137 136 136 140 139 138 137 136 135 136 136 134 135 135 135 142  71  43  47  47 
142 141 140 141 141 144 123  71 135 142  86 129 142 139 141 140 142 141 138 138 138 137 137 138 138 138 138 138 139 137 137 136 137 140 139 139 136 134 134 136 136 134 135 135 136 131  64  46  47  46 
141 141 142 141 142 144 126  95 141 133  81 124 145 139 141 142 141 140 139 138 138 138 138 138 138 139 139 138 139 137 136 136 138 140 138 138 137 134 133 135 135 135 135 135 139 123  57  47  47  47 
141 141 141 140 140 144 134  95 139 135  76 119 141 137 141 141 140 139 138 138 138 138 139 138 138 138 138 138 139 137 137 137 139 140 138 138 137 135 133 135 136 135 135 135 143 110  50  45  48  47 
142 141 139 138 138 143 123  81 139 129  64 119 139 137 140 138 137 137 137 138 139 138 138 138 138 137 137 137 137 138 137 137 138 140 138 138 139 136 135 136 136 135 134 135 139  76  45  48  48  47 
141 140 138 138 138 143 120  79 136 133  73 126 142 141 137 136 137 137 137 138 138 138 138 138 138 137 136 135 136 139 138 136 138 140 138 138 137 135 133 134 136 135 135 136 136  70  43  47  47  48 
142 144 140 140 139 144 122  87 140 134  89 135 140 139 135 139 137 137 139 137 138 137 139 139 138 138 137 134 137 139 138 139 139 140 138 139 136 134 134 135 135 136 134 137 132  63  45  48  46  48 
139 139 138 140 139 145 128  96 141 128  88 135 138 138 140 139 139 137 136 137 139 136 133 138 138 135 133 136 135 137 136 135 135 139 139 136 138 134 133 134 135 136 135 138 129  58  45  49  49  48 
142 140 141 136 138 140 133 106 138 123  95 141 138 137 137 135 141 138 137 143 141 147 148 146 142 148 142 146 146 145 144 143 140 137 137 133 134 138 139 137 135 136 136 138 126  53  45  49  47  47 
