191 191 194 191 171 125  65  29  13  18  57  91 103 101 102 105  88 136 180 159 115 159 181 184 186 187 187 188 187 187 187 187 188 188 187 187 187 187 187 188 188 187 187 187 187 187 190 189 188 187 
171 126  88  75  44  32  49  67  85 100 106 104 103 101  98 103  98 114 169 131 126 167 183 184 186 187 187 188 187 188 187 187 187 187 187 187 187 187 187 187 187 187 187 188 187 187 190 189 188 187 
 17  14  33  61  87 118 122 116 114 108 105 103 100 100 102 106 106 101 127 109 140 167 183 187 188 187 187 188 187 188 187 187 187 187 187 187 187 187 187 187 187 187 188 188 188 188 188 187 187 187 
 94 112 136 140 136 128 120 117 113 107 107 106 103 103 104 101 108 106 102 112 157 179 188 186 187 187 187 187 188 187 188 187 187 188 188 188 188 187 187 188 187 188 189 189 189 188 187 187 187 187 
144 142 135 130 130 128 128 121 114 110 110 105 101 102 105 103 106 101 102 139 179 187 187 187 187 187 187 188 187 188 187 187 187 188 187 188 187 188 188 188 188 188 190 189 190 189 187 187 187 187 
132 132 135 133 135 131 129 124 117 113 110 107 105 105 105 105 108 106 116 176 186 187 185 188 187 188 187 187 188 188 188 187 187 188 188 187 187 188 188 188 188 188 188 188 188 188 187 187 187 187 
132 135 133 134 134 134 132 130 123 119 113 110 106 103 104 102 108 105 155 189 184 188 186 187 187 188 187 188 187 188 187 187 187 187 187 188 188 188 188 188 188 187 187 186 186 187 187 187 187 187 
137 138 138 137 135 135 134 131 130 124 115 113 103 107 105 104 100 142 188 185 186 187 187 187 187 188 187 188 188 187 187 187 187 187 188 189 189 188 189 189 189 188 188 187 186 187 188 188 188 188 
134 137 137 138 141 136 126 118 109  94  87  88  89  84  96 104 127 180 185 184 187 187 187 187 187 187 187 188 187 187 187 187 187 187 188 189 190 190 190 190 190 188 187 187 186 187 189 189 189 188 
137 128 119 109  93  73  60  52  48  47  43  44  61  84 100 121 171 184 183 188 186 186 187 187 187 188 187 188 188 187 187 187 188 187 188 189 190 188 188 188 188 187 188 187 186 187 187 187 187 187 
 65  57  52  47  43  43  46  45  44  52  46  48  86 107 101 157 188 183 186 186 187 186 187 187 187 188 187 188 187 187 187 187 187 187 188 189 190 187 187 186 186 187 187 187 187 186 186 186 186 186 
 41  46  45  45  47  48  47  48  47  48  47  71 107 106 129 182 184 185 185 186 188 188 187 187 187 187 187 187 187 188 188 188 188 187 188 189 189 189 189 186 186 188 187 188 188 187 186 187 187 186 
 49  46  49  49  49  48  47  46  47  47  65 106 109 112 172 186 185 186 186 187 187 187 187 187 187 187 187 187 187 188 187 187 188 187 188 189 189 189 189 186 186 188 187 187 187 187 186 186 187 186 
 47  47  48  49  48  48  48  46  42  52  95 116 107 150 187 184 186 186 187 187 187 187 187 187 187 187 187 187 187 187 187 187 187 187 188 189 189 189 189 186 186 188 187 187 187 187 186 187 186 186 
 48  48  48  47  48  48  48  46  50  90 125 111 146 186 188 186 187 187 187 187 187 187 187 188 187 187 187 187 187 188 187 188 188 187 188 189 189 189 189 186 186 188 187 188 188 187 186 186 186 186 
 47  47  48  47  50  46  49  46  69 117 121 124 183 188 189 187 187 187 187 187 187 187 187 187 187 187 187 187 187 187 187 188 188 188 189 189 189 189 188 188 187 188 187 188 188 188 185 186 186 186 
 48  48  48  50  46  46  47  46  98 121 114 167 191 189 186 187 188 187 188 188 188 188 188 188 188 187 187 187 187 188 188 188 188 190 189 189 189 189 187 188 187 187 187 187 187 186 185 185 185 186 
 48  48  46  47  47  47  43  73 114 116 152 187 190 188 186 189 187 188 187 187 187 187 187 187 187 187 187 187 188 188 188 189 189 189 188 188 188 188 187 186 186 186 186 185 185 185 186 185 185 186 
 47  47  47  45  50  42  51 104 119 128 183 189 188 187 191 189 187 188 187 188 188 188 187 187 187 187 187 187 188 189 189 189 189 189 188 187 187 187 186 186 185 186 186 185 184 184 185 185 185 185 
 47  47  47  46  47  42  62 111 127 178 188 188 190 188 191 188 187 188 187 188 188 188 188 188 187 187 187 188 188 188 188 188 189 189 188 187 186 187 187 187 187 186 185 184 183 183 184 184 184 184 
 47  48  48  48  45  45  81 122 157 193 188 188 188 189 189 188 187 187 187 187 188 188 188 188 187 187 188 189 188 188 188 188 188 188 188 187 187 187 188 188 188 186 185 184 184 184 185 185 185 185 
 47  48  46  46  45  72 105 136 184 191 190 189 188 188 189 188 187 188 187 187 188 187 188 188 187 187 188 188 189 189 189 188 188 187 187 187 187 187 188 187 188 186 185 184 184 184 186 186 185 185 
 48  47  48  46  45  89 118 161 191 189 189 189 187 188 188 188 187 187 187 187 188 188 188 188 187 187 188 188 189 189 189 188 187 185 186 186 187 188 188 187 188 186 185 184 184 184 185 185 185 185 
 48  48  49  42  71 104 130 185 189 192 187 189 188 187 187 187 187 187 187 187 188 187 188 187 187 188 187 188 189 189 188 187 186 186 186 186 187 187 187 187 188 185 184 184 184 184 186 186 186 186 
 47  47  46  42  92 119 151 207 193 189 190 189 188 188 188 187 187 187 187 187 187 187 187 187 188 187 188 188 188 189 188 187 187 188 186 186 186 187 187 187 187 185 184 185 184 185 186 186 186 185 
 46  43  45  49 100 118 180 223 211 204 192 186 186 188 188 185 188 187 188 188 188 188 187 187 188 187 188 188 188 189 188 187 186 187 186 185 186 186 186 186 187 186 186 185 186 186 185 186 186 185 
 47  46  44  60 105 130 209 222 218 216 208 198 187 186 189 187 187 187 188 187 187 187 188 187 188 187 188 188 188 189 188 187 186 186 185 185 185 186 185 185 186 186 186 186 186 186 185 185 185 184 
 48  50  43  74 112 157 219 220 216 218 221 218 200 186 190 189 187 188 187 187 187 187 187 187 187 187 188 188 188 189 188 187 186 186 185 184 185 185 185 185 185 186 186 185 185 186 185 184 184 184 
 48  47  43  87 118 177 219 218 219 217 215 220 211 189 186 188 187 187 188 187 187 187 187 187 188 188 188 189 188 187 188 188 187 188 188 185 185 184 186 186 186 185 187 186 185 186 185 184 184 185 
 49  48  44  94 128 190 218 216 220 217 216 217 218 202 183 189 187 187 187 188 188 188 188 188 188 188 188 189 188 187 188 188 187 188 188 185 185 184 186 186 186 185 185 184 184 184 184 184 184 185 
 49  46  48 102 130 199 219 216 218 217 217 217 217 211 187 179 188 187 187 187 188 188 188 188 189 189 188 188 188 187 187 188 187 188 188 185 185 184 186 186 186 185 184 183 183 184 185 184 184 185 
 48  44  50 107 137 208 218 216 218 217 218 220 218 207 137 165 190 186 187 187 189 189 189 189 190 189 188 187 187 188 188 188 187 188 188 185 185 184 186 186 185 185 184 183 184 185 184 184 184 185 
 45  43  55 111 137 209 218 216 218 217 217 214 218 163 151 199 188 186 187 191 189 190 189 189 188 188 187 187 187 187 187 187 187 186 186 185 184 184 186 186 185 186 185 184 185 185 184 185 184 185 
 45  43  62 118 138 210 217 216 218 217 216 220 204 142 209 214 195 186 187 190 189 190 190 188 187 187 187 187 187 187 187 187 187 186 186 185 184 184 186 186 185 186 185 184 185 185 184 185 184 185 
 48  43  68 118 138 213 218 215 218 218 216 220 167 147 220 214 207 193 189 187 188 189 189 188 187 188 187 187 187 187 187 187 187 186 186 185 184 184 186 186 185 186 185 184 185 185 184 185 184 185 
 47  41  71 117 137 215 219 216 218 217 217 217 130 179 220 218 218 197 187 188 188 189 188 187 187 188 187 187 188 188 188 188 188 186 186 185 184 184 186 186 185 186 185 184 185 185 184 184 184 184 
 47  42  74 120 137 216 218 216 216 217 222 192 149 215 214 215 219 215 195 184 187 187 186 186 187 187 187 188 187 187 186 185 185 186 186 185 185 185 185 185 185 185 185 184 184 185 184 185 185 184 
 47  43  71 122 144 215 219 217 216 217 222 156 180 221 218 212 218 222 208 190 186 189 186 185 187 187 187 188 187 186 184 183 183 184 185 185 186 187 185 184 185 184 184 185 184 185 184 184 185 184 
 45  40  66 120 147 215 219 219 218 220 200 128 201 213 217 216 216 219 218 207 191 185 186 188 187 188 187 188 187 187 184 184 184 184 185 185 187 186 185 184 185 184 184 184 184 184 184 184 184 185 
 44  42  60 115 139 215 217 217 217 223 160 137 214 217 213 216 217 216 219 219 205 185 187 189 187 187 187 188 188 187 185 185 185 185 185 185 185 186 185 184 184 185 185 185 185 185 184 185 184 185 
 45  44  54 112 134 208 220 215 218 219 131 165 221 217 217 215 216 217 216 218 218 203 189 185 187 188 187 187 187 187 186 186 186 187 186 185 184 186 185 184 185 185 186 186 186 185 184 185 184 185 
 47  45  51 108 132 197 223 215 222 198 120 188 223 215 219 218 216 217 217 215 217 214 201 190 187 188 183 187 187 186 187 187 186 186 185 184 184 184 185 184 184 184 185 185 185 184 184 185 184 184 
 48  46  47  99 127 196 222 214 224 179 115 211 220 217 216 218 217 217 217 217 217 219 216 203 190 183 189 186 185 186 187 187 186 186 185 184 184 184 184 185 184 185 186 187 187 185 184 185 185 184 
 46  46  42  90 122 191 222 211 222 165 128 217 214 219 217 216 217 217 217 218 216 217 218 213 201 186 188 187 187 186 187 186 186 186 185 184 185 184 185 184 184 185 186 187 186 185 185 184 185 184 
 44  46  44  82 120 159 219 217 221 148 144 218 215 214 216 216 217 216 217 216 214 218 217 214 218 208 190 186 185 187 186 187 186 186 185 184 184 184 184 184 184 184 184 185 184 184 185 184 184 184 
 47  48  42  62 116 122 195 221 216 134 152 221 216 215 215 215 218 217 217 217 218 218 216 215 217 216 208 196 184 186 184 186 186 188 187 185 185 185 185 184 184 184 184 184 184 184 185 184 185 184 
 46  46  45  46 109 110 160 221 213 123 165 222 216 216 216 216 218 217 217 218 218 217 216 216 215 217 218 212 196 189 185 184 184 185 185 185 185 185 185 184 184 184 185 184 185 185 184 184 184 185 
 43  43  47  44  85 118 133 214 203 117 172 224 214 215 216 216 217 217 217 218 217 216 216 216 217 215 217 219 213 202 200 181 185 189 183 184 183 185 185 184 184 184 184 184 184 184 184 185 184 184 
 44  44  44  43  69 124 111 165 177 105 190 224 214 216 217 217 217 217 217 217 215 215 216 216 217 217 218 217 213 224 190 169 196 186 182 186 186 186 185 184 184 184 184 184 184 184 184 184 184 184 
 46  47  44  40  54 111 120 126 164 115 192 222 215 216 216 216 217 217 217 217 216 216 216 216 215 216 218 215 218 210 139 178 208 197 186 187 184 185 186 185 184 184 184 184 183 185 184 185 184 183 
