188 186 185 186 185 187 187 187 187 188 188 188 188 188 188 188 188 189 189 188 188 187 186 186 189 189 141 137 212 215 216 211 139 161 218 214 215 214 214 214 214 214 213 212 212 213 214 214 214 214 
188 185 186 185 186 187 187 187 187 188 188 188 188 188 188 188 189 189 188 188 188 187 186 185 187 193 173 115 170 219 215 180 122 158 218 215 214 215 215 214 214 214 213 213 212 213 214 214 214 214 
187 185 184 184 184 187 187 187 187 187 187 187 187 187 187 188 189 189 188 188 188 187 189 187 188 184 189 139 135 214 210 153 130 162 215 213 215 214 215 214 213 213 214 213 213 213 213 213 213 213 
187 187 187 187 187 187 187 187 187 188 189 189 189 189 189 188 188 188 188 187 187 186 186 186 189 184 187 171 115 174 220 163 131 160 217 215 215 215 215 214 213 214 214 214 214 213 212 212 212 212 
187 188 188 188 188 187 187 187 187 188 189 189 190 190 190 189 187 187 187 187 186 186 187 187 187 186 185 182 126 131 213 173 128 159 215 216 214 214 214 213 212 213 214 215 214 214 213 212 212 213 
187 187 187 187 187 187 188 188 187 188 188 188 188 189 190 188 188 187 187 187 187 185 185 186 186 186 186 188 156 113 168 173 123 156 214 213 214 213 214 212 212 213 213 214 215 214 213 213 210 213 
187 187 187 188 187 187 187 188 187 188 189 188 188 188 188 188 187 187 187 187 185 186 185 185 184 185 184 187 181 123 123 150 120 155 216 215 213 213 213 213 213 213 213 213 214 214 213 213 210 212 
187 187 187 187 187 187 187 188 187 189 189 188 188 187 187 187 187 187 186 185 185 185 185 185 185 185 185 185 191 148 110 129 116 145 211 214 213 212 212 214 215 214 214 213 212 212 212 214 214 212 
187 187 187 187 187 187 187 187 187 189 189 189 187 186 186 187 187 186 185 186 185 185 184 184 184 183 185 183 188 175 129 117  96 133 208 213 213 213 212 214 216 214 214 213 211 212 213 213 214 210 
187 187 187 187 187 187 187 188 189 188 189 190 188 186 187 187 188 187 186 186 185 184 183 183 183 182 185 182 185 191 151 105  84 127 205 215 213 213 213 214 215 214 214 213 212 213 214 213 215 209 
187 187 187 187 187 187 187 188 189 188 189 190 188 187 187 187 188 187 187 186 185 184 184 185 185 185 185 182 182 191 168 112  79 107 204 215 213 214 213 214 215 214 214 213 212 213 214 214 212 213 
187 187 187 187 187 187 187 188 189 188 189 190 188 187 187 187 188 187 187 186 185 184 185 185 186 186 186 186 186 189 177 135  94 106 198 215 213 214 213 214 215 214 213 213 213 213 213 213 211 212 
187 187 187 187 187 187 187 188 189 188 189 190 188 186 187 187 187 187 187 186 185 185 184 183 185 187 184 187 185 185 189 152 108 121 182 216 213 214 213 214 215 214 213 214 214 214 213 213 210 210 
187 187 187 187 188 188 188 188 189 188 189 189 188 188 188 187 187 187 187 186 185 184 183 184 185 185 186 187 184 182 185 176 118 114 173 215 214 210 213 214 214 213 214 213 214 213 212 212 211 212 
188 187 187 187 188 188 189 188 189 188 188 187 187 187 188 186 186 186 186 185 185 185 184 184 185 185 185 186 185 184 183 185 137 111 167 211 213 211 215 213 214 214 214 213 213 212 212 212 211 214 
187 187 187 187 187 188 189 188 189 187 186 186 185 186 186 185 185 184 184 185 186 186 185 184 185 184 184 185 184 185 185 187 155 105 157 203 210 214 215 212 213 213 213 213 213 212 212 211 211 213 
187 187 187 187 188 188 188 188 188 187 187 186 186 186 186 186 185 185 185 185 185 186 185 186 185 183 184 185 184 186 184 185 170 113 135 190 210 212 212 212 213 212 213 212 212 211 211 210 210 213 
188 187 187 187 187 188 188 188 188 188 188 187 187 187 187 185 185 185 184 185 185 186 186 186 185 184 184 185 184 184 183 183 182 127 118 186 209 210 211 214 212 212 212 212 212 211 211 211 207 220 
188 188 188 188 188 188 188 188 188 187 188 188 188 187 186 185 185 184 184 184 186 187 187 186 185 186 185 185 185 183 182 180 183 158 113 166 207 209 210 212 212 212 213 212 212 211 212 213 209 227 
187 189 189 189 189 186 186 186 186 187 188 187 188 187 186 185 185 185 184 184 186 186 186 186 185 185 184 185 185 184 181 184 183 170 117 139 202 207 208 211 212 212 213 212 212 211 212 213 210 226 
187 189 189 189 189 186 186 186 186 187 188 188 188 187 186 185 185 184 184 184 186 186 185 185 185 184 184 185 185 184 182 182 181 177 129 119 183 205 208 212 212 212 213 212 212 211 212 213 210 222 
187 188 188 188 188 187 187 187 187 187 187 187 187 187 186 185 185 185 185 184 186 186 185 185 184 184 184 185 185 184 182 183 181 182 157 103 160 206 207 210 212 212 212 212 212 211 212 211 207 220 
187 190 189 188 187 187 188 187 185 184 185 186 186 186 187 187 187 186 187 186 185 184 185 184 185 185 185 184 184 184 185 181 185 179 170 108 128 192 209 209 211 210 211 212 213 212 214 209 214 214 
187 190 189 188 187 187 188 187 185 184 185 186 186 186 187 186 187 186 187 186 185 184 185 184 184 184 185 184 184 184 184 181 184 176 176 121 101 162 208 210 210 210 211 211 211 212 213 212 213 198 
187 190 189 188 187 187 188 187 185 184 185 186 186 186 187 187 187 186 187 186 185 184 185 184 184 185 185 184 184 184 183 182 182 176 183 139  98 135 204 209 211 211 211 212 213 212 211 212 223 111 
187 190 189 188 187 187 188 187 185 184 185 186 186 186 187 186 187 186 187 186 185 184 185 185 185 185 185 184 185 184 184 184 180 179 182 148 102 111 179 212 210 210 212 211 211 212 208 221 149  46 
188 188 187 187 187 187 188 187 187 187 187 187 187 187 186 186 186 186 185 185 185 184 185 185 185 185 185 184 184 184 184 183 180 178 178 161 103 107 145 203 210 211 212 211 212 210 220 168  26  44 
188 187 187 187 187 188 187 188 188 188 188 188 188 187 187 185 185 185 184 184 184 185 184 184 185 185 185 184 184 184 184 182 181 178 177 165 106 107 124 186 210 211 213 212 213 219 168  39  34  88 
189 187 187 187 187 187 187 187 187 187 187 187 188 187 186 185 185 184 184 185 185 184 185 184 184 184 184 184 185 184 184 182 181 178 176 170 114 101 112 163 215 209 216 210 217 193  49  27  79  92 
188 187 187 187 187 188 188 188 188 188 188 188 188 187 185 184 184 184 185 184 184 185 184 184 185 185 185 185 185 184 184 182 181 178 176 173 130  99 107 123 190 214 210 210 201  74  23  77  89  93 
187 187 187 187 187 187 187 187 187 187 187 187 187 186 185 185 185 184 184 184 184 184 185 184 184 183 183 184 184 184 183 181 180 178 175 177 138  96 118 115 146 207 209 218 124  24  67  93  85  92 
187 188 188 188 188 187 187 187 188 187 186 186 187 186 186 186 185 184 185 184 184 184 184 184 183 183 183 183 183 183 182 181 180 179 174 175 149 101 121 130 117 177 220 156  37  51  94  88  87  89 
187 189 189 189 188 187 187 187 187 187 186 186 187 186 185 185 184 184 185 184 184 184 184 184 184 184 184 184 184 184 183 181 180 178 175 173 161 111 114 131 120 133 158  76  37  87  91  88  89  92 
187 187 187 187 187 186 186 186 186 186 187 186 186 186 185 184 184 184 185 184 184 184 183 184 185 185 185 185 185 185 184 181 180 179 174 170 169 125 102 134 134 126  55  25  70  91  87  87  77  70 
186 186 186 186 186 185 185 185 185 186 187 186 186 185 184 184 184 184 184 185 184 185 183 184 185 186 185 183 184 184 184 181 180 178 176 168 172 136  98 132 167  98  17  50  92  92  88  86  84  63 
187 186 187 187 186 183 183 184 185 186 186 185 185 185 184 184 185 185 184 185 184 185 183 184 186 186 185 183 184 185 184 183 180 178 177 170 169 142  99 118 147  85  26  66  80  92  89  87  90  90 
187 186 186 187 186 184 184 184 184 186 185 185 185 184 184 184 184 184 184 184 184 185 183 184 186 185 185 183 184 185 184 183 180 177 174 168 170 150  97 139 165 100  61  92  87  89  90  87  87  89 
187 186 187 186 186 185 185 184 184 185 186 185 185 184 184 184 184 184 184 185 185 185 184 185 186 185 184 183 184 185 184 183 180 176 171 169 164 169 101 135 177  73  79  94  91  87  88  89  87  88 
187 186 186 186 186 186 185 185 183 185 185 184 184 184 184 185 184 185 184 185 185 185 184 185 185 184 184 183 184 185 184 182 179 175 167 166 159 175 112 133 185  73  51  95  89  92  87  87  89  87 
188 185 186 186 186 187 186 186 186 185 185 185 184 185 185 185 184 184 185 184 185 185 184 185 185 184 185 184 185 186 184 181 178 174 167 163 160 172 123 121 192 156  47  78  92  91  88  88  89  89 
186 185 185 185 186 186 186 186 186 185 185 185 184 185 186 184 184 184 185 184 185 184 185 184 185 184 185 184 184 185 183 181 177 174 166 161 156 174 128 116 189 213 105  53  96  88  89  88  90  89 
185 186 185 185 186 186 186 185 185 184 185 185 184 185 186 185 184 185 184 185 184 185 184 184 185 184 185 184 184 184 182 180 177 173 166 162 161 167 137 117 187 209 196  75  51 104  86  88  88  90 
184 185 185 185 185 186 185 185 184 184 184 185 184 185 186 185 184 185 185 184 185 185 185 184 185 184 185 184 183 183 181 179 176 172 165 161 159 165 143 112 186 208 211 184  44  53  91  91  90  88 
183 184 184 184 184 185 185 184 184 184 185 184 184 185 185 185 184 184 184 185 185 185 185 184 185 184 185 184 183 182 181 180 176 172 166 159 157 165 144 114 180 202 205 215 180  57  27  68  91  89 
184 185 185 185 185 184 184 185 185 185 184 185 184 185 185 185 185 185 185 184 185 184 185 185 185 185 184 183 182 182 181 179 175 171 164 158 158 164 147 112 177 203 204 208 219 194  97  44  54  77 
184 186 186 185 185 185 184 184 184 185 185 184 184 184 184 184 184 184 184 185 184 185 184 184 184 184 185 183 182 182 180 177 174 168 161 158 157 164 150 107 171 204 205 209 208 213 214 166  76  56 
184 185 185 185 185 185 184 184 185 184 184 184 185 184 183 183 183 184 184 185 185 184 185 185 185 185 185 183 182 182 181 178 173 168 160 157 155 162 148 104 169 204 204 209 209 207 213 214 192 123 
184 186 186 186 186 185 184 184 184 185 185 184 184 183 183 183 183 184 184 185 184 185 184 184 184 184 184 183 183 182 180 177 175 168 160 157 155 158 147 106 172 203 204 210 207 209 207 209 200 128 
185 186 186 186 185 185 184 185 184 184 184 184 183 183 184 184 184 184 184 184 184 184 184 184 183 183 183 183 183 181 179 175 174 167 159 155 157 157 148 105 172 204 207 207 207 209 210 212 197 125 
186 185 186 186 185 184 184 184 185 184 184 184 184 184 185 184 184 184 185 184 185 184 185 185 185 184 183 183 183 181 180 176 170 164 160 155 157 160 148  97 165 204 205 205 206 209 209 210 205 130 
