226 226 226 226 227 227 227 227 227 226 225 223 221 220 221 222 224 226 227 226 226 226 227 228 229 229 228 228 228 227 226 226 226 227 228 227 227 227 227 226 225 225 223 224 224 224 224 224 223 222 222 221 219 219 219 219 219 218 217 218 218 218 218 217 216 217 217 218 219 219 219 219 218 219 220 219 219 220 221 222 223 222 224 224 225 226 227 227 226 228 227 229 230 230 230 230 229 229 229 230 
225 225 225 225 226 226 226 226 225 225 224 223 220 220 220 222 224 225 226 226 227 227 228 228 228 228 228 228 229 228 227 226 226 227 228 228 228 228 228 227 226 225 224 224 225 225 225 224 223 222 222 220 219 218 218 219 219 218 217 217 217 218 218 216 216 216 216 217 219 219 218 218 218 219 219 219 219 220 221 222 223 222 223 223 224 226 227 226 227 227 228 228 228 229 229 228 228 228 228 229 
223 222 223 224 225 225 224 224 224 224 224 223 221 220 220 222 223 225 225 226 227 227 228 227 228 229 228 228 229 229 228 227 227 227 228 228 228 228 229 228 227 226 225 225 224 224 225 224 223 222 221 219 218 217 217 218 219 218 217 217 216 217 216 215 215 215 216 217 218 218 218 217 218 219 218 219 220 220 220 222 223 223 223 223 224 225 226 226 226 226 226 226 226 227 228 227 225 225 226 226 
222 221 222 225 223 224 224 224 224 223 223 223 222 221 221 223 223 225 226 226 225 226 227 227 228 229 229 229 229 230 229 228 228 227 228 229 229 229 229 228 227 225 224 224 225 225 225 224 223 222 220 220 218 217 216 217 219 218 217 216 215 216 216 215 214 214 216 217 216 217 217 217 218 219 219 219 220 221 220 221 222 222 222 222 223 225 226 225 225 225 225 224 224 224 225 225 223 222 223 224 
221 221 223 223 222 223 222 222 222 221 221 222 224 223 222 222 224 225 226 226 225 226 226 227 228 229 230 229 229 230 229 228 227 227 227 229 230 230 230 229 226 226 226 225 224 224 224 223 222 221 220 219 217 216 215 216 217 218 218 216 216 214 214 214 214 214 215 216 216 216 216 217 218 217 218 219 220 220 220 221 221 221 221 222 222 224 225 224 225 224 222 222 222 223 223 223 221 220 220 220 
222 222 223 222 222 222 221 221 220 219 219 221 221 221 222 223 224 224 224 225 226 226 226 227 228 229 230 229 230 230 230 228 228 228 227 228 228 229 230 228 226 226 226 225 225 223 223 224 222 221 220 218 217 215 216 215 216 218 218 217 216 215 213 213 213 213 214 216 216 216 216 216 216 216 216 217 219 219 219 219 220 219 219 220 222 223 225 225 224 223 221 221 221 221 221 221 219 218 218 218 
222 222 222 222 221 220 220 219 218 217 217 218 218 218 219 221 223 222 223 224 226 227 226 227 228 229 229 228 228 229 229 228 229 229 228 227 226 226 227 227 226 225 225 224 224 224 224 223 222 220 219 218 216 215 216 215 215 216 217 217 216 215 213 212 212 212 214 215 216 215 215 215 214 214 214 215 216 217 217 218 218 217 217 218 220 222 223 223 222 221 220 219 218 219 219 219 218 217 216 216 
221 220 220 220 219 219 219 219 216 216 216 217 217 217 217 219 219 221 222 224 226 226 226 227 228 228 229 228 228 228 228 227 229 228 227 226 225 225 225 225 225 224 224 223 223 222 222 222 220 219 218 217 216 215 216 215 214 215 215 215 215 214 212 211 212 212 213 214 214 214 214 213 213 213 212 213 213 214 214 215 216 215 216 217 218 220 221 221 220 219 219 218 217 217 218 217 216 215 215 216 
220 219 218 218 217 217 217 217 216 215 215 215 216 216 216 216 217 218 220 222 223 225 226 227 228 229 228 228 227 227 226 227 228 228 227 226 225 224 223 222 222 223 223 222 221 220 220 219 219 218 217 217 216 215 216 215 214 214 214 213 213 212 211 211 212 212 213 213 213 213 213 212 211 212 212 212 212 214 214 214 214 214 215 215 216 217 218 218 218 217 216 216 216 217 218 217 216 216 216 216 
221 219 217 215 216 215 215 216 214 213 213 214 215 215 215 215 215 215 217 219 221 223 225 226 228 228 228 228 228 227 225 225 226 226 226 225 224 223 221 220 221 221 221 220 220 219 218 218 218 217 218 217 216 216 215 215 214 213 214 213 212 212 211 211 211 210 211 210 211 211 211 211 211 211 211 211 212 213 213 213 213 213 214 214 214 214 215 215 215 215 214 214 214 215 216 216 216 216 216 215 
222 219 216 215 216 215 215 215 215 214 212 212 212 212 212 213 213 213 215 217 220 221 223 225 227 227 227 226 226 226 224 224 224 224 224 223 223 222 220 219 220 220 219 218 218 217 217 217 217 217 218 218 217 217 216 215 214 213 214 213 212 211 210 210 210 210 210 210 210 210 211 210 210 210 210 210 210 211 211 211 212 213 213 213 213 212 212 212 212 212 212 212 212 212 213 213 214 215 214 212 
221 220 219 218 218 217 216 216 216 215 213 212 210 210 210 210 210 212 214 217 219 220 222 223 225 226 226 224 225 225 223 222 222 222 222 222 222 221 220 220 220 219 217 218 217 218 218 217 217 217 218 218 217 217 216 215 214 214 213 213 212 211 210 209 209 209 209 209 208 209 210 209 208 208 208 208 208 209 210 210 211 212 213 212 212 211 211 211 210 210 210 212 212 211 211 212 213 214 213 211 
221 222 221 220 220 219 218 217 217 216 214 211 209 208 208 208 209 211 213 216 218 219 220 221 223 224 224 223 223 223 222 220 220 221 220 219 220 220 220 219 219 219 218 217 217 217 217 218 218 218 217 217 217 217 217 216 215 213 212 213 213 212 210 207 207 206 207 207 207 207 208 207 207 208 207 207 207 207 208 209 210 209 210 211 211 211 210 209 208 209 209 210 211 210 209 209 210 210 210 210 
222 222 222 222 221 219 218 218 219 217 214 210 207 206 206 207 208 211 213 216 217 218 219 220 222 223 224 222 222 221 220 219 219 220 219 218 218 219 219 218 218 217 218 217 217 216 216 218 219 218 218 217 216 217 217 217 216 214 212 212 212 211 209 207 206 205 206 207 207 207 207 207 207 207 206 206 207 206 208 209 209 209 209 210 210 210 210 210 209 208 208 209 209 209 208 208 208 209 208 208 
221 223 223 224 221 220 217 218 218 217 213 208 206 205 206 207 208 211 213 215 217 218 218 218 220 222 222 221 221 221 219 218 219 219 218 217 217 218 218 218 219 218 219 218 218 217 217 217 218 219 218 216 216 217 217 217 216 215 213 212 212 211 209 206 205 205 206 206 206 206 206 205 206 207 207 206 206 206 206 207 208 209 209 209 208 207 208 209 209 208 207 207 207 207 206 206 206 207 207 205 
220 222 223 224 222 220 218 217 217 214 211 207 206 205 206 207 207 209 212 215 217 218 217 218 218 219 220 219 220 219 219 218 218 218 219 217 216 217 217 218 219 219 219 218 217 216 216 216 217 217 217 216 216 216 217 218 217 216 214 212 212 211 208 207 206 206 206 205 206 206 206 206 206 206 206 206 205 204 204 205 207 207 208 208 207 206 207 207 207 206 205 205 204 204 204 204 204 205 204 203 
220 221 222 223 222 220 218 216 214 212 209 207 204 205 204 205 206 207 209 213 216 217 218 217 216 217 218 217 218 219 219 218 219 219 220 218 217 218 217 218 219 218 218 216 216 215 215 215 216 217 217 217 217 217 217 217 217 216 214 212 212 210 209 207 206 206 205 204 205 205 205 205 204 205 206 205 204 203 204 204 206 207 209 209 208 207 207 206 206 205 203 203 202 202 202 202 202 202 202 202 
217 218 219 220 220 221 219 217 214 211 209 207 204 204 204 205 205 206 208 211 214 216 217 216 217 217 218 217 216 217 217 217 218 219 220 219 218 217 218 218 218 217 216 215 215 214 214 214 215 216 217 218 219 218 217 217 217 216 214 212 211 209 208 206 205 206 205 204 205 205 205 205 204 205 205 204 205 204 203 204 205 207 207 207 209 208 207 206 207 205 203 202 201 200 200 200 200 199 199 200 
212 213 213 215 217 219 219 217 215 212 209 208 206 205 205 206 207 206 208 210 212 213 214 215 215 216 216 214 214 215 214 215 217 218 219 218 219 218 217 218 217 216 215 214 213 211 211 212 213 215 216 217 219 218 217 218 217 215 213 211 210 208 206 205 204 205 204 203 204 204 203 204 205 206 205 204 205 204 203 204 204 206 206 206 207 207 207 206 205 204 203 202 201 200 199 198 199 198 198 198 
207 208 209 211 215 217 219 218 216 213 210 208 207 206 205 206 207 206 206 209 210 211 212 213 214 214 213 212 212 213 214 214 216 217 217 219 218 218 217 217 216 215 214 212 211 209 208 209 211 214 216 217 219 218 217 217 216 214 212 211 209 207 205 204 204 204 203 203 204 203 203 204 205 206 205 204 205 204 203 204 203 204 205 206 206 206 207 206 205 204 204 203 201 200 199 198 197 198 199 198 
203 205 208 210 213 216 218 217 215 213 211 210 209 208 206 206 207 206 206 206 208 209 212 213 212 213 212 212 212 211 212 213 215 215 216 217 217 217 218 217 215 213 211 210 209 208 208 209 210 212 213 215 215 217 218 217 215 213 211 209 208 207 204 203 202 203 203 202 203 202 203 204 203 203 203 204 203 202 203 203 203 202 204 205 205 205 204 205 204 203 203 202 201 200 199 198 198 198 197 197 
202 205 208 210 212 215 217 216 214 213 211 211 210 209 207 206 207 207 206 205 207 209 210 211 210 210 210 211 212 211 212 212 214 215 216 216 217 216 216 216 214 212 209 207 207 206 206 207 209 211 212 213 214 215 215 214 213 211 209 208 207 206 203 202 202 201 201 201 201 201 202 202 202 203 202 202 202 202 202 202 202 202 204 205 205 204 203 203 202 201 201 200 200 201 200 198 198 197 196 195 
201 203 205 207 211 211 213 214 214 214 213 212 211 210 208 207 207 206 205 204 205 207 209 209 208 209 210 210 211 212 212 213 213 215 216 215 215 214 214 213 212 209 207 205 205 205 204 206 207 210 212 212 212 213 214 213 212 210 209 207 206 204 203 202 201 200 200 200 199 200 200 200 200 200 201 201 201 201 201 201 201 201 203 203 203 202 202 201 200 199 199 199 199 199 199 197 196 196 195 195 
201 202 204 206 208 209 210 212 214 214 215 214 212 211 209 207 207 206 204 203 204 205 208 209 209 208 209 209 210 212 213 214 214 215 216 215 213 212 211 211 209 206 204 204 204 204 204 204 206 208 210 210 211 211 211 211 211 210 208 206 205 203 202 202 201 200 199 199 198 199 199 199 199 199 200 200 200 200 201 201 201 200 200 201 201 200 200 200 199 198 199 198 197 197 196 196 196 196 194 194 
202 202 205 206 207 208 209 211 213 216 217 216 213 212 209 208 207 206 204 203 203 204 207 208 209 209 209 208 209 211 213 214 215 214 214 213 212 211 209 208 206 204 202 203 204 204 203 203 205 207 208 208 209 209 209 209 208 208 208 206 203 202 201 201 201 200 199 198 198 198 199 200 199 200 199 199 199 199 200 200 200 200 199 199 199 199 199 199 199 198 197 197 197 196 195 195 195 195 193 195 
203 204 206 207 208 209 210 211 214 217 219 218 215 213 210 208 206 205 205 204 204 203 205 208 209 208 208 209 208 210 212 214 215 214 213 211 210 209 208 206 204 202 201 202 202 202 202 202 203 205 206 206 207 207 207 207 207 206 205 205 203 201 200 200 199 199 198 198 198 198 199 199 199 199 198 198 198 198 199 199 199 199 198 198 198 198 198 199 198 196 195 196 196 196 195 195 194 193 192 192 
206 206 209 210 211 212 212 213 215 218 220 220 217 215 211 208 206 206 206 206 207 204 205 207 207 207 208 209 208 209 211 213 214 213 212 211 210 209 207 204 202 202 202 200 200 200 200 200 201 202 203 204 205 206 206 205 204 204 204 203 202 200 199 199 199 198 197 197 197 198 198 198 199 199 198 197 197 197 197 198 198 198 197 197 197 196 197 198 197 195 194 194 194 194 193 193 192 191 191 192 
210 210 212 214 214 214 215 215 217 219 221 221 219 216 212 208 206 205 206 208 208 206 206 207 206 207 209 209 209 210 210 211 213 213 213 210 209 208 206 204 203 202 202 201 200 199 199 200 200 200 201 201 202 203 204 204 203 203 203 202 201 200 199 199 198 196 196 197 196 196 197 198 198 198 198 197 196 196 196 197 197 197 196 196 195 195 196 197 196 195 193 193 192 191 190 191 191 190 191 191 
216 214 215 215 217 219 219 219 219 220 222 222 221 218 212 208 206 205 207 208 209 209 208 207 206 207 208 208 210 212 211 211 212 212 211 209 207 206 205 204 202 201 202 201 200 199 199 199 198 199 200 200 201 202 203 204 203 202 202 203 203 201 199 198 197 195 195 196 196 195 196 197 197 197 197 196 194 194 195 196 196 195 195 194 194 194 194 194 194 193 193 191 191 191 191 190 190 190 190 190 
219 217 218 219 220 221 222 222 222 222 222 221 221 217 212 209 207 207 208 209 210 209 209 208 208 208 208 210 210 211 211 210 211 210 209 208 205 204 204 202 201 201 202 200 200 199 199 198 197 198 199 201 201 202 202 202 202 203 202 202 202 201 199 199 198 197 195 194 194 195 196 196 196 196 195 195 194 193 193 194 195 195 193 193 193 193 193 192 192 191 191 190 190 190 190 189 189 189 190 190 
221 221 222 222 223 224 225 225 226 225 222 220 218 215 212 209 209 209 209 210 210 209 210 210 210 210 210 211 211 210 210 211 210 209 209 206 205 204 202 201 200 200 201 201 201 199 200 198 197 198 199 199 200 200 201 201 201 202 202 202 202 201 200 199 199 198 196 196 196 196 195 195 194 194 195 195 194 193 191 192 193 193 192 192 193 192 191 191 190 190 189 189 189 189 189 189 188 188 188 188 
223 224 226 227 226 226 227 228 228 226 222 218 216 213 211 210 209 210 210 211 210 209 209 210 211 211 210 211 211 211 210 210 210 209 209 207 206 204 202 200 199 199 199 200 200 199 199 198 197 198 198 198 198 199 199 199 199 201 202 202 202 201 201 200 199 198 197 196 196 196 195 195 195 194 195 195 194 192 191 191 191 191 191 192 192 191 189 189 189 189 188 188 188 188 188 188 188 188 187 188 
225 228 231 231 228 228 228 229 228 226 221 217 213 211 209 209 209 210 211 210 209 208 209 210 211 210 210 211 211 211 211 211 210 209 209 207 206 204 202 201 200 199 198 199 199 198 198 197 198 198 197 197 197 197 197 197 199 199 200 200 201 201 202 201 199 199 198 197 196 196 195 195 195 195 195 195 194 193 192 190 190 189 189 189 189 188 187 187 187 187 186 187 187 186 187 187 187 187 187 187 
226 228 231 232 230 229 228 226 225 224 220 216 211 209 208 209 210 210 211 210 209 209 209 210 210 211 211 211 211 211 212 212 211 210 209 206 205 204 202 200 201 200 198 198 198 199 198 198 199 199 198 197 196 196 196 196 198 199 199 198 199 200 201 201 200 200 199 198 197 196 194 195 195 195 195 195 194 193 192 190 189 187 188 188 187 186 186 185 185 185 185 185 185 185 185 186 187 186 186 187 
225 227 229 231 229 228 225 223 223 221 219 216 212 209 209 209 211 212 212 212 211 210 210 211 211 211 212 211 212 213 212 212 212 211 209 206 204 204 202 200 200 200 197 197 198 198 198 197 198 198 198 197 196 195 195 196 196 197 196 195 196 198 200 200 199 200 200 199 197 195 195 194 194 194 195 196 195 194 191 189 189 188 187 187 186 185 184 184 183 183 184 184 184 184 185 185 185 185 184 185 
225 226 228 230 229 227 224 222 221 220 218 216 212 211 211 212 214 215 214 214 213 212 212 212 212 212 212 212 212 214 213 213 212 211 209 206 205 204 202 201 201 200 198 197 197 197 197 197 197 197 197 198 196 196 196 196 195 196 195 195 195 196 197 197 198 200 199 197 197 196 196 195 195 194 194 195 195 193 190 188 188 188 187 186 184 184 183 182 182 182 183 183 183 183 184 185 185 183 183 183 
222 224 226 226 227 226 223 221 220 219 217 216 213 213 213 214 216 216 216 217 216 216 215 212 213 213 213 212 213 214 215 214 212 209 209 207 206 205 204 203 201 200 199 198 197 197 197 198 197 196 195 197 196 197 197 196 195 195 195 195 195 196 195 196 197 199 198 198 197 196 197 196 195 194 194 195 194 193 191 189 188 188 186 185 184 183 182 181 182 182 184 183 182 181 182 183 183 183 183 184 
220 222 223 223 224 223 220 220 219 219 218 217 215 215 215 215 217 218 219 219 219 218 217 215 214 214 213 212 213 214 215 214 212 210 209 208 207 206 205 204 202 201 200 199 198 198 198 197 196 196 195 196 196 196 196 195 194 194 194 194 194 195 195 196 196 197 197 198 197 196 196 196 196 195 194 194 194 192 190 190 188 187 186 185 184 183 181 182 181 182 184 183 183 182 181 183 184 183 183 183 
217 220 220 219 219 219 218 218 218 218 218 217 216 216 216 217 218 220 221 222 223 221 220 218 217 215 214 213 213 214 216 215 213 210 209 209 208 207 206 204 203 202 202 200 198 198 197 196 197 196 195 196 197 197 196 195 194 195 195 193 194 194 194 195 196 196 196 197 198 197 197 196 196 196 194 193 192 190 189 189 188 186 187 186 185 184 182 181 182 182 183 183 184 183 182 183 183 183 182 182 
214 217 217 215 216 216 216 216 216 217 216 216 217 217 217 218 220 222 224 226 227 225 223 220 218 216 215 212 213 215 216 217 215 212 210 210 209 208 206 204 202 201 201 199 199 198 197 196 196 195 195 196 196 195 195 194 194 195 195 194 194 193 194 195 195 195 195 196 197 197 196 196 195 196 194 193 192 191 190 190 188 187 188 187 186 183 182 181 181 181 182 182 183 184 184 184 182 182 181 182 
212 213 212 211 212 213 214 214 215 215 215 215 217 217 218 219 222 224 227 228 229 227 224 221 220 217 216 214 214 217 219 218 217 215 213 211 210 209 207 205 203 202 201 200 199 199 197 196 195 196 195 196 195 194 195 194 194 195 195 195 194 193 194 194 195 196 195 196 197 196 196 195 195 195 194 194 192 190 189 189 188 187 187 186 185 184 182 181 181 181 181 182 183 185 185 184 183 182 181 182 
210 210 209 208 210 211 212 212 213 214 214 214 215 216 218 219 221 224 227 229 229 228 225 223 221 220 218 217 217 219 221 220 219 216 215 212 211 210 208 206 205 203 202 200 200 200 198 197 195 196 196 196 195 194 194 194 195 194 195 195 194 193 193 194 195 196 195 196 196 195 195 195 196 194 193 193 192 190 188 188 187 186 186 186 186 184 183 182 181 181 182 182 183 184 185 184 183 183 182 183 
210 207 206 207 207 208 209 209 210 213 214 214 213 215 218 219 222 224 227 229 229 228 225 224 222 221 220 219 219 220 222 222 219 218 216 213 212 211 209 208 206 204 203 201 201 200 199 197 196 196 195 194 194 194 193 193 194 194 194 194 193 193 194 195 195 195 195 196 195 194 193 195 195 193 193 193 192 190 188 187 188 188 187 187 187 185 184 183 182 182 181 182 183 184 184 184 183 184 183 183 
209 206 205 205 205 205 207 208 209 210 212 212 213 215 218 220 223 226 227 228 228 228 226 224 224 224 222 222 222 222 222 223 221 219 216 214 213 212 210 209 207 205 204 202 201 200 199 198 196 196 196 194 194 193 193 192 192 193 193 194 193 193 193 194 194 194 194 195 195 195 195 195 194 193 193 194 192 190 189 188 188 189 189 188 188 188 186 185 184 184 182 182 182 183 184 184 185 185 184 185 
206 205 203 202 204 205 206 207 208 209 210 211 212 215 216 220 223 226 227 228 229 228 227 226 226 226 225 225 225 225 224 224 223 220 219 216 215 213 211 209 207 206 205 203 202 200 200 198 196 196 197 196 194 193 192 192 193 193 192 193 193 192 192 193 194 194 194 194 195 195 195 195 194 193 193 194 192 191 189 188 189 189 189 188 189 190 189 188 187 186 185 185 184 185 186 187 187 186 186 186 
203 202 201 201 202 203 204 206 207 208 209 210 211 213 216 219 222 226 228 228 229 228 227 226 227 228 227 228 229 228 227 226 225 223 222 219 217 215 213 211 209 206 204 202 201 199 199 198 196 196 197 196 195 193 193 192 191 191 191 192 192 192 192 192 193 193 194 194 194 194 194 194 195 194 193 193 193 192 191 190 190 191 189 190 191 192 192 190 189 189 188 187 187 188 188 188 188 188 187 187 
201 201 200 200 200 201 203 205 206 207 208 209 210 212 214 217 222 225 228 228 228 227 226 227 227 228 229 230 229 230 229 228 227 225 224 223 221 218 216 215 212 209 206 203 201 200 199 198 197 196 196 196 195 194 194 193 191 190 190 192 191 192 192 192 193 192 193 193 193 193 194 195 194 193 194 194 194 193 193 192 192 193 193 192 193 193 193 192 192 192 191 190 190 189 189 190 190 189 188 189 
201 200 199 199 199 200 202 204 205 207 207 209 210 210 212 216 220 224 227 228 228 227 226 225 225 226 229 229 229 230 230 230 229 229 227 226 225 222 221 219 217 214 211 207 205 202 201 201 199 198 198 197 196 195 195 194 193 191 191 191 192 192 192 192 192 192 192 192 193 193 194 194 194 192 194 195 195 194 194 194 194 194 196 196 195 194 194 194 194 194 193 193 192 191 191 191 191 192 190 190 
201 200 199 198 198 200 202 203 205 206 208 208 208 209 212 215 218 222 225 227 227 227 225 224 224 225 226 228 229 230 231 231 232 231 231 229 227 226 224 223 221 218 216 212 210 207 205 203 201 200 200 200 198 198 197 196 193 192 191 190 191 191 191 191 191 191 192 192 192 192 192 193 193 193 195 195 195 195 195 195 195 196 197 197 196 196 196 197 196 195 195 194 193 192 191 192 193 193 192 191 
200 199 199 198 198 199 201 202 204 205 207 208 208 208 210 213 217 219 222 225 226 225 224 223 222 222 224 226 228 230 230 231 232 232 232 231 229 228 227 226 224 222 220 217 215 212 210 207 206 205 205 206 204 202 201 198 196 193 192 191 191 191 191 191 191 191 192 192 191 191 192 193 193 194 195 196 196 196 196 196 196 197 196 197 197 197 198 198 198 198 197 196 195 193 192 192 193 192 192 192 
199 198 198 198 197 198 200 201 203 204 206 207 208 208 210 213 216 218 221 223 224 224 223 222 221 221 223 224 227 228 228 228 230 232 233 231 230 230 229 227 225 224 223 220 219 217 214 212 212 212 212 214 211 209 207 204 199 197 194 192 192 191 191 191 192 192 191 190 191 192 193 194 194 193 196 197 197 197 196 197 197 198 198 198 198 197 198 199 200 199 199 199 197 194 193 192 193 193 193 192 
200 198 198 198 197 197 199 201 203 203 206 208 210 211 210 210 213 216 219 221 222 222 222 221 220 221 222 223 224 225 226 226 228 230 230 230 230 230 229 228 226 226 225 225 223 221 218 217 219 220 221 220 220 218 215 210 205 200 197 193 191 191 192 191 190 191 191 192 192 193 193 193 193 194 196 197 197 197 198 198 199 199 198 198 198 199 199 199 201 200 200 199 197 196 195 194 194 194 194 194 
201 200 199 199 199 198 199 201 202 204 206 208 209 211 210 210 211 214 217 220 221 221 220 219 219 220 221 222 223 225 225 225 226 228 228 229 229 229 228 227 227 226 226 227 226 225 222 222 226 227 226 225 225 224 220 216 211 206 202 196 193 192 192 191 190 190 192 192 192 193 194 194 194 195 196 197 197 198 199 199 199 199 198 199 200 200 200 200 201 201 201 200 199 197 196 195 195 195 195 194 
202 201 200 199 199 198 198 199 200 203 205 207 209 212 211 210 211 212 215 218 220 220 220 219 219 219 220 221 221 222 222 222 224 225 227 227 227 227 226 226 227 227 227 228 227 226 225 227 230 230 229 230 229 229 226 222 218 212 206 200 195 193 192 191 190 191 192 191 191 192 193 194 195 196 196 196 197 198 199 199 199 199 199 200 201 201 200 201 201 202 201 200 199 198 197 196 195 195 195 194 
203 202 201 201 200 199 198 197 199 201 204 207 209 211 211 210 211 211 214 217 219 219 219 218 219 219 220 219 219 219 219 221 221 222 224 225 226 226 224 225 226 227 226 228 227 226 226 228 230 231 231 230 230 229 228 226 222 216 210 205 198 195 193 192 192 193 191 189 190 191 192 193 195 197 196 196 197 198 199 199 199 199 199 201 202 202 200 200 200 201 200 200 199 199 198 196 195 195 195 194 
204 203 203 202 203 203 201 200 199 201 203 205 207 209 210 210 210 210 212 215 216 217 218 218 219 220 219 218 217 217 218 219 220 221 224 225 225 225 225 225 225 226 227 227 228 227 227 228 229 230 231 230 229 229 228 227 224 218 212 207 201 197 194 192 192 193 191 189 190 190 191 193 195 196 195 196 197 198 198 199 199 200 200 201 202 201 200 199 200 201 201 201 200 200 199 197 196 195 195 194 
206 205 204 204 205 206 205 202 200 200 202 203 205 207 208 208 209 209 210 212 214 217 218 218 219 220 219 218 217 216 217 219 218 220 222 224 224 224 224 224 224 225 226 228 229 228 228 228 228 229 230 228 228 228 227 225 223 218 213 208 202 199 196 194 193 192 191 190 190 190 191 193 194 195 195 196 197 197 198 199 200 201 201 202 202 201 200 199 200 200 200 200 200 200 199 197 196 195 194 195 
207 206 205 205 206 206 205 202 199 200 201 201 204 205 205 207 208 207 208 210 213 216 218 218 219 220 219 217 216 217 217 217 218 219 221 222 223 223 223 223 223 224 225 227 228 228 228 228 227 229 228 227 227 227 225 223 221 216 211 208 203 200 196 195 194 193 192 191 192 190 191 192 194 195 195 196 197 198 198 199 200 201 202 203 202 201 200 200 200 200 199 199 200 199 198 197 196 194 195 196 
208 207 206 206 207 206 205 201 199 199 200 200 202 202 203 205 206 205 206 208 211 214 216 217 218 218 217 216 216 216 216 215 217 218 219 220 221 221 223 224 224 224 225 226 227 228 230 229 229 228 228 227 226 226 225 222 220 216 211 207 204 201 198 196 195 194 193 192 192 190 190 192 193 194 195 196 197 198 198 199 200 201 202 203 203 201 201 200 201 201 199 200 200 199 199 198 196 195 196 196 
208 208 206 205 206 205 203 200 200 200 199 199 200 201 202 204 205 206 206 207 210 213 216 217 218 217 217 216 215 214 214 215 216 218 219 219 219 221 222 223 223 223 224 226 227 228 229 230 230 229 227 227 226 226 226 223 219 214 210 207 204 201 199 197 195 194 193 193 192 191 191 192 194 194 196 196 196 197 198 200 200 201 201 202 202 201 201 201 201 200 200 199 199 199 199 199 197 196 196 196 
207 207 206 205 205 204 202 200 201 200 199 199 199 200 202 204 205 206 206 207 210 213 216 217 217 216 217 215 214 214 213 214 216 217 218 217 218 219 220 221 222 223 224 225 227 228 229 229 229 228 227 226 225 226 226 223 219 213 209 207 205 202 200 198 196 193 192 193 192 191 191 192 193 194 194 195 195 196 197 198 199 199 200 201 201 201 200 201 200 200 202 200 199 200 200 199 198 198 197 197 
205 205 204 204 203 203 202 200 201 200 199 200 200 201 202 203 204 204 205 206 209 212 215 216 215 216 215 214 215 214 213 213 214 215 216 216 217 218 219 220 221 222 223 223 225 227 227 227 226 227 226 223 224 225 224 221 216 212 208 206 205 202 201 199 197 194 193 193 192 192 192 192 193 192 193 194 195 196 196 197 199 199 199 200 201 201 200 200 200 201 201 200 199 198 199 199 198 199 199 198 
204 204 205 204 203 203 201 200 201 200 201 201 201 201 202 203 204 203 204 206 208 211 213 213 213 214 213 213 214 213 214 213 213 214 214 215 216 217 218 219 221 221 221 221 223 224 225 225 225 225 224 221 223 224 223 220 214 210 207 204 203 202 201 200 198 195 194 194 193 192 193 193 192 192 193 194 195 195 196 196 197 198 198 199 200 200 199 200 201 201 200 199 198 197 198 199 198 199 200 200 
204 204 204 204 204 203 200 200 201 200 201 202 201 202 203 203 204 204 203 205 208 211 211 211 211 211 211 211 212 212 213 212 211 212 212 214 214 215 216 218 219 219 219 220 220 222 224 225 226 225 224 222 224 225 224 220 214 210 207 205 203 201 199 199 198 196 196 195 194 193 193 193 193 192 194 195 194 195 196 197 197 197 198 199 200 200 201 201 201 201 201 201 200 199 200 200 199 199 200 199 
203 203 203 203 203 202 200 200 201 200 201 202 201 202 203 204 203 203 204 205 207 209 209 209 209 210 210 210 210 210 210 210 210 210 210 212 212 213 214 215 216 217 217 218 219 221 223 225 226 225 224 224 225 224 223 219 214 210 208 207 204 202 199 198 197 197 197 195 194 193 193 193 193 194 194 195 194 194 195 196 196 196 198 200 201 201 201 202 202 202 201 201 202 201 200 199 199 199 200 200 
202 202 202 202 202 202 200 200 201 200 201 202 201 201 202 203 203 202 203 204 205 206 206 206 207 208 208 208 208 208 208 209 209 208 208 209 210 211 212 213 214 215 216 216 219 221 222 223 225 225 225 225 224 223 221 217 214 210 208 207 205 202 199 198 197 198 197 196 195 194 194 194 193 194 195 194 195 195 195 196 196 196 199 201 202 201 200 201 202 202 201 201 201 201 200 199 198 199 200 199 
201 201 201 201 202 202 200 201 202 201 201 202 201 201 202 202 202 201 201 201 203 204 203 203 204 205 207 207 207 207 207 208 208 207 206 208 209 210 211 212 213 214 216 215 217 219 221 222 224 225 226 225 224 223 220 217 214 212 210 206 205 202 199 198 197 198 197 196 195 194 195 194 193 195 195 194 194 194 194 195 196 197 199 201 202 201 199 201 202 203 202 202 202 202 200 199 198 199 199 199 
200 202 202 202 201 201 202 202 202 200 201 202 201 200 200 201 201 201 201 201 201 201 201 202 204 205 205 205 206 207 208 207 207 206 205 207 208 209 209 210 213 214 214 214 216 218 220 221 223 225 225 224 223 220 218 217 215 212 209 207 205 204 202 200 198 198 199 198 197 197 196 195 195 197 194 194 195 195 195 195 196 197 198 200 201 200 201 202 203 202 201 203 204 202 201 199 198 198 199 198 
200 201 202 202 201 202 203 203 203 202 203 203 201 200 200 200 200 200 200 200 201 202 201 201 202 203 204 205 205 206 206 207 207 207 207 207 208 209 209 210 212 213 214 215 215 216 217 219 221 224 225 223 222 219 217 216 214 211 208 207 206 205 203 201 199 198 199 199 198 199 198 197 197 197 196 196 196 195 195 196 196 197 198 199 200 200 200 203 202 201 201 203 204 203 201 199 198 197 198 197 
199 200 201 201 200 201 202 203 204 204 204 204 202 200 199 199 199 200 201 200 200 201 201 200 201 202 202 204 204 204 205 206 207 208 207 207 208 208 208 209 210 212 213 214 214 214 215 217 219 221 222 222 219 216 215 214 214 210 208 207 206 206 205 202 200 199 200 201 201 200 200 199 197 196 197 197 196 196 196 196 196 197 197 198 199 199 201 202 201 200 201 203 203 203 201 199 197 196 196 196 
198 200 200 199 200 200 202 203 204 204 205 204 202 201 199 199 199 200 201 201 201 202 201 200 200 201 202 202 203 203 204 205 206 206 206 206 207 207 207 208 209 211 212 212 212 213 214 216 218 219 219 220 217 214 213 212 212 211 208 206 206 205 205 203 200 199 200 201 201 202 201 199 198 197 197 197 196 195 196 197 197 197 196 197 197 198 199 200 200 199 201 201 201 201 200 198 196 196 195 195 
199 200 200 200 199 201 201 203 203 204 204 203 202 201 200 199 198 199 200 202 202 201 201 200 201 201 202 202 202 203 204 204 204 205 205 205 205 206 206 207 208 209 210 211 211 211 212 214 215 216 217 217 214 212 211 211 211 210 208 206 205 205 204 203 201 201 201 201 203 202 202 201 199 198 198 197 196 196 196 197 196 196 197 197 197 198 199 199 199 200 201 200 200 200 199 197 197 196 195 195 
198 199 199 199 200 200 200 201 203 204 203 203 202 201 200 199 199 199 200 202 202 201 200 201 201 202 202 202 202 203 204 203 204 203 204 204 204 204 205 205 206 207 209 210 209 209 209 210 211 213 214 213 212 209 209 209 209 209 208 206 206 206 205 203 202 202 202 202 204 203 203 202 201 200 199 198 197 196 196 196 196 196 196 196 196 197 198 198 199 199 200 200 199 199 198 197 196 196 194 194 
197 196 197 198 199 199 200 200 202 203 203 202 201 200 201 200 200 200 201 202 202 201 201 203 203 203 202 203 204 204 205 205 205 205 204 204 203 204 205 205 205 206 207 208 208 207 208 207 208 210 211 210 209 207 206 207 207 207 207 206 207 207 205 204 202 201 201 203 204 205 204 203 202 201 200 199 198 197 195 195 196 196 197 195 195 195 196 197 197 197 198 198 198 198 197 196 195 194 193 193 
196 195 195 197 198 198 199 199 200 202 203 202 202 201 201 201 200 200 201 202 202 201 201 203 203 202 202 204 205 205 206 206 206 206 204 205 204 204 206 206 205 206 207 206 207 207 207 206 206 207 208 208 206 205 205 205 205 206 206 207 207 206 206 204 202 201 201 202 204 204 205 204 203 201 200 199 199 198 196 196 196 196 196 194 194 194 194 195 195 195 195 195 196 196 196 195 194 193 193 192 
196 195 194 195 197 197 198 198 198 200 203 202 201 199 199 200 202 201 202 201 201 201 201 202 202 201 202 203 204 205 206 207 208 207 205 204 205 205 205 205 206 207 207 207 206 205 205 205 205 205 205 205 205 204 204 204 203 204 205 206 206 206 206 205 204 202 201 201 203 204 205 205 203 202 201 199 199 198 197 196 197 195 195 195 195 195 195 194 196 194 195 195 194 194 193 193 192 192 192 191 
197 196 195 196 196 196 197 197 197 198 199 198 198 197 197 199 200 200 200 200 200 199 200 201 201 201 202 204 204 205 205 206 207 208 208 207 206 206 205 205 206 208 208 206 206 205 204 202 202 202 202 203 203 202 203 203 203 203 203 203 205 207 206 205 203 202 201 201 203 204 206 206 204 203 201 199 199 199 197 198 197 196 195 195 196 196 194 195 195 194 193 193 193 193 192 191 190 190 190 190 
199 198 198 197 197 196 197 196 194 196 195 194 194 193 194 196 197 197 198 198 197 197 198 199 200 201 202 203 204 204 204 204 206 208 209 209 208 207 206 206 206 208 208 208 206 204 203 201 201 200 201 200 201 200 200 201 202 201 202 203 204 205 205 204 203 203 203 203 204 206 206 206 205 203 202 200 199 199 198 199 198 196 195 194 195 196 194 195 194 193 192 192 191 191 191 191 190 189 189 189 
200 200 199 199 198 196 196 195 194 194 194 192 191 190 191 193 194 195 195 196 195 195 196 198 198 200 201 201 202 202 203 203 204 206 207 208 209 207 207 207 208 209 208 207 206 204 202 200 200 199 199 199 200 200 199 200 201 201 201 202 202 203 202 202 202 202 204 205 206 207 207 207 205 203 202 201 200 200 198 200 199 197 195 195 194 195 195 195 194 192 191 190 190 190 190 190 190 190 189 189 
202 201 201 201 199 198 197 195 194 194 193 191 190 189 189 190 191 191 193 194 194 194 195 197 197 197 198 199 200 201 202 202 202 203 205 206 207 208 207 207 208 208 207 206 205 203 201 200 200 199 200 200 200 199 198 198 199 199 200 201 201 201 201 201 201 201 203 206 207 207 208 207 205 203 202 201 200 200 199 199 199 196 196 194 194 194 195 195 194 191 191 191 189 190 189 188 189 189 189 188 
203 203 202 202 201 200 199 197 196 195 195 192 191 189 188 189 190 190 191 192 193 193 194 196 196 196 197 198 198 199 201 201 201 201 203 204 205 206 206 207 208 207 206 205 204 203 201 201 201 200 200 199 199 198 197 198 198 198 199 199 199 201 201 201 201 201 202 206 207 208 208 207 206 203 201 200 199 199 198 198 198 195 196 194 194 194 194 194 193 191 192 190 189 189 188 189 188 188 189 189 
205 205 204 204 204 202 202 200 199 199 197 193 191 190 188 188 189 189 190 191 191 191 193 194 195 194 195 197 197 198 200 201 201 201 202 202 204 205 205 206 207 206 205 203 203 202 201 200 199 198 198 197 197 198 198 198 198 199 199 198 199 199 200 201 202 202 204 206 208 208 207 207 205 201 200 199 199 199 197 197 197 195 194 195 194 195 192 191 192 191 190 189 189 188 188 188 189 188 188 188 
206 206 206 207 207 205 204 202 200 200 199 196 193 192 190 189 189 189 190 191 190 191 192 192 193 193 193 194 195 198 199 200 200 200 200 200 202 204 204 205 206 205 204 202 202 202 200 199 198 197 197 196 197 198 199 199 199 199 199 198 200 201 200 200 202 203 204 206 208 208 207 207 203 201 200 200 199 198 197 196 196 195 194 194 194 193 191 191 190 190 189 188 187 187 187 188 188 187 187 187 
206 206 206 207 207 207 205 203 203 202 202 200 197 194 192 191 190 189 191 191 190 191 192 192 193 192 191 191 193 197 199 199 200 200 200 200 200 201 202 204 203 203 202 201 201 201 199 198 198 198 197 196 196 197 198 198 198 199 199 199 201 201 201 200 201 203 204 206 207 208 208 206 204 202 201 200 199 198 197 196 195 195 194 193 193 191 190 190 189 188 188 188 188 187 188 188 188 187 185 186 
203 204 204 204 205 206 205 204 204 204 205 203 201 197 194 193 192 192 192 192 191 191 191 192 192 192 191 193 194 196 198 199 200 201 200 199 199 199 200 201 202 201 201 201 200 199 198 199 199 198 197 197 196 196 197 197 197 199 200 200 200 200 201 201 202 203 204 204 206 207 206 204 204 202 200 199 198 197 196 195 194 193 192 192 191 190 189 188 187 188 188 188 188 187 187 188 188 186 185 185 
199 200 200 200 201 202 202 203 202 203 204 204 202 199 197 195 194 193 193 192 191 191 192 193 193 193 193 193 195 197 198 199 200 200 198 198 198 198 198 200 201 200 200 200 199 198 197 198 199 198 197 197 196 195 194 195 196 198 200 201 199 199 199 200 201 201 201 203 204 204 203 202 201 201 199 198 197 196 195 194 193 192 191 191 190 189 187 186 187 187 187 188 187 187 188 188 186 185 185 185 
195 195 195 196 196 196 198 199 200 200 201 202 200 199 197 196 194 194 193 193 192 193 193 194 195 195 194 195 196 197 197 198 199 198 197 197 197 196 197 199 200 201 201 199 199 198 197 197 198 198 197 197 195 195 194 195 195 197 198 199 198 197 198 199 200 200 200 201 201 200 200 199 199 199 198 198 196 195 195 194 194 193 192 190 190 187 186 186 185 186 186 187 187 187 187 187 185 184 184 183 
194 193 192 193 192 192 195 195 197 198 198 198 197 197 197 196 196 195 195 194 194 195 195 195 195 195 195 195 197 196 197 198 198 198 196 196 196 195 196 197 198 200 200 199 200 199 198 197 197 197 196 196 195 194 194 194 194 195 196 197 197 197 197 198 199 200 199 199 199 198 197 197 197 196 198 197 195 194 193 194 194 193 192 191 189 187 186 185 185 187 186 186 186 185 185 186 184 183 182 182 
193 193 192 192 192 191 192 194 195 196 196 196 195 195 195 194 194 195 195 194 194 195 195 195 195 195 196 195 196 196 196 197 197 197 196 195 195 195 195 195 196 197 198 198 199 199 199 198 198 197 196 194 194 193 193 193 193 194 195 196 195 195 195 195 196 197 197 197 197 197 196 195 195 195 196 196 194 192 192 194 193 192 191 190 189 187 186 184 186 187 186 186 185 185 186 186 184 183 182 183 
194 193 191 191 191 190 190 192 193 194 194 195 194 193 192 191 192 194 194 193 194 194 195 195 195 195 195 196 197 197 197 196 197 196 195 194 195 196 195 194 194 195 196 196 197 197 197 198 199 197 195 194 192 192 192 192 192 193 195 194 193 193 193 193 194 194 195 195 195 195 194 194 194 194 194 193 191 191 192 193 192 191 190 189 188 187 186 184 186 187 186 186 185 184 185 185 184 183 182 183 
192 191 191 190 190 189 189 190 192 193 193 193 192 192 190 190 190 192 193 194 194 193 193 193 195 196 196 197 198 198 197 196 195 195 194 195 194 194 193 193 193 193 194 194 194 194 195 195 196 195 194 194 192 191 191 191 192 193 194 193 192 191 191 192 192 192 193 192 193 194 193 192 192 191 191 190 189 191 191 191 191 190 188 188 187 186 186 185 186 185 185 185 185 185 184 184 184 183 183 183 
190 190 190 190 189 189 189 189 190 190 190 190 189 190 189 189 189 189 191 192 193 192 192 193 195 196 196 197 198 197 196 195 194 194 194 193 192 192 192 192 192 191 191 191 192 193 193 193 193 193 194 192 192 190 190 190 190 192 192 191 191 191 191 191 191 191 192 191 191 190 190 190 189 189 189 189 188 189 189 189 189 188 186 186 185 185 185 186 184 184 185 185 184 184 183 183 183 184 183 183 
190 190 189 189 188 188 188 188 188 187 187 187 188 188 189 188 188 188 189 190 191 191 191 192 194 195 195 195 197 196 194 193 193 193 193 192 191 191 192 192 191 190 189 189 190 191 192 191 191 191 191 190 191 190 189 190 189 189 190 190 191 191 190 190 190 190 191 190 189 188 186 186 187 186 187 187 186 187 186 186 187 187 185 186 185 186 185 185 184 184 184 184 183 183 183 184 184 183 183 183 
190 190 190 188 187 187 187 187 186 185 186 186 186 187 188 188 188 188 189 189 189 189 190 191 192 192 193 193 194 194 193 192 192 192 192 191 190 189 190 191 190 189 188 188 189 190 190 190 190 190 190 189 190 190 189 189 189 189 189 189 190 191 190 189 188 189 188 187 186 184 183 184 185 186 185 186 186 186 185 186 185 185 186 185 186 185 185 185 185 184 184 184 183 184 183 183 183 184 183 183 
190 189 188 188 187 188 187 186 186 185 185 185 186 186 186 187 188 188 187 187 188 189 188 188 189 190 192 191 192 193 192 191 191 191 191 190 190 188 189 189 190 188 188 188 189 188 188 189 189 188 188 188 187 187 186 187 187 188 188 188 189 190 189 188 187 186 184 183 183 182 180 182 183 185 185 185 185 185 184 184 185 185 185 185 186 186 185 184 184 184 184 182 182 182 183 183 183 183 183 182 
188 187 187 187 187 187 187 185 186 185 185 186 186 184 185 186 188 188 187 187 188 188 187 187 188 189 190 189 190 191 192 191 192 192 192 191 189 188 188 189 189 189 189 188 188 186 186 187 187 186 186 186 185 185 184 185 186 187 188 189 189 189 188 187 186 185 183 183 182 180 180 180 181 183 183 184 183 183 184 183 183 182 184 185 185 185 184 183 183 184 183 183 183 183 183 183 183 183 184 183 
187 186 186 186 186 186 185 184 184 184 185 186 185 184 185 186 188 188 187 186 187 188 188 187 187 188 189 188 189 190 191 190 191 192 193 191 190 188 187 188 188 188 189 187 186 185 184 186 185 185 184 184 183 183 183 184 185 186 186 187 188 188 187 186 184 182 182 181 181 181 180 180 180 181 181 182 183 183 183 181 182 182 181 182 184 183 182 182 182 183 183 184 185 184 184 184 183 183 183 183 
187 186 186 186 186 187 185 183 182 183 185 185 184 184 184 185 186 187 186 186 186 187 188 187 187 188 187 187 188 189 190 189 190 192 193 192 190 188 188 187 187 187 188 186 186 185 185 185 184 183 183 183 182 182 183 183 183 184 183 185 186 186 185 183 182 181 179 179 180 179 178 177 177 180 179 180 182 181 181 180 181 180 181 182 183 183 181 181 182 184 184 184 184 184 183 183 182 182 183 182 
184 186 187 187 186 185 184 184 184 183 184 184 184 183 183 184 185 185 185 185 186 186 186 187 187 187 187 189 190 189 189 190 191 192 193 191 191 190 189 187 187 188 187 185 185 184 183 182 182 181 181 181 181 181 180 180 182 182 183 183 183 184 183 182 181 180 178 177 178 178 177 176 177 178 179 180 180 179 181 181 181 181 180 182 183 182 181 182 183 183 183 184 184 183 184 183 184 183 183 183 
184 184 185 186 186 183 183 184 184 183 183 183 183 183 183 184 185 186 185 185 186 186 186 185 185 186 187 187 188 188 189 190 191 192 191 191 190 189 188 187 187 187 185 185 183 182 181 181 180 180 179 179 179 178 178 178 180 180 180 181 181 182 181 180 180 179 178 176 177 177 176 177 176 176 179 180 179 180 180 181 181 179 180 182 182 182 182 182 183 183 184 184 185 185 184 183 183 183 184 184 
