114 116 114 123 121 118 116 124 123 115 117 100 109 109 113 107 111 110 110 106 111 111 111 102 101 104 105 103 105 107 105 106 105 110 103  95  98  97  97 100 100  98 102 109  49  29  37  29  31  32  30  22  20  29  31  27  39  41  43  44  34  35  37  41  36  37  34  27  30  34  37  40  37  32  30  34  37  35  32  30  31  34  32  33  35  32  35  38  30  38  42  43  46  43  38  45  53  53  51  55 
120 124 117 115 119 110 105 106 108  94 112 111  96 104 116 111 104 115 116 113 106 113 109 107 103 107 113 117 110 109 118 109 101 110 116 101  96  93  94  98 103  95  98 109  56  22  31  30  28  32  39  36  33  33  35  34  40  36  30  33  31  32  32  39  30  29  25  23  23  32  40  47  44  43  40  39  34  32  36  37  33  32  27  30  34  32  38  41  37  38  44  45  51  50  43  42  50  59  55  49 
107 115 116 114 117 108 107 105 100  96  96  93  97  95  96  97 102 115 115 120 120 120 111 115 103  98 108 104  98 101  95  82  96 102 110 112 110  98  99 103 100  95  88 103  69  32  36  40  31  37  37  36  31  23  26  27  29  34  32  30  30  42  40  36  35  31  36  27  23  35  42  42  46  51  41  33  30  29  38  38  32  34  30  31  35  36  40  39  38  37  41  44  48  54  48  38  37  48  51  53 
 99 105 110 107 109 103  90  95 104 100  85  80  85  86  84  81  79  84  89  92  94  93 100 105 101  88  91  87  90  90  82  87  86  82  90  90  93  99  92  98 105 102  92 106  71  27  27  27  27  30  30  30  30  25  29  28  36  35  34  36  32  32  33  32  33  37  37  28  24  35  37  39  44  40  40  40  36  28  40  46  40  37  35  34  38  36  41  38  38  35  38  41  41  45  46  39  35  33  40  48 
118 115 117 121 121 118 120 116 121 117 100  87  86  86  87  81  82  85  79  77  75  70  68  76  71  67  72  71  73  86  84  84  81  74  77  76  73  77  81  78  76  85  82 100  75  31  33  37  35  43  42  38  41  33  26  26  27  30  37  32  30  30  31  34  37  40  38  31  28  36  41  39  40  39  43  40  32  31  50  56  45  38  37  35  35  36  43  39  34  33  33  32  34  36  38  35  36  34  35  36 
 81  67  69  69  69  71  77  81  83  82  87  80  83  92  99  92  92  97  98 105 102 102 101  95  89  92  97  96  82  84  89  91  86  82  78  73  72  72  73  79  78  73  72  94  72  33  34  42  36  38  41  41  40  30  22  25  25  30  38  29  29  32  35  38  38  37  36  32  27  34  35  37  42  38  35  40  44  36  39  42  40  38  36  34  38  36  34  37  37  36  35  38  39  43  45  42  41  38  38  40 
 91  86  80  78  71  70  68  68  75  75  59  53  66  62  57  60  60  54  60  62  56  60  58  63  72  76  78  85  86  83  86  87  93  94  95  89  85  89 101 105 100 102  97 110  75  32  30  33  30  33  34  32  44  34  24  23  24  28  33  29  31  31  38  43  39  36  39  33  25  37  41  41  41  34  29  34  41  36  34  37  38  38  38  35  41  43  40  42  41  41  36  31  32  35  35  32  31  30  31  33 
 93  98  86  80  91  82  82 102 102 115  79  58 100  84  78  77  77  73  90  91  81  81  68  71  68  70  71  69  71  69  64  55  60  64  58  56  43  40  49  49  56  68  73  85  54  28  25  29  35  27  35  44  49  43  25  19  21  27  30  24  27  30  37  44  41  38  41  34  25  34  36  32  30  33  36  40  41  38  42  39  34  35  34  31  28  29  32  32  29  28  32  33  30  36  38  37  35  36  37  41 
 88  88  86 101 103  92  90  96  95 107  74  68  97  85  77  71  72  67  73  73  73  74  74  72  73  82  74  71  75  80  85  82  82  87  81  81  76  74  65  56  58  55  56  62  53  33  30  31  31  27  35  43  52  45  22  23  24  29  33  25  30  31  33  37  37  35  34  33  28  27  27  28  32  34  30  29  29  27  27  24  25  28  33  34  34  36  43  45  45  36  37  39  33  39  44  42  38  38  39  44 
 89  84  91  98  92  88  93  99 102 108  68  65  95  78  69  67  63  62  65  71  70  67  70  65  71  66  54  52  49  49  53  60  69  71  82  80  92 101  81  81 101 104  94 115  98  48  31  28  31  29  25  33  44  42  23  28  28  29  32  32  36  31  29  29  30  29  26  28  29  28  26  26  23  24  27  27  30  33  32  33  34  33  34  39  41  43  46  42  43  44  48  41  38  42  42  41  39  40  40  41 
 86  82  91 102  94  83  84 105  97  92  70  66  84  54  62  74  65  59  62  72  69  68  73  77  81  63  68  74  71  71  73  73  70  80  77  69  83  84  75  78  88  94  91 123 111  42  30  33  22  26  23  28  30  35  25  30  34  32  29  32  27  28  28  29  29  28  25  26  27  23  24  30  29  29  29  27  30  32  31  30  33  36  37  38  40  42  40  41  45  47  50  44  32  38  42  42  38  38  39  42 
 77  98 100  93 109 101  81  89  95  87  65  79  72  45  72  79  76  64  79  76  68  56  46  52  68  60  68  70  69  69  70  71  79  89  71  85  99  84  78  78  74  78  79 101  92  34  28  30  27  27  29  29  28  31  26  25  23  29  26  21  19  25  29  32  32  31  32  28  29  33  35  38  36  32  31  26  30  37  38  37  36  40  39  34  31  35  37  39  40  42  42  37  29  29  37  34  39  38  39  37 
 92  92  95  90  86  96  97  84  94  88  49  77  76  51  62  66  89  88  76  63  64  60  74  71  63  57  64  64  60  54  54  55  71  74  43  70  87  67  59  59  65  52  66  78  61  30  28  26  23  24  21  22  27  24  27  27  28  30  34  26  20  24  29  32  32  29  31  27  31  35  33  39  41  37  33  29  33  36  37  38  38  38  38  36  33  34  35  37  37  35  34  29  34  34  31  33  39  37  37  40 
110  96  85  87  82  70  83  87  84  83  47  56  83  55  60  75  80  70  72  84  78  78  93  94  81  70  65  68  62  53  66  67  75  65  50  65  64  51  54  56  60  57  86  81  73  38  31  28  24  26  24  23  26  25  28  30  31  32  34  25  20  23  29  32  33  29  29  25  29  33  37  38  36  34  31  28  31  34  35  36  35  33  33  36  35  32  30  32  36  35  34  29  35  34  27  37  44  37  36  44 
110 100  88 104 104  88  84  89  95  94  37  52  78  77  75  73  76  62  76  79  75  73  71  67  82  74  60  60  58  57  56  63  83  69  55  89  87  74  75  71  64  87  87  86  90  36  29  33  29  29  29  27  28  32  29  31  31  35  29  22  21  25  30  35  34  33  29  28  32  32  33  33  36  34  28  30  34  33  35  36  32  29  28  34  37  33  30  30  34  36  37  33  29  40  36  36  40  41  39  39 
 94 102  96 101 105  92  86  91  95 104  56  42  85  91  95  85  90  92  97  86  73  77  78  86  89  87  83  88  89  70  77  75  74  64  69 103  97  85  84  73  91 108  97 127  96  27  28  32  29  26  25  25  28  34  30  30  32  34  27  22  23  26  30  34  30  35  28  27  32  34  32  29  32  34  29  26  30  31  34  36  31  29  25  31  34  31  32  30  31  34  38  38  30  39  36  34  38  40  39  39 
109 106 103  98  92  90  90  92 110 115  64  62 138 110 105 100  99  94  82 102  98  87  92 100  96  93  95  91  99  91  91  79  95 105 119 126 103  86  84  79  96 103 102  97  42  26  36  31  30  27  23  23  26  34  33  32  34  31  29  22  24  29  32  34  29  34  27  25  29  32  33  31  30  32  30  27  28  31  33  36  32  31  27  30  34  32  34  34  33  37  37  36  30  30  31  30  36  33  31  34 
112 109 102 103  98  94  89 101 109 102  64  72 121 118 116 110 112 108  96  92 106 118 109  99 114 110 110  94  96 112  90  88 121 120 113 117  96  80  85 106  88  89  86  32  23  36  36  28  32  31  25  25  27  33  33  33  34  31  28  23  26  31  36  34  30  33  30  26  30  30  30  31  32  29  28  30  31  33  32  32  30  28  28  31  30  27  28  30  29  31  28  26  27  30  40  32  40  43  43  41 
 66  71  61  52  45  45  46  56  61  45  45  57  59  80  79  86 104 115 102 105 120 128 120 116 124 125 128 123 120 110 106 126 118 110 121 117 102  99 119 116  85  88  65  33  32  32  35  35  34  26  23  26  28  31  30  32  32  33  27  26  31  28  34  31  30  31  31  26  30  30  30  28  24  24  25  24  24  33  31  28  27  24  26  29  29  27  30  34  33  33  31  32  35  36  47  35  41  40  41  39 
 82  90 100 105  87  79  87  79  78  70  64  65  52  58  60  61  59  64  61  67  75  79  88  83  89 107 109  95 108 116 120 132 119 130 131 126 124 123 115  94 100  94  63  46  52  48  61  66  47  32  26  27  25  31  35  28  31  34  30  24  30  29  30  29  28  29  27  25  23  24  26  26  24  27  26  26  28  37  40  34  32  29  27  35  35  30  31  31  35  32  34  26  30  31  38  35  35  37  37  40 
 85  87  85 102  87  75  69  83  86 105  89  96 101 107 109 102  96 101 106  82  88  85 105  93  94  97 120 101  88 105 112 129 131 140 126 106  88  74  77  83 106  93  84  75  64  52  57  46  53  63  32  26  31  32  31  29  28  32  27  25  27  28  27  26  27  30  28  26  24  26  32  31  30  31  32  33  33  39  40  32  28  29  28  32  34  31  26  28  34  32  36  29  34  32  34  39  31  42  40  41 
107 108 109  99  89  80  72  78  87  96  85  97  92  82  98  98  99 103 116 112 104 102 121 119 122 121 118 133 141 124 121 124 107 114 131  96  91  74  62  79  87  58  45  43  33  22  16  14  19  37  25  26  29  26  26  30  30  32  30  31  31  34  33  32  32  32  30  28  26  23  27  27  31  30  29  30  33  38  46  40  28  29  33  33  31  31  27  30  34  34  39  36  36  40  36  33  40  37  42  39 
110 117 132 119 109 112 112 105 110 112 100  96  92  89  91  81  89  96  87 101 109 116 105  97  96 106 110 101 114 128 127 140 114  90 125 104 111 121  79  57  79  74  47  46  39  46  43  33  32  27  29  31  32  28  21  26  36  35  31  27  27  30  29  31  31  28  27  28  26  19  25  26  25  28  28  27  33  33  42  48  35  28  30  34  29  28  27  30  33  37  38  38  35  40  38  29  41  38  40  39 
135 119 121 117 105 102 105 114 106  96  91  92 101 105  99  89  81 102 104  84 100 106  85  85  96 120 112 104 103 117 120 122 117 124 138 116 121 120 107  90  90  90  87  77  69  76  65  39  38  37  27  29  30  29  19  22  39  36  33  22  22  27  23  28  29  28  28  29  29  22  31  35  24  26  29  27  30  28  36  49  36  26  30  31  28  26  27  31  33  38  34  34  35  38  40  30  34  44  38  42 
133 116 119 122 111  99 108 115 109 100 100  96  99 105  97 100  91 108 117 112 102  98 102 105  92  96 103  91  93 105 117 102  92 130 138 112 124  97 103 109  89  65  81  93 108  78  53  32  37  43  32  29  30  26  22  28  39  30  32  23  22  29  22  26  28  28  29  26  25  22  27  38  28  27  27  27  32  29  33  44  35  27  31  31  27  27  30  31  31  33  28  31  30  38  36  28  37  41  45  47 
127 119 119 122 127 114 115 123 123 119 117 110  96 110 107 102 107 120 121 115 113 105 104 119  94  85  88  85  90 107 125  84  74 134 129 115 119  99  92  90  97  51  59 101  86  72  57  26  36  41  30  33  30  26  23  31  35  26  27  23  25  32  23  27  29  28  29  25  24  20  23  37  34  29  30  28  32  31  35  38  34  29  30  31  26  26  27  26  28  28  27  30  29  31  31  28  32  32  46  42 
137 134 132 127 137 125 124 134 131 128 128 128 117 110 112 117 112 118 120 121 112 115 106 121 107 121 104  93  93 110 118  80  87 132 103 109 130 138 122  88  82  65  86 107  73  72  69  47  44  41  27  35  29  27  19  27  31  27  24  23  26  29  22  26  28  27  26  24  24  22  25  33  33  28  31  28  26  31  38  34  30  29  31  30  27  28  25  27  30  29  29  31  33  28  33  30  27  25  35  32 
140 136 131 125 125 124 127 126 126 122 126 125 128 133 123 130 119 115 137 126  99 110 104 111 113 128 117 110 102 105 109  91 104 117  94 111 116 111 101  96  95 102 121  92  65  56  55  48  61  40  22  25  28  31  19  30  35  32  27  28  24  25  25  24  27  29  25  24  23  23  24  28  30  28  28  29  29  34  39  36  31  27  30  29  28  31  32  32  34  31  30  30  34  31  32  30  32  25  27  36 
124 122 115 119 123 126 127 125 123 114 114 125 124 126 117 115 120 100 115 113  98 105 113 120 124 129 127 119 117 121 124 103 116 116  95 114 125 109 103 123 126 121 117  71  29  56  59  31  45  35  18  19  31  29  20  38  44  40  36  41  36  27  31  28  27  29  29  26  24  25  21  26  32  30  27  28  31  35  39  37  31  30  30  27  23  28  33  29  29  28  30  26  35  29  28  30  31  28  26  36 
126 129 130 130 129 126 124 129 127 121 118 118 119 119 111 105 107 102  97 108 111 117 120 125 123 125 125 112 109 110  91  81 119 115 108 128 129 125 132 127 115  91  75  64  31  44  56  51  37  29  27  26  27  25  27  42  41  40  36  36  34  27  29  26  24  25  24  22  24  23  22  23  25  26  27  24  25  31  32  34  30  30  29  26  24  29  28  27  25  27  28  27  32  30  31  31  31  34  28  30 
139 138 135 132 132 126 121 122 130 135 129 127 133 132 130 129 118 114 120 120 119 120 122 121 117 119 112 103  92  75  47  60 110  92 102 126 124 113 124 113 102  54  30  55  37  23  41  50  33  26  27  27  22  19  26  33  32  32  29  21  26  26  24  21  22  22  21  18  24  26  24  27  28  27  29  27  25  28  28  31  30  29  27  26  25  26  26  24  28  31  32  26  27  31  32  31  33  34  28  23 
115 108 103 107 109  99  99 100 102 115 106 100 109 108 115 116 106 111 116 118 116 115 119 119 118 118 106 101  95  70  43  82 114  64  85 130 124 117 115 115 105  55  20  53  44  18  38  38  24  23  21  15  18  20  20  24  34  31  28  20  28  33  28  25  27  28  30  21  23  25  22  28  30  23  24  25  22  24  26  27  28  28  26  27  27  26  26  26  33  35  32  25  26  30  28  28  32  28  29  24 
124 122 119 119 118 105  97 108  99 111 100  80 103  97 102 100  98 103 107 107 104 104 102 100  99  95  89  76  73  66  44  90 128  85  99 121 119 119 120 134 119  66  21  55  54  23  22  25  20  24  22  15  18  25  17  24  41  36  29  20  29  40  35  33  33  34  39  24  17  21  22  30  27  16  20  22  17  24  30  25  28  28  28  31  32  31  25  30  35  34  29  28  26  29  25  25  27  27  30  28 
124 124 126 127 126 118 113 118 123 132 110  85 140 124 117 120 116 113 116 117 120 114 106 108 112 107  99  84  68  75  77 102 131 124 120 114 116 111 113 134 106  60  31  69  53  18  17  16  20  24  20  21  19  21  18  25  41  40  30  17  27  43  37  38  37  34  40  25  17  18  21  35  29  17  24  27  17  28  40  27  26  26  26  29  29  30  27  28  29  25  25  26  25  27  23  26  25  28  28  31 
 76  83  94  97  97 110 110 107 122 134 108  85 127 119 116 124 117 112 106 101 105 104 108 109 114 111 106  89  76  95  99 107 115 129 134 137 129 129 126 123  98  58  39  58  38  19  22  14  21  30  21  21  19  18  17  26  39  41  28  18  27  40  34  34  34  32  38  28  16  19  28  32  26  19  24  29  25  32  44  32  27  27  28  28  28  28  28  27  27  23  20  23  25  23  21  27  26  27  26  31 
101 111 130 117 118 124 101 104 114 128 109  93 111 113 113 113 101 102  91  91  97  91  91 100 109 104  93  80  76 103  98  92  94 118 136 146 141 130 124 120 117  89  33  35  40  21  24  14  14  24  29  27  19  20  16  26  38  38  29  19  26  39  33  33  35  32  34  28  20  22  32  29  26  25  25  26  24  26  41  46  34  29  30  25  25  26  28  27  27  28  24  28  26  24  24  28  27  30  31  31 
118 126 144 130 136 130  99 100 111 122 109  92 120 117 113 108 103  99  98 106 112  98  81  84  96  92  79  62  78 109 106  74  87 112 114 138 123 116 131 136 117  94  46  30  33  19  21  18  22  26  30  27  24  24  17  26  32  35  32  19  26  41  35  32  32  31  34  27  20  22  26  25  24  26  27  24  24  26  32  43  31  26  29  27  27  27  30  29  29  32  31  31  28  25  25  29  28  29  30  29 
106 110 115 120 128 118 101 112 116 120 107  89 112 112 110 108  99  89 112 108 113 105  93  72  75  79  64  43  72 119 109  95 119 111 102 107 101 115 136 135 113  84  63  35  38  27  20  21  23  31  32  27  24  25  20  25  25  29  30  20  25  37  35  29  26  25  28  24  23  26  27  24  22  24  24  23  24  27  27  35  34  29  29  28  29  28  29  28  26  28  28  25  25  23  25  31  29  27  27  29 
120 120 109 109 120 114  93 109 112 118 110  96 111 117 104 112  95 106 123 109 107 100  87  67  66  76  69  79 109 112 131 134 123 111 125 130 136 128 123 125 124  78  52  35  33  30  23  24  21  30  35  32  25  25  24  24  25  27  27  22  23  27  30  28  27  24  22  21  24  25  24  23  22  24  25  22  21  23  24  26  27  22  24  24  22  22  24  25  27  27  28  27  25  24  28  30  27  27  27  23 
109 110 105 103 111 106  94  98 105 111 107  93 116 116 110 105  93 105 108 108  92  73  62  63  57  44  71 132 115 113 134 130 123 128 138 137 141 135 125 123 125  85  36  24  27  26  21  20  23  26  25  22  25  18  19  19  22  25  22  21  20  20  23  22  21  21  20  16  15  17  18  20  20  21  24  21  21  23  25  25  25  27  26  24  25  27  27  30  30  27  25  23  26  24  26  26  27  25  22  16 
 96  97  97  98  98 101  87  89  90  99  97  91 107 116 113  92  93  85  96 102  70  51  61  53  33  41  71 131 122 113 127 130 132 141 137 131 127 128 134 125 119 104  31  20  29  31  30  24  26  27  26  26  27  20  20  21  25  29  28  26  24  23  28  28  25  22  23  20  19  19  21  23  20  19  22  21  21  22  22  28  30  30  27  26  25  25  26  27  29  25  23  22  24  19  20  24  27  25  23  20 
 90  91  93  90  83  95  72  66  79  96  96  89 104 109 103  96  96  80  98  81  57  72  66  50  82 101  62 111 127 121 139 131 136 151 148 136 138 134 119 103 120 106  29  21  24  25  30  33  34  36  28  29  29  22  17  19  22  26  27  21  22  25  20  21  29  25  21  18  22  23  23  24  22  25  29  24  25  23  16  37  38  21  26  27  24  26  25  23  24  21  20  21  23  19  21  21  22  22  23  19 
 90  88  93  88  79  73  68  56  73  85  70  79 106  96 102 107 112 105  84  59  87  78  39  89 141  95  84 113 136 130 139 124 106 104 111 133 136 129 125 120 128 115  38  16  24  24  31  35  35  35  30  26  27  20  15  14  18  21  21  17  19  22  18  18  24  26  17  21  18  19  22  26  22  26  25  24  25  19  18  46  43  16  24  26  22  24  21  22  23  21  20  21  23  19  22  23  24  23  24  19 
 99  91  81  78  76  64  72  58  45  55  44  79 104  99 104 110 105 100  76  59  89  56  85 124 111  88  95 101 125 126 138 137  97  98 136 143 139 142 133 109 120 113  38  16  24  27  31  31  31  29  24  20  22  18  17  17  20  23  22  16  14  16  20  23  23  26  22  19  14  18  19  24  22  23  24  23  22  17  20  40  36  21  26  24  22  24  22  24  23  20  20  22  22  19  23  24  26  25  26  22 
 94 105 102 101  83  76  61  49  42  46  52  81 104 106 102 116 111 102  73  72  67  74 133 124  98  84  98 141 138 134 133 136 135 133 137 140 136 143 135 118 133 126  39  12  28  26  25  24  26  25  25  22  22  14  14  15  14  19  22  19  15  16  17  19  18  20  21  19  18  18  17  22  20  19  23  23  20  18  21  26  26  21  22  20  21  21  22  23  25  26  25  26  25  24  25  25  28  27  27  25 
 75  71  74  69  61  52  50  58  55  39  55  73  92  91  94  94  97  86  63  69  55 104 127 125 100 104 144 154 148 155 148 143 148 150 151 148 137 133 140 133 129 119  42  19  33  30  30  29  30  26  25  20  18  17  18  19  16  21  21  20  15  15  16  18  18  18  17  13  15  21  20  21  21  20  24  25  19  21  22  24  30  24  23  23  22  22  24  23  24  27  26  24  24  25  25  24  25  24  24  24 
104  94  88  76  62  56  59  75  51  49  68  66  68  69  70  53  47  64  83  46  60 125 119  97  85  81 108 114 119 119 119 119 125 128 132 130 135 144 152 151 164 116  29  23  32  29  29  32  35  32  29  28  29  23  23  26  25  30  30  31  30  31  36  34  35  30  30  25  21  21  23  20  23  23  22  23  20  22  20  22  26  20  19  20  19  19  26  23  20  24  25  22  21  23  24  23  24  24  23  24 
114 106  97  89  85  69  66  76  48  54  78  68  79  82  61  66  80 100  94  60  89 115 108  74 113 124 122 130 124 122 118 111  97  97 104  97  84  84  82  90  90  42  31  33  30  27  22  22  24  25  21  18  20  18  18  18  16  17  15  16  17  17  18  17  19  19  21  24  26  26  28  24  25  26  22  19  16  13  16  20  21  22  22  20  18  19  25  24  21  24  27  23  20  21  22  24  24  25  25  24 
 95  88  82  74  72  73  97  97  81  66  66  59  64  57  83  69  60  75  79  86 115 110  68  71 118 130 146 154 147 154 156 148 140 147 154 149 148 144 140 137 114  49  19  24  19  21  21  19  16  20  19  16  13  13  17  19  20  20  18  14  14  22  19  19  20  16  14  15  18  17  18  20  25  30  32  29  29  29  27  23  19  21  24  25  23  22  23  25  23  24  25  19  18  20  19  22  19  21  23  21 
 79  71  72  60  64  85 108  88  85  86  51  57  53  80  60  74 106 122  95  53 104  81  46 110 141 138 121 127 147 139 146 146 133 136 148 146 146 147 143 134 134  56   7  14  19  16  20  24  14  16  18  18  13  12  16  16  17  16  18  14  14  16  15  19  14  13  16  14  18  20  15  16  17  19  24  19  15  22  27  30  33  29  24  21  19  19  19  25  23  20  22  19  21  20  18  20  16  21  24  23 
 69  57  51  42  75 107 115  69  78  75  33  36  72  49  65  86  73 114 108  96  89  77 106 131 146 120 109 113 121 124 131 148 138 142 155 152 150 141 131 132 123  43   6  15  19  21  21  19  12  18  11  15  12  10  12  12  19  14  14  14  14  13  12  13  12  12  13  14  14  19  17  16  15  20  23  19  14  13  15  17  23  30  31  30  26  19  16  17  15  20  22  17  20  20  23  14  15  21  22  23 
 68  64  45  53  99 110 133 114  89  70  32  27 108  67  77  90  73  97 135 147 107  83 113 127 131 109 109 110 128 130 114 135 133 133 148 150 147 135 125 124 114  48   9  16  19  21  23  19  13  13  11  14  16  13  13  13  18  14  15  13  14  12  12  13  12  12  13  13  12  14  15  15  16  20  21  16  13  15  15  15  15  15  15  12  19  29  33  28  15  15  20  15  17  21  21  14  14  18  20  21 
 65  62  53  81 131 126 154 168 104  74  18  56 129  95  91  95 111  96 112 114 109 102 108 119 115 113 117 120 114 112 120 130 117 118 122 130 130  93  93 115 136  72  14  15  15  16  21  18  16  13  12  13  17  16  13  13  15  13  16  12  14  12  12  13  12  12  14  13  13  12  13  15  16  17  18  16  13  13  14  15  16  15  14  13  14  12  18  29  34  30  24  17  12  19  21  21  17  17  20  23 
 60  60  50 107 129 143 153 143 105  63  27 105 131 103  89 111 103  99 111 113 105 108 110 109 115 120 122 117 119 116 117 119 115 110 120 132  94  66 113 136 143  64  10  17  18  16  17  16  17  13  13  13  16  17  12  12  14  13  17  13  15  13  13  13  13  13  15  15  14  13  14  16  17  16  17  17  16  14  13  15  18  17  15  14  15  15  16  12  15  26  33  28  24  21  16  20  24  23  19  19 
 66  51  70 137 134 132 138 145  86  52  91 130 131  92 105 113  95 108 100 105 111 112 116 120 121 116 115 115 119 114 117 122 120 113 132  94  63  77 115 150  97  33  21  22  21  20  18  18  17  15  15  16  18  17  12  13  14  13  18  13  15  15  14  13  13  13  15  15  13  13  14  16  16  15  15  16  16  18  17  17  18  17  15  14  15  14  16  15  14  12  15  17  27  29  27  20  13  17  16  22 
 61  43 105 143 145 151 166 129  76 103  99 125 121 103 118  99 108 104 110 114 113 121 122 120 114 119 125 125 132 134 125 118 119 128 129  93  61  75 119  97  22  20  21  17  15  17  16  16  17  15  15  14  14  15  12  13  14  13  14  12  13  14  12  12  11  11  13  13  12  12  11  12  13  13  14  15  13  11  13  14  14  13  12  13  12  12  14  12  13  13  13  10  10  10  21  28  24  19  17  33 
 76  61 116 150 144 143 152 111 113 109  92  98 103 109 101 109 111 118 123 116 127 119 116 120 123 122 128 127 131 129 131 141 134 122 131 105  60  52 107  82  23  18  17  13  13  15  12  14  15  12  13  11  11  12  12  13  14  13  10  11  11  11  10  12  12  12  13  11  10  12  11  12  13  14  15  15  14  15  15  15  14  15  14  13  11  13  15  13  12  15  15  15  16  15  13  11  18  25  25  24 
 92  86 118 142 145 144 125 103 109 112 113 100 111 116 128 123 114 124 128 130 142 143 143 136 135 137 129 135 139 141 143 150 153 149 155 144 134 119 128  82  17  16  21  16  13  17  15  16  18  13  15  14  16  12  12  13  15  12  10  11  11  10  11  12  13  13  13  13  10  11  12  14  16  16  16  14  14  16  15  14  13  14  14  12  10  13  13  13  13  13  13  14  13  12  14  15  16  11  18  27 
 64  72  97 133 154 130 113 113 110 115 116 115 116 126 134 133 137 135 136 136 140 153 147 143 148 146 143 147 149 149 150 149 149 152 155 159 162 156 163 108  24  10  14  14  14  13  14  15  16  15  14  13  15  13  12  13  13  10  10  11  10  10  11  12  12  12  11  11  11   9  11  11  12  12  11  13  13  13  14  13  12  11  12  12  12  11  11  11  12  13  14  12  13  13  13  12  13  16  16  15 
 81  54  80 128 157 123 108 118 123 126 117  91  82 101 111 102 120 130 139 139 134 142 142 145 144 144 148 149 142 148 144 145 150 151 151 154 156 150 163 135  40   7  12  14  16  14  14  15  17  16  15  15  15  12  12  13  13   9   9  11  11   9  11  12  13  12  11  11  10  10  10  11  13  12  12  11  12  14  15  15  12  11  11  11  12  12  11  11  12  13  13  12  12  12  13  15  16  16  17  16 
110  92  83 114 142 128 116 114 123 130 114  70  76  84  87  80 109 148 142 143 118 110 109 120 116 116 113 111 116 118 122 121 120 120 123 133 129 126 129 124  55  11  16  18  14  14  14  14  15  15  15  14  13  12  11  13  12  10  10  11  12  10  11  12  12  11  10  11  10   9  10  12  13  13  12  11  12  13  15  14  12  11  11  12  11  10  11  11  11  12  13  12  11  12  13  15  15  16  15  14 
115 117  86  87 139 126  95 103 126 125  87  64 114 116 114 139 149 143 140 145 141 147 147 144 134 137 141 139 141 143 147 141 143 142 140 132 128 115 103 127  97  21  13  15  17  16  13  12  13  14  14  13  13  12  11  12  12  11  11  12  12  11  11  12  12  13  11  11  10   8   9  10  12  11  11  11  11  12  14  14  12  11  11  12  11  11  11  12  12  13  13  13  12  12  13  14  14  14  13  12 
121 110  86  75 112 124  87  82 114 112  78  61 100 113 139 142 139 137 147 140 130 136 130 108  90 107 132 140 140 137 133 146 151 153 167 167 168 156 142 172 113  17  13  13  12  14  12  12  13  13  13  12  12  11  10  11  12  12  12  11  10  12  12  11  11  12  11  10   9  10  10  11  12  12  12  12  12  11  12  12  12  12  11  11  10  11  12  12  12  13  13  14  12  11  12  13  13  14  13  12 
130 111 105 107  96 101  96  96 103  95  89  76 120 140 142 142 139 145 132 113 132 115 102 110 117  84  78  90  91  87  83 111 115 114 144 152 150 146 122 146  96  13   9  14  12  12  11  11  12  12  11  11  11  11  10  10  11  11  11  10   9  12  11  11  11  11  11  10  10  11  11  11  11  11  11  11  11  11  11  11  12  11  11  10  10  10  11  11  11  12  12  12  12  12  12  13  13  13  12  13 
126 113 112 115 108 103 103 110 122 113  97 100 126 133 136 142 144 121  81  83 100  87  80 102 113 104  84  92  89  90  72  83  84  91 142 150 139 137 119 135  95  16  10  11  12  13  11  11  11  12  12  12  12  11  10  11  11  10  12  11  10  10  11  11  10  10  10  11  11   9  10  10  10  11  11  10   9  10  10  10  10  11  11  11  10  10  12  11  11  11  11  11  12  12  12  12  12  12  11  11 
122 117 113 108 109 110 115 103 116 131 117 113 121 129 129 133 124  90  87  91  91  90  83  84  84  97 100  94  87  93  96  90  96 108 128 116 102 121 125 131  84  18  12  11   8  12  11  11  13  13  13  12  11  12  11  12  12  10  11  11  11  10  12  12  11  10  11  11  11  10  10  11  11  13  13  11  10  10   9   9  10  10  11  11  11  11  12  11  12  12  11  12  11  11  12  11  11  11  10  10 
125 122 116 114 116 122 121  97 104 122 126 124 121 125 106 104 104 104 107 101  98  97  93  94  94  98  98 104 106 111 118 111 102  93  90  96  99  99 112 130  66  12  13   9   9  13  12  11  13  14  13  12  12  13  12  11  11  11  10  10  12  10  10  12  12  10  10  11  10  10  10  10  10  11  10   9   9  10  10   9   9   9  10  10  11  10  10  10  10  11  10  11  11  11  11  12  12  11  11  11 
114 122 120 124 111 117 118 106 100 122 121 118 133 121  83  98 106 100  98  97  96  93  95  94  90  72  79  93 104 103  97 106 105 109 107 121 133 114  94 106  58   8  12   8  11  16  14  10  10  12  12  12  12  12  11  10  10  12  11  11  11  10  10  11  11   9   9  11  10   9   9  10  10  10  10   9  10  10   9   9  10  11  10   9  10  11  10  11  10  10  10  11  10  10  10  11  12  12  12  12 
125 125 126 129 122 115 113 118 110 125 120  68 135 115  82  97 105 106  99 102  99  99  92  96  98  96  96  95 106  91  95 104 124 143 134 134 136 135 121 115  60  10  10  11  10  14  12  10  10  11  12  11  11  12  11  10  10  10  11  10   9  10   9  10  10   8   9  11  10  10  10  10  11  10  10  10  10  10   9  10  11  12  11  10  10  11  11  11  11  11  11  12  10  10  10  10  11  11  11  11 
147 151 140 134 132 130 118 111 118 131 110  87 140 114 101 101 103 108 101 104 102 108 108 109 107 134 131 117 114 112 121 116 129 133 125 121 115 129 141 140  58   5  11  10   9  10  11  10  11  12  11  12  12  12  12  11  12  11  11   9  10  10  10  11  10   9  10  10  10   9  10  11  11  11  10  10  10   9  10  11  11  12  11  11  10  11  11  11  11  11  11  12  11  11  11  11  10  10  10  10 
133 140 133 133 132 133 123 114 119 121 109 116 139 127 115 106 105 109 111 113 119 126 135 125 114 136 130 111 109 127 126 118 123 126 114 110 108 116 138 131  45   4   8   9  12  11   9  11  10  11  10  10  11  11  12  11  11  10  10   9   9   9   9  10  10   9  10   9   9   8   9  10  10  10  10   9   9   9  10  10  10   9   9  10   9  10  10  10  10  10  10  11  11  11  11  11  11  10  10  10 
138 132 128 135 141 141 140 137 136 128 124 126 147 137 135 129 140 138 141 143 145 142 143 143 145 152 141 124 134 143 137 131 143 138 130 123 125 132 150 142  44   4  12   9   9   9   9  10  10   9   8   9  10  10  10  10  10   9   9   9   8   8   9   9   9   8  10   9   8   7   8   8   9   9   9   8   9  10   9   9   9   9   9   9   9   9   9   9   8   9   9  10  10  10  10  10  10   9   9   9 
117 117 117 120 118 115 114 102 110 115 107 113 127 113 123 115 126 132 129 128 129 130 130 143 145 144 135 121 127 127 122 119 127 131 126  95  95 122 141 122  37   6  15   8   7   9  10  11  10  10  10  10   9  10  10  10   9  10  10  10   9   9   8   9   9   9  10  10   9   9   8   8   8   9   9   9   9  10  10  10  10  11  11  11   9   9   9   9   9   9  10  11  11  11  11  11  11  10  10  10 
116 116 120 121 117 113 111 106 112 115 117 114 122 108 114 118 118 126 126 132 130 130 133 134 139 138 129 124 118 112  99 102  98 111 115  78  69  93 117  82  22   9  12   9  11  10   9  10  11  10  10  10  10  10  10  10   9   9  10  10  10  10   9  10  10  10   9  10  10  10   8   8   9  10  10  10   9   9  10  10  11  11  11  11  11  11  10  10  11  10   9  10  11  10  11  11  12  11  11  10 
126 129 131 131 124 123 132 132 142 135 125 124 124 125 118 124 127 140 143 152 154 156 153 156 153 153 136 143 143 144 134 123 117 124 133 136 133 123 145 101  20  10  11  10   8   7   9   9  10  10   9   9   9   9   9   9   9   9   9   9  10   9  10  11  10  10  10  11  11   9   9   9  10  11  11  10   8   9   9  10  10   9  10  11  12  11  10  10  11  11  10  10  10  11  11  11  12  11  10  10 
109 111 112 109 103 115 126 127 129 128 120 126 119 125 125 121 128 143 142 143 152 155 153 161 155 150 139 146 146 145 144 142 135 119 127 146 155 139 151  84   6  10  11  10  11  11  10  10   9   9   9   9  10  11  11  11  11  10  10  11  11  10  10  10  11  11  11  12  12   9  10  10  10  10  10  10  10  10  10  11  10  10  11  12  12  10  11  11  11  11  10  10  11  12  12  12  11  11  11  11 
123 107  97 119 121 128 113 114 111 113 116 118 122 120 116 118 128 146 147 134 138 147 136 146 147 135 133 120 137 147 134 133 139 129 138 140 132 137 139  56   5  12  13  10   9  12  12  10  11  11  11  11  11  12  12  13  13  11  11  12  12  11  10  10  12  11  12  11  12  11  11  11  11  11  10  11  11  11  11  11  12  11  11  13  11  11  11  12  11  11  10  10  11  11  11  11  11  10  10  10 
132 109 118 141 123 124 118 109 115 120 123 118 123 131 119 104 106 122 134 129 120 124 113 127 127 108 111 131 124 119 132 137 142 150 147 153 146 134 139  74  11  10  10  13  12  10  11  11  13  14  13  12  10  11  12  12  12  12  11  11  11  11  11  11  11  11  12  11  12  12  12  11  11  12  11  11  10  10  10  10  11  10  10  12  12  12  12  12  11  11  11  10  10  10  10  10  10  10  10  11 
150 124 132 140 110 119 128 113 117 115 120 128 123 120 125 125 113 110 111 111 116 119 120 135 118 108 130 151 133 110 117 127 144 158 152 146 146 129 131  87  15   9  12  12  11  10  10  11  12  13  13  12  11  11  11  11  11  11  10  10  11  12  12  11  12  12  11  12  12  12  12  12  11  12  11  10  11  10  10  11  11  10   9  10  12  12  12  12  11  10  10  11  11  11  10  11  10  11  11  11 
105 101 105 112 108 107 102  87  76  81  93  95 102 106 109 128 113 106 116 117 127 121 123 137 128 121 119 119 103  94 104 118 132 125 136 145 131 120 125 111  34   7  13  10  11  11  12  11  10  10  11  12  13  11  10  12  11  11  11  10  10  11  11  10  11  11  12  11  11  10  11  11  12  11  11  11  11  11  12  13  12  11  10  10  11  12  12  11  11  11  12  11  10  10  11  10  11  10  11  11 
 99  88  96 107 102  97  86  83  73  70  78  65  78  85  93  93 105 104 116 119 124 126 120 120 134 120  98 103 100  86  99 115 121 121 125 127 115 114 135 136  50   4  13   9  10  10  10  10  10   9   9  10  12  10  10  11  12  12  11  11  11  10   9   9   9  10  11  10   9   8  10  11  12  11  11  12  11  10  12  13  12  11  11  11  10  10  11  11  11  12  11  10  11  12  12  11  11  11  10  10 
123 109 124 142 135 138 139 125 121 114 107 107 102 109 114 119 130 130 136 142 150 150 148 149 145 136 127 129 135 128 133 139 145 152 147 139 136 133 146 120  34   3  11   9   8   9   9   9   8   8   8   9   8   9  10  10   9  10  10   9   9   9   8   9   9   9   9   9   9   8   9   9   9   9   9  10   9   8   9  10  10  10  10  10   8   8  10   9  11   9   9   9   8   9  10   9   9   9   9   9 
 65  63  65  81  77  81  86  77  76  58  60  80  73  64  66  66  84 102 112 130 135 127 136 136 140 136 126 129 147 150 143 149 159 169 166 165 158 155 178 125  24   3   9   8   8   8   8   9   8   7   8   9   8   8   9   8   8   8   9   7   8   8   8   9   9   9   7   8   8   8   8   7   8   8   8   9   8   9  10   9   9   8   7   8   8   8   9   7  10   8   8   9   7   7   9   8   8   8   9   9 
 86  82  80  79  79  72  66  64  61  66  57  60  65  77  72  65  77  86  91 112 117 115 117 113 107  97  87  78  66  71  73  85  89  92  97 100 107 102 108  71  12   9   8   6   9   8   7   8   7   8   9   9   8   8  10  10  10  10   9   9  10   9   8   9   9   8   8   8   9   8   9   8   8   9   9  10   9   9  10  10   9   9   8   9   8   8   9  10  12  10   9   8   8   8   8  10  10   9   8   9 
116 122 116 104 112 112 101 101 101 114  96  85 111 114 102 106 116 126 132 145 145 149 157 150 148 146 125 117  95  95 122 132 117  99 105 104 105 107 118  84  16   7  10   9   8   8   8   8   8   8   9   9   8   8  10  11  11  10   9  10  11  10  10   9  10   9   9  10  10  10   9   9   9  10  11  10   9  10  10  11  11  10  10  10   9   8   9  10  13  14  10   9  10   9   9  10  10  10   9  10 
117 121 106  95  98 104 106 103 112 128  93  79 119 105  90  97 107 118 121 127 138 143 138 142 143 139 127 122 117 104 124 143 131 107 122 132 129 138 161  98  10   9  11   7  10   9   9   9   9   8   9   9   8   9  10  10  10  11  10   9  10  11  10   9   9   9  10  10   9  10  10  10   9  10  10  10  10  10  10  11  11  10  10   9  11  10   8   9  12  14  11   9   9   9   9  11  10   9   9  10 
119 120 104  77  82 101  95  94 117 129  73  79 121  97  68  85  96 106 114 118 128 131 127 139 142 140 127 118 115  94 108 126 119 100 114 116 126 136 154  95  12   8  10  12   9   9   9   9  10   9  10   9   9  10  11  12  12  13  12  11  11  10  10  10  10   9  10  11  11   9  10  10  11  11  11  10  10  11  10   9  10  10  11  12  10   9   9  11  13  18  13   9   9   9   9   9  10   9   9   9 
 95  97  80  78  74 101 113 101 114 121  73  84 125  96  84 100 101 110 125 130 122 119 129 143 141 135 119 107 115 108  92 109 100  96 110  96 104 121 138 109  28   7  13  10  12  11  10  11  11  11  11  11  11  10  12  11  11  12  12  12  11  12  12  12  12  13  13  13  13  11  11  12  13  14  14  13  11  10  10  10  10  11  13  14  12  12  14  14  16  21  15  12  11  12  12  11  11  12  12  10 
100 108 112 114  99  93 102 102  99 119  66  73 125 120 102  96  92 109 116 125 123 125 128 138 148 130 119 123 113  86  99 117 107 102 106 101 100 116 131 120  39   6  15  13  13  12  13  12  12  12  12  12  12  13  14  12  13  15  15  13  12  12  13  13  13  14  15  16  15  12  13  13  15  17  17  16  14  12  13  12  10  11  13  14  16  18  19  15  12  19  15  14  13  14  14  12  11  13  14  12 
105 101 101 108 105  97 109  97  98 101  68  71 120 116 109 105 102  92  82 115 108 106 117 130 118 111 104 107  99  85  91 102 103 100 115 105  98 114 123 120  44   7  14  13  14  13  14  14  15  14  12  10  11  12  13  13  12  15  17  15  12  11  13  12  11  12  14  15  13  12  13  14  16  16  18  19  15  11  10   9  11  12  14  13  17  18  16  13  14  16  15  14  16  15  14  13  13  14  13  12 
135 124 110  97  91  81  85  85  85  84  60  73 117 101  97  96  87  82  88  87  76  71  68  37  53  67  67  92 110  98  85  86  79  76  77  84  90 111 116 105  41   7  11  10  12  10  10  11  11  11  10  10  10  10  10  10  10  13  13  11  11  11  11  11  10  10  11  11  11   9  10  10  12  10  11  12  10   9   8   8   9  10  11  10  10  12  10   8  10  11  11  11  11  11  10  10  11  11  11  10 
125 118 117 115  96  91 107  73  68  99  91  88 110  87  87  83  91 100  96  90  95  98 102  99 103 103  97 100 101  87  86  96  96  88  85  84  82  96 106 114  50   3   9   9   7   7   7   8   7   7   7   6   7   8   7   7   9  11   8   7  10  10   8   9  10   9   7   8   9   8   8   8   8   6   6   7   7   8   8   9  10   9   7   8   6   7   8   7   7   9   9   9   9   9   9   8   8   7   7   8 
 97 100  98 102  95  83 100  95  91 102 128 129 135 111 104 107 116 119 120 116 104 105 123 141 131 123 121 124 122 113 128 127 122 126 135 125 115 114 125 129  45   2   9   3   6   9   8   6   7   7   6   5   6   7   7   7   9  10   6   7   9   8   7   9   9   8   7   8   9   9   8   8   9   6   6   8   7   8   9  10  10   9   8   7   7   7   8   7   7   8   8   8   8   9   9   8   8   7   7   7 
101  95  89 101 112  94  93  82  67  53  90  74  80  66  54  57  60  75  87  76  66  60  73  74  69  64  75  77  79  79  76  86  84  82  85  86 110 116 143 109  18   3   9   6   9   8   7   7   7   7   6   5   5   6   7   7   8   9   8   8   8   8   9   9   8   6   7   8  10   9   8   8   9   8   7   8   7   7   8   8   9   8   8   7   7   8   7   6   7   8   8   8   9   8   8   8   8   8   7   7 
161 142 142 142 143 136 151 128 121 123 125 129 125 123 130 142 113 129 143 140 133 117 119 121 114  91  92  85  76  73  79  71  67  48  57  61  66  69  91  46   1   6   5   6   5   6   6   6   6   7   6   5   6   5   7   7   6   8   8   7   8   8   8   8   6   6   7   8   9   8   7   7  10   8   7   7   7   6   6   7   8   8   7   8   7   6   6   5   6   7   6   8   9   8   8   7   8   7   6   5 
138 143 132 132 123 119 134 102 107 106 135 145 118 116 135 154 137 128 117 131 111  91 120 134 104 100 112 101  96 103 105  83 103 124 135 134 133 157 126  33   1   8   4   6   6   5   5   5   7   6   5   4   5   5   6   7   7   8   7   8   8   7   6   7   9   8   7   8   8   7   7   7  10   8   7   7   6   6   6   7   8   8   8   7   6   6   7   7   7   7   6   8  10   9   9   9   9   8   7   6 
117 140 127 130 128 137 153 128 107 110 135 133  91  88 112 114 111  93  89  83  39  38  47  32  11  39  35  16  12  16  18  30  32  33  31  47  64 107  86  15   4   9   4   4   7   6   6   7   6   5   4   4   5   5   5   6   7   8   7   7   8   5   4   7  11  11   8   7   7   6   6   8  10   7   6   7   6   7   6   7   8   9   8   7   6   7   7   8   8   6   5   7   9   9  10  10  10  10   9   8 
108  97  86  93 106 146 169 137 103 106 102  99 107  80  75  88  93 103  72  33  37  46  36  32  34  35  33  30  25  30  36  40  34  24  26  25  22  69  68   6   6   8   6   6   5   3   6   4   4   7   6   5   4   5   6   7   7   7   8   8   9   8   8  10  13  11   8   6   7   7   7   7   7   8   7   6   7   7   8   9   8   8   9   9   9   8   7   6   6   7   8   9   8   9  10  10   9  10  10  11 
112 127 125 115 140 154 165 150 110  97 104 110 139 137  90  98 117  90  68  58  27  30  33  35  31  21  30  34  21  25  33  27  26  24  29  32  29  59  74  28   8  14  10  13  17  21  19  15  23  18   5  10   8   5   6   7   8   9   9   9   9   8   8  10  12  11   8   8   9   6   6   6   7   7   7   7   7   9   8   9   9   8   9  10  10   9   9   8   8   8   8   9   9   9  10  11  10  10   9   8 
109 109 119 132 142 150 177 160 103  86  95 142 153 131  87  61  63  22  87 111  94  65  40  35  16  27  34  36  21  21  27  30  26  22  27  26  41  62  85  51  11  14  18  33  33  45  53  49  41  23  11  15   8   7   8   7   8   9   9   8   8   7   7   8   7   6   4   5   8   9   8   7   7   7   7   9   9   9   9   9  10  10   9   9   9  10  11  10   9   8   8   9   9   9  10  10  10  10  10  10 
