161 159 157 155 154 152 151 150 149 149 149 149 151 153 155 155 156 155 154 153 152 152 151 151 150 150 148 147 147 146 147 146 145 145 148 150 151 151 149 145 142 140 138 137 136 134 134 134 134 133 132 132 131 131 130 130 130 131 132 131 131 132 133 133 133 133 133 134 134 135 135 135 134 132 131 130 130 127 125 123 121 119 117 115 115 115 114 112 111 112 112 111 110 109 109 109 109 111 111 110 
162 161 158 157 155 153 152 152 151 150 150 150 152 154 156 156 157 157 155 154 154 154 152 152 151 151 150 149 148 147 147 147 145 145 148 150 151 151 149 146 143 141 140 138 136 134 133 133 132 132 131 131 131 133 131 130 131 132 133 132 132 132 133 134 133 133 134 134 134 135 136 136 135 133 133 132 130 128 125 124 122 120 118 116 116 115 114 113 112 112 113 112 111 110 110 110 110 112 112 111 
162 161 160 159 157 154 153 153 152 151 150 151 153 156 156 157 158 158 158 156 155 155 155 153 152 152 152 152 150 148 148 147 146 146 148 150 151 151 150 147 144 142 140 139 138 135 134 133 133 133 132 132 132 132 132 131 132 133 134 133 134 134 134 134 134 134 134 134 136 136 137 137 136 135 133 132 130 127 125 124 122 121 119 116 115 114 114 113 111 112 112 113 112 111 111 111 111 112 112 111 
162 161 161 160 158 156 155 154 153 152 151 153 154 156 157 158 159 159 158 156 156 156 156 155 155 154 154 154 153 150 149 147 146 147 148 150 152 152 150 148 146 143 140 139 138 137 135 134 135 135 134 133 133 133 132 131 131 132 133 134 135 135 134 135 136 136 135 136 137 138 139 138 137 136 134 132 130 127 125 125 123 121 119 117 115 114 113 113 112 112 113 112 113 112 112 112 112 111 111 110 
162 162 162 160 158 157 156 155 154 154 154 155 157 159 159 159 159 158 157 156 157 157 156 156 156 157 156 156 155 153 151 148 147 148 150 152 153 152 151 149 146 144 141 138 138 138 137 136 135 136 135 135 134 133 133 132 132 132 132 133 134 134 134 135 136 137 137 138 139 139 140 141 139 137 136 134 132 128 126 124 123 120 119 117 115 114 113 113 113 113 112 112 112 112 113 113 112 112 112 111 
162 161 161 160 159 158 157 156 155 155 155 157 159 161 162 161 160 158 157 156 156 156 157 158 158 160 159 158 158 156 154 150 150 151 151 153 154 152 150 148 147 145 142 139 139 139 139 137 135 135 136 136 134 134 134 133 133 134 133 133 134 133 134 135 137 138 138 139 139 141 142 142 140 138 137 136 134 130 126 124 123 119 117 118 116 113 114 114 113 113 113 113 113 113 114 114 113 114 113 112 
161 160 161 160 159 158 157 157 157 158 158 160 162 163 163 163 162 160 158 156 157 157 157 159 161 161 161 160 159 157 156 154 153 152 153 153 153 153 151 150 149 147 143 141 139 138 139 138 137 136 135 135 135 135 134 134 134 135 134 133 133 134 135 136 138 139 140 141 141 141 141 141 140 138 137 137 134 130 127 125 124 121 119 118 117 115 115 115 114 113 114 113 112 114 113 113 113 114 114 114 
162 161 161 162 162 161 160 160 160 160 160 162 164 165 164 163 162 161 159 158 157 158 159 160 162 163 162 161 161 158 157 156 155 153 154 155 155 154 152 151 149 148 145 142 139 139 140 140 138 137 135 135 135 134 133 133 133 133 134 134 134 135 136 138 138 140 142 143 143 142 142 142 141 139 138 137 135 132 129 127 125 123 121 119 117 116 116 115 115 114 113 112 113 114 113 112 113 113 114 115 
164 163 163 163 163 163 163 162 162 162 163 165 166 167 166 164 163 162 161 159 158 158 159 161 163 163 163 162 162 159 158 157 157 155 155 156 156 154 152 150 149 148 147 144 141 141 142 141 139 137 137 136 134 133 133 132 132 133 136 135 136 138 138 140 140 141 143 144 144 143 143 142 141 140 139 138 136 134 133 129 126 124 122 120 118 117 116 115 114 114 114 113 114 113 113 112 112 114 113 114 
166 165 164 164 165 165 165 164 164 165 166 168 168 168 167 165 164 163 162 160 159 158 160 162 163 162 162 163 162 161 160 159 159 158 157 157 156 154 152 150 149 149 148 146 143 142 143 142 140 139 139 137 135 134 133 132 133 134 136 137 138 139 140 141 141 142 143 144 144 143 143 142 141 141 141 139 137 136 134 131 128 124 122 120 118 117 116 114 113 113 113 114 114 114 113 113 112 113 114 114 
168 167 166 166 167 167 166 166 166 168 169 170 170 169 167 166 165 164 162 161 160 159 161 163 163 162 162 162 162 161 161 160 160 159 158 157 155 153 152 150 149 148 148 147 145 143 142 143 141 141 140 139 137 135 134 133 134 135 136 137 138 138 139 140 141 142 144 144 145 144 143 143 142 141 142 140 138 136 134 131 129 125 123 120 118 116 116 114 114 112 112 114 113 115 114 113 113 113 114 115 
170 168 167 168 168 168 167 167 167 169 170 171 170 168 166 167 166 164 163 162 161 161 163 164 163 163 163 163 163 163 161 161 160 159 158 156 154 153 152 150 148 147 147 148 146 144 143 142 142 142 140 139 138 137 135 135 136 137 137 137 137 137 138 139 141 142 143 144 144 144 144 143 142 142 142 142 139 137 134 132 130 126 124 121 119 117 117 116 114 113 113 113 114 115 114 114 114 113 115 116 
171 170 170 169 169 168 167 168 169 169 170 171 169 166 166 167 167 165 163 163 163 162 163 164 165 165 165 165 164 163 162 161 160 159 157 156 155 153 152 149 148 147 147 147 147 146 144 144 143 143 141 140 139 138 137 137 139 139 138 139 139 138 138 139 140 141 142 143 143 144 143 142 142 142 142 142 140 138 135 132 130 127 125 122 120 118 117 116 115 115 114 114 115 115 115 115 114 114 115 115 
172 172 173 172 170 169 169 170 170 172 172 170 168 166 165 168 167 166 163 164 163 162 163 164 166 166 167 166 165 162 161 159 160 159 156 155 155 154 152 149 147 148 148 148 148 147 146 146 145 143 140 140 140 139 139 139 139 140 141 141 141 140 139 139 140 141 142 142 143 144 143 143 143 143 142 142 141 139 137 133 129 128 126 122 120 118 117 116 115 116 116 115 114 115 116 116 115 114 114 114 
175 175 173 172 171 171 170 171 173 172 171 170 168 165 166 167 168 166 165 164 165 165 165 166 167 169 169 166 164 163 162 161 159 158 157 156 156 155 153 151 149 147 146 147 147 147 148 147 145 143 143 142 141 141 142 142 142 141 142 141 141 141 141 140 140 141 142 142 142 142 143 143 144 144 143 142 140 138 136 134 132 128 126 123 122 120 119 117 117 116 116 115 114 114 115 114 113 114 115 115 
176 177 176 175 173 172 172 173 174 173 172 170 169 167 167 167 168 168 167 166 166 166 166 167 168 170 169 167 165 164 163 161 160 158 157 157 156 155 153 151 149 148 147 147 147 148 147 146 146 145 144 144 144 144 145 145 145 145 145 144 143 143 143 142 141 140 141 141 141 140 142 143 143 144 143 143 141 138 136 133 132 130 127 124 122 119 117 116 117 116 115 114 113 113 114 114 113 115 116 116 
175 175 175 176 175 173 172 173 173 173 171 170 169 168 169 169 169 169 168 167 167 168 167 168 169 171 170 167 166 165 163 161 159 158 159 158 158 156 155 153 150 149 148 149 148 147 147 146 147 147 145 145 145 145 146 148 148 149 148 147 146 145 145 144 142 141 140 140 139 140 142 143 142 143 144 144 142 140 137 134 132 130 128 126 122 120 117 116 117 116 115 113 112 112 113 114 114 115 116 117 
175 176 175 176 175 173 172 173 173 172 171 169 169 168 169 170 170 170 170 168 169 169 168 168 169 171 170 169 170 169 166 163 160 160 159 160 159 158 156 154 152 150 149 150 149 148 148 147 147 147 146 146 145 145 146 148 151 152 151 150 149 148 147 146 144 142 142 140 139 140 141 142 141 143 144 144 143 141 137 134 132 129 127 125 124 121 119 117 117 115 114 113 112 112 113 114 113 114 115 116 
176 175 175 176 176 174 174 174 173 172 171 170 168 167 168 170 171 170 170 169 170 169 168 168 169 170 171 171 171 170 168 165 162 160 160 161 160 159 158 155 153 151 151 151 150 149 148 148 147 146 146 147 147 146 147 150 153 154 153 154 153 152 150 149 147 145 143 141 139 139 139 141 142 142 142 142 142 141 139 136 133 130 128 126 125 123 120 117 115 115 114 113 113 114 114 114 113 114 115 115 
177 175 174 175 174 173 173 173 173 172 172 171 169 167 168 170 172 172 171 170 171 170 169 168 169 170 171 171 171 171 170 167 164 161 161 162 161 161 159 157 154 153 153 152 151 151 150 149 148 147 146 148 149 149 149 151 153 153 154 155 154 153 153 151 149 146 144 141 139 139 139 140 140 140 140 140 141 141 141 138 134 131 129 127 126 125 121 117 115 116 115 114 114 114 113 113 114 114 115 116 
176 174 173 172 172 172 173 174 173 173 173 172 170 168 168 170 172 173 172 171 171 170 169 168 169 170 170 170 170 170 170 169 166 164 162 162 162 162 161 159 157 155 154 154 153 152 152 151 150 149 148 149 150 151 151 153 154 154 154 155 154 154 155 154 148 144 142 141 140 139 139 139 140 140 140 139 140 140 141 139 137 135 132 129 128 125 121 118 116 116 115 113 113 113 113 113 113 113 115 116 
178 174 173 172 171 171 173 175 174 174 174 173 171 170 169 170 171 174 173 171 171 170 169 168 168 169 170 169 169 169 169 169 167 165 163 161 163 163 163 161 158 157 155 155 154 153 153 152 152 152 151 152 152 152 153 154 155 155 154 154 154 155 157 155 149 145 143 141 141 140 139 139 140 140 140 139 140 139 139 139 138 136 133 131 129 126 122 119 118 116 115 114 113 113 112 112 113 113 114 115 
180 177 173 173 172 170 172 174 176 175 175 175 173 171 168 169 173 174 173 170 171 170 169 168 168 169 170 168 168 168 167 167 167 166 163 162 162 160 159 160 161 159 159 157 155 155 156 155 154 154 153 154 154 155 155 156 156 156 155 156 155 155 156 154 150 146 143 141 141 141 140 139 139 141 142 141 140 139 139 140 138 137 135 131 129 128 125 121 118 118 116 115 114 114 113 113 114 113 113 113 
180 177 175 173 171 171 171 174 175 176 176 176 174 171 170 171 174 175 173 172 171 170 169 167 168 169 170 169 168 167 168 167 166 165 164 162 161 160 159 160 160 159 158 157 157 157 157 157 157 156 156 157 158 158 157 156 156 156 156 156 156 156 156 154 152 147 144 143 141 140 139 138 138 140 141 141 140 139 139 140 138 137 135 132 130 130 128 123 120 120 118 117 116 115 114 114 113 112 112 112 
179 177 175 173 172 171 170 173 176 177 177 175 174 173 172 173 175 176 174 172 171 169 168 167 167 169 170 170 169 168 168 167 165 164 165 162 161 160 161 160 159 159 158 158 159 158 158 159 159 158 158 160 162 162 160 158 157 157 157 157 156 155 155 154 153 150 147 144 142 140 138 137 138 140 141 141 140 139 138 139 138 137 134 132 131 132 130 125 122 121 120 119 117 116 113 114 114 113 113 112 
177 176 173 172 172 171 170 171 175 177 176 175 176 175 175 176 177 177 175 172 171 169 168 167 168 168 171 172 171 170 169 167 165 164 164 163 161 161 161 160 159 159 158 159 161 159 159 160 160 158 159 160 161 163 162 160 159 159 159 158 157 155 154 154 153 152 149 146 143 141 139 138 141 140 140 142 140 139 139 138 138 137 134 132 132 133 131 128 124 122 121 120 119 117 115 115 115 114 113 112 
176 175 173 172 172 171 170 170 173 176 176 176 176 177 178 180 180 177 175 173 171 170 169 169 169 170 172 173 172 171 169 166 164 163 163 162 160 160 160 159 159 158 158 160 162 161 160 161 161 159 159 160 161 163 163 163 162 160 159 159 157 157 155 153 153 152 150 148 144 142 140 139 141 140 139 140 140 140 139 138 137 136 134 133 132 133 132 129 127 124 124 123 121 119 118 117 116 114 113 112 
176 174 173 171 171 170 169 171 173 176 177 177 177 178 181 183 181 178 176 173 172 172 172 172 172 172 173 173 173 171 169 166 164 162 161 161 159 158 159 158 158 157 158 160 161 161 161 161 162 161 161 161 162 162 164 163 162 161 159 159 159 158 156 153 151 150 150 148 145 143 141 139 139 140 140 141 141 141 140 138 136 134 134 132 132 132 131 130 128 126 125 124 122 121 120 119 116 115 113 111 
176 173 172 171 170 169 170 172 172 175 178 179 179 180 183 185 183 179 176 172 173 174 174 173 172 172 172 173 172 170 168 166 163 161 161 160 159 159 158 159 158 157 157 158 159 160 161 160 161 161 161 162 163 164 164 163 161 160 158 158 157 157 154 152 150 149 148 148 146 145 142 141 141 142 142 142 142 142 141 138 136 134 133 133 132 132 131 130 129 128 127 125 124 123 122 119 116 115 113 111 
175 173 172 171 170 169 170 172 173 176 179 181 181 181 184 184 183 180 176 172 173 173 174 173 173 172 172 172 172 170 168 165 163 162 161 160 160 159 159 158 158 156 157 157 158 159 160 160 159 160 160 162 163 164 163 161 161 160 159 157 155 154 153 152 150 148 147 147 147 146 144 143 143 143 143 142 142 143 142 140 138 136 135 134 133 133 132 132 131 130 129 127 125 125 124 121 118 116 114 111 
175 172 172 171 171 170 170 173 175 178 180 182 182 182 182 183 181 179 177 174 172 172 173 172 172 172 173 174 173 171 168 166 164 164 162 160 158 159 159 158 156 155 156 156 156 157 158 159 159 160 159 161 162 163 161 161 161 161 159 158 155 152 152 151 149 146 145 145 146 146 145 144 142 142 143 143 143 143 144 144 141 140 138 135 134 133 133 132 132 131 129 127 128 128 126 123 122 118 116 113 
175 173 172 171 171 171 172 174 176 178 180 182 181 181 181 180 179 177 176 175 174 172 171 171 171 172 173 174 174 172 170 168 166 165 163 160 158 157 159 158 156 154 155 155 155 156 157 158 158 158 158 159 161 162 162 162 160 160 160 159 156 153 152 151 149 147 144 145 145 145 144 143 142 142 143 143 143 143 144 144 143 141 138 136 136 135 134 133 132 132 130 129 129 127 125 123 123 121 118 115 
175 174 172 171 172 172 172 174 176 178 180 181 181 180 179 178 177 176 175 175 174 172 170 169 170 172 173 174 174 172 170 168 166 165 163 159 157 156 158 157 156 155 155 155 156 155 156 157 157 156 157 157 159 162 163 162 160 159 159 158 156 154 153 152 150 148 146 145 143 143 144 143 142 141 142 142 142 142 142 141 142 141 138 135 135 135 134 134 133 132 132 131 129 127 124 123 124 123 120 116 
174 174 172 172 172 171 171 173 175 178 180 179 180 180 178 177 176 175 174 174 174 173 171 170 170 171 173 173 173 172 170 168 166 164 161 158 155 156 156 156 156 156 155 155 155 154 155 156 156 155 156 157 159 161 163 162 161 160 158 157 155 155 155 153 151 150 148 145 143 142 142 142 141 141 142 141 140 139 140 139 138 138 137 135 134 134 133 133 132 131 131 131 130 128 124 123 123 121 119 116 
173 173 173 174 173 172 171 171 174 177 179 178 178 178 177 175 175 174 174 174 174 174 173 170 170 171 171 171 171 171 170 169 166 163 159 156 154 154 154 155 155 156 155 155 154 153 152 154 154 154 154 156 159 160 161 162 161 159 159 156 154 155 155 154 152 151 149 146 143 141 141 140 140 141 141 140 138 137 137 136 135 135 136 136 135 133 131 131 131 130 130 130 129 127 125 123 121 118 117 115 
172 174 174 174 174 173 172 172 174 177 178 175 175 175 174 173 172 173 174 175 175 174 172 170 169 169 169 169 170 170 170 169 167 163 159 155 153 153 153 153 153 155 154 154 154 152 151 153 153 153 153 154 157 159 160 160 160 160 158 155 153 153 153 152 151 150 148 147 144 143 142 140 139 140 139 138 136 136 135 135 134 133 134 135 135 133 130 129 128 128 129 128 127 125 123 122 119 116 115 113 
174 175 175 174 175 175 175 175 175 176 176 174 173 172 171 171 171 172 174 175 175 172 170 170 169 168 167 167 167 167 167 168 167 164 159 156 153 152 152 152 152 152 153 153 154 152 152 154 154 152 152 153 155 156 157 158 159 159 155 153 151 150 149 148 149 148 146 146 145 144 142 139 138 137 138 137 135 134 132 132 132 131 131 132 132 131 129 127 127 127 127 126 124 122 120 119 118 115 114 112 
173 175 175 173 174 174 175 176 176 175 174 174 171 170 170 170 170 171 173 173 173 173 171 170 168 167 166 166 165 164 165 166 165 163 159 156 153 151 151 151 151 151 152 153 153 153 153 154 155 153 152 152 154 155 157 158 158 157 154 152 149 148 147 146 147 147 144 145 144 142 140 138 136 136 136 136 135 134 132 132 131 129 128 128 128 128 127 126 126 125 126 125 122 120 120 118 117 114 114 113 
172 173 175 173 172 172 174 176 176 174 173 173 170 169 169 168 167 169 170 170 171 172 171 170 169 167 166 165 164 163 164 164 162 161 158 154 152 150 150 150 151 152 153 152 154 155 155 155 156 154 153 153 154 155 156 156 156 155 153 151 149 148 147 146 145 145 144 143 140 139 139 137 136 136 135 134 134 134 133 132 131 128 126 125 125 126 125 123 123 123 125 124 121 120 119 118 115 115 114 113 
170 171 171 172 172 172 173 174 174 172 171 171 170 169 167 167 166 167 168 169 170 170 169 168 168 166 166 165 164 162 162 162 160 159 156 154 152 151 151 150 151 152 154 153 154 155 156 156 156 155 154 154 153 154 154 154 153 153 151 149 147 146 146 144 143 143 142 141 139 138 137 136 136 136 135 135 135 135 133 133 132 129 126 124 123 123 123 122 123 123 123 122 120 119 118 116 114 115 114 113 
168 168 168 168 169 169 169 171 170 169 168 170 170 169 167 166 166 166 167 167 168 168 167 167 167 165 165 164 163 162 162 161 158 156 154 153 152 151 151 150 151 152 153 152 154 155 155 155 155 154 152 152 153 152 152 152 151 151 149 147 145 145 144 143 141 141 141 139 139 138 137 137 136 135 135 135 135 135 135 134 133 130 128 125 123 123 123 122 121 122 122 121 119 118 117 115 115 116 115 114 
167 166 166 164 165 166 167 167 167 167 167 167 169 169 165 165 166 166 165 164 165 166 166 166 166 166 165 163 162 161 161 160 157 154 153 153 152 150 150 150 151 152 152 152 153 155 154 154 154 153 150 151 150 150 149 150 149 149 147 145 143 143 142 141 140 139 139 139 139 139 139 137 135 134 135 135 135 135 136 136 133 132 130 127 125 125 125 123 122 121 122 120 118 117 117 117 117 116 116 114 
165 165 163 164 165 166 166 165 164 163 163 166 167 167 164 164 164 164 162 163 164 165 165 166 166 165 163 161 161 160 159 157 156 153 153 153 151 150 149 149 150 151 151 151 152 154 153 153 153 152 151 150 149 148 148 148 147 146 145 143 142 141 140 139 139 138 138 138 138 139 139 137 136 133 133 134 134 135 136 136 135 133 132 129 127 127 127 124 122 121 121 119 117 117 117 118 118 117 116 115 
163 162 162 163 164 165 164 163 162 161 160 164 164 164 162 162 163 162 162 162 163 165 165 166 165 164 163 161 160 158 157 156 154 152 152 152 151 149 148 149 150 150 149 149 151 152 152 152 152 151 151 150 149 148 147 147 147 146 145 143 141 140 139 138 138 137 136 136 136 137 138 137 135 133 133 133 133 133 135 136 135 133 132 130 128 127 126 125 122 122 120 119 118 118 117 118 118 117 116 115 
161 161 162 162 161 161 162 162 160 159 157 159 160 160 160 160 161 161 161 161 163 164 164 165 164 163 162 162 159 157 156 155 153 151 151 151 150 149 149 150 150 149 148 148 149 152 151 151 151 150 149 149 148 146 145 145 146 146 145 142 140 140 138 137 137 137 135 133 133 134 136 136 134 133 133 133 132 133 134 136 135 133 132 130 128 127 126 124 123 121 121 120 119 119 117 117 117 117 116 115 
160 161 160 161 160 160 161 162 162 159 156 158 158 157 157 157 159 160 161 161 161 163 164 165 164 163 162 162 161 159 157 155 153 152 150 150 149 148 148 150 151 148 148 148 149 150 151 150 150 149 148 147 146 144 143 144 145 145 144 142 140 139 138 137 136 136 135 133 132 133 134 134 133 133 133 132 132 132 134 134 133 132 132 131 128 126 125 124 122 122 121 121 120 119 118 117 116 118 116 115 
161 162 162 162 161 159 160 161 162 159 157 158 157 156 155 156 157 159 160 162 161 162 163 164 163 162 162 161 160 159 158 156 154 153 151 150 151 149 149 150 150 148 147 147 148 149 150 149 148 148 148 146 145 143 142 143 143 144 142 141 140 139 138 136 135 135 135 133 132 132 133 134 133 132 132 131 131 131 133 133 132 132 132 130 128 126 125 124 122 122 121 122 121 120 119 118 118 117 116 114 
162 163 162 163 161 160 160 160 161 160 159 157 156 154 154 155 156 158 159 161 162 162 162 162 163 162 161 159 158 158 158 157 155 153 151 150 150 149 150 149 149 147 147 146 147 149 149 148 147 147 147 145 144 142 143 142 142 142 140 139 139 137 136 136 134 134 133 132 131 131 132 132 132 132 132 131 130 130 131 132 131 131 130 129 127 126 126 126 123 121 121 122 121 119 118 118 118 115 114 112 
162 163 162 163 162 161 161 161 162 161 161 159 157 155 155 154 156 157 158 159 161 161 160 161 163 163 161 158 158 158 158 157 154 153 151 151 150 149 150 148 147 147 147 146 147 148 149 148 146 146 146 145 143 142 142 142 141 140 141 139 137 137 135 133 133 131 131 130 129 129 130 131 131 131 131 130 129 130 131 130 129 129 128 127 126 126 127 126 124 122 122 121 120 118 117 116 116 115 114 111 
164 165 164 164 163 162 161 163 163 162 161 159 158 157 156 156 155 157 158 160 162 162 160 160 161 162 160 159 159 158 158 156 154 153 152 152 150 149 150 148 147 148 148 147 148 148 148 148 147 147 144 143 142 141 141 140 139 139 139 138 137 135 134 133 131 131 131 130 129 129 130 131 132 130 128 129 129 130 129 128 127 126 125 124 124 125 125 124 123 122 121 120 120 119 119 118 117 115 113 111 
166 166 166 164 163 162 162 164 163 162 161 160 158 158 158 158 157 157 159 161 162 162 160 160 161 161 161 160 159 159 158 157 155 153 153 152 151 150 149 148 148 148 147 147 147 147 147 147 147 147 143 142 141 140 140 139 138 138 137 135 135 134 133 132 131 131 131 130 129 129 130 130 130 129 128 128 129 129 128 126 126 124 123 122 121 122 122 122 121 122 121 119 119 119 119 118 116 114 113 111 
167 166 165 164 163 163 163 163 164 163 162 161 160 159 160 160 159 159 161 162 163 163 161 160 160 161 162 161 159 158 159 158 156 154 152 152 151 150 148 147 146 146 146 146 147 146 146 146 147 146 144 142 141 141 140 140 138 136 135 135 134 134 133 132 131 132 131 130 129 128 129 129 129 129 128 128 129 128 126 125 125 123 122 120 119 120 119 119 119 120 119 118 117 117 117 116 114 113 112 111 
168 168 167 165 165 164 163 163 162 162 163 163 162 161 162 162 162 162 165 166 165 164 163 161 159 160 161 161 158 156 158 158 156 154 151 152 152 150 149 147 146 145 145 145 146 146 145 146 146 145 144 142 140 139 139 139 136 135 137 135 134 133 133 132 131 131 131 131 130 129 128 128 129 130 130 129 128 127 125 124 125 123 122 120 119 119 118 118 118 118 117 117 116 116 116 116 115 113 112 111 
169 169 169 167 166 165 163 163 164 164 164 165 164 164 164 164 164 166 166 167 166 164 163 161 159 159 159 158 156 155 157 158 156 154 151 151 150 150 150 149 148 146 147 147 147 146 146 147 146 144 143 140 139 138 138 137 135 135 135 135 134 133 133 132 131 131 132 130 129 129 129 129 128 128 129 129 128 126 125 124 124 123 122 121 120 119 118 117 118 117 116 116 116 115 114 114 115 113 111 110 
170 171 170 169 169 167 166 165 166 166 165 166 165 165 165 165 165 166 166 166 166 165 163 161 160 160 160 158 156 155 157 158 156 154 152 151 150 149 148 149 148 147 147 148 147 147 147 146 145 143 142 140 138 139 138 137 136 135 135 134 134 133 133 132 130 130 132 130 128 128 128 128 127 128 129 128 127 126 125 124 124 123 122 121 120 119 118 118 118 117 116 116 115 114 113 112 113 112 110 109 
172 172 170 171 171 170 168 168 168 168 167 167 167 167 167 165 164 164 165 164 164 163 161 159 159 160 160 159 158 157 157 157 155 155 153 151 150 148 147 148 147 147 148 147 148 148 147 146 145 143 142 140 138 138 138 137 135 136 135 134 133 133 132 131 129 129 130 129 128 127 127 126 127 128 128 127 126 125 124 123 124 123 122 121 120 119 119 119 118 117 116 115 114 113 112 111 111 111 110 109 
171 171 170 171 171 171 170 170 170 170 169 168 169 169 169 167 165 163 162 160 162 161 160 157 157 158 160 160 159 158 157 155 154 153 153 152 150 148 147 147 148 147 146 148 149 148 147 146 145 144 142 140 138 138 137 136 135 135 134 133 132 133 132 131 130 129 128 128 127 126 125 126 127 126 127 126 125 124 124 123 122 123 122 121 121 120 120 118 117 116 115 114 114 113 112 112 111 110 111 110 
170 171 171 170 171 172 171 171 172 172 171 170 172 172 171 169 166 163 160 158 160 160 159 157 157 158 159 160 160 158 156 154 153 152 152 151 150 149 149 148 148 147 145 147 148 148 146 145 144 143 142 140 139 138 137 136 135 134 133 132 133 132 133 132 131 130 130 129 128 127 126 126 127 126 126 126 125 124 122 121 120 121 122 122 121 120 119 117 117 115 114 113 113 112 112 112 111 110 111 110 
169 169 170 171 172 173 172 172 173 173 172 172 173 173 172 170 166 161 158 158 159 158 157 155 154 155 156 157 157 157 156 153 151 151 149 149 149 148 148 149 148 147 146 146 147 147 146 145 144 144 142 141 140 139 138 136 135 135 133 132 133 132 131 131 130 130 131 130 128 127 128 127 126 125 125 124 125 123 122 121 120 121 122 122 121 119 118 116 116 114 113 112 111 111 110 109 110 111 111 110 
169 170 170 170 172 173 172 173 174 174 174 174 173 172 170 169 166 161 157 155 155 155 154 153 152 151 152 153 154 154 154 151 149 148 147 147 147 147 148 147 148 147 146 146 147 146 145 144 144 144 142 141 140 140 138 137 135 135 132 134 133 132 131 130 129 130 131 130 128 128 127 126 125 125 125 125 124 123 123 121 120 121 122 122 121 120 118 116 115 114 113 112 112 110 109 109 110 111 110 109 
168 169 171 170 171 172 172 174 175 176 176 177 175 171 170 169 167 163 158 154 153 153 152 152 151 149 148 149 149 150 151 149 147 147 145 145 145 145 146 147 147 147 145 144 144 144 143 143 143 143 142 141 140 140 139 137 136 135 134 135 135 134 132 131 132 131 131 130 128 128 127 125 124 125 126 125 124 124 123 123 122 122 122 122 121 120 119 117 115 114 113 113 112 110 110 110 110 111 110 108 
168 168 170 169 169 171 172 173 173 175 179 177 176 175 172 170 167 163 159 155 153 152 152 151 151 149 147 146 146 145 145 145 144 146 147 147 145 144 144 145 146 145 145 144 142 142 142 141 141 142 142 141 140 140 140 139 137 135 136 135 134 134 133 132 131 130 130 129 128 127 126 125 124 125 125 124 125 125 123 122 123 123 123 122 121 119 117 115 116 115 114 112 111 111 110 109 109 109 108 107 
165 167 167 169 171 173 172 172 173 174 176 176 176 175 173 171 168 164 160 156 153 151 151 150 149 147 145 145 143 142 141 140 141 143 145 145 144 144 143 144 144 143 144 143 142 141 140 139 139 140 141 140 139 139 139 138 137 135 135 134 134 133 133 132 131 130 129 129 128 127 126 125 124 124 124 123 124 125 124 123 122 123 123 122 121 119 117 116 116 115 114 113 111 111 111 110 110 111 109 107 
162 165 167 168 171 173 172 172 171 174 174 175 175 175 173 172 169 165 161 159 154 150 148 146 147 145 143 143 143 140 139 138 138 140 142 142 142 142 141 141 141 141 142 142 142 141 139 138 138 139 139 139 138 138 139 139 137 136 135 134 133 134 133 132 132 131 129 129 128 127 126 125 124 125 124 123 124 125 124 123 123 123 122 121 120 119 117 116 117 116 115 114 112 111 110 110 110 110 109 108 
159 161 164 168 171 173 172 171 171 173 173 173 174 174 172 171 169 166 163 161 155 151 147 145 145 144 142 142 142 140 140 139 137 138 139 139 140 140 139 139 139 139 140 140 140 140 139 138 138 138 138 137 137 137 137 137 137 136 134 134 133 133 133 132 133 131 129 129 128 127 126 125 124 124 125 125 124 123 123 122 122 122 122 120 119 117 117 116 116 115 115 114 113 112 111 110 109 110 109 109 
156 159 161 165 168 171 171 171 170 172 172 172 172 172 170 170 169 166 163 162 158 153 148 144 145 144 142 141 141 140 139 139 137 136 136 137 138 137 137 138 138 138 137 138 139 139 137 137 136 136 136 135 135 135 135 135 134 134 133 133 132 131 132 132 132 131 131 130 129 127 126 125 125 125 125 124 123 122 123 122 122 121 120 119 117 117 116 117 115 114 114 114 114 113 111 109 108 109 109 108 
154 157 160 163 165 168 170 170 168 169 170 170 170 170 168 168 168 165 163 161 158 154 149 145 145 144 141 141 140 138 138 138 136 134 134 134 135 135 135 136 136 136 135 136 137 137 136 135 135 134 136 135 135 135 135 134 134 133 132 131 131 130 131 131 131 132 132 131 130 128 127 125 126 126 126 125 124 123 124 123 123 121 119 119 117 116 117 116 115 114 113 114 114 113 111 109 108 108 108 108 
153 156 157 159 162 165 168 169 166 167 170 169 169 168 167 167 166 164 161 160 157 154 149 147 146 144 141 141 141 138 138 137 135 134 133 133 133 132 133 134 134 133 133 134 135 134 134 136 135 134 137 136 136 136 136 135 135 134 132 131 130 130 131 131 132 131 132 131 130 129 127 127 127 127 127 127 125 124 123 123 122 121 120 119 117 116 117 116 114 115 115 115 114 113 111 109 109 110 110 109 
152 154 155 157 158 162 166 167 166 166 169 168 168 167 166 166 165 163 160 159 156 153 149 147 147 144 142 141 142 140 139 138 135 134 134 134 133 132 133 133 133 133 133 133 133 133 134 135 136 135 136 136 136 136 135 135 134 134 132 131 130 130 131 131 132 132 131 132 131 129 128 127 128 128 128 127 126 124 123 121 120 121 120 119 117 117 117 116 114 116 116 116 115 114 113 111 110 111 110 110 
153 152 153 155 156 161 164 164 165 165 167 164 164 163 165 166 165 162 160 157 155 154 151 148 147 146 144 142 142 141 139 138 138 136 135 133 132 131 132 132 132 133 134 134 133 133 133 134 135 136 135 135 135 134 134 133 133 133 132 131 131 130 131 131 132 132 131 131 130 130 129 128 128 128 128 128 127 125 123 122 122 121 121 120 119 118 117 116 115 115 115 115 115 115 113 113 114 112 111 110 
153 152 152 153 155 159 162 163 163 164 165 162 163 163 164 164 164 163 162 159 156 154 152 150 149 147 145 143 142 140 139 138 138 137 134 133 132 132 133 132 132 132 133 134 134 134 134 133 134 134 133 133 132 132 131 131 131 131 131 130 130 130 130 130 131 132 130 130 131 130 129 129 129 128 127 127 127 126 125 124 123 122 121 120 119 119 118 117 116 115 115 115 114 114 113 114 114 114 113 112 
152 151 150 151 153 156 159 160 161 163 163 161 162 162 163 163 162 163 163 160 157 154 153 152 151 148 147 145 141 140 139 138 137 137 135 134 133 133 134 133 133 133 133 133 134 135 135 134 132 132 133 132 131 130 130 130 130 130 129 129 129 130 129 129 131 130 129 130 131 131 130 129 128 129 129 128 127 127 126 125 125 123 122 121 120 120 119 118 118 116 116 116 115 114 113 113 113 114 113 112 
151 151 151 150 152 154 157 158 160 164 164 162 162 162 161 161 160 161 160 159 156 154 154 153 152 150 149 146 143 141 141 140 137 136 135 134 134 133 133 133 133 133 134 134 134 134 134 133 132 132 132 131 131 130 129 129 129 129 128 128 129 129 129 128 129 129 130 130 131 131 130 129 128 130 131 129 128 128 127 126 124 123 122 121 121 121 120 120 120 118 117 117 116 114 113 113 112 112 112 111 
150 150 151 150 152 153 155 157 160 164 165 164 163 161 160 159 158 158 158 158 157 155 155 154 152 151 150 148 144 143 143 140 137 137 136 135 134 133 132 133 133 133 133 133 133 133 133 132 131 131 130 130 130 129 129 128 128 127 127 127 128 128 128 127 128 129 130 130 131 131 130 129 128 129 130 130 128 127 127 126 124 124 123 122 122 122 122 121 121 119 118 117 116 115 114 114 113 112 111 111 
149 150 152 151 152 153 156 158 160 163 164 165 165 162 160 158 157 156 156 157 156 155 155 155 153 151 150 148 146 145 145 142 138 138 137 136 135 133 133 134 134 133 132 133 133 134 133 131 131 130 129 129 129 129 128 128 127 127 126 126 126 127 127 127 127 129 129 129 129 130 129 128 129 129 129 130 128 127 128 127 125 125 124 123 123 123 123 123 122 120 119 118 117 116 115 115 114 113 112 111 
149 150 151 152 152 152 157 160 161 162 163 164 164 163 160 157 156 155 156 156 155 154 155 156 154 152 150 148 147 146 145 142 140 139 138 138 137 134 134 134 135 134 133 133 134 134 133 132 130 129 129 128 128 128 127 127 127 126 124 124 125 125 126 126 127 128 128 128 128 128 128 128 129 129 130 130 129 128 128 127 125 126 125 125 124 124 123 122 122 122 120 119 118 117 116 115 114 114 112 111 
149 150 152 153 152 154 158 161 161 161 161 161 161 160 158 156 154 154 154 155 155 154 154 154 153 151 150 149 148 146 144 142 140 140 139 138 137 136 135 135 134 134 134 134 134 134 133 131 129 128 128 127 127 126 126 126 126 125 123 124 124 125 125 126 127 128 127 127 127 127 128 128 129 130 130 131 130 129 128 127 126 126 126 125 125 124 124 123 122 123 122 120 119 117 117 116 115 114 112 111 
148 150 152 152 153 156 158 160 159 160 160 160 160 160 157 155 153 152 152 154 154 153 152 152 152 152 150 149 148 146 145 143 141 141 139 139 138 138 138 136 135 134 135 135 135 134 133 131 129 128 128 127 126 126 126 125 124 122 122 123 124 124 125 126 127 128 127 127 126 127 128 129 129 129 130 130 130 129 128 127 126 126 127 126 125 124 124 123 121 122 123 122 120 118 118 118 116 114 112 111 
148 150 151 152 154 155 158 159 159 159 159 159 159 159 157 155 153 152 151 152 153 153 152 152 151 152 150 150 149 147 146 144 143 143 141 139 139 139 139 138 136 135 134 134 135 134 132 130 129 129 127 126 125 125 125 124 123 121 122 123 124 124 125 126 127 128 128 127 127 128 128 129 130 128 129 130 130 130 129 128 126 126 127 127 126 126 125 124 122 123 122 121 121 118 117 117 116 114 112 111 
148 149 151 152 154 155 157 158 157 158 157 157 158 158 157 155 153 151 150 151 151 152 151 150 150 150 150 150 149 148 147 146 145 144 142 140 140 140 140 138 137 136 135 135 135 133 131 129 128 128 126 125 124 124 125 124 123 121 122 123 124 125 126 127 128 127 127 128 128 129 130 130 130 129 130 130 129 129 130 128 127 127 128 128 127 127 126 125 123 122 121 120 120 119 117 116 116 115 114 112 
147 149 150 151 153 154 156 157 157 157 157 157 157 156 155 154 152 150 150 150 151 151 150 150 149 149 149 149 148 147 147 146 144 143 142 141 141 141 139 137 137 137 136 136 134 133 131 128 127 127 125 124 123 124 124 124 123 122 123 124 124 126 127 128 127 128 128 128 129 131 131 130 130 130 131 130 129 128 129 129 129 128 127 127 127 126 126 124 123 124 122 121 121 120 118 117 117 116 115 113 
146 147 150 150 151 153 154 155 155 156 155 156 155 154 153 153 151 150 150 150 150 149 150 150 149 149 149 149 148 147 146 145 143 142 141 141 141 140 139 136 136 137 135 135 133 132 131 129 128 127 124 124 123 123 123 123 122 122 124 124 125 126 127 128 127 128 129 129 131 132 132 132 130 131 132 131 130 130 129 130 129 128 128 128 127 125 125 125 124 125 123 122 121 121 118 117 118 117 115 113 
146 147 149 149 150 152 153 153 153 153 153 154 153 152 152 151 151 149 149 149 148 149 149 148 149 149 149 149 148 147 145 144 143 142 141 140 140 140 138 136 135 136 134 133 132 131 131 130 129 128 125 125 123 123 123 123 122 122 124 124 125 126 127 128 127 128 129 130 131 133 133 133 132 131 132 132 132 131 129 129 129 129 129 128 127 126 126 125 124 124 123 122 120 120 119 118 117 116 115 114 
146 147 149 148 151 151 151 151 152 151 151 152 152 151 151 151 150 148 147 147 148 148 149 148 148 149 148 148 147 146 145 144 142 141 141 139 139 139 139 138 136 135 133 133 131 130 130 131 129 128 126 124 123 124 124 125 124 123 124 125 127 127 127 128 128 129 130 130 132 133 134 134 133 133 133 133 132 130 130 130 130 130 129 129 127 127 127 126 125 126 125 123 121 120 120 119 117 117 116 114 
146 147 148 149 149 151 151 151 151 150 149 150 150 151 149 148 147 148 148 148 149 149 148 148 148 149 148 148 146 144 143 142 141 140 140 139 138 138 138 138 137 136 135 133 131 131 131 130 128 127 126 124 124 124 125 125 125 124 125 126 127 127 128 129 129 129 129 130 133 133 133 133 133 132 132 133 132 130 129 130 132 130 129 129 128 128 128 127 126 127 125 123 122 121 120 119 119 117 116 114 
147 148 148 147 148 151 151 151 151 149 148 147 148 149 148 147 146 147 147 148 149 149 148 147 148 149 149 148 145 144 143 142 141 140 139 139 139 138 139 139 138 137 136 134 132 132 131 129 128 128 127 126 126 125 125 125 124 125 125 126 126 127 128 129 129 129 130 131 133 134 133 132 132 132 131 132 131 129 129 130 131 130 129 129 128 127 127 126 125 127 125 123 123 123 121 120 119 117 116 114 
150 150 150 148 149 151 152 153 152 150 149 146 146 146 147 148 148 147 146 147 148 149 149 148 148 149 149 148 146 145 143 142 141 140 139 139 139 139 138 138 138 137 136 134 133 132 131 129 129 129 130 129 128 127 126 125 125 125 126 126 126 127 128 130 130 130 130 131 132 133 132 131 131 132 131 131 131 129 129 130 130 129 130 129 127 126 126 125 124 125 124 124 124 124 121 121 119 117 116 115 
153 153 152 152 153 154 153 153 152 151 150 146 145 145 147 148 149 148 147 148 149 150 150 148 147 149 150 149 147 146 144 142 141 141 140 140 140 140 140 140 139 139 137 135 135 134 132 130 130 130 130 130 129 127 127 127 127 127 127 127 127 127 128 130 131 131 130 130 131 132 131 130 130 131 131 130 130 130 130 130 130 129 130 129 127 126 125 124 123 124 123 123 124 123 121 120 119 119 117 116 
157 158 158 156 156 155 154 153 153 152 150 147 146 146 147 148 149 148 148 149 149 150 151 150 149 150 151 150 148 146 144 143 142 141 141 140 141 141 141 141 141 139 137 136 136 135 133 131 129 131 129 129 128 128 128 128 128 129 127 127 127 128 129 130 132 132 131 131 131 131 130 131 131 131 131 130 131 131 131 131 131 129 129 128 127 126 125 125 124 123 123 123 123 123 122 122 121 120 118 117 
157 159 160 159 158 157 156 155 155 153 151 148 148 147 147 148 148 148 147 148 149 150 151 150 150 150 151 150 149 147 144 143 142 143 141 140 141 142 142 142 141 139 137 137 137 136 135 132 130 130 129 130 130 130 129 129 130 130 128 128 128 129 129 131 132 133 132 132 132 131 131 130 130 130 130 130 131 131 132 133 131 129 128 128 127 126 125 124 123 124 124 124 124 123 123 123 122 120 119 117 
156 159 160 159 159 159 159 158 157 155 153 150 150 149 149 148 147 146 146 146 146 148 149 151 151 150 149 149 148 146 145 143 142 143 141 141 142 141 141 142 141 139 138 138 138 137 135 133 131 131 131 131 132 132 131 131 132 132 130 129 130 131 131 131 132 133 133 133 132 131 130 130 130 129 129 129 131 131 131 132 131 129 129 127 125 124 124 123 123 124 124 125 124 124 124 123 122 120 120 119 
156 158 160 159 160 158 157 157 157 156 153 151 150 150 150 150 149 147 145 144 145 145 147 150 151 149 148 148 148 147 145 144 143 142 142 141 142 141 140 141 141 141 140 139 138 137 135 132 131 131 132 133 133 133 133 133 134 134 131 131 131 132 132 131 132 132 132 133 132 131 131 131 132 130 128 130 132 131 131 132 131 129 129 127 125 123 123 123 123 124 125 126 126 125 125 124 123 120 120 120 
155 158 159 160 157 156 156 156 155 154 153 151 151 151 150 149 149 147 144 144 144 145 147 148 148 146 145 146 147 148 148 145 144 143 142 141 141 140 141 142 141 141 140 139 138 137 135 133 132 132 134 135 135 134 134 134 134 134 134 133 132 133 133 133 133 132 132 133 132 131 132 132 131 129 128 129 129 130 131 130 130 128 128 127 125 123 123 124 124 124 126 126 127 127 126 125 124 122 122 122 
156 157 157 158 157 155 156 155 153 153 153 151 150 150 150 149 148 147 144 143 143 144 145 146 146 145 144 146 147 149 149 147 145 144 143 142 141 141 141 142 142 141 141 139 139 137 136 135 135 134 135 136 137 136 136 136 136 136 134 134 133 134 134 134 134 135 135 135 134 133 132 132 130 129 128 128 128 129 130 129 129 128 127 127 125 124 124 124 124 125 127 127 127 128 126 125 125 124 124 123 
156 156 155 156 155 156 155 154 152 152 152 150 149 150 150 149 148 147 145 143 142 143 144 145 144 144 144 145 147 150 150 148 146 144 143 143 142 141 141 142 141 142 141 140 140 138 138 137 138 138 138 139 140 140 140 140 138 137 136 135 134 135 135 135 135 136 136 136 135 133 132 131 129 129 128 127 127 128 129 128 128 127 128 128 126 126 125 125 125 125 128 127 127 127 127 126 127 126 125 125 
155 155 155 155 154 154 154 153 151 151 152 150 149 150 150 149 148 147 145 144 143 142 143 143 144 143 143 144 147 149 150 150 147 145 144 144 143 142 142 141 142 141 141 141 141 140 140 140 141 141 142 143 143 143 143 142 140 138 138 137 136 136 136 136 136 135 135 134 134 133 131 129 128 129 128 127 128 129 128 128 127 128 129 128 128 126 126 126 125 125 127 126 126 127 127 128 128 127 127 125 
153 154 154 155 153 153 153 154 153 152 152 151 149 149 148 148 148 147 146 144 144 142 143 143 143 143 144 145 147 149 151 150 148 146 146 146 145 144 143 142 141 142 142 142 141 141 142 142 143 144 145 146 147 147 147 146 143 141 141 139 138 137 137 137 136 135 135 134 134 133 130 129 128 129 129 128 129 129 128 127 127 128 128 129 128 127 126 126 125 124 126 126 126 128 128 128 129 128 128 127 
152 153 153 154 154 152 152 153 154 153 153 151 149 149 148 146 147 146 145 143 144 143 143 143 143 144 145 146 147 149 150 150 149 148 147 147 147 145 144 143 142 141 142 142 143 143 143 144 145 145 147 148 149 150 149 148 146 144 142 141 140 139 138 137 136 135 135 135 134 133 130 129 128 129 129 129 129 128 127 126 127 127 126 127 126 125 125 126 125 125 127 127 127 128 128 128 128 128 128 127 
151 152 152 153 154 153 153 153 152 151 151 149 149 148 147 145 146 145 143 142 142 142 142 141 142 143 144 145 145 147 148 149 150 149 148 148 148 147 145 143 142 141 142 143 143 143 145 145 146 146 148 150 150 151 150 148 146 145 143 142 140 139 138 137 135 134 134 135 133 132 130 129 128 127 128 127 128 128 126 126 127 126 126 127 126 125 124 125 124 125 127 127 126 127 127 127 127 127 127 127 
151 152 150 152 153 154 153 152 150 150 150 148 148 148 147 145 144 143 143 142 141 141 141 141 141 142 144 145 143 144 147 149 150 150 148 148 148 147 145 144 143 142 142 142 143 144 145 146 145 146 148 150 151 150 149 147 145 144 142 141 140 139 138 137 135 133 132 135 133 131 130 130 129 128 127 128 127 128 127 127 126 126 126 127 127 125 125 124 124 124 126 126 125 125 125 126 127 126 127 126 
