 36  35  37  40  41  41  42  43  43  40  39  42  42  40  41  42  42  44  44  43  43  44  46  46  45  45  47  49  50  49  49  48  47  47  48  49  49  50  49  50  48  41  42  42  42  45  43  44  44  43  43  43  43  43  45  45  47  48  47  47  46  48  47  46  46  46  47  46  46  47  46  45  45  46  47  47  46  45  45  47  45  45  46  45  48  56  53  54  51  49  49  45  41  42  42  41  41  42  40  42 
 34  33  35  36  37  39  40  40  40  39  39  40  39  38  39  39  40  41  41  42  42  42  41  44  44  42  43  45  47  48  48  45  44  44  45  46  47  48  48  48  44  41  39  40  40  42  41  42  43  42  42  42  42  43  44  44  47  46  44  44  44  43  45  45  43  43  44  45  46  46  45  44  43  44  44  45  46  43  44  44  42  43  44  43  45  54  54  49  47  46  44  43  41  39  39  40  40  39  39  39 
 34  35  38  37  38  41  40  39  37  38  39  40  39  40  40  38  38  40  39  40  41  39  38  42  42  40  40  40  40  42  43  43  41  40  39  40  41  43  44  45  39  40  37  39  40  41  43  42  43  43  42  43  43  42  41  43  44  40  40  42  41  42  44  44  42  41  42  43  44  43  43  42  41  42  41  43  43  42  43  40  40  40  40  41  43  49  47  42  44  45  41  41  40  37  37  38  37  34  35  34 
 35  36  41  39  40  41  41  41  41  39  40  40  39  39  39  40  41  43  42  42  41  39  40  42  41  41  41  40  38  39  40  39  39  39  38  37  38  40  42  45  40  40  39  42  41  40  42  42  40  39  40  40  40  41  41  40  41  39  39  40  39  40  41  40  41  40  40  39  39  39  40  39  37  39  39  38  39  39  38  38  39  37  38  39  40  44  42  42  42  40  39  39  36  34  39  35  32  30  32  32 
 32  35  40  40  40  42  41  41  43  42  43  42  39  37  38  38  40  40  40  40  40  40  39  41  41  39  41  41  41  42  42  40  39  40  40  41  41  40  41  43  38  37  38  40  39  37  38  40  39  39  40  39  37  38  38  38  38  37  38  39  37  38  40  39  38  37  37  37  36  35  37  36  35  37  36  36  36  36  35  35  36  35  36  35  37  42  40  42  39  36  36  36  34  31  32  32  31  30  29  27 
 30  33  40  41  40  41  40  40  39  40  40  40  38  38  39  38  36  35  35  36  38  38  37  41  39  36  38  40  41  41  40  41  40  38  39  42  42  43  43  45  38  35  36  37  36  36  37  37  38  39  38  37  36  35  35  36  35  35  36  36  35  35  39  39  36  35  36  38  37  35  33  33  34  35  35  35  36  35  34  33  34  32  32  30  31  38  35  37  36  34  35  34  32  31  31  29  27  28  27  24 
 30  32  39  41  39  38  36  38  40  40  39  37  35  37  37  37  37  36  37  36  34  34  36  39  37  36  37  38  38  39  39  38  37  36  38  40  41  44  45  46  41  35  34  34  35  36  37  34  36  37  36  35  35  34  33  34  34  35  35  34  34  34  35  35  34  33  33  34  34  34  32  32  34  34  33  33  34  31  31  31  31  28  28  29  29  35  29  30  30  31  31  30  30  30  27  23  23  25  27  23 
 30  29  36  39  37  35  33  35  37  37  37  35  35  38  39  37  36  37  37  34  29  29  31  33  34  36  36  36  36  38  40  35  34  36  39  40  40  40  42  43  41  32  32  31  32  34  34  32  34  33  32  32  33  34  33  32  33  33  33  33  33  32  32  33  32  31  31  31  32  33  33  32  32  32  31  30  29  26  27  28  29  25  27  30  30  32  29  26  25  25  25  26  27  25  21  22  22  20  17  14 
 29  26  32  37  36  34  34  36  35  33  35  36  37  37  38  36  34  34  36  33  28  28  27  29  30  32  36  35  34  36  38  35  35  34  37  38  37  36  38  37  38  30  30  28  29  30  28  31  31  31  30  29  29  30  31  29  31  32  31  30  32  30  29  29  29  29  29  29  29  31  32  29  27  28  29  29  27  26  27  25  26  26  28  29  26  28  26  22  21  21  21  23  25  21  21  18  18  16  18  16 
 24  24  25  31  35  33  31  32  31  32  32  33  33  31  32  35  34  34  35  33  28  26  26  26  26  28  30  32  33  34  35  35  34  32  34  36  36  34  34  35  34  28  28  25  27  27  27  27  28  29  29  28  28  29  29  28  28  29  29  29  28  28  27  26  26  26  27  26  25  25  28  27  25  26  25  24  24  26  25  25  22  23  25  25  25  23  22  18  21  19  18  17  17  23  25  16  11  16  16  17 
 23  22  20  22  25  24  24  25  24  26  24  26  26  25  28  33  34  31  31  30  26  25  24  23  24  26  26  28  31  33  34  34  32  31  32  33  33  33  33  33  30  27  27  25  27  28  29  27  28  28  27  27  26  27  28  28  27  28  28  28  28  26  26  26  26  26  26  26  25  25  26  26  27  27  25  23  23  24  22  22  22  24  22  24  29  21  21  18  19  17  15  24  24  30  25  27  25  28  29  25 
 25  24  23  22  21  21  22  24  23  22  22  23  22  23  24  27  29  26  25  26  25  25  24  24  24  25  25  26  28  30  32  31  32  33  32  31  30  31  31  32  30  26  27  25  26  25  26  27  27  27  27  26  27  28  28  27  27  27  26  26  26  25  25  24  24  24  25  25  25  24  25  25  25  26  25  24  22  21  21  21  21  21  19  19  22  18  15  17  18  21  16  29  29  30  35  42  36  35  26  21 
 27  24  23  21  20  20  20  19  22  20  21  23  21  22  23  21  22  21  22  23  22  23  24  23  23  24  24  23  25  26  29  27  29  32  31  30  29  28  27  30  27  24  24  24  25  25  26  26  26  25  25  25  24  25  24  25  25  24  23  24  25  24  23  23  22  22  23  23  22  21  23  24  23  22  21  22  22  20  21  22  17  15  18  17  18  20  20  21  20  20  17  27  37  37  32  24  14  14  16  12 
 30  26  23  23  23  25  24  21  23  22  23  25  22  23  24  21  21  22  23  22  21  21  21  22  23  24  25  24  23  24  25  24  26  27  26  25  25  26  25  27  25  23  23  24  25  26  26  25  25  24  24  24  24  24  23  23  24  22  21  23  24  22  22  22  21  21  21  21  21  20  22  23  22  19  19  20  21  21  21  19  18  18  16  15  18  19  14  20  21  25  32  35  32  20  17  16  15  16  18  15 
 27  24  26  28  28  31  32  30  31  30  28  28  25  27  28  28  28  26  28  28  27  26  23  23  25  26  28  28  27  27  27  26  26  25  24  23  23  23  23  21  19  20  20  22  22  22  22  23  22  21  20  20  21  21  22  22  22  21  21  21  22  21  20  21  21  20  20  20  20  20  20  20  20  19  18  19  19  19  17  16  17  16  12  11  15  19  17  21  13  13  18  26  29  28  31  29  22  16  16  14 
 26  25  29  33  32  33  33  31  31  32  30  31  30  31  33  33  32  30  32  33  33  32  31  29  29  30  31  31  30  30  30  29  29  29  29  27  26  24  24  24  23  27  26  29  27  29  29  30  28  26  23  22  20  21  20  19  20  20  20  20  20  20  19  19  20  19  18  18  18  19  18  18  18  18  18  17  16  17  12  14  13  10  13  12  13  25  24  16   6  15  22  31  33  31  22  23  17  14  14  13 
 26  22  25  30  31  32  34  31  28  31  30  32  33  31  31  32  31  30  31  31  31  33  32  32  31  30  31  31  30  31  31  31  32  32  32  29  29  31  33  32  32  32  30  29  25  26  25  24  25  24  23  21  20  20  19  16  18  20  19  17  17  19  20  20  21  19  17  16  17  17  17  16  16  17  17  16  15  14  15  11  12  12  12  10   8  16  19  16  25  29  30  31  33  28  26  29  15  14  15  17 
 22  20  23  28  26  28  29  27  29  31  32  31  31  31  30  32  31  30  32  32  30  31  30  30  31  32  32  32  31  32  30  31  29  29  32  33  31  28  27  24  20  19  18  18  17  18  18  19  19  19  20  18  19  17  18  19  18  20  23  25  24  20  17  17  18  18  17  16  15  15  15  14  13  13  14  14  14  13  14  10  11  11  10  10   9  10  18  16  13  23  29  31  28  19  33  20  16  18  13  24 
 15  16  21  26  22  22  21  20  18  22  26  25  28  31  27  28  30  27  28  28  27  29  29  29  31  30  30  30  30  31  30  29  29  31  32  32  30  26  22  21  18  17  16  16  17  19  18  18  18  17  19  18  17  17  18  18  17  16  18  23  27  32  27  20  18  15  15  16  14  14  14  13  13  12  13  13  12  11   9  11  11  10  12  10   9  24  23  15  27  31  35  25  23  23  15   7  17  16  15  27 
 16  14  15  17  14  15  18  18  20  19  18  16  17  20  19  19  19  20  20  21  23  23  23  23  24  25  27  27  29  29  29  26  28  29  27  27  28  26  23  18  18  17  16  15  18  19  18  18  18  17  19  18  17  17  17  17  19  19  16  15  16  18  21  19  14  13  13  14  14  14  13  12  12  12  12  12  11  10   8  11  11  10  10  11  12  31  23  47  36  24  36  33  14  14  10  16  13  15  12  38 
 14  14  17  21  20  19  18  16  16  15  16  18  17  15  14  16  17  17  15  15  18  17  18  19  19  20  22  24  25  26  27  26  27  27  24  21  22  21  19  17  16  16  15  14  16  18  17  18  16  17  18  17  16  17  16  13  15  16  15  14  15  14  14  14  12  12  13  12  12  13  12  11  11  11  12  11  11  10  10  10  10  10   9  11  15  36  32  47  29  24  24  32  12  10  14  16  19  20  23  56 
 17  21  30  35  36  32  28  26  25  20  19  20  18  15  16  16  15  15  13  13  15  14  16  18  17  16  16  16  17  18  19  21  22  22  20  19  17  16  15  16  14  14  15  14  16  17  16  16  16  17  17  16  15  16  16  15  15  14  14  14  13  12  12  11  11  12  13  11   9  11  10   9  10  11  11  11  11  10   9  11   8   8  12   7  11  40  36  31  41  42  29  27  17  14  23  18  19  15  23  66 
 17  22  29  32  34  32  32  32  32  32  31  32  30  24  18  15  15  14  14  16  15  13  14  16  15  15  15  15  15  15  14  15  16  16  16  16  15  15  16  17  13  12  14  15  15  15  16  14  14  14  14  14  13  14  13  11  12  13  13  13  12  11  12  10   9  10  11  10   9  10  10   9  10  11  10  10  10  10   8  11   8   9  11   7  13  29  28  23  32  42  40  23  16  20  17  15  16  16  17  39 
 20  23  27  29  34  32  32  32  31  31  29  31  33  34  33  29  25  18  15  14  12  12  14  15  15  17  19  20  18  17  16  16  16  15  14  14  14  14  16  17  15  13  13  14  14  13  13  14  13  12  12  13  12  13  12  12  13  12  10  10  11  11  11  10   9   8   9  10  10   9  10  11  11  10  10   9   9   9   9   9   9  11   7   8  32  42  55  50  40  40  35  31  19  12  15  18  22  21  20  19 
 23  21  21  23  32  33  31  29  30  30  28  29  27  26  29  29  22  14  13  13  12  12  14  14  13  13  13  14  14  14  15  14  14  15  14  14  16  16  16  18  19  17  14  13  14  13  11  13  12  12  11  12  11  13  11   9  10  11  11  12  11   9  10  12  11  10  10   9  10  11  10  10  11  10   9   9  10  10  11  10   7  11   9   7  51  80  78  61  62  63  50  34  14  21  18  17  12  11  10  21 
 20  18  15  13  26  34  28  28  26  26  24  18  13  14  19  22  17  14  14  15  14  13  12  12  13  12  12  13  17  20  21  21  18  18  17  18  18  14  15  14  26  21  11  10  12  13  10  13  12  12  12  11  10  10  11  13  11  10   9   9  10  11  10  11  10  11  10   9  10  10   9   9  10   9   8   9   9   9  11   6   8   9   6   6  29  69  48  49  43  36  47  34  20  12   6  12  21  30  28  11 
 13  11  12  13  24  32  26  20  16  16  15  13  11  12  14  16  14  12  12  13  12  13  14  12  11  11  13  16  19  19  19  16  19  23  22  20  22  21  21  27  28  16  10  11  11  13  12  12  11  11  11  12  11  12  11  10  10   9   9   9  10   9   9   9   9   9   9  10   9  10   9   9  10  10   9  10   9   7   8   9   8   7   9   4  46  72  55  45  36  32  38  26  14  25  41  53  54  48  39  22 
 13  10  14  12  14  18  14  11  11  10  11  12  13  12  13  13  14  12  13  12  11  12  13  12  10   9  11  14  15  13  11  11  13  16  18  21  24  23  23  24  22  12  11  11  10  10  10  10  10  10  11  11  11  12  11   9   9  10   9   8   8   8   8   9  10   9  10   9   9  10   9   9  10  10   9  10   9   8   7   9   7   8  10   5  45  59  29  46  51  44  35  29  46  67  64  59  54  63  70  69 
 11   9  11  13  13  13  12  13  13  11  11  12  13  12  11  11  11  11  12  12  12  14  15  15  12  11  11  12  12  11  10  12  10  10  13  18  18  14  14  13  16  12  10  10  10  11  10   9  10  11  11  11  11  11  10   9  10  10  10   9   9   8   9  10   9  10  10   9  10   9   9  10   9   8   8   8   8   9   9   7   9  10   7   7  21  33  43  43  48  42  55  70  69  65  66  69  74  64  58  65 
 11  13  12  13  19  20  16  17  15  14  12  10  11  11  10  10  11  10  11  12  11  12  12  12  11   9  10  10  10  10  11  11  10  10  11  13  12   9  11  11  13  12   9   9  10  12  10   9  10  10  11  11  10  10   9   9  10  11  10   9   9   9   9   9   9   9   9   9   9   8   9   9   9   9   9   9   8   9  10   8   9   9   8   8   5  18  25  28  33  38  34  49  75  76  78  81  83  67  65  76 
 15  20  16  12  17  20  18  19  19  17  15  13  13  13  15  15  11  10  11  10  10  10   9   9   9   9   8   9  10   9  10   9   8  10   9   9  11  10  11  10  11  14  16  15  14  12  11  10  10  10  11  10   9   9   9   9  10  10   9   9   8   9   9   8   8   8   8   8   9  10   9   8   9  10  10   9   8   8   9  10  10   8  10   7   7  17  25  29  31  33  31  67  90  85  84  85  82  86  99 100 
 15  16  12  10  11  13  18  19  18  18  18  16  16  17  19  19  14  12  11  11  10  11  11  10  10  10  10   9  10  11   9  11  11   9   9  10  11   8   9  11  10  16  20  20  18  15  13  14  13  12  10  10  10  10  10   8  10  11   9   8   8   9   9   9   9   9   9   9   8   9   9   9   8   9   9   9   9   9  10  11  10   9  10   8  12  13  30  60  52  39  27  65  96  84  96  99  93  87  76  59 
 15   9   7  11   9  10  13  14  15  17  17  17  17  17  18  20  22  19  16  13  10  10   9   9  10   9   8   9  11  11  10  11   9   9  10  11  11   9  13  11  11  13  14  13  15  15  15  17  16  14  12  11   9  10  10   9  10  10   9   8   7   8   9  10  10   9   8   9   9   9   9   9   8   9   9   9   9  11   9  10   9  10   9   9   9   8  46  61  58  53  39  53  90  88  81  67  73  78  49  17 
  6  10   7  11   7  10   9   9  12  15  16  14  16  17  15  14  17  17  18  17  13  10   9  10  10  10  10  11  10   8  10  10  10  12  11   9   9  11  13  11  11  15  16  14  13  14  14  12  14  14  13  11   9   9   9   9  10   9   8   8   9   8   8   8   9   8   7   9   9   9   9   8   9   9  10   9   9  10  10   9   7   8   9   9   9  14  59  61  62  69  51  27  50  43  45  32  55  74  33  23 
  7   8   7  10  11   9  10   9  10  12  12  11  12  13  12  11  13  13  15  17  15  12  10  11  13  13  14  16  15  12  11  11  11  11  11  10   9  10  11  11  10  12  14  13  13  13  14  16  14  13  11   9   9   8   9   9   8   7   9  10   9   8   8   8   9   8   8   8   9   8   8   9   8   8   8   8   7   8   8   9   9  10   9   8  10  14  55  78  75  67  35  19   5  12  29  20  34  46  27  81 
  9   9   9   8  11   7   8   8   9   9   9   8   8   9   9   9   9  11  14  14  12  10  10  12  14  15  17  19  18  14  12  11  10  10  10  10  10   9   9  11   9  10  12  12  13  13  12  13  11  10   9  10  10  10  10   9   8   8   9   9   8   8   8   8   8   7   8   9  10   9   9   8   8   8   7   8   8   8   9   9   8   9  10   9  10  12  26  52  54  27  10   9  12  18  24  16  43  53  38  92 
  8  10   8   7   9   8   8   9   9   9   8   8   8   9   9   9   9  10  11  10   9   8   9  11  11  12  13  15  14  10   8   8   8   9   9   9  11  10   9  10   9   9  10  10  11  11  10  10  10  10  10   9   9   9   9   8   9   9   8   9   9   9   9   9   8   8   8   8   9   8   9   9   9   9   9   9   9  10  11   9   9  10  11  12  11  10  20  53  47  34  16  14  15  19  43  49  23  26  36  83 
  7   9   9   8   7  10   8   8   8   8   8   8   8   8   8   8   8   7   6   8   9   9   8   9  12  12  11  11  10   8   7   8   8   8   8   9   9  10   9   9   9   9   9   8   9  10   9  10  10  10   9   8   8   8   8   8   9   9   8   9   9   8   7   8   7   8   9   8   8   8   8  10  10  10  10  10  11  11  11  10   9  11  11  11  11  10  29  34  24  19  17  31  35  71  99  98  48  33  42  78 
  9   7  10  10   7   9   7   7   8   8   8   7   7   7   7   7   7   8   8   8   8   7   7   6   7   8   7   7   7   7   8   8   7   7   8   8   8   9   8   8   9   9   8   7   9  10   8   9  10   9   8   7   8   9  10   9   8   9   8   8   8   7   8  10   7   7  10   9  10   9   9  10  11  11  11  11  11  11   9  10  11  11  10  10  10  11  23  11  19  45  63  78  76  91  94  93  67  47  46  79 
 16   7  13  11   9   9  12  11   9  10   9   8   8   8   8   7   7   8   8   7   7   7   7   6   7   7   6   6   8   8   9   8   7   7   7   7   7   9   9   9   9   8   8   8   9  10   7   8   8   8   8   8   8  10  10   8   7   9   9   7   8  14  17  17  11   9  10   9  11  10   9  10  12  11  10  11  11  11  10   9  10  10  10  10  10  10  12  30  58 102  99  92  95  94  97  92  58  48  42  69 
 16   6  12  12   9   9  13  13  10  10  10   9   8   9   9   8   9   7   7   7   8   8   7   6   7   6   5   6   8   6   6   7   7   7   8   8   8   8   9   9   9   9   9   8   9  10   8   7   8   8   8   8   8   8   7   7   7   8   9   7  10  22  33  30  15   9  10   8   9   9  10  11  11  11  10  11  11  11  10  10  10  10  10  12  11  10  26  56  88  89  82  95  91  87  89  75  64  53  26  38 
  8   9   7  10   7   9   6   9   9   7   8   8   7   8   7   9   9   6   9  10   9   9   7   5   7   6   7   7   9   6   6   7   7   7   8   9   7   8   9   8   9   9   8   8   7   8   8   8   9   9   9   9   9   8   8   9  10   7   9  10   7  16  30  27  11   7   9   9   7  10  11  10  10  11  11  10  11  11  11  10   9  13  10  10  11  16  59  66  87  81  87  94  73  74  72  60  70  48  28  31 
  8   8   7  11   9   9   7  12   9   9   6   9   6  10   7   9   7   6   8  10   9   7   7   7   5   6   6   7   7   7   7   7   8   9   9   8   8  10  10   9   8   9   9  10  10  10   9   9  10  11  11  11  11  10  10  10  10   9  10  11   7   7   7   6   7   9   9   8   8  10   9   9   9  11  11  11  11  11  11  11   9  12  12  10  10  22  72  70  93  93  88  57  61  75  67  73  64  31  22  23 
  7   4   9  15   8  10  11   8  11  16   9  12   8   8   9   6   7   9  10  10   8   9  10  12  13  18  11   6   8   8   6   6   8  10   9   9  11  11  10  11  11   9  11  12  13  12  11  11  11  11  11  11  11  11  11  11  10   9   9  10  10   9   7   8  10  10  10  11  10   9   9   9  10  11  10  10  10  11   9  12  10   9  11  12   9  15  48  53  81  83  62  36  43  60  57  45  42  33  33  53 
  8   7  11  14  11  10  10   6  14  24  22  24  21  17  16   9  15  17  25  22  14  14  17  18  33  36  28  18  13  11   8   9   7   7   8   9   9   9  11  12  11  10  11  11  11  10  10  10  10  10  11  11  11  11  11  12  11  12  10   8  10  10   8   8  10   9   9  10  10  10  10  10  11  11  10  10   9  10  10   9   8  10  11   9   9  12  39  70  75  72  61  30  20  33  49  41  51  82  83  99 
  7   6   6  10  14   9  16  21  19  29  32  33  35  36  26  22  26  24  39  41  28  23  20  23  34  31  33  35  27  12   8  11   7   7   8   9  10   8  11  10  10  11  12  13  11  11  11   9   9  10  10  11  11  11  11   9   9  12  12  10  10  10   9   8  10  11  11   9   9  10  11  10  10  10  10   9  10  10  11   8   8   8   9  10  11   8  25  57  72  65  44  46  56  65  92 100  92 103  94  97 
 10  16  12   8   8  18  32  33  32  32  34  32  33  42  33  34  35  27  37  44  36  27  18  27  30  38  39  44  45  24  17  10   9  15  13  14  19  16  14  11   9  10  12  12  11  11  11   9   9   9   9  10  10  11  12  11   9  10  11  11  11  11  11  10   9  10  10   9  10  11  10  10   9  10  10  10  10  11  11   7  10  11  10   6   9  10  13  23  50  51  63  92 103 106 105 101  99  99  92  95 
 27  39  24  19  22  38  39  33  38  34  34  34  31  40  43  39  46  48  42  32  24  20  20  28  27  35  39  42  43  33  22  15  12  17  18  18  22  19  20  14  11  10  10  11  11  11  12  10  11   9   9   9  10  11  11  12  12  11  11  11  11  11  11  10   8   8   9  10  10  11  10  10  10  11  11  11  11  10  10   9  11  15  25  19  10   9  42  33  47  73 107 103 103  98  98 100 101 100  95  93 
 35  34  19  23  38  39  29  41  41  32  29  28  28  36  43  45  35  33  26  16  13  13  16  20  19  17  20  25  21  20  19  16  18  17  15  17  15  11  19  18  18  12  10  10  13  12  10  12   9   9  10   9   8  10  11  10  12  12  12  12  11   9   9   9   8   8   9  10  10  11  11  10  11  11  11  11  11  11  12  11  10   9  19  30  26  10  44  53  38  91 105 100 100 102 105 102  98 106  97  95 
 18  16  13  15  22  22  15  26  27  17  16  13  15  18  21  27  16  11  11  10  11  10  10  12  14  10   9  14   9   9  14  14  21  22  17  16  15  13  13  18  21  11  11  11  12  11  11  11  11  11  11  10   8   9  11  10  10  10  10  11  11  10  10   9   8   9  10  10  11  11  11  10  11  10  10  10  11  11   8  12  11   9   8  12  25  35  42  53  52 101  98 105 102  98 104 101 102 102  86  90 
  9  12  12  13   8  10  10  14  12   8   7   8   8   9   9  11  11   9  10  11  12  12  11   9   9   9  10  11   9   9  10  10  14  21  17  12  18  19  13  19  21  11  10  12  11  10  14  10  12  12  11  10  10   9   9   9   9   9   9  10  10  11  12  11  10  11  11  11  11  11  11  11  11  11  11  10  11  11   9  14   9   8   9   8  12  22  48  75  92 100  95 101  98 102 101  96  92  87  80  85 
 12  12  11  15  30  30  14   6   9  12  11  11   8  11   8   8   9  10   8   9   9   9   9   9   9  10  10   9  10  11  11  12  13  18  16  16  20  19  25  26  24  15  11  12  14  12  12  12  12  11  10  11  12  10   8   8   9   9  10  10  10  10  11  11  10  10  10  10  10  11  11  11  11  11  10  11  10  10  11  10  11  11   7   9  11   6  58  89  90  98 100 101  95  94  89  85  85  87  86  84 
 14  12   8  10  55  68  46  29  12   6   6   8  11  11   9  10   8  10  10  10   9   9   9   9   8   9   8   7   8  10  10  12  10  10  11  15  15  12  20  18  12  10  12  14  13  13  12  11  12  13  12  10  10  11  10   9   9   9  10   9   9  11  11  10  10   9   9   9  10  10  10  11  11  11  11  10  10   9  12  10   9  12   9   8  10   9  56  91  88 102  98  92  86  82  86  89  85  86  89  82 
 24  18  22  29  66  72  64  60  44  38  24   7   6  11   7   7   8   7   9  10   9   9   8   9   9   8   9   8   9  10  10  10   9  10  10   9  10  10  11  12   9  15  15  12  11  12  11  11  11  10  12  11  11  10  10   9   9  10  10  10   9  10  11  11  10  10  10  10  11  11  10  11  11  11  11  10  10  10   8  13  12  10  10   9   9   9  37  82  93  90  83  85  81  82  83  83  87  93 101 105 
 34  35  46  59  80  71  65  63  65  62  48  27   4   4  12  23  14   8  10  10  10  11  11   8   9   8   9  13  11   9  10  10  12  13  15  13  10  14  12   9  19  30  22  21  23  25  25  20  17  12  10  12  13  11   9   9   9  11  12  11   9   8  10  11  11  10  10  11  12  11  11  11  10  11  10  11  10  10  12  12  10  10   9  10  13  13  42  72  85  80  81  80  75  85  96 102 107 104  96  85 
 40  48  48  61  75  65  65  66  69  67  62  59  44  35  46  43  15   6  10  10   9  11   9   7  10   8  12  19  12   8   9   9  12   7  17  26  14   8  11   8  26  39  34  37  33  30  36  37  34  24  12   8  11  12  12  11   9  10  11  11   9   9   9  10  10  10  10  11  11  11  10  10  11  11  11  11  11  11  11  11  10  12  10  10  12  10  50  77  80  94  99  88  89  99  93  89  75  69  77  75 
 42  54  62  75  77  73  77  74  74  70  72  73  73  74  80  69  31   8  10  12   9   7   7   7   7   8   9  17  28  24  17  12  24  26  25  43  34  22  24   9  30  38  34  36  37  35  35  36  38  31  23  10  11  11  10  11  10  11  11  10   9   9  11  12  10   8   9  10   9   9  11  11  10  10  10  10  10  10   9  11  10  10  10  10  13   6  46  91  98  96  87  74  64  71  71  78  84  89  95  91 
 27  43  57  85  74  67  62  65  62  66  67  69  71  60  48  48  46  18   8   9   9   8   9  10   9   7   6  12  31  36  38  38  42  47  38  44  53  52  53  45  39  30  34  32  28  32  35  33  34  44  30   6  12  13  11  11  11  11  11  11  10  11  10  10  12  11  10  11  11  11   9   9  10  11  10  11  10  10   9  11  10  11  13  12  11  10  34  62  67  64  62  80  88 102  98  94  95  97  92  88 
 13  16  12  21  17  18  15  13  13  18  19  22  22  18  15  14  15  13  10   9   7   7   7   6   5   8  10   9  21  21  23  25  24  31  34  39  40  36  50  67  56  34  42  37  31  31  30  38  42  33  15  10  12  10  11  10  11  11  11  11  11  11  13  12   9   9  14  21  22  13   8   7   8   9  10  11  10  10  11  11  11  11  13  13   9  31  64  72  90  92  97 103 105 109 102  98  96  94  91  94 
  9   9  21  19  13   7  11  10  12   8   5   4   7  11  12  12   9   9  10   9   9  10  11  12   8   9  10  11  16  14  15  14  12  11  11  12  20  25  13  38  63  46  49  50  49  44  39  45  27   8   7  12   9  11  10  10  11  10  11  11  10   9  11  14  18  20  15  16  22  22  14  11  11  10  10  10  10  10  12  11  10   9  10  11  11  56  74  87 105  98 102  96  90  81  78  79  87  93  87  96 
 17  18  46  51  45  44  34  23  28  33  29  21  25  20  11  12  11  11   8   6   8   8  19  21  13   7   8   8   8  10   8  12  10  13  17  14  11  22  15  15  56  46  46  46  45  42  45  31   6   8  12   9   9  10  10  10  10  11  10  11  11   9  10  11  12  12   8   8  12  11  12  13  12  12  11  10  11  11  10   9  11  10  10  10  15  69  73  78  88  94  85  75  74  81  76  73  93  88  93  93 
 37  33  54  55  46  63  56  45  48  63  65  54  55  55  49  49  46  36  27  29  28  28  28  28  33  26  30  26  23  24  20  19  15  13   8  11   9  12  16  25  42  35  42  43  46  46  44  10  10  12   8  10  11   9   9   9  10  10  11  11  10  11  12  10   8   9  10   9  10   9   9  10  10  11  11  11  11  10  10  10  11  11  12   8  24  70  71  72  78  83  70  72  73  69  69  92  95  86  90  87 
 45  34  53  64  61  66  68  66  59  63  65  62  61  66  61  56  59  55  58  58  48  48  38  34  43  38  41  39  39  48  49  44  38  37  27  19  12  12  11  26  17  12  18  20  24  20  15  11   9   7   9   9   7  10   7   9   9  10  10  10  11  11  11   9   9  10  11  11  11  11  11  11  11  11  12  13  12  12  12  12   9  10  12   7  38  74  72  70  74  74  67  67  69  74  99 105  88  84  89  88 
 47  41  53  68  67  66  66  66  61  60  55  64  63  61  63  62  61  57  59  57  56  60  58  52  50  56  56  53  47  51  47  36  47  42  33  30  20  16  16  26   7   6   8   6   7   7   7   8   9  11   8  11  10   6  10   8   9   8   9   9   8   9  10  11  12  11   9   9   8  10  10   9   9   9   9   9   9   9  10  14   9   8  10   6  50  79  68  73  72  70  63  69  77  99 103  91  82  85  90  81 
 48  46  44  48  59  61  62  58  62  63  58  61  62  55  60  63  61  56  58  58  56  56  57  59  60  61  57  61  63  56  50  48  49  51  50  41  38  24  18  12   6   8   8   8  10   8   7   9   8   9  10  10   9   8   9   9   9  10   9   8   9   8   8  10  11  10  13  13  15  18  21  28  19   8   5  14  12  12  12   8  10  10   9   5  62  70  68  75  72  69  71  84  95  91  77  78  71  80  85  89 
 47  45  17  17  24  28  27  28  36  40  46  51  46  55  60  60  61  62  64  63  61  61  64  59  56  57  53  55  54  52  56  53  50  56  56  52  52  41  22  12   7   8   8   6   7   8   9   9   8   7   8   9   9   9   9   8   9  10  10   9  10  11   9   9  10   8  11  14  19  26  26  24  14   8  19  30  25  16  14  10  10   8  11   6  53  82  76  83  88  85  92  92  93  86  86  83  94 107 109 105 
 41  22  20  23  15  15  14  15  16  13  15  17  18  23  26  24  25  31  46  61  57  45  39  40  46  55  55  53  51  52  55  53  49  52  52  52  43  37  24  13   7   7  10   9   8   8   9   8   9   8   9   8   9  10  10   9   8   9   8   8   8   8   9  11  11   8   9   8   6   8   8   8  14  23  29  25  24  27  23  16  10   7  13   5  32  93  91  88  84  93  96  98 104 113 112 105 104  84  70  65 
 32  15  20  17  12  16  16  16  13  15  17  13  13  12  14  16  18  15  15  17  14  15  20  18  26  43  51  54  52  52  53  52  54  52  54  50  35  25  19  10   8  13  13   9   8   8   8   7   9  10   9   8   9   8   9  11  11  10   9   8   8   7  10  17  22  20  18  14  13  13  11   9  10  12  14  17  22  25  26  28  21  11  11   7  25  87  85  95 106 105 101  93  86  76  73  78  64  65  84  76 
 19  14  23  46  40  38  32  21  15  18  19  16  11  15  14  18  19  14  14  16  16  16  16  18  20  21  25  30  29  37  46  50  51  46  46  47  44  39  25   7   8  17  22  23  23  14   7   8   8   7   8  10  11  10  10   9  10  11  10   9   9   7  16  30  30  28  30  31  26  17  11   7   9  17  12   6   8  15  16  17  18  14   8   3  15  70  89  83  78  69  53  51  54  66  93  87  79  83  77  73 
 29  32  53  73  72  61  59  62  56  53  46  35  21  16  32  49  44  28  20  16  16  16  15  13  14  13  15  19  15  17  17  16  20  26  24  18  18  33  25  11   7   7   9  14  23  25  20  16  16  15  12  10  10  11  11  11  11  12  11  10   9   7  14  29  34  29  23  16  12   6   8   8   7   7   5   7   9   5   3   6   6   5   5   7   8  35  62  78  68  68  72  72  77 107  97  82  88  74  69  88 
 34  38  72  65  56  55  55  56  57  53  55  61  55  41  47  56  57  55  47  24  16  17  15  10  12  15  15  16  16  22  17  17  21  17  14  14  13  15  11   9   8  10   9   8  15  22  26  27  28  25  20  15  14  13  13  13  13  13  12  11  10   9  11  18  18  13   9   8   7   7   7   5   4   5   7   6   6   6   8   8   6   6   6   7  30  85  83  78  82  80  78  72  86  99  98  96  77  85  94 109 
 36  50  69  66  64  58  48  54  66  58  59  67  61  62  60  51  45  53  56  32  17  17  14  14  14  16  17  22  25  34  36  33  43  34  23  18  17  10  18  15   8   9   8   9  12  13  12  25  23  23  24  26  26  23  18  12  13  10   9   8   9   8   7   8   7   5   6   6   6   6   6   6   9   7  10   8   9   6   6   6   8   6   9   5  24  81  75  80  85  82  87  89  86  88  98  89  95 116 107 106 
 42  50  67  68  66  60  65  67  67  66  58  54  56  65  63  54  51  55  52  30  17  18  14  14  14  15  16  26  35  39  40  39  42  50  42  26  21  17  18  23  11  12   8   9  20  24  16   8  14  22  27  29  27  27  28  27  27  16   8   8   6   6   6   7   7   6   6   7   7   7   7   7   8  10  11  10   8   7   8   5  10   6   7  11  21  76  76  79  83  87  85  90 105 120 103  80 104 101 109  99 
 36  56  71  64  64  69  69  64  63  64  62  53  48  52  58  54  53  50  50  37  19  14  14  16  25  31  31  28  33  38  36  34  39  42  36  34  29  21  29  29   9  11  13  15  27  25  17   8   6   8  14  22  27  28  30  28  27  17   7   5   5   7   7   7   7   7   7   9  10   9   9  10  11  12  12  10   8   7   6  10  10  11  13   8  33  78  75  78  80  83  87  97 107  99  87  84  81  89 111 111 
 37  50  62  63  64  65  65  66  68  66  64  61  53  56  55  49  44  43  37  26  18  26  32  36  42  45  46  38  38  43  45  45  42  46  46  42  38  35  35  38  11   7  11  10  18  15  10  11   9   9   7   7   9  15  18  11   9   4   4   7   8   7   6   8   8   8   9  11  11  12  10  11  12  11  11  11  12  13  11  14  14  12  13   9  49  82  79  78  80  98  88  98 106 103 111  88  86  92  91  88 
 45  53  57  56  58  60  57  54  54  59  59  61  56  58  52  50  47  38  36  35  34  35  38  40  37  38  41  40  42  49  50  48  44  43  43  44  41  35  36  39  16   4   8   6   9   8   8  12   9   7   5   6   6   6   6   5   6   7   6   6   6   8  10   9  10  11  11  11  10   9  10  12  14  13  13  14  16  17  14  12  13  10  11   7  54  83  76  83  98 100  82 109  94  93  96  87  86  82  93  93 
 46  50  52  52  57  63  59  55  53  61  59  53  50  46  47  50  52  47  49  46  43  39  42  49  44  39  39  37  40  44  39  33  38  48  45  37  42  49  44  44  23   4   7   7   5   6   8  10   8   8   9  10  10   8   9  11   9  10   8   6   6   8   9   9  11  11  13  12  11  10   9  11  13  13  13  13  12  10   9   9   9   9  13  10  62  79  75  84  88  77  96 106  95  90  77  87  87  91  94  82 
 35  35  45  49  51  51  49  46  47  52  53  55  57  59  59  58  58  57  59  54  46  40  52  56  47  42  48  45  45  42  37  38  32  35  46  47  47  54  53  53  23   5   6   7   6   7   8  10  10  12  10   9   9  10  12  11   9   9   9   7   8   8  10  11  12  12  13  12  11  11  10  11  11  11  10  10   9   8   9  11  11  12   8  14  76  76  89  91  89  83  83  88  89  83  77  82  84  87  90  95 
 39  42  58  58  53  50  54  51  46  43  44  48  47  46  43  38  46  50  48  44  45  46  49  49  47  46  53  51  51  46  43  39  42  40  41  51  52  50  54  58  16   5   9   9  10  11  13  11  10  11  10  11  12  11  11  11  12  14  11   7  10  12  13  13  12  12  12  11  10  10  12  12  11  11  11  10  10  12  10  12  12  15  12  17  79  96  93  82  91  88  80  78  84  93  98  98 105  96  96 101 
 36  39  52  51  47  46  57  61  55  48  50  48  43  43  50  43  46  52  46  45  41  38  41  43  40  39  38  35  37  41  41  41  40  38  40  46  47  46  48  51  10   7  10   9  11  11  10  11  12  13  11  11  11  10  11  11  10  11  10   8  10  11  10   9   9  10  11  11  11  11  12  10  10  12  12  11  10  11  10  11  12  11  13   7  48  93  80  76  79  81  86 101 108 104 106  99  98  93  98 100 
 39  41  50  48  50  49  50  52  48  55  55  58  51  46  51  49  53  56  49  51  49  41  44  47  41  38  38  35  33  37  41  34  24  24  23  20  21  29  39  27   5   9   8  10  11  11  10  12  11  11  11  11  11  11  11  12  13  13  11   7   7   9  10   8   8  10  11  12  10  11  11  10  11  12  14  11  11  11  12  11  14  14  15   9  39  85  89  99 101  99 100 103 104 106 100  94  96  93 103 104 
 43  44  64  75  67  66  66  67  67  74  72  70  68  63  63  59  50  47  47  52  55  53  50  49  49  52  56  55  54  54  54  44  33  28  21  14  16  27  40  18   4  10   7  11  11   9   9  13  11  11  11  12  12  12  10  10  12  11   9   7   8   9  10  11  10  10   9   9   9  12  11  11  12  13  13  12  13  15  15  14  15  16  19   9  51 101  92  91  90  96 102  99 102  99  95  98  97  96 102 110 
 37  43  65  71  67  68  73  74  73  73  73  70  67  70  73  69  60  59  64  66  66  66  64  61  57  59  61  59  57  56  56  51  40  39  43  39  38  41  49  23   4   9   6   9   8   8  11  12  11  10  10  10  10  10   8   8   9   9   8   7   8  10  11  10  10  10   9   8  10  12  11  11  13  14  14  16  18  18  18  14  15  15  16  11  59  90  90  86  89  90  91  87  86  93  96 100 104  99 103 109 
 40  45  63  67  71  69  71  72  74  72  70  69  66  67  69  72  70  65  67  67  68  68  68  65  61  60  61  61  59  59  59  58  54  56  57  55  56  54  49  35   7   7   9  11   7   8  10  10  10   9  10  10  10  11  10  10  10   9   8   7   8   9   8   8   9  11  11  10  10  11  13  14  15  15  16  17  16  14  17  13  17  16  12  18  75  82  87  94  94  97  90  86  90  94  98 102 104 102 102 103 
 40  54  75  72  67  72  75  71  75  76  70  68  68  66  69  70  68  68  67  66  66  63  64  63  61  62  61  60  61  59  55  58  55  56  55  51  52  53  54  53  14   7   8   7   6   9   8   8  10  10  11  12  12  13  13  13  11  10   8   8   9   9   9  10  11  13  13  14  13  13  13  13  14  15  17  19  17  13  16  18  19  15  12  16  75  84  85  96  88  98  92  91  99  99  98  96 103  99  96  91 
 43  58  79  77  64  72  73  71  78  77  76  73  70  71  71  67  67  69  69  67  68  65  66  65  64  65  61  59  60  59  55  54  56  57  55  52  51  51  56  53  12   8   9  10  10  11   8   9  10  10  11  11  11  12  12  12  11   9   9  10  11  11  10  10  10  10  12  12  11  12  12  13  14  16  19  20  19  17  18  15  11  13  16  18  75  85  87  90  90  96  94  91  89  90  93 100 105  97  96 101 
 42  53  70  67  62  60  62  65  65  63  65  64  65  67  69  67  65  69  69  69  68  71  69  65  64  63  60  59  57  55  58  58  58  56  54  56  56  52  57  51  14   8   9  11   8   8  10   9   9  10  10  11  11  11  10  12  13  12  11  12  12  11  10   9   9  10  11  12  12  13  13  14  15  16  17  17  16  16  16  15  13  16  18  19  74  83  81  86  95  92  95  93  94  99 104 106 100  92  94 100 
 35  52  70  67  67  62  63  60  57  52  52  48  54  55  52  55  55  59  63  63  58  56  57  58  57  48  51  51  47  50  54  56  53  52  52  53  57  54  61  52  13   8  11  11   7   8  10  10  10  10  11  12  12  12  12  12  12  12  11  13  14  13  11  11  11  11  12  13  13  13  13  13  15  16  15  14  15  16  15  14  14  17  17  35  77  77  83  82  86  93  89  90  92  93  94  91  88  86  88  89 
 43  56  73  74  75  75  74  75  69  67  62  59  62  63  57  55  55  57  56  52  45  38  38  37  31  25  33  35  37  46  48  38  33  34  31  33  46  47  50  34   8   9   9  10   9  11  11  12  12  10  10  11  11  10  11  11  11  11  12  13  13  13  14  16  14  13  14  13  12  14  13  13  15  15  13  12  14  16  12  13  13  19  19  51  84  79  83  77  82  81  72  78  80  82  91  96  99 101 100 107 
 41  58  75  66  71  72  63  71  72  69  62  63  64  67  68  66  64  63  58  54  53  47  45  33  23  37  47  45  51  48  50  49  43  37  34  38  44  40  43  19   7  12   9  12  12  10  12  12  11  10  10  12  12  11  11  12  12  13  13  13  13  14  16  18  16  15  16  16  16  17  15  15  15  14  14  14  14  14  14  12  13  18  13  33  75  73  82  83  83  71  88  96  98 103 110 111 110 108 107 110 
 36  62  73  62  68  70  58  59  58  54  55  61  66  66  64  69  65  55  50  54  54  54  56  48  46  53  60  62  60  58  59  60  55  51  51  53  50  43  52  29   9  11  12  12  10  10  11  12  12  11  12  14  14  13  13  13  12  12  12  12  13  17  13  13  16  14  15  19  18  15  15  15  14  12  11  12  14  15  14  17  15  15  12  23  75  87  82  83  78  87 104 105 104 106 111 115 110 106 105 111 
 41  65  70  66  67  63  57  54  53  49  45  56  61  63  65  67  59  47  52  55  50  53  59  51  51  56  57  54  44  44  49  50  49  47  45  49  47  44  52  25   8  11  13  10  10  13  11  13  15  14  15  15  13  13  15  16  14  14  13  13  12  13  14  13  13  13  16  15  12  12  13  15  16  18  17  15  14  14  13  14  14  13  11  22  86  95  89  91  93  97  98 102  98 101 102 102 102 102  99 109 
 45  64  71  68  61  53  49  48  57  58  50  51  52  55  58  57  49  45  63  63  57  55  51  48  49  49  45  45  40  41  42  43  42  42  43  48  48  47  48  16  12  13  12  14  14  13  13  12  15  16  16  15  13  14  16  16  14  13  13  12  11  11  12  12   9  13  18  17  16  20  21  20  19  17  16  15  15  14  14  11  12  13  13  16  75  85  83  95  95  89  97  93  92 100  99  91  79  74  87 103 
 44  62  70  62  54  55  52  52  50  57  57  46  51  56  56  56  43  41  59  59  58  54  46  46  43  39  36  39  46  48  48  51  44  44  48  46  45  49  44  12  12  10  10  16  15  12  16  14  16  17  15  13  11  12  14  13  11  11  12  13  13  15  15  17  17  16  17  18  17  17  16  15  15  15  16  17  15  13  14  15  14  15  19  10  61  84  79  78  74  87  93  82 101 105  98  92  82  86 100  99 
 43  60  65  64  61  62  60  62  53  62  64  53  56  58  60  57  49  51  62  62  54  50  49  47  43  40  44  49  52  52  53  55  47  48  50  45  47  48  33   8   9  11  11  12  14  14  14  15  15  14  12  11  11  11  13  14  13  14  16  16  16  17  16  15  15  14  15  15  13  14  15  16  16  16  15  13  13  14  15  16  16  12  14  11  61  83  84  90  84  90  84  99 112 101  96  93  96 104 108 101 
 46  63  65  65  66  66  64  64  56  59  63  65  68  67  68  62  54  54  59  62  54  50  50  48  47  46  50  54  54  53  52  54  50  52  54  50  51  54  18   8   9  11  10   9  11  13  12  12  11  11  11  13  14  16  17  15  15  14  13  12  12  14  14  14  12  12  15  14  14  16  15  15  16  14  12  12  14  14  14  14  15  12  13   9  63  85  87  98  92  92  88 105  92  85  90  89  95 100  95  96 
 40  52  52  54  56  55  54  57  50  45  48  54  56  56  60  61  58  57  58  58  53  52  56  56  54  55  55  56  57  55  54  53  52  51  50  51  52  49  14   9  10   9  10  11  12  12  12  12  13  15  16  16  15  13  12  14  14  13  13  14  15  14  13  15  14  13  15  15  14  14  13  14  14  12  13  14  14  14  15  13  14  15  12  15  62  76  81  93  92  88  85  93  89  89  97  94 102 112 108 107 
 41  52  54  57  57  55  53  56  56  58  58  57  54  57  55  55  57  59  58  52  46  40  40  47  48  48  48  47  47  46  44  46  46  46  44  43  50  42  12  10  10  10  11  13  14  13  12  13  13  13  13  13  14  13  13  13  14  13  12  12  13  12  12  14  14  13  13  14  15  13  12  12  11  13  15  15  14  14  17  18  15  19  16  17  61  79  88  94  91  85  89  95 100  95  93  88  92  95  92  87 
 48  61  59  54  53  57  57  57  57  60  63  65  64  65  63  63  64  64  61  52  48  35  29  42  46  46  45  46  46  45  41  42  42  38  40  43  39  17  10  13  12  10  11  12  12  13  12  12  12  11  11  11  13  13  13  12  14  14  14  14  15  17  17  15  13  13  14  13  15  15  12  11  14  17  19  17  18  20  18  20  15  16  14  27  82  83  80  82  72  67  69  74  75  71  74  79  87  90  94  97 
 49  61  57  47  43  50  52  52  52  52  57  62  64  65  65  63  60  56  52  50  50  43  43  49  49  51  50  50  51  50  46  48  44  44  48  45  39  13  12  12  12  11  10  11  11  12  12  13  14  14  14  13  13  12  12  12  14  15  16  18  19  17  15  14  12  15  17  14  15  14  15  18  19  19  18  16  15  15  17  20  15  16  17  26  61  61  71  81  86  96  98  99  93  90  96 102 107 103 103 105 
