181  83  18  35  74 110 106 109 101  97 101 107 107 107 111  82  62  87 104  97  95  85  77  76  75  67  68  62  49  42  33  36  37  30  25  29  45  39  25  28  27  36  29  23  32  52  73  77  67  64  74  76  81  74  82  95  83 112 124 108  81  86  78  44  36  37  32  27  35  53  54  58  67 146 162 164 167 170 173 175 174 176 179 181 183 182 184 184 185 184 183 182 183 184 186 191 198 203 209 216 
200  86  14  34  71 112 107 103  96  98 107 110 109 108 120  79  38  61  99 117 110  99  92  85  86  79  71  71  64  53  46  40  34  34  29  30  39  54  27  26  25  29  27  28  31  39  60  76  72  61  53  49  62  59  69 119  93  63  76 100  59  80  55  44  36  39  35  27  29  46  47  60  61 115 172 162 167 169 172 174 175 178 180 182 182 183 185 185 186 185 184 185 185 185 188 194 200 204 209 215 
208  84  17  32  64 108 105 101  95  99 114 110 106 109 122  74  35  43  62 102 114 109 105  95  86  78  71  74  72  60  51  46  39  38  33  32  33  37  33  23  27  25  32  30  29  34  61  83  69  56  68  52  43  50  54 101  86  74  50  97 124  86  59  49  38  37  37  29  23  44  55  60  53  79 169 167 166 169 171 174 176 178 180 182 183 184 185 188 189 188 186 185 184 183 186 193 200 203 206 211 
137  22  24  32  63 104 105 103 100 103 115 111 109 109 123  79  29  27  32  71 100 113 108 108 100  92  91  71  71  64  50  47  45  42  31  34  34  34  39  29  22  26  32  32  30  39  67  78  78  62  80  58  22  44  48  91  78  67  71  99 135  93  75  78  33  36  35  30  23  38  59  61  62  55 138 170 167 170 171 173 175 178 181 183 185 185 187 190 191 190 188 185 183 182 184 190 198 200 203 208 
152  96  33  22  63 101 106 104 103 104 113 113 109 108 121  87  23  20  23  43  72 111 118 108  96  74  80  80  70  62  56  50  50  43  32  36  35  34  38  38  23  25  28  38  33  41  69  85  92  69  46  48  48  53  50  95  82  55  83 100  89  84  82  71  24  28  40  32  22  32  60  52  63  56 108 176 164 169 171 172 174 178 181 184 186 187 189 192 193 192 189 185 182 181 183 188 195 198 202 205 
212 205 110  22  57  99 110 109 105 106 114 110 104 109 120  93  31  20  26  23  49  99 111 111 100  49  42  71  76  66  61  52  47  48  36  32  36  34  32  40  42  20  34  41  36  38  59  74  90  82  35  28  68  89  57  93  93  59  75  70  76 117 124  57  21  23  39  36  28  24  55  50  57  60  75 170 166 169 173 174 175 179 181 184 186 188 190 194 195 194 190 185 181 181 184 187 192 196 200 204 
156 193 183  97  55  99 114 110 102 104 115 102  92 106 118  94  33  19  26  17  33  74  91 101  87  28  21  57  76  60  55  50  43  44  34  34  37  33  31  35  41  23  26  38  30  35  53  64  85  93  52  23  40  62  54  85  95  66  80  85  53  62 153 106  17  17  37  37  35  22  43  52  49  65  48 128 178 168 174 176 177 180 182 183 185 189 193 196 197 195 191 185 180 181 184 188 191 194 199 203 
116 133 178 133  65  89 119 115 103 106 118 104  91 106 118 103  38  23  25  21  20  36  54  55  38  23  17  50  74  62  51  47  45  42  32  35  34  34  33  30  37  53  45  38  31  31  50  58  71  77  55  36  28  23  51  84  94  78  80 130 151  93  75  80  59  26  28  37  32  27  29  56  51  57  50  90 178 168 173 177 179 181 183 184 187 189 193 197 198 196 192 187 182 181 185 189 192 195 199 202 
 61 110 170 131  62  92 131 118 108 106 114 110  98 106 117 108  40  20  22  24  20  23  22  20  18  18  17  71  80  67  54  52  51  41  32  35  33  32  33  29  35  77  70  43  33  31  45  55  68  80  77  81  76  65  64  86  99  73  70 108 154 121  95  79  81  62  36  35  31  28  24  49  50  50  61  71 160 172 172 176 180 182 185 187 188 190 191 197 199 196 192 188 183 182 185 190 195 197 199 202 
 78 144 193 113  33  94 134 118 112 103 105 116 107 105 114 112  48  18  23  21  23  21  22  26  24  22  63  89  81  57  57  54  46  43  36  33  33  33  34  31  34  73  76  42  31  34  44  59  72  87  79  69  72  89  87  87  99  69  67  82  89 108  92  61  80  48  38  30  36  33  24  37  52  52  60  64 136 176 171 175 180 182 187 189 188 190 190 195 198 196 192 188 184 184 186 191 198 201 201 203 
187 192 175  94  32  84 122 122 113 100 103 114 111 110 113 121  56  19  22  22  21  23  23  22  28  37  73  87  73  61  56  55  49  49  40  31  35  33  33  30  33  68  81  44  27  34  42  59  72  74  67  90 100  76  62  76  94  76  60  80  70  52 106  70  68  43  44  32  36  36  31  28  56  53  64  73 108 179 168 178 181 184 185 189 189 189 189 192 197 197 193 188 184 184 187 191 196 200 200 201 
207 203 172 113  42  68 113 120 124 117 106 114 116 114 114 125  64  21  21  22  21  22  23  19  17  21  38  68  72  62  69  57  44  51  44  31  34  35  33  32  33  65  84  49  28  35  44  71  73  85 114 104  85 106  81  53  84  77  57  64  83  56 106 139  84  76  70  33  40  37  31  25  46  49  55  66  79 163 176 175 179 182 190 189 189 188 188 190 194 196 193 189 186 185 185 187 192 195 196 197 
122 169 197 152  60  54 106 122 127 126 114 117 116 108 111 124  75  22  20  24  21  22  21  21  17  15  15  52  75  58  66  56  42  55  52  33  34  33  34  34  31  59  86  53  30  39  48  67  68 113 108  53  62  64  96  71  71  76  68  68  70  95  90  81  67  75  66  20  35  35  34  22  36  53  50  71  64 136 182 171 182 187 189 190 192 189 188 189 192 195 193 189 186 185 185 184 187 189 190 192 
144 115 124 165  94  39  68 109 126 122 118 116 111 104 106 120  86  24  19  23  21  23  22  21  18  18  10  38  73  63  64  64  51  51  52  32  38  37  39  33  30  56  84  57  33  37  38  61  58 109 103  64  94  86  74  82  71  79  83  73  71  77  80  74 111  90  38  21  29  34  33  31  28  51  50  58  50  96 183 175 181 185 187 191 192 191 189 190 191 193 192 189 186 185 184 183 184 185 187 190 
 75  95  80 109  91  37  42  89 135 123 119 119 114 106 105 117  99  31  18  22  22  23  22  20  18  16  14  25  71  72  66  63  50  40  49  31  43  40  33  34  30  38  55  41  33  41  37  62  67  89 121  91  78  79  66  82  71  79  90  73  71  76  60  45  66 132  54  15  24  34  41  33  23  45  51  54  55  66 166 183 177 182 188 187 189 191 190 189 190 190 189 186 184 184 183 182 182 183 185 187 
 41  41  57 113  91  29  31  73 126 116 112 117 114 104 108 118 112  40  16  21  21  23  22  21  19  17  19  21  69  78  74  61  47  37  50  28  36  36  35  34  32  30  42  38  31  39  40  51  69  64  86 125  91  66  90  81  64  95  97  92  67  57 134 121  86  89  72  43  18  32  37  38  22  37  56  48  63  54 130 190 175 186 186 187 189 188 190 189 188 188 187 184 181 182 182 180 180 181 183 186 
 43  46  49 109 109  28  36  67 117 116 109 108 107 104 109 116 120  49  16  20  21  21  21  22  18  17  16  18  65  78  80  67  52  46  51  32  35  41  36  34  31  28  36  35  31  40  39  40  56  66  61  69  94  95  93  77  72 113  82  92  81  46 120 175 116  81  72  81  51  34  40  38  28  29  50  56  65  56 101 188 178 179 180 185 186 188 190 189 188 189 188 184 182 183 182 179 178 179 182 187 
 44  45  44  44  45  37  27  58 113 117 109 107 109 106 104 110 121  55  16  21  21  22  21  21  18  22  15  18  61  72  77  76  65  56  50  36  35  43  38  31  30  30  34  32  36  44  37  39  53  66  70  62  56  61  77  86  78 112  82  89  72  51  76  95 114  91  81  86  47  33  41  43  37  27  46  59  63  62  69 154 190 178 185 185 187 189 191 190 191 192 191 188 185 184 183 178 177 178 182 187 
 43  43  44  45  40  37  31  51 107 119 111 103 103 107 103 100 120  67  18  19  20  22  21  20  19  20  16  15  54  81  66  71  62  53  45  33  36  40  34  32  30  31  31  34  37  47  38  40  70  82  80  61  58  72  67  62  71 113  75  91  96  54  59  59  53  84  48  71  43  28  33  41  37  24  37  62  57  68  60 122 191 180 182 185 185 187 190 190 192 195 195 191 188 187 183 179 177 178 182 186 
 43  44  45  45  41  40  35  45 102 125 110 103 103 105 100  99 119  77  21  21  21  18  21  23  21  20  17  13  49  86  79  64  39  37  38  32  38  37  33  32  30  29  32  41  34  47  43  44  68  84  85  61  42  48  50  48  56 101  74  76 110  69  70  83  58 103  73  71  63  44  49  51  53  40  34  54  64  72  68  84 179 186 181 185 186 187 189 191 193 195 195 194 192 190 185 180 178 179 182 186 
 43  44  44  43  40  41  37  41  94 124 109 104 100 103 105 106 118  86  20  20  21  22  19  21  19  18  20  12  45  93  97  74  38  35  36  41  32  32  32  32  29  28  31  41  37  47  47  36  57  88  92  63  48  40  39  52  53  99  95  72  89  63  61  77  80  74  74  72  78  85  72  77  77  72  64  76  72  71  76  79 133 190 184 185 186 187 189 192 194 196 197 197 198 195 189 182 178 178 181 184 
 44  43  44  41  39  41  38  39  87 118 108 102  97 101 102 102 114  97  29  21  21  23  20  21  19  19  20  11  35  88  95  64  56  39  40  38  34  36  35  35  30  28  32  39  43  43  43  42  60  88  89  62  48  45  49  55  42  98 104  64  95  90  69  78  79  84  82  75  74  74  69  64  75  82  67  64  60  60  60  75  81 122 191 184 184 188 189 193 197 198 198 201 203 200 192 184 179 178 181 184 
 44  43  43  42  40  40  39  38  80 116 106 103 100  97 100 101 114 102  34  20  22  21  20  21  19  19  20  13  29  80  90  66  58  37  38  39  30  36  34  31  30  29  25  34  41  42  48  43  46  68  84  71  49  41  49  44  44  84 103  62  87 100  65  67  70  71  71  73  75  81  86  93  88  93  86  85  80  75  63  77  98 104 179 189 189 188 189 193 197 199 199 203 205 200 193 185 179 178 181 184 
 44  44  43  42  42  42  42  36  74 118 105 104 104  95  99 104 113 101  36  22  28  27  22  19  19  20  20  16  26  75  86  68  61  59  43  44  30  32  35  37  33  26  42  88  68  47  46  41  54  80  94  89  93  82  63  49  52  82 100  66  79 100  58  63  66  65  64  62  66  69  95 100  97 101 100  76  55  75  82  68  74 107 164 193 186 190 189 193 196 197 198 201 201 198 191 184 179 179 180 183 
 45  44  42  42  43  42  41  33  67 116 108 101 102  97  99 103 110 106  43  26  28  27  26  22  19  20  19  15  21  70  59  56  59  41  37  39  33  34  33  35  33  25  45 106  84  50  45  43  45  74  87  51  41  66  69  51  62  64  92  72  62 105  64  59  59  56  57  56  55  76 105 108 103  76  85  97  86  40  84  76  72  90 128 193 185 190 190 192 194 194 194 196 197 194 189 183 179 178 180 184 
 46  45  41  40  43  42  40  34  61 110 112  99  98 100  98  99 103 108  48  27  26  28  25  19  19  19  20  16  20  72  81  69  66  42  38  45  34  33  35  32  33  26  38  94  86  55  48  39  39  50  68  63  46  30  30  38  55  64 110  79  48  87  55  54  59  62  61  67  69  71 104 118  54  74  68  63  89  69  61  95  71  93 102 176 194 188 190 192 192 191 192 194 194 192 187 182 179 179 182 184 
 47  44  42  40  46  47  42  34  58 108 113 101 100  97  97  99  96 109  54  22  28  25  21  19  21  20  17  17  24  71  83  75  66  59  54  41  33  33  37  33  35  30  34  79  86  47  49  39  44  74  85  74  63  62  51  58  66  84 122  88  48  84  58  52  67  68  66  65  68  58  77 122  70  81  71  74  64  76  66 114  91  98 113 169 200 191 195 197 195 193 193 193 192 191 185 181 179 180 182 185 
 46  44  42  43  44  41  37  31  52 104 113 101  99  99  99  99  95 112  65  25  25  25  17  19  18  22  19  17  26  72  82  80  66  48  48  48  42  33  36  37  35  28  38  83  73  30  45  34  42  74  83  77  60  69  77  80  82  88  92  90  46  74  60  52  73  69  67  65  67  72  82 123 101  72  82  66  76  71  92 100  92 101 114 139 157 169 177 168 190 196 193 192 193 190 187 182 180 180 183 188 
 45  45  44  46  46  40  34  29  46  97 115 100  97  97  98  99  94 111  72  25  25  23  21  23  18  20  24  14  33  82  87  87  66  43  52  56  41  29  36  35  37  28  34  89  97  46  35  36  46  55  64  77  71  70  75  67  74  85  83 102  59  61  52  56  61  70  83  70  83  79  86  84 115 105  94  91  94  90  93  86  92  99 112 118  86  89  74  76 109 146 190 194 191 192 188 183 181 183 184 188 
 46  44  46  47  49  40  28  30  41  91 121 105  99 101 102 101  98 111  77  26  26  23  19  19  22  19  19  18  54  84  79  79  65  49  44  43  42  30  35  35  37  32  28  62  75  39  34  48  47  56  65  76  94  98  94  85  59  62  88 102  73  54  48  71  77  77  82  84  83  89  82  82  77  87 100  95  93  83  62  72  87  92  98 124 123 114  68  78 100  98 167 199 188 192 189 184 183 184 185 187 
 44  44  47  47  49  36  24  31  34  82 120 108 100 104 102  99  98 109  83  26  24  22  20  18  21  20  18  42  78  85  82  63  58  54  46  43  44  35  36  38  34  36  33  35  37  33  52  54  45  59  61 103 115  66  55  67  93  58  62 106  85  52  48  60  67  73  79  81  80  92  95  90  83  92  90  86  85  86  77  77  82  81  93 108 103 105  79  70  96  96 138 198 192 190 188 185 183 184 185 187 
 45  47  49  48  46  30  21  32  31  72 113 106  99 100 102  98  96 106  92  30  19  20  19  18  15  18  15  39  63  88  79  74  57  47  52  54  50  33  38  37  35  37  33  32  34  37  51  53  51  57  62 114  82  45  63  52  61  85  51 102  95  50  64  55  53  60  65  66  73  67  75  71  78  79  84  84  88  87  86  82  79  74  83 100  91  76  70  72  83  84 100 170 198 190 189 187 184 183 185 188 
 45  50  48  49  42  25  23  31  32  66 109 109 103 100 105 102  96 101  99  37  16  22  21  15  39  48  37  21  37  74  75  73  62  53  56  55  49  37  40  37  38  36  32  31  31  35  51  54  50  62  56  98 101  55  62  63  50  78  60  92 107  57  65  65  54  44  49  69  65  67  54  64  71  68  75  69  70  60  60  70  61  66  71  72  76  74  71  73  83  84  85 129 191 195 188 189 187 186 188 188 
 46  49  50  51  37  24  24  29  30  62 107 111 108 103 104 103  97  95 102  42  17  20   9  54  98  99  96  44  17  53  75  72  67  66  59  52  53  38  39  38  36  34  34  29  27  35  55  54  41  60  59  69 105  86  67  56  74  84  61 100 100  71  63  61  51  39  37  54  60  77  58  50  64  80  76  76  79  63  69  72  69  72  61  33  21  46  75  67  69  78  80 121 189 201 190 189 189 189 188 187 
 52  50  51  45  27  24  26  31  29  55 103 111 106 103 102 103  98  92 107  51  18  15  30  94 109 111  89  34   8  46  86  73  74  69  59  57  50  35  38  40  37  37  33  28  28  35  56  58  44  52  60  55  75  96  94  90  99  87  82 112  74  75  75  40  31  38  36  50  53  74  73  50  58  63  61  72  81  75  77  77  80  71  40  28  28  36  59  68  80  83  83 150 201 190 190 189 191 189 189 187 
 48  44  38  33  26  28  28  31  32  49  99 114 104 104 105 102  98  93 109  64  11  32  98 104 112 106  81  31  26  60  90  69  75  71  62  62  49  40  37  38  37  37  34  32  31  36  56  68  55  47  52  70  83  78  85  99  99 104  98 124  67  43  51  29  28  39  34  51  53  74  75  62  57  58  67  71  77  67  65  89  70  38  32  30  33  40  53  73  92  91  91 146 202 199 196 192 188 189 188 189 
 39  34  33  36  37  37  30  30  34  44  94 116 107 108 105  99 100  92 108  81  20  74 114 114 115  78 101  96  81  75  82  69  61  75  65  63  50  42  34  36  37  34  33  33  31  37  54  63  50  46  56  71  85  86  80  78  87  81  74 139  83  25  35  28  27  39  36  50  50  71  77  60  51  73  84  70  60  47  75 102  77  35  36  31  43  56  64  72  81  87  90 114 144 163 183 191 193 191 185 187 
 39  33  31  32  32  30  26  28  34  41  89 113 108 107 103 101 100  94 105  88  48  94 107 121 111  86 110 109 102  89  91  73  62  68  55  68  54  43  33  38  40  36  34  31  35  47  54  58  48  41  48  68  80  62  55  55  49  43  70 144  86  33  36  32  27  38  36  46  53  69  76  69  49  66  64  57  58  64  95 105  97  50  42  49  57  61  70  70  76  93 107 127 102  93 127 163 185 190 196 189 
 38  28  26  25  25  26  26  26  31  36  85 112 107 110 107 101  99 100 106  89  56  96 106 117 109  93 117 107 103 101 101  76  69  60  61  64  49  50  36  36  37  35  33  32  54  76  57  62  58  37  45  59  74  50  38  52  57  49  89 136  76  31  36  34  27  38  36  49  53  69  71  76  43  54  62  62  63  63  80  93  91  66  65  73  66  63  59  64  73  86 109 130 123 119 123 148 132 121 156 181 
 36  31  33  30  31  30  29  28  30  31  78 113 104 108 110 102 102  97 102 103  51  92  99 101  94 105 118 109 105  99  89  62  77  61  65  61  42  54  37  33  37  36  33  30  62  89  61  61  58  39  50  64  71  41  37  60  79  60  82 117  75  43  33  25  25  42  39  47  49  63  76  73  38  58  62  49  62  63  71  89  69  59  67  73  71  77  78  74  85  83 105 109  98 118 135 154 110  88 104 160 
 36  40  41  36  39  38  34  32  33  29  68 115 107 107 110 105 102 100 100 107  52  89 105  94 102 121 118 112 106 102  88  75  81  70  61  58  45  57  36  33  38  39  35  31  55  76  52  53  55  40  50  69  81  53  50  68  71  60 103 122  72  54  28  19  22  45  44  42  48  50  76  74  54  45  42  50  62  62  66  73  64  52  63  71  70  75  87  86  80  84  97  85  82  93 105 112 109 114 111 156 
 38  38  46  38  42  42  36  35  34  28  62 114 112 109 111 105 101 104  99 108  55  82 103  96 105 113 115 115 110 102  98  94  87  81  68  55  43  52  39  31  39  36  35  32  56  78  49  49  56  37  50  70  87  65  59  74  59  68 120 126  75  58  37  19  29  47  51  52  52  46  55  75  59  38  51  64  65  62  61  59  70  54  58  61  57  59  65  76  84  80  78  79  77  88  99 101 107 114 113 146 
 34  40  46  42  35  38  38  35  36  30  53 108 113 104 111 110 102 100  96 113  60  80 100  94  90 100 116 112 112 103 100  91  90  80  73  69  43  49  45  30  38  36  36  30  55  89  64  53  59  39  44  65  87  68  65  76  59  73 108 111  86  54  38  14  42  48  53  57  54  54  51  64  62  44  55  56  61  64  59  55  61  56  55  54  47  50  57  60  80  85  62  65  80 100 111  95  84  85  94 152 
 42  50  47  41  30  31  37  36  36  33  48 107 115 103 108 111 105 101  95 112  70  80  96  98  97  99 107 110 105  99  97  85  81  86  71  60  44  50  49  33  37  37  34  29  52  96  75  54  62  43  42  60  90  75  64  70  59  86 118  85  78  41  46  25  45  51  57  55  54  55  47  46  51  58  57  63  63  62  62  50  37  54  60  66  65  61  58  64  72  61  62 131 162 169 171 150 133 132 153 181 
 49  49  53  43  30  34  40  42  37  31  44 101 117 103 109 109 106 104  97 113  82  54  86 101 103 100 109 109 112 103  96  83  77  69  60  60  59  48  51  33  35  35  34  31  42  74  61  50  58  45  42  61  83  99  99  70  50  64  99  60  86  53  81  39  45  48  44  38  35  39  42  45  49  65  59  68  59  56  64  40  26  41  49  58  54  55  63  72  70  72 135 193 192 192 192 191 187 185 189 186 
 38  52  47  33  38  42  43  41  40  33  36  90 121 108 102 100 107 108  96 112  94  34  61  93  99  98 105 105 101  92  99  79  92  61  58  76  56  49  51  32  35  33  36  34  32  43  44  51  54  42  46  72  84  98 110  76  62  79  97  56  79  57  55  32  39  42  36  41  49  54  73  69  56  52  58  56  72  78  59  30  42  50  53  53  42  61  82  73  66 129 195 185 184 184 183 184 184 184 181 181 
 38  50  27  29  41  47  43  39  38  33  34  85 107  87  94 101 108 107  98 113 106  32  28  76 107  94 110 106  64  50  76  83  88  80  72  76  51  44  52  33  37  33  34  34  35  39  39  51  60  38  46  64  77  78  51  59  59  73 101  59  63  48  52  59  50  55  47  57  64  73  76  86  65  40  50  59  83  84  64  54  49  52  55  57  63  72  77  76  56 120 194 184 187 186 186 185 182 182 183 183 
 27  25  21  39  42  46  43  43  40  33  31  75  94  88 104 108 105 103 105 116 114  33  17  44  70  94 111 104  75  34  38  75  84  85  71  73  49  47  55  35  33  35  35  33  32  32  35  46  60  44  38  59  88  88  44  40  21  59  84  40  75  75  66  56  64  57  62  62  57  69  65  64  82  67  51  69  66  64  82  72  46  57  62  63  58  58  55  64  54  79 173 192 183 187 185 185 184 180 182 181 
 22  17  27  43  45  46  44  48  43  36  28  73 115 108 106 104 102 101 105 109 114  42  19  25  30  77 100  88  88  32  20  61  78  77  60  69  48  42  59  39  32  38  35  36  36  33  33  42  53  44  45  75  93  86  72  67  47  78  82  56 119  98  56  46  66  54  56  50  54  70  78  66  66  80  74  67  53  58  72  75  65  73  69  63  55  53  59  73  68  66 146 195 182 185 184 183 182 183 182 182 
 23  25  40  42  41  46  45  49  44  37  27  66 117 110 104 105 100 100 103 108 123  49  21  22  21  45  67  70  52  19  18  69  76  63  83  73  59  58  52  39  32  40  35  37  34  30  32  46  50  39  43  65  64  71  79  80  68  88 104  82 125  93  52  55  64  59  67  65  65  59  68  63  51  61  73  73  57  56  58  70  89  96  66  65  68  53  63  79  74  67 117 189 184 183 184 183 180 182 181 180 
 22  27  42  40  36  41  43  45  43  39  27  59 114 111 105 110 106 105 103 106 123  55  20  25  22  24  27  29  24  22  55  85  85  65  86  76  68  59  52  44  35  43  40  35  30  29  29  46  54  45  47  63  61  68  73  65  58  85  95  94  86  73  58  60  68  62  59  64  60  50  48  60  71  66  72  68  62  63  59  61  78  96  51  55  55  36  60  76  73  70  96 172 191 182 184 181 179 179 178 180 
 22  32  44  40  37  41  44  49  47  42  27  53 115 121 107 110 107 102 100 103 123  72  20  25  25  24  24  22  25  35  84  84  79  78  82  71  68  62  58  48  35  41  39  34  31  31  32  47  46  40  47  58  55  62  67  91  96 113  84  75  85  84  55  47  53  68  56  53  58  54  47  59  71  73  70  63  67  59  56  63  79  89  50  53  47  31  48  77  78  65  71 146 192 182 185 180 178 179 178 180 
 22  37  44  39  39  41  43  52  54  44  29  47 108 116 103 109 106 105 103 105 121  82  25  24  23  24  26  26  25  29  59  81  77  76  75  77  71  64  56  46  33  41  39  34  31  28  26  39  42  48  52  60  63  64 115 103  58  91 110  75  71 101  59  44  49  72  68  57  55  52  59  63  68  68  62  79  77  72  65  67  66  87  75  61  46  32  39  69  82  73  69 122 182 184 184 182 179 180 181 181 
 28  42  40  36  38  37  40  48  48  40  32  41  99 112 102 108 107 107 107 109 120  94  37  29  24  23  22  24  24  24  32  71  81  76  78  81  73  63  50  47  33  40  38  34  31  38  52  51  53  52  52  70  58  76 114  63  40  79  65 102  68  93  76  49  52  65  66  48  55  51  46  52  64  81  90  68  64  76  78  70  75  84  76  69  59  36  23  66 100  83  67  92 165 188 179 182 179 180 181 181 
 33  43  37  35  39  37  43  48  40  39  34  34  93 116 103 106 106 108 107 108 121 110  47  33  26  26  24  27  27  21  22  55  88  76  82  80  73  50  50  54  34  36  36  33  31  52  79  61  52  51  50  68  53  69 103  68  51  93  77  81  75  78  99  48  53  59  65  55  51  50  54  57  62  65  73  75  73  84  89  54  56  80  60  63  64  39  26  57  79  76  84  74 138 191 177 180 180 180 180 181 
 36  40  33  35  40  38  40  39  35  40  38  32  86 114 103 104 107 113 111 108 118 116  44  30  26  26  25  25  25  24  20  38  82  80  85  82  70  43  47  58  37  37  38  34  28  46  80  74  56  51  48  57  63  58 113  93  44  86  73  76  68  86 101  54  55  53  66  52  55  57  51  56  50  41  56  87  84  82  79  61  75  87  82  56  55  43  27  35  61  79  87  63 106 178 183 179 180 180 179 180 
 41  42  35  38  40  39  40  38  39  39  38  30  81 112 104 103 106 114 113 110 120 125  44  29  25  27  26  25  22  25  24  31  70  85  87  83  67  56  47  57  34  34  35  36  30  43  81  76  62  54  42  45  71  69  64 110  87  94 109  96  77  86 118  66  61  77  57  50  73  67  68  59  51  49  48  56  77  66  81  84  84  79  85  91  57  50  29  28  52  68  77  69  80 159 189 179 180 178 179 178 
 44  35  34  38  38  40  39  39  41  40  38  28  67 109 106 104 108 111 111 110 115 129  55  28  28  26  26  24  24  24  22  27  65  96  99  90  77  54  48  58  41  34  36  36  30  41  78  80  67  57  46  45  54  55  62  59  65  97 106  78  75  78 115  79  65  73  58  62  61  54  54  50  45  45  46  49  57  56  59  73  92  96  87  93  73  59  39  27  43  59  66  72  72 138 188 181 181 180 179 175 
 44  31  34  40  38  39  39  40  41  41  38  29  58 101 107 105 108 112 111 110 113 130  65  30  28  25  26  23  24  24  25  24  61  86  91  96  86  59  43  57  42  32  38  37  30  36  70  77  67  57  44  42  46  53  72  71  59  70  90  84  87  90 114  88  62  62  51  61  49  45  42  42  40  43  44  46  54  54  81 106  88 108  99 107  72  54  48  28  34  59  63  77  68 112 180 180 180 177 173 174 
 39  30  35  38  37  38  39  41  42  43  41  31  50  95 109 107 109 113 113 109 112 128  76  30  28  25  24  23  23  23  23  23  58  87  82  92  92  59  35  53  47  34  39  36  31  37  77  86  66  59  50  40  43  52  81  85  72  81 107  88  81  96 117  85  52  55  49  53  51  47  41  41  41  42  42  44  60  70  63  90  92  95 102 113  85  53  50  37  30  51  62  67  64  91 167 187 176 180 177 173 
 29  33  35  35  37  38  40  40  42  43  42  30  49  94 112 109 109 113 115 112 112 125  86  31  29  25  24  25  23  24  25  17  47  88  79  81  80  50  45  50  49  33  39  35  33  33  62  60  45  55  54  38  51  65  93  91  37  63  84  59  58  67 103  79  39  58  48  52  60  44  44  44  40  42  47  63  79  77  56  69  92  97  87 101  97  57  60  46  28  41  56  64  70  59 132 185 177 176 175 176 
 27  34  35  34  37  38  38  40  43  43  42  31  43  93 116 112 111 112 114 111 111 126  95  32  28  26  25  25  24  24  27  20  41  79  83  95  87  60  44  45  53  36  36  31  34  28  37  46  46  58  52  38  49  63  93  97  38  56  83  62  53  56 118  90  46  54  52  54  61  45  45  40  40  48  66  90  95  81  77  71  73  75  99 101  89  62  64  48  32  34  55  74  76  49 101 177 183 178 179 179 
 33  35  38  37  37  38  38  41  42  40  39  35  34  88 118 114 113 111 110 109 112 125 102  35  29  27  26  25  25  23  22  28  32  91  92  83  95  87  51  45  54  36  36  33  36  31  34  37  40  58  58  42  42  59  82 107  46  62  81  55  54  68 132 104  48  65  56  52  64  58  50  50  59  58  64  93 107  78  70  77  84  96  93  87  82  57  60  50  44  33  54  70  80  70  69 155 186 177 182 177 
 34  34  38  37  37  39  40  43  41  38  39  37  31  82 116 114 113 110 110 111 113 120 110  40  30  24  25  24  26  23  25  21  31  84  87  80  73  70  39  43  55  36  34  33  33  29  31  36  39  53  63  51  38  57  88 112  59  70  85  49  74  64 114 102  52  67  61  47  66  69  63  72  69  55  58  71  77  75  75  77  79  82  80  84  91  56  60  55  48  33  35  49  72  85  55 114 183 183 179 181 
 31  35  38  37  38  39  41  43  41  37  39  37  34  79 113 114 111 109 112 114 113 114 114  46  29  24  26  23  25  24  24  26  27  85  83  78  72  51  41  47  58  36  35  36  32  32  33  32  39  46  54  49  36  46  68  75  58  48  78  64  66  60 101 118  61  59  52  48  63  63  50  66  68  55  52  55  62  60  62  57  81  77  80  67  81  62  42  50  42  31  33  48  55  79  73  80 164 188 177 178 
 35  37  39  39  38  39  41  41  40  42  40  39  29  71 113 111 109 109 113 113 113 113 124  58  30  25  26  24  24  25  23  22  27  82  83  86  80  54  55  50  61  37  32  35  33  31  32  32  37  48  54  60  50  59  76  89  54  23  62 109  74  57  76 120  66  59  49  54  59  62  50  54  51  50  62  67  69  65  62  53  62  80  67  69  81  72  55  49  46  39  26  40  49  66  79  77 144 184 181 181 
 34  37  39  38  39  39  40  43  43  40  36  38  29  62 108 109 107 108 111 108 112 116 124  67  32  26  25  25  25  23  26  26  24  80 100  80  88  72  58  53  61  40  34  36  33  33  32  33  44  53  57  58  44  52  64  77  55  39  25  69 103  82  79 122  60  51  52  56  53  67  65  58  58  59  57  57  56  62  68  69  61  71  67  73  82  85  67  52  44  40  28  39  57  62  76  82 110 173 183 176 
 35  38  38  39  40  39  40  42  43  40  35  40  29  54 106 110 104 107 111 109 109 111 122  79  34  27  24  26  26  24  25  27  26  78  90  86  92  92  81  68  63  42  30  33  30  35  32  33  41  47  52  43  42  50  56  72  68  66  60  39  84  87  80 131  53  53  56  57  58  51  68  57  47  52  49  44  42  50  69  75  75  80  60  59  83 103  66  47  43  40  29  35  62  68  85  74  74 158 183 172 
 35  38  38  39  39  39  40  40  40  40  40  43  30  48 109 113 107 109 109 111 106 108 117  90  35  27  24  25  25  27  26  25  24  71 100  79  85  95  84  73  64  45  33  35  29  33  30  34  45  43  47  50  46  55  52  52  76  90  87  78  81  81  69 108  88  65  59  55  66  48  54  61  61  54  53  55  55  60  62  68  60  81  60  54  94 105  98  79  55  50  36  32  48  54  67  73  81 141 177 170 
 36  38  37  37  39  40  40  39  38  39  39  41  33  41 109 118 107 106 109 115 104 105 113  99  37  28  25  25  25  25  27  22  20  71 102  74  91  95  86  73  61  43  30  35  31  30  28  58  77  61  67  67  47  53  63  57  69  76  75  73  78  83  65  93 123  66  59  58  61  46  52  56  62  58  47  48  52  49  51  71  78  69  65  64  91  90  95 110  74  64  59  45  43  48  58  63  54 103 176 177 
 36  37  36  37  39  40  40  40  38  37  36  37  34  36  98 115 108 106 107 109 102 104 111 106  42  27  26  26  25  23  24  27  25  65  89  88  90  85  82  68  60  45  32  34  34  31  29  55  75  64  65  67  49  51  63  51  66  90  99  93  77  69  79  93 107  40  57  54  48  43  64  57  51  56  55  55  47  47  56  77  90  72  62  68  86  92  73 106  83  73  78  67  65  77  84  87  64  67 123 153 
 35  36  37  39  40  41  40  39  37  34  33  32  34  32  90 117 108 103 103 101 103 107 107 110  49  29  25  25  26  24  26  26  23  67 102  95  87  84  76  62  58  48  35  35  35  34  29  46  82  70  62  64  47  48  62  51  97 130 103  88  98  89  54  71 100  58  61  49  59  51  52  54  54  47  47  55  50  54  64  84  80  66  72  75  80  89  87 103  90  70  71  72  69  84  94  90  91  90  74  83 
 35  35  37  40  40  41  39  37  34  33  33  31  34  31  82 120 113 110 107  99 102 105 103 111  55  31  26  23  27  26  26  24  21  70  96  89  87  76  70  60  57  49  34  33  36  32  26  43  78  74  67  64  47  42  61  60 127  91  56  67  61  89  82  51 107  95  58  50  68  54  48  61  62  43  44  48  52  55  58  61  59  66  89  83  57  75  95  90  96  82  73  84  82  70  81  83  98 112 107 112 
 35  35  37  41  42  40  40  35  28  30  33  34  39  29  75 122 114 110 105 105 103 103 103 117  66  33  27  24  25  25  26  25  23  76  97  99  85  68  61  66  59  52  36  32  36  33  26  39  78  77  68  67  51  47  60  59 116  76  66  87  83  58  91  51  97  96  55  51  62  58  58  66  86  56  59  52  61  57  51  66  69  59  94  73  49  61  81  97  99  82  79  80  87  93 103 103 105 112 104 117 
 36  36  37  39  40  38  39  32  23  28  34  35  39  27  66 118 115 109 105 105 107 103 101 119  80  30  27  25  25  27  26  27  35  91  99 105  82  69  63  60  60  55  40  32  33  35  27  35  76  79  66  67  55  46  60  46 101 101  63  69  73  64  80  61  92 100  60  53  61  61  57  55  90  69  60  59  61  49  41  55  49  55  90  70  50  62  62  77  89  89  92  76  81 112 110 106 107 107 108 120 
 35  36  37  37  38  38  37  29  22  30  35  33  38  31  60 113 117 110 105 104 106 102 102 115  84  34  27  25  27  28  27  24  62 100  98  92  70  78  70  56  58  63  46  33  34  34  29  34  68  68  55  61  55  41  58  58  65 107  97  74  71  88  78  75  93 113  56  55  59  65  51  57  86  65  54  52  59  55  53  50  48  57  78  95  57  56  54  61  77  79  92  96  91 106 102  96  95 101 101 120 
 35  36  38  37  37  38  35  27  22  27  33  33  36  33  49 107 117 110 108 102 103 105 104 114  89  40  29  25  24  21  21  21  52  80  97  83  74  77  67  64  56  57  46  33  35  32  31  30  45  46  46  64  62  43  54  71  71  79  97 102 101  90  83  80  99 119  62  59  50  51  50  56  84  71  61  60  62  65  57  60  62  60  79 108  78  70  59  63  68  63  64  77  82  88  93  94  96 103 104 103 
 35  35  38  37  38  38  31  24  20  23  30  31  32  33  41 103 122 112 112 107 105 108 105 113 100  41  28  28  23  39  44  28  22  49  89  83  84  73  64  66  55  51  45  31  33  32  31  26  35  39  44  69  61  43  53  57  69  83  85  90  93  82  84  83  94 123  89  55  45  44  56  56  64  81  53  69  58  57  50  58  65  69  71  74  84  90  79  71  75  72  71  69  71  72  74  78  79  80  83  80 
 36  36  38  38  38  36  27  22  23  25  28  26  26  34  39  99 125 115 113 110 106 105 108 111 106  44  33  18  55 105 102  86  38  24  67  81  78  87  71  60  56  54  50  35  34  32  31  27  36  38  38  65  61  46  54  58  62  81  91  98  94  92  74  70  94 116  92  53  49  51  68  65  55  83  56  58  47  47  58  57  56  61  60  68  74  87 110 107  98  92  81  84  89  82  74  62  64  63  63  69 
 38  36  39  38  38  34  24  21  21  23  26  22  23  36  38  92 119 114 114 111 105 102 108 111 114  49  30  34 102 130 116 108  62  18  52  87  82  86  68  64  56  57  54  32  33  32  30  29  35  38  38  64  64  47  50  61  65  68  63  71  66  65  50  63  74 114  90  58  54  54  66  60  60  78  71  57  61  52  54  54  55  57  64  70  64  70  90 107  99  86  92 103 104  90  75  78  90  86  89  92 
 39  39  38  39  37  30  23  23  21  21  23  22  24  34  37  88 117 115 116 111 107 105 106 110 124  58  37 103 126 117 107  92  32  15  61  99  89  67  60  70  58  57  53  31  32  33  32  33  35  39  40  64  67  47  50  76  69  81  69  51  59  55  58  66  51 121 109  60  54  48  63  57  52  70  79  64  80  66  71  67  67  62  73  67  57  59  65  68  80  93 104 101  80  89 103 112 117 116 104  99 
 37  40  38  40  36  27  23  25  24  23  22  24  26  34  34  81 117 115 115 112 107 106 109 108 124  68  87 128 124 116 110 108  71  68  88  98  79  76  64  59  54  59  54  36  32  33  34  31  35  39  36  62  67  53  45  74  78  85  88  59  67  59  63  58  55 108 118  64  55  58  55  52  43  67  88  52  62  70  81  79  77  77  83  79  71  71  83  87  90  83  65  71  93 118 125 118 116 103  89  81 
 37  37  39  39  35  24  23  26  24  23  23  25  25  34  30  73 116 116 115 111 106 104 107 108 120  80 114 122 120 118 111 116 113 108 103  95  78  86  68  54  56  56  55  39  31  32  33  28  31  39  34  55  63  51  45  59  67  79  85  51  55  61  63  59  56 108 112  72  60  57  43  44  48  64 101  70  56  76  88  94  88  89  90  87  90 109 119 128 124  78  75 102 121 128 113 101  93  78  85  88 
 38  37  40  39  32  21  23  24  24  23  23  24  25  33  31  70 117 117 112 109 105 104 104 109 123  93 104 127 123 121 108 115 112 105  98  92  77  71  63  53  58  56  55  40  28  35  32  27  29  39  30  49  59  47  43  58  63  81  90  52  62  76  66  58  54 115 104  80  65  56  44  51  64  51  99  78  68  79  93  98  94  99  97  99  87 116 124 117 112 101 125 126 117 115  89  75  75  82 106 119 
 38  38  40  38  28  22  23  24  24  22  21  22  24  32  31  62 115 117 111 110 106 106 106 108 125 101  97 130 124 122 115 119 118 108  94  90  91  81  63  57  61  59  49  44  29  34  32  28  33  40  31  44  54  45  43  48  58  83  99  64  77  77  59  50  42  99  89  86  59  54  52  64  54  34  82  86  64  79  81  87  99  99  87  88  91 115 126  98  85 103 112 109 107  85  71  79  88 107 115 117 
 38  39  39  35  24  23  23  23  23  22  22  22  23  32  32  53 111 121 114 112 108 106 108 107 123 104  93 125 129 118 119 125 115 100 101 101  98  80  63  60  64  66  51  45  30  34  33  31  32  60  69  56  56  43  37  47  54  62  79  73  67  56  81  62  59  89  80  76  58  48  60  56  59  37  61 110  84  80  80  86  93 102  86  84 111 120 106  80  94  85  95  92  82  69  84 103 105 110 108 111 
 38  39  38  31  22  23  22  23  23  21  22  22  23  31  36  47 107 125 119 116 109 105 103 114 122 111  98 121 124 121 118 122 113 103  99  91  92  64  65  62  58  57  56  46  28  36  34  31  31  62  85  64  55  47  33  53  68  64  73  67  37  48  67  59  56  71 101  73  56  51  57  44  69  49  51 102  99  96  77  85  93 100 106  99 106  96  64  77  88  80  86  76  74  90  98 104 108 108 111 115 
 37  36  37  27  21  21  23  22  22  20  20  21  23  29  37  40  99 123 120 118 112 107 109 111 121 119 103 120 127 127 108 104 117 108 100  88  85  72  57  61  63  52  56  47  30  35  34  33  30  53  87  71  53  49  40  55  76  78 102  95  63  57  34  86  62  48 112  78  48  52  56  43  68  61  50  95 109 103  88  80  93  92 108  99  58  37  57 100  86  89  86  76  77 101 116 116 109 102 112 113 
 37  40  33  24  24  23  22  23  21  20  22  20  20  29  38  39  96 122 121 115 116 111 107 106 118 126 103 116 121 114  97 107 114 101 100  94  87  74  62  68  66  57  55  47  32  34  34  34  29  55  90  72  55  49  42  53  86  92 103 102  89  93  81  90  83  46  94  78  53  56  56  44  76  70  48  80 114 101  91  88  86  91 103  91  21  26  84  97  94  87  80  92  95 100 104 106 106  94  87  81 
 38  38  28  22  23  23  23  24  22  21  21  19  24  34  39  37  90 122 120 114 114 112 107 113 116 128 117 115 114 105 110 115 118 107 101  97  87  75  63  71  65  59  54  50  37  33  35  34  31  51  89  76  52  49  34  46  91  77  86  89  81  85  96  98 106  81 105  80  54  63  54  56  90  60  48  72 110  93  90  84  85  90 100 119 131  66  90  87  93  86  78 101 109  99 105 131 123  83  72  63 
 40  35  24  20  21  23  24  23  23  20  19  20  29  37  40  35  80 122 121 116 113 111 108 107 117 126 112 109 110 118 114 111 120 108 102  99  87  76  57  70  63  57  51  45  37  36  36  32  31  45  90  84  52  43  35  42  75  69  77  75  84 103  98  67  84  95 114  79  72  66  60  81  81  62  51  65 101  86  93  89  86  92  99 109 125  66  81  93  96  81  91 102 107 114 117 129 106  79  65  67 
 40  32  22  21  21  22  23  21  22  19  20  25  34  36  42  35  72 125 123 119 116 112 109 112 113 126  96  76 111 122 103 112 118 115 106  88  95  80  59  56  57  51  43  44  39  34  34  32  32  39  65  60  37  36  42  43  71  69  69 111 134 110 101 106  70  68  92  99 103  68  65  77  61  61  57  66 100  88  93  91  92  92  78  87  54  65 101  95  93  87 109 119 119 122 103  83  78  77  58  58 
 40  29  22  22  21  22  23  23  21  20  26  32  36  37  43  35  62 126 124 120 118 110 107 116 108 121 106  48 104 108 110 125 127  90  67  81  92  78  59  53  61  53  39  42  40  33  36  33  30  33  43  41  37  44  47  43  71  71  81 134  89  63  67  68  90  66  85 114 112  52  60  67  62  44  61  80  92  89  80  90  97  91  77  84  75  83 102  95  85  87 116 111 109  99  80  74  64  56  51  49 
 35  25  22  23  21  21  23  23  22  22  32  39  37  37  40  35  55 119 122 117 119 109 107 109 111 111 117  49  59  83 113 127 114  86  36  53  80  75  77  71  53  47  42  43  45  34  34  31  30  34  44  40  37  50  51  39  67  62  78 104  67  79  77  62  66  69  68 125  82  61  73  67  61  42  43  79  75  91  92  89 102  84  74  83  89  99 101  89  86  94  98 108  99  84  71  65  59  48  52  45 
 30  23  24  23  20  21  22  22  21  23  34  39  38  38  39  38  48 110 120 114 115 109 106 110 110 108 116  55  26  55  98 108 104  96  34  28  68  81  78  72  53  51  46  50  51  30  33  32  35  35  45  42  34  50  52  38  55  75  59  97  68  67  82  75  55  77  67 142  77  60  75  40  32  39  36  77  76  85 117  94  91  97  89 104  91  85  98  90  83  82  90 114  99  80  63  63  57  51  52  38 
 27  23  27  24  20  20  20  21  21  25  34  37  38  40  38  40  42 100 117 109 110 107 109 109 108 107 113  60  31  36  60  78  84  54  23  35  71  81  82  68  45  44  47  51  51  31  36  31  31  33  43  45  30  46  54  42  53  95  75 104 102  61  58  53  77  69  82 129  83  35  59  36  34  45  26  72  74  75 118  93  83 108  93  98  89  73  91  89  77  77  93 101  85  69  56  60  63  59  52  28 
 23  23  24  24  22  21  21  21  22  27  34  39  38  38  36  40  38  92 123 113 111 112 110 109 110 118 118  70  31  29  31  35  41  30  24  36  88  84  72  70  61  58  41  45  49  30  33  33  33  28  40  43  32  46  50  45  49  99  99  79 104 106  92  93  87  73 102 110 110  34  43  76  86  40  29  61  75  69 107  97  79  97  83  94  84  83  96  93  83  84  82  93  83  68  64  59  57  60  48  26 
 21  23  23  22  21  20  21  22  23  27  35  39  38  37  37  43  35  82 121 117 110 109 109 109 111 117 125  72  33  31  29  28  28  26  30  75  92  91  84  75  55  57  47  41  40  32  32  33  34  30  37  44  32  43  51  42  49  90  91  87  88  92  89  91  93  81 101  97 121  28  29  30  66  44  31  58  74  66  98 102  73  95  88  89  89  86  95  92  80  88  94  90  83  71  66  61  56  60  49  23 
 22  24  25  23  22  22  23  23  24  29  35  38  37  37  36  41  31  72 121 123 115 114 109 111 107 113 124  82  35  30  29  31  29  29  41  83  87  75  65  77  74  50  51  59  38  34  31  35  29  26  34  41  33  40  52  45  47  76  67  76  87  85  81  80  63 113  91  96 125  37  26  18  33  43  27  46  76  62  92 114  78  97  92 112  98  87  97  95  85  80  92  86  71  71  77  71  62  54  45  26 
 23  24  24  24  25  24  25  24  25  29  35  38  37  36  36  41  34  65 116 122 114 113 110 112 107 111 116  88  34  31  27  32  30  28  32  51  85  80  75  68  60  55  61  53  37  38  30  33  35  26  30  38  28  39  51  43  43  60  58  66  67  65  69  60 111  96  70  86 116  40  28  23  28  42  36  40  67  60  86 122  68 101 112 137 122  77  93  87  73  72  84  84  80  71  71  78  68  59  45  27 
