235 233 234 233 232 232 232 234 235 236 236 233 231 230 227 225 223 222 220 219 219 219 219 219 220 221 222 221 221 222 224 225 226 227 226 227 229 230 231 232 233 234 233 232 231 230 229 229 230 232 233 235 235 236 237 237 237 236 236 237 238 240 241 242 242 244 245 246 247 248 249 249 249 249 250 250 250 249 248 248 247 245 243 241 239 237 236 236 235 233 230 229 228 228 227 227 226 226 227 229 
235 234 233 233 232 233 234 237 236 235 235 232 230 229 227 224 223 222 220 219 218 218 219 219 220 221 222 222 222 223 225 226 227 226 227 228 228 229 231 232 233 234 233 232 231 230 229 229 230 231 233 234 235 234 235 235 235 236 235 236 238 240 240 241 242 244 245 246 247 248 249 249 248 249 249 250 250 249 248 247 246 245 244 242 240 237 236 237 236 234 232 230 229 229 228 227 228 227 228 230 
236 234 233 233 232 234 236 237 235 234 233 232 229 228 226 224 222 221 221 219 218 218 219 219 220 221 222 221 223 224 225 226 227 226 227 227 228 229 230 232 233 233 233 232 232 230 229 230 230 231 232 233 234 233 233 233 234 234 235 235 237 239 240 241 242 244 245 245 246 247 249 249 248 249 249 249 249 248 247 247 246 244 243 241 239 237 236 237 236 235 234 231 230 229 228 228 229 228 229 231 
235 234 233 232 231 233 235 237 236 234 233 230 228 227 226 224 222 221 221 220 219 218 219 219 220 221 221 221 223 224 225 226 226 226 226 227 228 229 230 231 232 233 233 233 232 231 231 231 231 232 231 232 233 232 232 233 235 235 236 235 237 238 239 240 241 243 244 245 246 247 248 249 249 249 250 249 248 248 247 246 245 243 242 240 238 236 235 235 235 235 234 232 231 229 228 228 228 228 229 231 
235 234 232 230 231 232 234 235 235 234 233 232 228 226 226 225 224 223 221 219 219 220 219 218 219 220 221 221 223 223 225 226 226 226 227 228 228 229 230 231 232 233 234 234 233 232 233 233 233 232 232 231 231 231 231 232 233 234 235 235 236 238 239 240 241 242 243 244 245 246 247 248 248 250 249 249 249 247 246 245 244 243 242 240 238 236 235 234 234 234 234 233 231 230 228 228 228 229 229 230 
233 233 230 229 230 232 233 234 234 233 233 232 229 226 227 226 225 224 222 221 220 219 219 218 218 220 221 222 222 223 224 226 226 227 227 227 228 229 230 231 232 233 234 234 233 232 233 234 233 232 233 232 232 232 231 231 232 233 234 235 236 238 239 239 240 241 242 243 244 245 246 247 248 249 250 249 248 247 246 245 244 242 241 240 239 237 235 234 234 233 233 233 232 231 229 228 229 230 229 230 
230 230 229 229 231 232 233 233 232 231 231 229 228 228 227 226 225 224 223 222 220 220 219 219 218 220 221 221 221 222 223 225 225 226 226 227 228 229 230 231 232 233 234 234 233 232 232 232 232 232 233 233 233 232 232 232 232 232 232 233 236 238 239 240 241 241 241 243 244 245 246 247 248 248 249 249 248 247 246 244 243 243 241 239 238 237 235 234 234 233 233 234 233 232 231 229 229 230 231 231 
227 228 228 229 231 232 232 232 230 229 229 227 228 228 227 226 225 224 223 222 221 220 220 219 218 219 220 220 220 220 222 223 224 225 226 227 228 229 230 231 232 233 233 233 232 231 231 231 232 232 233 234 234 234 233 233 233 232 233 233 235 237 239 240 241 242 242 243 244 246 245 247 247 248 249 249 248 247 246 244 243 242 241 238 237 236 235 234 233 233 233 234 234 233 232 230 230 231 232 232 
227 226 226 227 229 231 231 231 230 229 227 224 224 226 227 226 225 223 224 222 221 220 219 219 218 219 220 220 218 220 222 223 224 225 226 227 227 229 230 231 232 233 233 233 231 230 230 229 230 232 234 235 234 234 233 234 233 232 233 233 236 238 238 238 240 242 243 242 245 247 246 246 247 248 249 248 247 246 245 244 242 240 238 239 237 235 234 234 234 233 233 234 233 233 232 232 232 232 232 233 
225 225 225 227 227 228 229 230 230 229 227 224 223 225 226 226 224 223 224 222 221 220 218 218 218 219 220 220 220 220 222 223 224 224 225 226 228 229 230 231 232 232 232 231 231 230 229 229 230 231 233 235 235 234 234 233 233 233 233 234 236 238 238 238 240 242 243 242 244 245 245 246 248 248 248 247 246 245 244 243 241 240 239 239 237 235 233 232 233 234 233 234 235 235 234 233 233 233 234 233 
223 224 225 225 226 227 228 230 230 229 226 223 222 223 226 227 225 223 224 223 221 220 218 218 218 219 221 221 222 222 222 223 223 225 225 226 228 229 230 231 232 231 231 231 230 229 228 229 229 231 234 235 235 235 234 233 234 234 234 235 236 237 237 238 240 241 242 243 243 245 245 247 248 249 247 247 246 245 244 243 241 239 238 239 237 235 233 233 233 233 233 234 235 236 236 236 235 235 235 234 
225 225 225 225 226 227 228 229 229 227 226 223 223 224 225 225 224 223 223 222 220 219 219 218 218 219 221 221 221 222 222 223 224 224 226 227 227 229 230 231 232 232 231 230 230 229 229 229 230 231 233 235 236 235 234 233 233 234 235 235 237 238 238 238 239 241 242 242 243 244 246 247 249 249 248 247 246 245 244 242 241 239 239 237 237 236 235 233 232 233 233 234 235 236 237 237 236 236 236 235 
228 227 226 226 226 227 227 227 226 225 225 224 224 223 223 223 222 222 222 221 220 218 218 219 218 219 220 220 221 222 223 224 225 225 227 228 228 229 230 231 232 233 233 232 231 230 230 230 230 232 234 235 236 235 234 233 233 234 236 236 237 238 239 239 239 240 241 242 242 243 245 247 248 248 248 248 246 245 244 242 242 240 239 239 237 236 235 233 232 233 234 234 235 236 237 237 236 236 236 236 
231 230 228 227 226 225 225 225 224 223 223 223 223 222 221 221 222 222 222 221 220 218 218 219 218 219 220 220 221 223 224 225 226 226 227 228 228 230 232 233 234 234 234 233 232 231 230 231 231 232 233 235 235 235 234 233 233 235 236 237 237 239 239 240 239 240 241 241 242 243 244 246 247 247 247 247 246 245 244 242 241 240 240 240 238 236 234 233 233 234 235 235 235 236 237 237 236 236 236 237 
233 231 229 227 225 225 225 224 224 223 222 222 223 222 222 223 223 223 223 223 221 219 220 219 219 218 220 220 222 224 225 227 227 227 228 227 227 230 233 234 234 233 233 232 231 231 231 230 231 232 233 234 235 235 234 233 233 234 236 238 238 239 241 241 240 240 241 242 241 242 244 245 246 247 248 246 246 245 243 242 240 239 240 240 238 237 236 235 233 233 235 236 236 237 237 237 236 236 237 238 
234 232 230 227 226 226 226 225 224 223 222 221 221 222 222 224 224 224 224 224 223 221 221 220 219 218 220 221 222 224 226 227 227 227 227 228 226 230 232 234 234 234 233 231 230 231 231 230 231 232 232 233 235 234 234 233 234 235 236 237 238 240 241 242 241 241 240 241 241 242 243 244 245 246 247 246 245 244 243 242 240 239 239 239 239 238 237 236 234 233 234 236 236 236 237 237 236 236 237 238 
234 233 231 229 228 228 226 225 224 223 222 221 221 221 222 224 225 226 225 226 225 225 223 221 220 220 221 222 223 225 226 227 228 228 228 229 228 230 231 233 234 233 232 232 230 230 230 230 231 231 232 233 233 233 233 233 234 235 237 237 238 240 241 243 243 242 241 240 240 240 241 243 245 245 245 245 244 243 242 241 240 238 238 238 239 238 237 236 234 233 233 235 235 237 238 237 237 236 237 239 
234 233 231 229 228 228 227 225 224 223 222 222 222 221 223 224 225 225 225 227 227 226 226 224 222 221 222 222 223 225 228 228 229 229 229 229 229 230 232 233 233 233 231 229 229 229 229 229 229 231 232 233 233 233 234 233 234 235 236 237 239 240 242 243 243 242 241 241 241 241 241 242 244 245 244 244 243 242 242 241 239 238 237 237 238 238 238 237 236 234 234 235 236 237 237 237 237 237 237 239 
234 233 232 230 229 228 228 226 224 223 223 223 222 222 223 224 224 225 226 227 228 228 227 225 223 221 221 222 224 224 227 228 229 230 229 229 229 230 231 232 233 232 230 229 228 228 228 228 228 230 231 232 234 233 233 233 234 235 236 237 239 240 241 242 243 243 243 242 241 240 240 241 243 244 244 243 243 242 241 240 239 238 238 238 238 239 238 237 237 236 235 235 236 237 237 237 237 237 237 238 
234 233 232 230 229 228 227 226 225 223 223 222 223 223 223 223 224 225 226 227 227 227 227 225 222 221 221 222 224 224 226 227 228 229 230 230 230 230 231 232 233 232 230 229 228 229 228 228 228 230 231 232 234 233 234 233 233 234 236 237 239 240 241 242 242 243 243 242 241 240 239 240 242 243 243 243 242 242 241 241 240 238 238 237 238 238 238 238 238 236 236 235 237 238 238 237 236 236 237 238 
234 233 232 231 229 228 227 226 225 224 223 222 223 223 222 223 224 225 225 226 226 225 224 223 221 220 221 223 225 225 225 226 228 230 231 231 231 230 231 231 233 233 231 229 228 228 228 228 229 231 232 233 233 234 233 233 233 234 235 237 238 239 241 241 242 242 242 242 241 240 239 239 241 243 243 244 242 243 242 241 240 238 238 235 237 237 237 239 239 238 237 236 237 237 238 237 236 236 237 237 
234 233 232 230 229 227 227 225 225 224 223 223 223 223 222 223 224 225 226 225 225 224 222 221 220 220 221 223 225 226 226 227 229 231 232 232 231 231 231 231 233 233 232 231 229 229 229 228 230 231 233 234 233 234 233 232 232 234 235 236 238 239 240 240 241 241 241 241 241 239 238 239 240 242 242 243 243 243 242 241 240 238 237 235 236 235 236 239 240 239 238 236 236 236 237 236 236 236 237 237 
234 232 230 229 228 227 225 224 224 224 223 223 222 223 223 224 224 225 225 226 224 223 222 220 218 219 220 223 224 225 227 229 230 231 232 232 232 232 232 231 233 233 232 232 231 230 230 229 230 231 232 233 234 234 233 232 232 234 235 236 238 240 240 240 241 241 241 241 240 239 237 238 240 241 242 242 242 242 243 241 240 238 237 236 235 236 235 238 239 239 239 238 236 235 236 237 236 236 237 237 
234 232 230 229 229 227 224 224 223 223 222 222 222 223 223 224 225 225 226 225 224 223 220 219 218 219 220 222 223 225 227 228 229 230 231 232 232 231 232 232 232 232 233 233 233 231 229 229 230 232 232 233 233 233 232 232 231 234 235 237 238 238 240 241 240 239 241 240 239 239 238 239 239 241 242 242 240 242 240 241 239 238 235 235 237 233 235 238 239 239 239 238 235 237 236 235 238 238 237 238 
233 232 230 229 229 227 225 224 223 221 221 221 222 222 223 224 224 226 227 225 225 223 221 219 218 219 220 221 223 224 226 227 228 229 230 231 232 232 232 233 232 233 233 233 235 233 230 229 230 231 231 231 232 231 230 231 231 232 235 235 236 238 240 241 240 238 240 240 240 239 239 239 239 240 242 242 237 242 238 240 238 238 237 234 232 235 235 237 237 239 240 237 236 236 236 236 236 237 239 239 
232 232 230 228 228 226 224 222 221 221 221 222 222 222 223 224 224 226 227 226 226 224 221 219 218 219 220 221 222 224 225 226 228 228 230 230 231 231 232 233 232 232 232 233 237 236 233 229 229 229 229 229 230 230 230 230 231 232 232 234 235 236 239 240 241 238 239 239 240 241 239 238 239 240 241 240 240 239 239 236 239 237 238 236 232 238 234 237 238 239 239 239 238 236 237 237 237 239 240 241 
232 231 231 230 228 226 224 222 221 221 221 222 223 223 223 225 226 228 228 227 228 225 222 219 217 218 219 221 222 223 224 225 227 228 229 229 230 230 232 233 233 232 233 234 237 237 234 230 228 227 227 228 229 230 231 231 232 232 232 233 234 239 238 237 241 239 239 238 239 240 238 238 239 239 240 240 239 234 237 232 234 231 236 233 236 234 234 239 237 238 234 235 233 232 231 231 236 236 237 240 
232 232 231 231 229 226 225 223 222 221 222 223 224 224 225 226 227 228 229 228 226 224 222 219 217 218 219 220 221 222 223 224 226 227 228 227 228 230 232 233 233 233 234 234 235 237 235 230 228 227 227 228 229 230 232 232 233 233 233 232 231 236 237 239 242 239 241 241 239 237 237 237 237 239 241 237 242 249 249 250 248 245 243 241 237 236 233 233 234 243 249 250 251 249 248 248 247 249 251 252 
232 232 231 231 229 225 225 223 223 221 222 223 224 224 225 226 227 228 229 227 224 222 220 218 218 219 219 220 221 221 222 224 225 226 227 227 228 229 230 232 232 233 234 234 234 235 233 229 228 227 226 227 229 231 233 234 234 234 233 231 232 234 237 239 239 237 238 238 237 235 236 238 238 238 239 243 230 177 172 179 193 207 219 229 232 243 246 247 247 220 159 151 170 171 173 189 201 202 206 216 
232 232 232 232 229 226 226 225 224 223 222 223 223 224 226 227 228 229 229 227 224 222 221 220 220 220 221 221 222 222 223 224 226 227 227 227 227 228 228 230 231 231 232 232 233 233 232 230 229 228 226 227 229 232 234 235 235 235 234 232 235 234 234 239 248 253 250 248 247 242 236 234 233 233 234 242 198 100 112 125 139 135 131 135 155 173 184 196 201 148  99  72  71  68  65  69  76  73  75  83 
233 231 233 233 229 226 226 226 226 224 223 223 223 224 226 228 229 230 230 228 225 224 223 223 222 222 221 221 222 222 224 225 227 226 226 226 227 227 228 228 230 230 230 231 232 230 230 231 229 228 227 228 230 233 235 236 236 235 235 233 231 231 239 237 207 193 199 215 227 236 241 247 250 249 248 252 154  95 108 114 131 115 112 118 133 150 139 130 144 139 133 103  76  59  56  56  52  48  47  48 
233 233 232 232 231 229 227 226 227 226 223 222 225 225 226 227 229 230 231 230 229 227 226 225 225 224 224 223 223 223 223 225 226 227 227 226 226 226 227 228 227 228 228 230 229 230 230 230 230 229 228 229 231 232 233 236 237 237 235 233 234 231 246 175 112 117 118 113 122 129 144 154 165 183 197 211 114  91  91  87 100  98 110 131 125 139 129 128 141 141 119 111  79  56  55  48  51  55  55  56 
230 230 230 231 231 230 229 228 228 226 224 223 224 225 226 227 228 230 230 230 230 230 228 228 227 226 225 225 224 224 224 225 226 228 227 226 225 226 227 227 227 228 229 229 229 229 230 230 230 230 229 230 231 232 233 236 237 237 236 235 234 231 244 157 100 115 113 106 112 121 120 115 118 117 112 113 112 117 110  86  81  77  87  93  79  86  96 115 143 153 123 109  93  81  90  85  87  89  87  96 
227 227 228 228 230 230 230 230 229 228 226 225 224 224 226 227 228 229 230 231 231 231 231 230 230 228 226 226 224 225 225 226 226 226 226 226 225 227 227 227 227 228 229 229 229 230 230 229 229 230 230 230 231 232 235 236 237 238 237 236 234 231 243 156 106 115 108 106 107 118 115 112 117 116 118 111 114 153 174 139 107 123 119 110 115 114 107  93 108 145 129  89  94  94 107 121 118 120 117 125 
227 226 228 229 229 230 230 230 229 230 227 225 224 224 226 227 228 229 230 231 231 232 232 232 230 228 226 226 225 226 227 226 227 227 227 227 226 226 227 227 228 228 229 229 229 229 229 230 229 230 231 231 232 233 234 237 237 238 237 237 235 234 247 157 105 119  99  96  95  94  98 105 120 116 108 101 103 121 157 111  98  98 100 101 115 108 106 107 108 124 117  96 101  91  83 106 120 124 130 127 
228 227 228 228 228 229 229 229 229 229 228 225 225 225 226 227 228 229 230 231 232 232 232 233 231 229 227 225 226 227 226 227 228 228 228 227 227 227 229 229 230 229 229 229 229 228 228 229 230 231 230 231 232 234 235 237 238 238 237 235 236 232 247 177 105 105  93  85  96  97  97  99 107 115 105  94  90  85 111  78  75  59  60  71  76  73  74  89  94 125 129 100 100  86  87 106 129 124 117 119 
228 228 228 227 227 227 228 228 228 229 228 225 226 226 225 226 228 230 231 232 233 233 232 233 232 230 228 227 228 228 227 228 229 230 229 228 227 228 229 230 230 230 229 229 230 229 228 229 231 231 231 232 233 234 236 238 239 238 237 237 236 231 245 195 125 133  99  82  86  87 106 127 105  94  82  89  86  82  75  82  63  71  61  48  54  69  72  84  88 124 132  94 101  95 112 125 117 133 167 183 
228 228 227 226 226 228 228 228 229 229 228 228 228 227 227 227 229 230 231 232 233 233 232 232 233 232 231 229 230 230 229 229 230 231 230 229 228 228 229 230 230 230 230 231 231 229 229 230 231 231 232 233 234 236 238 239 240 239 237 236 238 235 243 210 134 145 121 103 101 106 117 117 112  92  63  83 108  88  64  59  58  60  59  45  43  52  55  71  83 102 123 109  93  96 120 111 113 183 179 149 
228 228 226 225 226 227 227 228 229 229 228 229 230 228 228 228 229 230 231 232 233 232 231 231 232 232 232 231 231 231 231 230 230 230 230 229 229 228 228 228 229 230 231 232 231 230 230 230 230 231 232 234 235 237 239 240 240 239 238 237 236 232 241 229 133 126 119 123  95 114 143  90 103 106  92  83 114  86  56  48  54  50  61  49  40  46  55  60  66  97 130  98  80  91 114 116 105 151 189 187 
231 230 229 227 225 226 228 229 228 227 227 229 230 230 231 230 229 228 230 232 232 231 230 230 231 233 234 235 233 233 232 233 232 232 231 230 230 230 230 230 231 230 230 231 231 232 233 232 232 232 233 234 234 237 238 239 240 240 239 237 237 238 236 235 155 119 100  99 102  84 139 117  95 104 100  87  87  92  72  59  71  60  49  44  38  50  58  63  86 118 120 102 106 108 115 122 124 136 128 116 
230 229 228 227 226 227 229 229 228 228 228 229 230 231 231 230 229 230 230 232 232 231 231 230 232 234 235 236 235 235 234 234 233 232 231 230 230 231 231 232 231 230 231 232 232 233 234 233 233 233 233 233 234 235 238 239 240 240 239 239 237 234 234 246 157 123 119  94 103  97  98 124 104  66  72  76  80  67  77  82  63  64  43  43  40  50  54  66  85 112 120  96 107 130 121 136 148 101 105 164 
230 230 229 227 227 228 228 228 228 229 228 229 231 231 231 231 231 230 230 232 232 232 232 231 233 235 236 236 237 236 237 236 235 233 231 230 230 230 231 231 231 231 231 232 232 232 233 234 235 234 234 233 234 235 237 238 239 240 239 237 239 239 232 247 188 114 115 100  87 104 101 125 100  71  68  84  80  75  74  63  69  60  44  44  41  46  57  60  61  97 129 100 102 112 109 159 130 109 173 143 
229 230 229 228 227 227 228 228 228 228 227 228 228 230 231 232 231 230 230 231 232 233 233 232 234 236 237 238 238 238 238 237 237 235 233 231 230 230 230 230 230 230 231 232 233 232 233 234 235 234 233 233 234 234 235 237 238 239 240 239 239 236 238 234 245 161 108  98  87  96 114 109 104  95  89  94  85  98  92  78  67  60  47  37  39  50  52  58  56  92 138 107 102 109 125 162 123 157 199 174 
229 228 228 227 227 227 227 229 229 228 227 227 227 229 232 233 232 231 230 231 232 232 233 233 234 236 237 238 239 239 239 238 238 236 235 232 230 229 229 229 229 230 231 231 232 233 234 235 234 235 234 233 233 234 235 236 239 240 241 242 237 240 241 234 243 218 135 105  92  90  94  90  98  90  88  90  98 103 107 104 101 100  95  90  82  91  83  85  85 111 136 111 107 116 172 167 102 165 226 226 
228 228 228 226 226 225 226 229 229 227 227 227 226 229 232 233 232 231 230 232 233 233 234 235 235 236 237 238 238 240 240 239 237 236 235 233 230 229 228 228 229 229 230 230 232 233 235 234 234 234 235 234 233 234 234 237 240 241 242 241 242 240 236 238 236 244 162 119 109 109 101  92 101  95  80  87  79  76  79  81  87  97 111 130 130 136 140 135 129 151 139 119 112 116 155 142 114 179 200 204 
227 228 227 226 225 224 225 228 228 226 227 228 227 229 230 231 231 232 232 232 233 234 235 236 236 236 238 237 238 240 240 239 238 236 235 233 231 229 227 228 228 229 229 230 231 232 233 233 233 234 235 234 233 234 235 238 241 242 242 243 241 241 240 239 231 252 179 123 122 124 127 108 109  99  99 111 109  98  97  78  71  83  80 103 113 108 134 116 117 119 119 108 102 105 136 166 112 143 168 181 
227 227 228 228 226 223 224 227 226 226 227 229 228 229 230 230 232 232 232 233 234 235 235 236 236 236 237 237 238 239 240 239 238 237 235 233 231 229 227 227 228 229 230 230 230 231 232 232 233 234 233 234 233 234 236 239 241 243 243 242 243 241 240 240 244 237 142 106 107 123 112 102 102  95 102  99 114 102 106 162 107  91 104  92 108 112 118 131 136 124 133 115  87 105 149 164  87 120 168 159 
226 226 228 228 226 223 225 226 227 226 226 227 227 228 229 230 232 233 232 234 235 234 234 233 235 236 236 236 237 239 240 239 238 236 235 234 231 229 227 228 229 230 230 230 230 231 232 233 232 233 234 234 234 235 236 237 240 242 243 243 243 242 241 245 235 142 119 122 107 108 100  98 100  91  93  91 107 116  92 121 125  90 116  99  99 101 109 125 122 118 130 112  91  97 129 178 136 100 169 158 
227 227 227 228 226 224 224 226 227 225 226 226 227 228 228 229 231 232 232 234 235 234 235 234 235 235 235 236 236 238 239 239 237 237 236 235 233 231 229 228 229 230 230 231 231 232 232 233 233 233 234 235 235 235 236 237 240 242 244 243 244 246 242 252 154 108 130 125 109 113 116 106 107  98  92  90 101 116 121 103 117  91 112 104  99  90  99 115 123 122 127 121 103  88 117 168 156  94 122 203 
228 226 225 227 226 225 225 226 227 225 225 227 228 229 229 230 231 232 233 234 234 235 236 235 236 235 235 236 236 237 238 238 238 238 236 236 234 233 230 229 229 230 231 232 232 232 232 232 233 234 234 235 236 236 236 237 240 241 244 246 245 242 253 225 132 122 114 118 128 109 111 122 108  96 107 111 110 105 116 107 116  75  70 160 157 134 122 121 130 122 126 130 108  99  97 128 134 144 111 141 
228 226 224 226 226 225 225 226 226 225 226 227 229 230 229 229 232 234 235 235 234 236 237 237 237 236 236 236 236 237 238 239 239 238 237 236 234 233 231 230 230 230 231 232 233 233 233 233 234 234 235 235 236 237 236 237 240 243 245 245 247 245 251 177 128 114 114 112 114 110 114 109 119 107 106 107 109 108 104  93  95  92  54 169 255 237 225 211 202 181 159 127 110 106  96 116 150 176 175 166 
229 226 225 224 224 224 225 227 227 225 226 229 229 229 229 231 233 234 234 235 236 237 239 238 238 237 237 237 237 238 238 238 238 237 237 236 234 233 232 232 231 231 232 232 233 232 233 234 234 235 235 236 237 237 237 238 242 244 246 247 245 253 219 137 137 127 114 126 115 108 118 114 122 126 110 105 112 117 106 106  97  83  67  95 233 244 240 244 246 246 245 178 100 111 103 102 108 151 166 182 
229 226 226 225 225 224 225 226 226 226 226 229 229 228 229 231 233 234 235 235 237 240 240 240 239 239 238 237 237 237 237 237 237 237 236 236 233 233 232 232 232 232 231 232 232 232 233 234 235 234 235 235 236 237 238 239 243 245 246 249 243 255 194 146 142 121 106 114 122 100 114 124 116 109 111 114 108 110 118 107 115  84  61  72 177 253 232 234 232 231 241 211 124 109 103 101  98 104 121 126 
228 228 228 227 225 225 225 226 227 227 227 228 229 229 230 230 233 234 236 238 238 240 241 239 240 240 238 238 237 236 236 236 236 236 235 235 233 233 232 231 232 232 231 231 231 231 233 234 234 235 234 235 236 237 238 240 242 245 247 247 245 255 165 147 139 111 108 115 112 121 133 137 128 122 110 117 116 101 114 118 100  93  72  60  92 232 241 235 238 235 243 228 149 112 120 111 109 117 110 104 
229 228 228 228 227 225 224 225 226 227 227 228 229 231 231 231 234 235 237 239 240 240 241 241 241 240 239 238 237 237 235 235 235 235 234 234 233 232 231 232 231 231 232 232 230 231 232 233 234 234 234 235 236 237 238 240 243 246 246 248 245 255 153 111 108 116 118 124 114 123 117 117 200 226 161 104 134 122 101 105  98  90  84  62  71 200 251 232 240 236 238 239 187 131 122 123 127 133 127 114 
228 227 228 227 227 225 224 225 226 227 229 229 231 232 232 232 234 236 237 239 240 241 241 241 242 240 239 237 236 236 235 234 234 235 234 233 234 232 231 231 230 231 232 232 231 232 233 233 233 234 235 235 236 237 238 239 242 243 245 246 245 255 166 124 107 102 101  94 112 110  67 123 254 253 254 154 109 135 123 120  91  91  94  68  64 171 251 234 239 238 237 242 238 192 157 146 139 137 131 117 
228 228 227 227 226 226 225 225 225 227 229 231 231 232 233 234 234 235 237 239 240 241 241 240 240 240 237 236 235 235 234 233 233 234 233 232 232 231 230 230 230 230 231 231 230 231 232 232 233 234 234 234 235 236 238 239 241 242 244 246 242 255 168 121 113 108  96  84  99  98  63 129 247 242 252 218  73  93 106 125 105  95  96  79  59 142 251 236 239 239 239 240 246 249 245 231 216 199 183 162 
229 228 226 225 226 227 226 226 226 228 230 232 232 232 234 235 236 237 237 238 239 241 241 240 238 240 238 236 235 235 234 232 233 233 233 233 231 230 230 229 229 229 231 231 230 231 231 231 232 232 233 233 235 236 237 238 240 242 242 245 242 255 176 116 106 114  95  85 108  80  60 104 240 250 246 146  93  91  63  93 131 103 104  91  53 118 249 240 240 239 240 243 241 242 248 250 252 255 254 249 
230 229 226 225 225 227 228 228 228 229 232 233 233 233 235 236 237 238 237 238 239 241 240 238 239 240 239 236 234 234 233 233 234 234 233 234 230 229 229 229 229 229 229 230 230 230 230 230 231 232 232 233 234 236 237 237 239 242 242 243 240 254 186 126 109 110  99  94 104  89  78  89 221 252 228  85 101 110  90  70 127 111 109 107  59 117 247 241 240 241 240 243 245 244 245 245 244 245 248 249 
230 230 228 226 226 226 228 230 229 229 231 234 234 234 235 236 238 239 239 239 239 240 240 238 238 239 238 235 232 232 232 234 233 233 233 233 229 228 228 228 228 229 229 230 230 230 230 231 231 232 232 232 233 235 236 238 239 241 241 243 239 250 208 119 112 116 117  99  89 104  81  73 191 252 218  91  93 105  94  70 112 120 107 109  70 125 249 241 242 243 243 244 246 248 247 246 249 249 249 248 
230 230 229 226 226 226 227 229 229 229 230 233 234 235 235 236 238 239 239 239 240 240 239 239 238 238 236 234 231 232 231 232 232 232 232 232 229 228 227 228 227 227 228 230 231 231 231 230 231 232 232 232 233 235 236 238 238 240 242 241 240 247 224 118 123 127 129 114  89 110  77  50 132 254 216 110 108 117 111  68 115 120 110  96  71 142 252 240 243 242 244 246 247 247 249 250 250 250 250 250 
229 230 229 227 226 227 226 228 229 229 231 233 234 234 234 235 237 238 238 239 239 239 238 238 239 237 236 234 233 232 232 232 231 231 230 231 229 229 227 227 227 227 228 230 230 230 230 230 231 231 231 231 232 234 235 237 238 240 242 242 241 245 243 130 113 124 123 136 106  94  91  54  63 228 234 130 120 110 105  87 116 111 119  92  67 161 254 239 245 243 245 247 249 248 249 251 249 250 250 249 
229 229 229 228 227 228 227 228 230 230 232 233 233 234 233 234 235 238 239 238 239 238 237 238 238 237 236 235 233 232 232 232 231 230 231 231 230 229 227 227 227 227 228 229 229 229 229 230 230 231 231 231 231 233 235 236 237 239 241 243 242 239 253 149 109 116 119 140 125  90  98  64  39 117 254 143 112 113 101 113 119 102 128 104  71 200 253 240 247 244 246 247 250 252 250 250 250 250 250 250 
228 228 228 228 228 228 227 228 230 231 232 233 235 235 233 233 235 237 238 237 237 237 238 238 239 237 236 234 234 232 230 232 232 231 230 232 231 229 227 228 227 227 228 229 229 230 230 230 230 231 231 231 231 233 235 235 236 239 241 240 243 238 253 174 109 123 118 124 114  96  98  89  54  38 171 204 103 130 125 121 111 106 129 101 110 244 246 245 245 246 246 247 249 248 248 250 248 249 251 251 
228 229 228 228 227 227 227 228 230 231 232 233 235 236 234 233 234 236 237 237 236 237 238 239 238 237 235 234 234 232 231 231 231 230 231 231 232 230 228 227 228 228 227 228 229 229 229 229 229 230 230 231 231 233 235 236 237 239 240 240 244 239 251 205  99 113 112 104 115 108  94 108  87  54  58 155 122 108  99 111 111 116 120 117 194 251 240 245 245 246 246 246 246 247 249 248 249 249 250 251 
228 229 229 228 228 227 227 228 230 231 232 233 234 234 234 233 234 235 235 237 236 237 238 239 238 237 235 233 234 233 232 231 231 231 231 232 233 231 229 228 227 227 228 228 228 228 228 228 228 229 230 231 231 234 236 237 238 239 240 241 242 241 245 244 129  97 105 107 116 110  99  92 114  99  57  59  95 111 116 103 114 127 108 151 247 243 242 245 246 245 246 245 247 245 243 243 244 244 245 248 
228 229 230 228 228 227 228 229 230 231 231 231 232 233 234 234 234 235 235 235 236 236 237 237 238 237 235 233 233 233 232 231 232 232 232 233 234 232 230 228 227 227 229 229 228 228 227 228 228 229 230 231 232 234 236 238 239 240 240 242 242 245 237 254 175 104  89 104 111 108 111  98  86 106  98  86  67  76 117 145 111 123 160 210 248 241 244 246 244 244 243 241 243 246 250 251 252 254 253 248 
228 229 229 228 227 227 228 229 230 230 230 231 232 233 234 235 234 234 234 234 235 235 237 237 237 237 235 234 232 232 232 232 233 233 233 232 233 232 231 229 227 227 229 231 230 229 229 229 229 229 229 230 232 233 235 238 239 239 240 242 241 245 240 249 220 130  94  96 113 103 111 116  95  99 110 109  96 112 108 132  95 113 241 245 242 245 242 239 238 243 247 254 253 237 225 221 218 213 228 249 
228 229 229 228 228 227 228 229 230 229 230 231 232 233 234 234 234 233 234 234 235 235 236 237 237 237 235 233 233 232 232 232 233 233 233 233 232 232 231 231 228 227 229 231 232 230 230 230 231 230 230 230 231 233 235 237 238 239 240 243 242 242 246 243 249 155 100  86  95 106 106 115 111 102  98 119 107 129 139  85  78 182 255 238 241 240 239 251 254 253 234 198 158 124 106 122 121 102 123 146 
228 228 228 229 228 227 228 229 230 230 230 232 232 233 234 233 233 234 235 236 236 235 236 236 236 237 235 232 233 233 232 231 232 233 233 232 231 231 232 231 230 229 230 231 231 229 230 232 232 231 230 231 231 234 235 237 239 240 240 241 243 243 244 242 253 198 116 106  97  98  99 104 108 109 106 119 115 116 114 101  78 143 255 238 245 250 251 232 186 143 113  92  95  94  82  87 113 131 104  94 
229 228 228 228 228 227 227 228 229 229 230 231 231 232 233 233 233 233 234 235 236 235 235 235 236 236 234 233 233 233 232 231 231 231 232 231 232 230 230 231 230 228 229 231 230 230 230 231 232 231 230 230 232 234 236 239 240 240 240 241 243 244 245 245 246 243 157 132 121 119 103  97  96 103 108 109 113 120 120 106  80  75 182 255 243 206 149 107  85  76  77  78  86 102  98  91 111 165 149 102 
228 228 228 228 228 227 228 228 229 229 230 231 232 233 234 234 234 233 234 234 235 236 236 235 235 235 235 232 233 233 232 232 232 230 231 232 233 230 230 231 229 228 229 231 230 231 231 231 232 231 230 231 233 234 236 239 240 239 239 242 243 244 243 245 243 251 209 144 132 131 143  92  84  95  97 104 110 112 109  98  91  71  84 144 129  92  79  73  73  85  82  81  79  81  91  87  82 107 117 101 
227 228 228 228 228 227 228 228 229 229 230 231 232 234 235 236 235 234 234 234 236 236 236 236 236 236 235 234 234 233 232 232 231 230 230 231 232 231 230 230 229 228 230 231 231 231 230 231 231 231 232 232 233 235 236 239 240 240 240 241 243 244 242 245 245 247 251 154 122 136 129  84 107 118 112 100 105 106  99  96  81  65  69  69  85  88  81  81  81  84  74  81  86  83  94 102  90  70  73  94 
227 227 228 227 227 227 227 227 228 229 230 231 232 233 235 236 235 235 235 235 236 237 237 237 237 236 235 235 233 232 233 232 231 230 230 231 231 232 230 228 228 228 229 231 232 231 231 231 231 233 234 234 235 236 237 239 240 241 240 242 241 244 245 245 246 242 250 219 122 138 132 120 136 113 118 122 126 106 102  81  69  67  81  72  85  93  88  78  82  84  84  82  84  85  98 105 106 102  80  64 
227 227 227 226 226 226 226 227 228 228 230 231 232 233 235 236 236 235 236 236 236 237 238 238 238 238 236 234 233 232 232 231 232 231 231 230 231 232 230 228 227 229 231 231 231 232 231 232 232 233 234 235 235 236 237 238 240 241 241 242 242 242 244 244 247 243 241 254 197 123 155 151 139 139 142 125 132 136 117  99  74  60  78  94  96  85  89  81  78  87  85  80  77  76 121 130 109 118 118 104 
227 228 227 226 227 227 228 228 228 229 230 231 232 234 235 236 235 235 236 236 237 238 239 239 239 238 236 234 233 231 231 231 232 231 230 230 230 231 229 228 227 229 230 231 231 231 232 232 232 233 235 236 236 236 237 238 240 240 241 242 243 242 244 244 246 246 244 244 248 191 126 152 146 144 140 125 112 146 130 108  93  75  87 104  88  80  67  76  83  89  82  70  64  72 105 127 129 119 106 120 
227 228 227 226 227 228 228 228 228 229 231 231 232 233 234 235 236 235 236 237 238 238 239 240 239 237 235 234 232 232 232 232 231 230 230 229 229 230 228 228 228 229 230 229 230 231 232 233 233 234 234 236 236 237 238 239 240 241 242 242 243 243 244 246 244 245 244 243 241 246 198 120 127 140 129 137 120 102 116  94 101  82  78  86  60  73  73  55  66  72  80  77  69  76  76  69  98 123 117 119 
227 228 227 227 227 227 227 228 228 229 230 230 231 232 233 234 235 236 237 238 239 239 239 239 237 237 235 234 233 233 232 232 230 229 229 229 229 229 228 227 228 229 230 229 230 231 233 234 234 235 235 236 238 238 240 241 241 242 243 243 241 243 244 244 244 247 244 244 243 238 248 222 111 120 148 138 135 117  95  85  97  86  80  77  63  84  86  54  74  73  85  83  76  77  88  85  73  89 110 124 
227 227 227 226 226 226 226 226 228 229 229 229 230 233 235 235 235 236 238 240 241 240 240 239 239 237 236 235 233 233 232 232 230 229 229 228 230 227 227 228 230 230 230 229 229 230 232 234 234 235 236 237 240 240 241 242 242 242 242 243 242 242 243 244 244 244 244 243 242 243 237 250 212 109 131 158 145 120  83  88  93  85  89 101  72  94  74  62  71  80  79  87  86  88  87  93  81  73  81 111 
226 227 228 226 225 224 225 226 227 228 228 229 229 232 235 234 235 236 238 239 240 240 239 238 237 237 235 234 233 233 232 232 230 231 229 228 229 227 227 228 229 231 230 229 229 230 233 234 234 235 237 238 241 241 242 242 243 242 242 242 241 242 244 245 245 245 246 245 242 238 240 239 252 224 104 119 134 124  88  97  97  91  88  86  76 111  95  92  70  66  74  81  80  86  87  82  82  75  67  85 
227 228 228 226 225 225 226 227 228 227 227 228 229 232 234 234 235 236 237 239 240 240 238 238 236 236 235 234 235 233 232 231 231 230 230 229 228 227 227 228 229 230 230 230 229 230 232 234 235 236 238 240 242 242 242 243 242 243 242 243 242 241 240 242 244 245 245 242 243 241 237 244 216 144  92  77  88  88  88  96  90  83  80  70  66  94  96 102  89  72  77  72  82  79  74  79  78  74  72  73 
227 227 227 227 225 226 227 228 229 228 228 229 230 231 233 234 235 236 237 238 239 240 239 238 237 237 236 235 235 233 231 230 231 230 229 229 229 228 227 228 229 230 231 231 231 231 233 235 236 237 239 241 242 241 242 242 243 244 243 243 242 243 244 245 244 243 242 243 239 240 236 248 168  83  98  90  59  50  77 111 102  80  83  83  75  75 136 106  66  76  74  70  71  75  63  74  78  78  85  74 
227 227 226 226 227 227 228 228 228 227 228 229 230 231 234 235 235 237 237 238 239 240 238 238 237 237 236 235 234 233 231 230 230 230 229 229 229 229 228 228 228 230 232 232 231 232 233 235 237 238 241 242 243 242 242 242 243 244 243 244 243 242 242 244 245 245 243 244 239 241 236 247 155  90  90  89  77  48  56  78  88  82  74  86  79  73 113 109  80  88  77  72  77  82  72  70  79  83  75  81 
226 227 227 228 228 228 228 228 228 228 229 229 230 232 234 234 235 237 237 238 239 238 238 238 238 237 236 235 234 233 231 230 231 230 229 229 230 229 228 229 230 231 232 233 232 233 234 236 237 240 242 243 244 244 243 244 243 242 242 243 243 243 243 243 242 242 244 242 242 237 238 255 158  94  83  76  89  48  48  73  68  75  87  79  92  90  76 102  87  81  96  79  76  73  83  84  77  82  73  78 
228 227 228 229 228 228 228 228 229 228 229 230 230 232 234 234 235 236 236 238 238 238 238 238 238 237 236 235 234 233 233 232 232 231 230 230 229 229 228 229 230 231 232 232 233 233 233 235 237 240 243 244 245 244 245 244 244 242 242 243 246 248 246 247 250 249 244 241 235 244 218 201 130  98  97  77  99  51  44  51 150 127 108 143  84  92  76  58  81  80  83  77  76  74  77  84  89  95  79  76 
229 228 227 227 228 228 228 228 229 230 230 229 230 232 234 234 234 235 236 237 239 240 239 238 238 237 236 236 234 234 233 234 233 232 231 231 230 229 228 229 230 231 232 231 231 232 233 235 237 240 243 245 245 245 244 245 244 244 242 246 237 232 239 228 203 204 232 246 248 251 171  71  80  99  87  89  80  39  48  53 208 247 181 164 129 117 105  57  63  70  73  74  85  90  89  87  97  98  90  91 
229 229 228 227 227 227 227 228 230 231 231 231 232 234 236 236 236 236 237 238 238 239 240 240 239 238 236 236 235 235 234 233 233 233 233 231 230 230 228 229 231 232 231 231 232 231 233 236 238 240 242 244 246 246 246 245 244 244 241 250 176 118 121 104  88  84 104 137 183 239 158  92  85  73  87  87  54  40  45  62 206 252 248 212 164 162 129  93  55  68  81  91  69  81 105 104  99 102  99 100 
230 230 229 229 229 229 228 229 230 231 232 232 232 234 236 237 237 237 238 238 237 238 239 239 240 239 237 237 235 235 235 235 234 233 232 231 230 230 228 229 230 231 232 232 231 230 232 235 237 240 242 246 246 247 248 247 245 245 240 252 195 114  98 117 119 113 103  89  78 104 118  89  90  84  56  80  81  35  46  59 200 252 240 248 201 125 126 132  84  50  87 101  81  92 117 119 104 107 121 119 
229 229 229 230 230 230 230 231 231 233 233 233 233 235 236 237 238 240 240 239 239 239 240 240 241 241 240 238 237 236 235 234 234 233 232 232 231 230 230 230 230 231 232 232 232 231 232 235 237 241 243 245 247 248 249 248 246 245 241 250 224 130 103 103  98 107 108 106 107  91 110 109  84 101  73  83  91  44  47  63 211 250 237 243 248 181 100 131 121  55  78 120 118  95  98 114 116 124 146 139 
228 228 229 229 229 230 231 231 232 233 234 233 233 235 237 238 239 241 241 240 240 241 241 242 243 243 242 240 238 236 235 235 234 232 232 232 231 232 232 230 230 231 232 233 232 231 233 235 237 240 244 246 248 248 248 247 245 245 244 245 245 158 111  98  99 101 103 100 100 108 111 118  98 101  75 102 130  50  47  66 220 252 243 244 243 241 147 109 131  84  41 107 146  98  91  98 104 118 144 144 
228 229 229 230 230 230 232 231 232 233 234 233 233 235 237 238 240 241 242 241 240 241 241 242 243 244 243 241 238 237 236 236 234 233 233 233 232 233 232 232 231 231 231 232 232 232 233 235 237 240 242 245 248 249 249 248 246 244 245 242 252 178 104 102  92  97  98  96  97  97  83  86  89  83  78 115 148  68  47  57 154 234 242 248 247 249 218 134 132 116  58  70 122  87  80 102 118 113 126 154 
228 229 230 231 231 231 232 233 233 233 234 235 234 236 237 238 239 240 241 241 241 240 242 243 243 243 243 242 240 238 237 237 235 234 234 234 232 233 233 232 231 232 232 232 232 232 233 235 238 239 243 246 248 250 251 250 248 246 246 240 255 201 100 118 120  96 103  98 100 101  89  82  79  78  90  95 131 135  87  79  70 106 150 193 235 250 250 192 143 135  87  48  96 104  75 114 125 115 118 140 
229 230 231 232 233 232 232 233 234 234 234 235 236 237 238 239 240 241 242 243 242 243 243 244 244 243 244 243 242 239 239 239 237 235 234 235 233 234 232 232 231 232 233 233 233 233 234 236 238 241 244 247 249 250 250 248 245 244 244 242 248 244 137  99 116 102 107 111 105 106  91  96  84  77  96 106  99  99 121 129 122 118 104  91 115 161 215 213 124 122 108  53  59 108  83  74  92  93  98 105 
229 230 231 232 233 233 233 234 235 235 235 236 237 238 240 241 241 241 243 244 244 245 245 245 244 244 244 244 243 241 240 240 238 236 235 235 233 233 232 232 232 232 233 233 233 234 236 237 241 243 246 248 250 251 248 247 248 248 245 242 240 254 178 102  97 111  91  95 112 112 105 113 101  94 103 106 113 105 129 139 133 136 145 133 109  88  79 120 128 120 118  75  39  81  79  88 118 105  97  92 
229 230 231 233 235 234 235 236 235 236 237 237 237 238 240 242 242 242 243 245 245 246 247 247 246 246 245 244 243 242 241 241 240 238 237 235 233 233 232 233 234 233 233 233 234 236 237 240 244 246 248 249 251 251 251 250 242 242 248 250 242 251 207 123 104 113  88  44  57  68 111 170 154 121 108  85 120 183 150 138 135 139 134 137 144 141 131 101 118 114 121 111  53  43  72  80  84  96  97 134 
229 230 231 233 235 235 236 237 236 237 238 238 239 239 240 241 241 243 244 245 245 246 246 247 247 247 245 245 244 243 242 241 240 239 237 235 235 233 233 232 233 234 234 234 236 237 239 242 245 248 249 251 251 250 255 201 141 152 182 216 244 254 215 132  97  95 101  57  44  31  78 239 243 222 175 148 154 181 176 174 175 170 164 164 139 128 145 134 108 104 114 128  73  40  73  69  70  82 106 160 
229 230 231 233 234 236 237 238 239 239 240 240 241 241 241 242 242 243 244 245 246 248 248 249 248 248 247 246 245 244 242 242 241 240 238 235 234 233 233 233 233 234 235 235 236 240 241 244 247 249 251 253 250 254 239 138  76  86  90  83 169 244 234 135  95  92 109  68  47  71  87 145 172 189 214 237 228 215 212 197 179 162 159 156 142 146 126 109 114 112 112 119  89  42  60  79  84  78  96 143 
229 230 231 233 234 236 238 239 240 241 241 242 242 242 242 242 243 244 245 246 247 247 249 249 248 249 247 246 245 243 243 242 240 239 238 236 233 232 232 232 232 234 235 236 236 240 243 246 248 250 251 253 250 254 232 150 107  95 110  62  75 221 255 150 107 106 106  97  52  62 127  98  98  84  80 117 177 217 237 238 228 184 139 134 124 154 157 127 110 108 101 100  89  42  44  85  98  98  96 113 
229 230 232 235 236 237 238 240 241 242 243 243 243 243 243 243 244 244 245 246 247 248 249 249 249 248 246 246 245 243 242 242 241 240 239 237 234 233 233 233 233 233 234 235 237 239 242 245 250 251 252 252 252 255 239 152 101  93 103  82  60 182 255 169 100  95  92 111  60  43 113 122 134 143 118  93  84 110 153 187 215 234 237 207 172 168 153 135 132 109  93  90  78  47  46  94  95  92 101 102 
228 230 233 235 237 238 240 241 243 243 244 244 244 244 245 245 245 245 245 246 247 249 249 249 249 248 247 246 245 244 243 242 241 239 238 237 235 235 234 233 232 232 233 233 236 240 242 247 251 252 252 253 253 253 253 174 102  93 102  79  59 116 169 134  93  82  82  98  68  41  81 108  92  99 109 126 140 138 138 132 143 145 172 208 236 241 200 162 141 124 106  98  95  61  38  74  82  77  88  87 
