104 103 103 101 101 100 101 103 104 104 105 106 106 107 108 107 106 107 107 107 106 106 107 107 107 108 109 110 111 110 109 108 107 107 108 108 109 110 111 112 113 115 116 116 116 118 118 119 119 119 121 121 121 121 123 124 125 126 126 127 126 126 125 124 122 121 121 121 121 122 123 124 126 130 132 135 139 143 145 146 149 151 154 154 152 149 149 149 150 152 150 147 147 148 148 147 144 143 142 140 
104 103 102 102 102 101 102 104 104 104 105 105 105 107 108 107 106 107 107 106 105 105 107 108 108 107 108 109 109 109 108 108 108 108 108 109 109 111 112 113 114 115 115 115 116 118 119 118 118 118 120 120 120 121 123 125 126 127 127 126 126 125 124 124 123 123 122 122 122 123 124 125 127 131 134 137 140 144 145 147 150 152 153 153 150 147 147 148 151 151 150 148 146 146 147 145 144 142 141 140 
104 102 101 102 103 102 103 103 103 103 104 105 106 107 107 106 106 106 106 105 105 105 106 107 107 107 108 108 108 108 107 107 108 109 108 108 109 111 112 113 113 114 114 115 117 118 118 117 117 116 118 118 120 121 122 123 125 125 126 125 125 125 124 125 125 124 124 124 124 124 125 127 129 132 136 138 141 144 146 148 151 154 155 152 148 146 147 149 151 149 149 147 145 145 145 143 143 142 141 140 
104 102 102 103 102 101 102 103 102 103 105 106 106 107 107 106 105 105 105 104 104 104 104 105 105 107 108 109 108 107 105 106 107 108 108 108 110 111 112 112 113 113 114 115 117 118 117 116 115 116 117 118 120 120 122 122 123 124 124 124 124 124 124 124 125 124 125 125 124 125 127 129 132 134 136 139 143 145 147 149 152 155 154 150 145 145 146 147 147 145 147 145 143 145 144 142 141 141 140 140 
104 102 101 102 101 102 103 104 104 104 105 107 107 108 107 106 105 104 104 103 104 104 103 104 105 108 108 108 108 107 105 106 107 108 108 109 111 111 112 112 113 113 114 115 117 117 117 115 116 117 117 118 120 119 121 121 122 123 122 122 123 124 125 124 125 125 125 126 125 126 127 130 132 134 137 140 143 146 148 150 152 151 150 147 143 143 144 143 143 143 145 144 144 144 143 141 140 140 139 140 
105 103 101 100 102 103 104 105 107 107 106 108 108 108 108 107 106 104 103 103 104 104 103 104 106 108 107 107 108 107 106 107 108 107 108 110 112 113 113 114 114 113 114 115 116 116 116 116 116 116 116 117 118 118 119 119 119 121 122 122 123 124 125 125 125 125 126 125 126 127 129 131 133 135 138 140 142 144 146 147 147 147 146 144 142 141 142 142 141 142 143 144 144 142 140 139 138 139 139 139 
104 103 101 102 103 104 105 106 108 108 107 109 109 109 109 107 106 104 103 103 104 104 103 104 105 106 106 107 107 106 106 107 108 107 108 110 112 113 114 115 115 115 115 115 115 116 115 115 115 115 115 117 117 118 118 118 118 120 120 121 123 124 125 125 126 126 126 126 127 129 130 132 133 135 138 139 140 141 143 143 143 144 144 143 142 140 140 140 140 141 142 143 141 139 138 138 138 138 138 139 
104 105 103 104 104 104 106 108 109 109 108 108 109 109 109 106 104 104 103 103 104 104 103 104 105 106 106 106 106 106 106 107 107 107 108 110 112 113 115 115 116 117 115 114 114 114 114 114 114 114 114 116 116 117 117 117 117 118 120 121 123 124 125 126 127 127 127 128 129 131 132 132 133 135 138 139 139 139 140 141 141 142 142 142 142 141 139 139 140 141 141 141 139 136 136 136 137 137 137 139 
106 105 104 104 105 105 107 109 110 109 108 107 108 108 106 104 103 102 102 102 103 104 104 104 105 105 105 106 105 105 106 107 106 107 108 110 112 114 116 115 115 115 113 113 112 112 113 113 113 113 115 115 115 116 117 116 116 118 120 123 124 125 126 128 128 128 128 129 131 132 132 133 134 135 137 139 139 138 138 140 141 143 142 142 142 141 140 139 140 140 140 139 137 135 136 137 138 137 137 139 
106 105 103 105 105 106 107 109 109 109 109 108 107 106 105 103 102 102 103 102 103 103 104 104 104 104 105 105 105 104 105 106 106 107 108 110 111 114 115 114 113 113 112 112 111 111 111 111 112 113 115 115 116 115 116 117 117 118 120 123 125 126 128 130 130 129 128 130 132 133 132 133 134 135 136 139 139 138 139 140 142 142 141 141 141 141 141 140 139 139 138 137 135 136 137 138 138 136 137 138 
107 106 104 106 106 107 108 109 108 108 108 107 107 106 104 103 102 103 102 103 103 103 103 104 103 104 105 105 104 104 104 105 105 105 107 109 110 112 113 112 111 111 111 110 111 110 110 110 112 113 115 114 115 116 117 117 118 119 120 123 125 128 130 132 131 129 128 130 132 132 132 132 134 135 137 139 141 141 141 141 142 140 138 138 138 139 140 139 137 136 136 135 134 135 137 138 138 136 136 138 
107 106 106 106 107 107 109 108 107 108 109 108 106 105 104 104 103 103 102 102 102 102 103 104 104 104 105 105 104 103 104 104 104 104 107 108 108 110 111 110 110 110 110 110 111 111 110 110 113 114 114 115 114 115 117 117 118 120 121 124 126 128 131 133 132 129 128 130 131 131 131 132 134 135 138 141 143 144 144 143 142 139 138 138 137 138 139 138 136 135 135 134 134 134 135 136 137 137 137 138 
107 106 107 107 107 108 109 109 109 109 109 107 106 105 104 102 103 102 102 102 101 102 103 104 104 105 105 105 103 104 105 104 104 104 106 107 108 109 110 110 110 110 111 110 111 112 112 111 112 114 115 115 115 116 117 118 119 120 122 124 126 128 131 132 130 129 129 130 130 130 130 131 133 136 139 142 145 145 146 144 141 138 138 138 136 137 138 137 136 134 134 134 134 134 134 135 135 135 136 138 
107 107 107 108 109 110 109 109 109 108 108 107 106 105 103 102 101 101 101 101 101 101 102 103 104 104 104 104 103 104 105 105 104 104 105 107 108 109 110 110 109 109 110 110 110 111 112 111 111 113 114 115 116 117 117 118 120 121 122 125 127 129 130 129 129 130 131 131 130 129 130 132 134 137 140 142 144 146 147 145 141 139 138 137 137 137 138 137 135 135 134 133 135 134 133 133 134 134 136 138 
106 106 106 107 108 109 108 107 107 107 107 107 106 105 104 103 102 101 101 100 100 101 102 103 103 103 104 104 103 104 105 105 105 106 106 107 108 109 109 109 110 110 111 111 110 110 110 110 111 112 113 115 115 116 117 118 120 121 124 127 128 128 128 129 131 132 132 132 130 130 131 133 135 137 139 142 143 146 146 145 143 140 139 138 137 137 137 136 135 134 133 133 134 133 133 132 133 135 136 138 
105 105 105 106 107 108 107 106 106 107 108 108 107 106 104 103 102 101 101 100 100 101 102 102 103 103 103 104 103 104 104 104 105 107 107 107 108 109 109 110 110 110 111 110 109 109 109 110 111 112 114 115 116 118 119 120 121 123 126 127 127 128 129 130 132 133 133 133 131 131 132 133 135 137 139 142 143 144 144 144 142 141 140 138 136 136 136 136 136 133 132 131 132 133 132 132 133 134 135 137 
104 105 105 105 107 107 107 107 107 108 109 109 108 106 104 103 102 101 101 102 101 101 102 101 102 103 103 103 103 103 102 102 104 106 107 107 108 109 109 109 109 109 109 109 109 110 109 110 111 113 114 115 117 119 120 121 122 124 126 126 126 128 130 131 132 132 133 133 133 133 133 132 133 136 139 142 142 142 142 142 142 141 139 137 136 135 136 135 136 133 131 130 131 132 132 133 133 134 135 135 
104 105 106 107 108 108 108 108 108 108 109 108 107 106 104 104 103 102 102 103 102 102 102 101 102 102 103 102 102 102 102 102 104 105 107 108 108 108 108 108 108 108 107 107 108 109 110 111 112 112 113 114 116 119 120 121 123 124 125 127 128 128 129 129 131 131 132 133 134 134 132 131 132 135 137 139 140 140 140 141 141 140 139 137 136 136 135 136 135 133 132 131 130 131 131 132 134 134 135 134 
104 105 107 108 109 109 109 109 109 109 108 107 106 105 105 104 104 103 102 103 102 102 102 102 101 102 103 103 102 101 100 101 103 104 105 107 107 107 107 107 107 107 106 106 107 107 108 109 110 111 112 113 115 117 119 120 123 123 125 128 130 129 128 128 130 131 130 132 132 132 130 130 131 134 136 137 139 139 140 141 140 140 138 136 135 135 135 134 133 132 131 131 129 130 130 132 133 135 134 134 
105 106 107 108 108 109 109 110 110 109 108 107 107 104 104 104 103 103 102 102 102 101 101 101 101 102 103 102 102 100 100 101 102 102 103 105 106 106 106 106 106 107 106 106 106 106 107 108 109 110 112 113 115 116 118 120 123 125 128 128 129 129 129 129 129 129 130 129 129 129 129 129 132 135 136 137 137 138 139 140 139 139 137 135 134 134 133 132 131 130 130 130 130 130 130 132 133 133 133 133 
104 106 108 110 110 110 110 111 111 109 108 107 106 105 104 103 104 103 102 101 102 102 102 103 103 103 102 103 102 102 102 102 103 104 105 105 105 106 106 104 103 103 105 105 105 105 106 107 108 110 111 112 114 115 118 121 124 125 127 129 129 128 128 129 128 128 127 127 127 128 128 129 132 134 135 137 138 138 139 138 137 137 137 135 133 132 132 130 129 129 130 130 129 129 130 132 132 132 132 132 
105 107 108 110 111 111 111 111 111 110 108 107 106 106 104 103 103 103 102 102 102 102 102 103 103 103 103 103 102 102 103 103 104 105 106 106 105 105 105 104 103 102 104 104 104 106 105 106 109 110 111 112 114 115 118 121 123 125 127 129 129 128 128 128 127 126 125 126 126 127 128 129 131 133 135 136 138 138 138 137 134 135 136 134 132 130 130 129 128 129 129 129 128 129 130 131 131 131 131 131 
106 108 109 111 113 113 112 111 110 109 109 108 107 105 104 103 102 101 101 101 101 101 103 102 102 102 102 103 102 102 103 103 104 105 105 104 104 104 103 103 103 103 103 103 104 105 105 106 108 109 112 113 115 116 119 121 123 125 128 129 129 128 128 126 124 124 125 126 126 127 128 130 132 134 135 136 137 137 137 135 132 133 134 132 130 129 128 128 128 128 128 129 129 130 131 129 130 131 130 129 
107 108 110 111 114 115 114 111 110 110 109 108 107 105 103 102 102 101 101 102 100 101 103 103 101 101 101 101 102 103 103 104 104 105 104 103 102 102 102 102 102 102 103 102 103 104 105 106 107 108 112 114 116 117 119 121 124 125 127 128 127 127 127 125 123 123 125 127 127 128 129 131 132 134 135 136 136 135 134 133 131 132 133 132 129 128 127 127 127 127 127 127 128 129 130 129 129 129 129 129 
107 108 108 112 114 114 113 112 111 111 109 108 106 104 102 101 102 101 102 102 100 101 103 102 101 100 101 100 102 103 104 104 104 103 102 102 102 101 101 102 102 102 102 103 102 104 105 106 108 109 111 114 117 118 119 120 123 124 125 126 125 124 125 123 122 123 125 127 128 129 130 133 133 134 135 136 136 134 133 132 132 132 132 132 130 128 126 125 125 126 127 126 127 128 128 128 127 128 128 128 
106 108 109 111 113 113 113 112 111 110 109 106 104 103 102 101 102 102 102 102 101 102 103 102 101 101 102 101 103 104 104 104 103 101 101 100 100 101 101 101 101 101 102 103 102 103 105 106 109 110 112 114 117 117 118 119 121 122 123 123 123 122 123 123 124 124 125 127 128 129 130 132 133 134 135 136 136 133 132 133 133 131 132 131 129 128 126 124 125 126 126 126 126 127 127 127 127 126 127 128 
106 108 110 111 112 112 112 111 110 109 108 106 104 103 102 102 103 103 102 103 103 103 102 102 101 102 102 103 103 103 103 102 101 100 100  99  99 100 100 101 100 101 102 102 103 105 105 106 108 110 113 115 116 117 117 119 120 121 122 122 122 122 123 123 124 125 125 127 129 130 131 132 133 134 136 135 134 132 132 132 132 131 130 129 128 127 125 124 125 125 126 127 127 127 127 126 126 126 127 128 
105 108 111 111 112 113 112 110 109 107 106 106 104 103 103 102 103 103 103 104 104 103 102 101 102 103 103 104 104 103 102 102 101  99  99  99  98  99 100 100 100 101 101 102 104 106 106 107 109 111 113 114 115 116 117 119 120 121 121 122 122 123 122 123 125 126 127 128 129 131 131 132 133 135 136 134 132 130 131 131 130 130 129 127 126 126 126 125 126 126 127 128 128 128 127 127 126 127 127 128 
106 108 110 112 112 112 111 110 109 108 107 106 105 103 103 103 104 104 103 104 104 104 102 102 103 104 104 104 105 104 102 101 100  99  99 100  99  98  98  98  99 100 100 101 104 106 106 106 109 111 112 113 115 116 117 119 120 121 121 122 122 122 124 124 125 125 127 129 131 132 133 133 133 134 135 133 131 130 130 131 131 129 128 127 126 125 125 125 126 124 125 127 128 128 128 128 127 127 127 128 
107 109 110 113 112 112 110 109 108 108 106 106 105 104 103 103 104 104 104 105 106 105 104 103 103 104 104 103 104 103 101 100 101  99  98  99  98  98  97  98  99  99 100 101 103 104 105 107 108 110 113 115 115 115 117 119 120 122 123 123 124 124 125 125 126 126 126 129 130 131 133 134 133 134 134 133 131 130 129 130 129 128 127 126 126 125 124 125 125 125 126 126 127 128 129 128 128 127 127 126 
107 110 111 113 112 111 110 108 107 106 105 105 104 105 104 103 103 104 105 105 106 106 104 104 103 104 104 103 103 101  99  99 100  99  98  98  98  98  98  98  99  99 100 101 103 104 105 107 108 110 113 115 116 116 118 120 121 121 123 124 124 125 126 125 126 127 127 128 130 130 132 133 133 134 134 132 130 129 129 128 127 127 126 125 125 125 124 125 125 126 127 126 128 127 128 127 127 127 126 125 
107 109 110 111 110 110 109 108 107 107 106 104 105 105 104 103 103 104 105 106 107 106 106 105 104 104 103 102 101 101  99  98  98  98  97  97  97  97  97  97  99 100 101 101 102 104 106 107 109 110 112 115 117 118 120 121 121 122 124 124 125 126 126 125 125 126 128 129 130 131 133 134 133 133 132 131 130 129 128 127 126 125 125 124 124 125 124 125 126 126 126 127 127 128 127 126 126 126 126 126 
107 108 108 109 108 108 109 108 108 107 105 103 104 104 104 105 104 105 106 106 106 107 106 104 103 103 102 101 100 100  99  98  97  96  95  96  96  95  96  97  98 100 101 101 102 104 105 107 109 110 112 115 118 119 121 122 123 123 125 126 126 127 128 127 127 127 128 130 131 133 134 134 133 131 130 131 130 129 128 127 127 126 125 124 124 125 125 125 126 127 126 125 126 127 126 125 124 125 126 126 
107 108 108 107 107 107 107 107 107 105 103 102 102 103 104 105 106 107 106 107 107 106 105 103 102 102 101 100  99  98  98  97  96  95  94  95  94  95  96  96  98 100 101 102 103 104 105 107 109 110 112 115 118 120 120 122 123 123 124 125 126 127 127 126 126 127 128 130 132 133 134 134 133 131 129 129 130 128 127 126 127 126 125 124 124 125 125 125 125 126 125 125 127 127 126 125 125 125 126 126 
108 109 108 108 106 106 106 105 105 104 102 103 103 103 104 105 106 107 107 107 106 105 104 102 102 101 100  99  97  97  97  96  96  95  94  93  95  96  97  97  98  99 101 102 103 104 105 107 109 111 113 117 119 120 121 121 121 122 123 124 125 125 126 125 126 127 128 130 131 132 131 131 132 130 129 130 129 128 127 126 125 126 125 124 125 125 125 124 124 124 124 126 129 129 127 126 127 126 125 125 
109 110 108 107 106 105 104 103 104 103 103 103 104 104 105 104 105 107 107 107 106 105 103 102 101 100 100  98  96  96  97  96  95  95  94  93  95  97  98  98  98  99 101 102 104 105 106 107 110 112 114 117 120 120 120 120 120 121 123 124 125 126 126 126 126 127 129 130 131 130 129 130 129 130 130 129 128 129 127 126 125 125 124 124 124 124 125 123 123 123 124 126 129 129 127 126 127 127 126 125 
106 106 106 104 104 103 102 103 104 104 104 103 104 104 104 104 105 107 106 107 106 104 102 101 101 100  99  97  96  95  96  95  94  93  92  95  96  96  97  98  99 100 100 102 104 105 107 109 112 114 116 116 117 118 118 118 120 120 121 123 123 123 124 126 126 127 129 130 129 129 129 130 129 129 129 128 128 126 125 124 123 123 124 125 125 123 122 122 123 123 124 126 126 127 128 126 126 127 126 124 
105 104 104 103 102 102 101 103 103 104 105 104 104 105 105 105 107 108 107 106 104 102 101 100 101 100  98  96  95  96  95  94  93  93  93  95  96  97  97  98  99 100 101 103 105 106 108 110 112 113 115 115 116 116 116 116 117 118 120 122 122 123 124 126 127 127 128 129 129 130 129 130 129 130 129 127 126 125 125 124 123 122 123 124 124 123 121 121 121 122 124 125 127 128 128 127 126 127 126 124 
104 102 102 102 102 102 102 103 104 104 104 103 103 105 105 105 108 108 107 104 102 100  99 100 100  99  96  95  96  95  94  93  93  94  93  95  96  98  99  99 100 101 101 103 106 107 109 111 112 113 114 114 114 114 114 114 116 117 119 121 122 123 125 126 126 127 128 128 129 130 130 129 129 129 128 126 125 125 125 125 124 123 123 123 123 122 121 121 121 123 124 125 126 127 128 127 126 125 125 123 
103 101 101 101 102 101 102 103 105 103 103 103 103 103 104 105 106 106 105 103 101 100  99  99  98  98  96  94  95  94  93  92  93  95  94  95  97  98  99 100 101 101 102 104 106 108 109 110 111 111 112 112 112 112 113 114 116 116 117 119 121 123 125 127 126 126 128 128 128 129 130 129 128 128 127 126 126 126 125 124 124 123 123 123 122 121 121 122 123 124 125 125 125 127 127 125 124 125 124 122 
101 100  99 100 101 100 101 103 105 103 102 104 104 104 105 105 105 105 103 102 101 100  99  98  97  97  96  94  94  93  94  94  94  95  95  95  97  99 100 100 101 102 103 104 106 107 109 110 110 110 110 110 111 112 112 113 114 114 115 118 120 122 125 125 125 125 126 126 127 127 128 128 127 126 126 127 127 126 125 124 124 122 122 121 121 121 122 122 123 123 124 124 126 126 126 124 124 125 124 122 
 99  98  98  98  99 101 102 103 104 103 103 105 105 105 105 104 104 104 102 101 100 100  99  98  96  96  96  94  93  93  94  95  96  97  97  97  97  99 100 101 102 103 104 106 106 107 108 109 109 108 109 109 110 111 111 111 112 112 114 116 118 121 123 123 123 124 124 124 124 126 126 126 126 125 125 126 127 127 125 124 124 121 120 120 120 121 122 123 122 124 125 125 125 126 126 126 125 125 124 123 
 97  97  97  97 101 102 103 103 103 103 104 105 105 105 105 104 104 103 102 100  99  98  98  96  95  94  94  94  93  94  95  96  97  98  99  98  98  99 101 102 103 104 106 107 107 106 107 108 108 109 109 108 109 110 110 112 112 113 114 115 118 120 122 122 123 123 124 124 124 125 126 125 125 125 125 125 126 126 125 124 123 120 119 120 120 121 122 123 122 125 126 126 126 127 127 127 127 124 124 123 
 97  97  97  99 101 104 104 104 103 104 104 105 104 104 104 103 103 103 100  98  97  97  97  96  94  93  93  93  94  94  95  96  97  99  99  99  98  99 101 103 103 106 107 106 106 107 108 109 109 108 108 108 108 110 111 112 113 113 114 116 118 121 121 121 122 124 124 124 125 125 126 125 125 124 124 124 125 125 124 123 122 121 120 120 120 121 122 123 123 126 127 127 127 127 128 128 127 124 123 122 
 96  97  98  99 101 103 105 103 102 103 104 104 103 102 102 101 100  99  99  99  98  97  96  96  96  95  95  94  93  94  95  97  98  98  98  98  98 101 103 104 104 107 106 105 106 107 108 108 108 108 108 108 108 110 111 112 113 114 114 116 118 119 119 119 120 122 124 124 125 126 125 124 125 124 123 123 123 123 123 123 122 120 119 119 120 121 122 123 125 126 126 126 127 128 129 129 127 125 124 123 
 96  97  98  99 101 102 103 102 103 102 103 103 102 101 101 100  99  98  99 100  98  98  97  97  96  96  95  94  94  95  96  98  99  99  99 100 101 102 104 104 104 106 106 107 108 108 107 107 107 109 109 108 109 110 111 112 112 113 114 116 117 118 118 119 120 122 124 125 125 125 123 122 123 123 123 122 122 122 122 122 120 119 119 119 120 120 121 123 125 125 125 125 126 129 130 129 127 125 123 122 
 96  98  99 100 101 102 102 103 103 103 103 103 101 100 100  99  98  98  98  99  98  98  97  96  96  95  96  96  96  97  98 100 101 101 101 101 103 103 104 105 106 107 107 108 108 109 108 106 107 108 108 108 110 111 111 111 112 112 114 116 117 117 118 119 120 122 124 125 126 125 122 121 122 122 122 121 120 120 121 121 119 119 118 119 119 119 121 123 125 126 126 126 127 129 129 128 127 125 123 120 
 96  98  99 101 101 101 102 103 103 103 102 102 101  99  99  99  98  97  97  97  97  97  96  95  95  95  96  97  97  98 100 101 102 102 102 103 105 105 106 107 107 108 108 108 109 109 108 106 106 107 107 109 109 111 111 112 112 112 114 116 116 117 118 119 120 123 124 125 126 125 123 123 122 123 122 120 119 119 120 119 119 118 118 118 118 119 122 123 125 127 127 127 127 128 128 127 126 124 122 119 
 96  98  99 100 100 101 101 102 103 102 101 101  99  98  98  98  97  97  97  97  97  96  95  94  94  94  95  97  98  99 100 101 102 103 104 105 106 107 108 108 107 108 109 108 108 108 108 107 106 106 107 108 110 110 111 112 112 113 114 115 116 117 117 118 121 124 125 126 126 125 124 123 122 122 121 120 119 120 119 119 119 118 117 117 118 119 123 124 124 127 127 128 127 127 127 126 126 123 121 118 
 96  97  99  99  99  99 100 101 101 101 100  99  97  96  96  97  96  96  96  97  97  96  95  94  94  95  96  97  98 100 101 102 103 104 104 106 107 109 109 108 108 109 109 108 107 108 109 108 107 107 107 108 109 109 110 111 112 112 113 114 115 117 118 119 121 124 126 127 126 125 124 122 121 121 120 120 120 119 118 118 118 117 117 118 119 121 123 124 124 125 126 127 126 126 126 127 126 122 120 118 
 95  97  98  98  99  99 100 100 101 100  99  98  96  96  97  97  97  97  97  96  97  96  95  93  94  96  97  98 100 102 104 105 104 104 105 106 108 109 110 108 107 108 108 107 108 109 109 109 108 108 108 109 109 108 109 110 111 111 112 113 115 117 119 120 121 123 126 127 127 124 123 121 120 119 119 119 119 118 117 117 117 116 117 119 120 122 124 125 124 124 125 125 125 126 126 126 125 122 120 118 
 96  97  98  97  99 100 100 100 100 100  99  96  96  95  97  98  98  98  97  97  97  96  95  94  94  96  98 100 102 104 106 106 106 106 107 107 108 109 109 107 106 108 108 108 109 109 109 108 109 108 108 109 109 109 109 109 110 110 111 112 114 116 118 119 121 122 124 126 126 124 121 120 120 119 119 119 119 118 117 117 116 116 117 119 121 122 124 125 123 124 124 124 124 125 124 125 124 122 121 118 
 97  97  97  98 100 100  99  99  99  99  98  96  96  96  97  97  97  98  97  97  96  96  96  95  95  96  99 102 104 106 106 107 107 108 109 108 108 108 109 107 107 108 108 108 109 109 108 109 108 107 107 107 108 108 108 107 109 109 111 112 114 116 117 119 120 120 122 123 123 122 119 118 119 119 118 117 117 118 117 116 115 116 117 119 121 122 122 122 122 123 124 125 125 124 124 124 123 122 121 119 
 98  98  97  98  99  99  98  98  98  98  98  97  97  97  96  96  96  97  98  96  95  95  96  96  96  98 100 104 106 107 107 108 109 109 110 109 108 108 108 107 106 106 108 109 108 108 108 108 107 105 105 106 106 106 106 105 106 108 111 112 114 115 117 119 119 119 120 120 121 120 119 118 118 118 117 117 116 116 115 116 116 117 118 120 121 122 122 122 123 123 123 124 124 125 125 125 125 123 122 119 
 99  99  98  99  99  98  98  98  97  97  98  97  97  96  95  95  95  96  98  97  96  96  97  97  98 100 102 106 109 109 108 109 110 110 109 108 107 107 107 106 105 105 108 108 107 107 107 107 106 104 104 104 105 105 105 105 107 108 112 114 115 117 118 118 118 118 118 118 118 118 119 119 118 118 118 117 117 116 116 117 118 118 120 121 121 121 120 121 122 123 124 125 125 125 125 126 127 125 123 121 
 98  98  98  99  98  99  99  98  95  96  96  96  96  95  95  94  95  96  97  97  96  97  97  98 100 103 105 107 109 109 108 109 110 109 107 106 106 106 106 105 106 106 106 106 106 106 105 104 104 103 103 104 105 106 106 106 108 110 113 115 116 118 119 118 117 116 117 117 117 117 119 120 118 118 117 117 116 116 116 117 118 119 120 122 121 120 119 120 121 124 125 126 125 125 125 125 127 127 125 121 
 95  97  98  97  97  98  98  97  95  95  95  95  95  95  95  94  95  96  96  96  96  96  98  99 101 105 106 108 109 108 108 108 109 107 105 104 106 106 105 106 106 107 105 105 105 105 104 103 103 104 104 105 106 105 106 107 108 110 113 115 117 119 120 119 117 116 117 117 116 117 118 119 119 117 116 117 117 116 115 116 117 119 120 121 120 119 118 119 120 123 124 125 126 125 125 126 127 127 126 123 
 94  95  96  97  97  96  96  95  95  94  94  95  94  95  95  94  95  95  96  95  95  96  98 100 102 105 107 108 108 108 107 107 107 106 104 105 106 106 106 106 106 105 104 104 103 103 103 103 103 104 104 105 106 106 106 107 109 111 114 116 119 120 120 119 118 117 117 117 117 116 117 119 118 117 117 116 116 116 116 116 118 118 119 119 119 118 117 118 119 122 124 126 126 126 126 126 127 127 127 125 
 93  94  94  96  97  96  94  94  94  95  93  94  94  94  94  94  94  93  94  96  97  98  99 101 103 106 109 110 109 109 108 108 107 105 104 105 105 105 105 105 105 102 103 103 101 101 101 101 103 104 103 104 106 107 107 108 111 113 117 118 120 121 121 120 119 118 117 118 118 117 118 119 118 118 117 115 114 114 114 115 116 116 117 118 118 117 117 118 119 121 124 127 127 126 127 127 128 128 128 128 
 92  93  93  95  95  95  93  93  92  94  94  94  93  93  93  92  93  94  95  97  95  98 100 102 105 107 109 110 110 110 109 107 107 106 105 104 105 105 105 104 103 102 102 101 100 101 102 102 102 103 102 104 105 106 108 110 113 115 120 121 122 121 121 120 119 117 117 118 118 118 118 118 117 117 115 114 113 113 113 114 116 115 116 117 116 118 118 119 120 122 123 126 127 126 127 127 128 128 129 128 
 91  92  93  94  95  94  93  92  93  94  94  93  92  92  92  92  92  94  95  95  95  98 102 104 106 109 110 110 110 110 108 106 106 106 106 105 105 106 105 103 102 103 102 100 100 100 102 102 102 103 103 105 106 108 110 112 114 117 120 122 122 121 121 121 120 118 118 118 117 117 118 116 116 116 114 113 114 114 113 114 116 115 116 116 117 119 120 121 122 123 124 125 126 126 126 126 127 128 128 128 
 91  92  92  94  94  93  92  92  92  93  93  94  92  92  93  92  93  94  94  94  97 101 104 106 107 110 111 110 109 109 107 106 105 105 105 105 105 106 105 103 102 102 101 100  99 100 101 103 103 104 105 107 109 110 113 115 117 118 120 121 122 121 121 121 120 119 118 117 116 116 117 116 115 115 115 114 113 114 113 114 115 116 117 117 118 120 120 122 123 124 125 125 127 127 125 125 126 127 127 128 
 90  91  91  92  93  93  91  91  91  92  92  93  92  92  92  93  93  93  93  95  99 102 105 108 110 111 111 110 109 108 107 107 107 107 105 105 105 105 105 104 103 103 102 100 100 101 102 104 105 106 107 110 111 113 116 117 118 119 120 121 121 120 121 121 120 119 117 117 116 116 117 116 115 115 115 114 113 114 113 114 115 116 118 118 119 120 122 122 123 123 124 125 126 125 125 125 125 126 127 127 
 89  90  91  91  92  92  92  91  89  91  92  92  91  92  93  93  94  94  94  96 100 103 106 110 113 112 112 111 110 109 109 108 108 107 106 106 106 106 106 105 104 104 102 101 102 103 104 105 107 110 110 111 112 114 116 118 120 120 120 120 120 120 120 120 120 119 118 118 117 117 117 116 115 116 114 113 113 114 113 114 115 117 118 119 119 120 122 122 124 122 123 125 124 123 124 124 125 126 127 126 
 88  89  89  90  91  92  92  90  89  90  90  91  92  92  93  94  94  95  95  97 100 104 107 112 115 115 113 112 111 110 110 109 108 107 107 107 106 106 106 104 103 103 102 103 104 105 106 107 109 111 111 112 112 113 115 117 119 120 121 120 119 119 119 119 119 118 118 119 118 117 116 115 115 115 114 113 114 113 113 114 115 116 118 119 119 120 121 122 122 123 124 124 124 124 124 125 126 126 127 126 
 87  87  88  89  90  90  90  89  89  89  89  91  92  93  93  94  96  96  96  99 102 106 110 113 115 116 114 113 111 111 110 109 108 107 107 107 106 105 106 105 103 103 103 103 104 106 108 108 109 110 110 111 112 112 114 116 118 120 120 120 119 120 120 120 119 118 118 118 117 117 116 115 113 114 114 113 113 114 114 114 116 116 118 119 120 121 122 122 123 123 125 126 125 125 125 125 126 127 126 125 
 86  87  88  89  88  88  89  90  91  90  90  90  92  93  93  94  96  97  98 101 104 108 112 114 114 115 114 112 111 111 110 109 108 108 107 107 106 105 105 105 105 105 105 104 104 107 109 109 108 108 108 110 111 112 114 116 118 119 119 119 120 121 122 121 120 118 118 117 116 116 115 114 113 114 113 112 113 114 115 115 116 116 118 119 120 122 123 123 124 123 125 127 127 126 126 125 125 127 125 123 
 88  88  88  89  88  87  88  89  91  91  91  91  92  94  95  96  97 100 101 102 106 110 112 113 114 113 113 112 110 110 110 110 108 107 106 105 106 105 106 105 106 105 105 105 106 107 108 106 106 106 107 109 110 111 113 115 117 118 118 120 120 120 120 120 118 117 117 117 116 115 115 115 114 114 114 113 114 113 113 114 115 116 118 119 120 121 121 122 123 124 127 128 126 127 127 125 124 124 121 119 
 88  88  88  88  89  87  87  88  90  91  91  93  93  95  97  97  98 101 102 104 108 111 112 112 113 114 113 111 109 109 110 110 108 107 105 104 105 105 105 106 106 105 105 106 107 108 107 106 105 105 106 108 110 111 114 115 118 119 119 121 120 118 118 118 117 117 118 118 117 115 115 115 114 114 114 114 113 112 113 114 115 115 117 118 119 120 121 123 124 125 127 127 126 126 125 124 123 122 119 117 
 87  87  87  87  88  87  86  88  89  90  91  93  94  96  97  99 100 102 104 106 109 112 112 112 113 114 113 111 110 109 110 109 108 106 104 104 103 103 104 106 107 106 107 107 107 106 106 105 105 105 105 107 110 112 115 117 119 120 120 120 119 118 117 118 117 117 119 118 117 115 114 115 114 113 113 113 113 112 113 113 115 116 117 118 119 120 121 123 123 124 126 126 126 125 123 122 121 118 117 116 
 87  87  86  86  87  88  87  87  89  90  91  93  94  95  97  99 101 104 104 107 110 112 113 113 113 114 113 111 111 110 110 109 106 104 102 102 102 103 105 106 107 107 108 107 106 105 105 104 104 104 106 108 110 113 116 118 119 120 120 119 118 118 117 118 118 118 119 118 117 115 114 114 113 112 113 112 113 113 112 113 114 117 118 119 119 119 121 122 123 125 126 126 126 126 123 120 121 119 116 115 
 86  86  85  86  86  87  86  87  88  89  91  92  93  95  98 101 104 106 106 109 112 114 114 115 114 114 113 112 112 112 110 107 105 104 102 102 102 104 107 108 108 107 108 106 105 104 104 104 105 106 107 110 113 115 117 119 119 120 119 118 117 116 117 118 119 118 118 117 116 116 115 114 113 112 112 113 112 112 113 114 115 118 119 119 120 120 121 122 123 125 125 125 127 125 122 120 121 119 116 115 
 85  85  85  85  86  86  85  87  87  88  90  91  93  96  99 103 107 108 110 112 114 116 116 116 115 113 112 113 112 111 110 107 104 103 103 102 104 106 110 111 110 109 106 105 104 103 104 105 106 107 108 112 113 115 118 120 121 120 118 117 116 116 116 117 118 118 117 117 116 116 115 114 113 113 114 114 113 113 114 115 116 117 118 119 119 120 121 123 124 123 125 125 125 125 122 119 120 119 117 116 
 84  84  84  85  85  84  85  87  87  88  90  92  94  98 101 105 109 111 111 113 115 117 116 116 115 113 113 112 111 110 109 106 105 104 104 102 103 107 110 110 108 107 105 105 103 104 104 105 107 108 110 113 114 116 119 120 120 119 118 117 117 118 118 117 117 118 117 116 116 115 115 114 113 114 113 114 114 114 115 116 115 116 117 118 119 120 120 122 123 123 123 124 123 123 121 119 118 118 116 117 
 83  84  85  86  85  84  85  87  88  89  90  92  95  98 102 106 110 112 112 112 114 114 116 115 114 113 113 112 109 108 108 107 105 104 104 103 104 106 109 108 105 103 104 104 104 105 104 105 107 109 111 114 116 117 119 119 118 119 118 118 118 119 119 119 118 118 118 117 115 115 114 113 114 113 114 115 115 115 115 115 116 116 117 118 118 119 120 121 121 122 124 124 122 121 120 119 117 118 118 118 
 83  84  85  83  83  85  86  87  89  90  92  94  95  98 102 107 111 113 112 111 113 115 115 114 112 112 111 110 108 109 108 107 108 108 107 106 105 106 107 105 103 104 103 103 104 104 105 106 108 110 113 114 115 118 119 120 121 120 119 120 120 120 118 117 119 118 118 118 117 114 113 114 114 114 114 113 114 115 116 115 116 118 119 119 118 117 118 118 120 121 121 121 121 120 118 117 117 118 119 119 
 82  84  83  83  83  84  85  87  90  91  93  94  96  99 104 108 111 112 111 111 112 113 113 113 111 112 111 109 108 109 109 108 109 107 107 107 106 106 107 105 104 103 104 103 104 105 106 107 109 111 114 114 116 118 119 121 122 122 120 120 120 120 119 118 118 118 117 117 115 114 113 114 115 114 115 115 114 114 114 115 116 118 119 120 119 118 118 118 119 119 119 118 118 118 117 116 116 115 117 119 
 83  83  82  83  84  84  85  87  90  92  94  95  98 101 105 109 111 111 110 110 111 112 112 112 111 111 110 108 108 109 110 110 109 107 106 106 106 106 106 105 104 103 104 104 104 105 107 108 110 111 113 115 116 118 119 121 122 122 120 119 119 119 119 118 118 117 117 116 115 114 113 114 115 116 116 116 116 115 114 115 116 117 118 119 119 118 118 119 119 118 117 117 116 116 115 115 115 115 118 120 
 81  82  81  83  85  86  87  88  90  92  94  97  99 103 106 109 111 110 110 109 110 111 112 111 111 110 108 108 107 108 110 111 110 108 106 106 106 106 105 104 105 104 103 103 103 105 107 108 110 111 112 114 117 117 118 119 119 119 118 117 118 118 118 118 118 117 116 115 114 113 113 114 116 117 117 118 117 116 115 115 115 116 117 118 118 117 118 118 118 119 118 117 117 117 115 114 116 118 120 121 
 81  82  82  83  84  86  87  89  91  93  95  99 101 103 106 108 109 109 109 109 109 111 112 112 111 109 108 107 108 108 110 111 110 109 108 107 107 106 105 104 104 102 103 103 103 105 107 109 110 112 113 115 118 119 118 117 116 116 115 116 118 117 117 118 118 117 115 115 114 113 114 115 116 117 117 118 118 117 116 115 114 115 115 116 116 117 118 118 117 118 118 116 117 117 115 115 116 119 121 121 
 80  81  83  82  84  87  88  90  92  95  97 100 101 103 105 107 108 108 108 109 110 111 111 111 111 108 107 107 107 108 109 109 109 108 108 108 106 106 105 103 102 101 103 103 104 106 108 110 112 112 114 116 117 118 117 116 115 114 115 116 117 118 117 119 119 117 115 114 115 115 116 116 116 117 117 118 118 117 115 115 115 114 114 114 115 116 117 117 117 116 116 115 115 116 115 116 116 117 120 121 
 80  81  83  83  84  87  88  90  93  95  98  99 101 103 104 106 106 106 107 108 110 110 110 110 109 108 106 107 108 108 109 109 107 106 106 105 104 104 103 101 100 101 103 104 105 107 109 110 112 114 114 116 116 115 114 114 114 114 114 115 117 117 117 119 119 117 115 114 115 117 117 117 116 117 118 117 115 115 115 116 115 114 115 115 115 116 117 117 116 117 116 114 113 114 115 115 117 118 120 122 
 81  81  83  84  86  88  89  91  93  94  96  99 101 103 104 105 105 105 106 108 109 109 109 108 108 107 106 107 109 108 109 108 105 104 103 102 102 102 102 100  99 100 102 103 105 107 108 111 111 113 115 115 115 113 111 112 114 114 114 115 116 117 118 119 117 115 114 115 116 117 117 116 117 117 117 116 115 114 115 115 115 114 115 115 115 115 117 117 117 118 117 115 113 114 114 115 117 120 122 123 
 83  83  84  85  87  91  92  93  93  93  95  98  99 101 102 103 105 106 107 108 107 108 108 108 107 106 106 107 108 108 107 106 105 103 103 102 100 100 100 100  99 100 102 104 105 107 110 111 112 112 114 114 114 113 112 112 114 115 115 116 117 118 118 117 115 115 115 117 119 118 117 116 118 117 115 115 114 113 114 114 114 114 114 114 115 117 118 119 118 118 116 115 116 114 114 116 119 120 123 124 
 82  84  85  85  88  90  91  92  92  94  94  96  99 100 102 103 105 106 107 108 108 108 108 107 107 106 105 106 106 106 105 104 103 102 101 101 100 100  99  99  99 100 102 104 105 107 109 110 111 112 111 111 111 111 111 113 114 115 116 117 118 118 118 117 116 116 116 118 120 119 118 117 116 115 115 115 114 113 114 113 112 112 113 114 115 116 117 118 119 117 115 114 115 115 115 117 119 122 125 126 
 82  84  86  86  88  90  91  92  93  94  95  97  99 101 102 104 106 108 108 107 107 107 107 107 106 105 106 106 106 105 104 104 103 101 100 100  99  99  99 100 100 100 103 104 105 106 108 109 110 111 111 110 110 111 112 113 114 115 117 118 119 118 117 116 117 117 118 120 120 119 118 116 114 114 114 115 113 113 113 113 111 112 113 116 116 117 117 118 118 117 115 115 116 115 116 117 120 123 126 128 
 82  84  85  87  89  90  91  93  94  95  96  98  99 101 103 105 107 108 108 108 107 106 106 106 106 105 105 105 105 104 103 103 102 100  99  99 100  99  99 100 101 101 103 104 105 106 108 109 110 112 112 112 111 112 113 114 115 116 118 120 119 118 117 117 117 118 120 121 119 117 116 116 114 113 115 114 113 112 112 113 112 113 115 116 118 118 117 117 116 117 116 115 115 114 116 118 120 123 126 127 
 82  84  85  87  89  90  91  93  95  97  98  98 100 101 103 104 106 107 108 109 107 106 105 105 104 104 105 105 104 103 104 103 102 100  99  98  99  99  99 100 101 101 102 103 104 105 108 109 111 112 112 112 112 113 113 114 116 118 119 121 120 118 118 118 118 120 122 122 119 115 115 116 115 114 114 114 112 111 112 113 113 113 115 117 119 120 119 117 116 116 115 113 114 114 116 118 121 124 126 127 
 82  84  85  87  89  91  92  94  96  98 100 100 101 102 104 105 107 108 108 110 108 107 105 105 104 103 104 105 104 104 103 103 102 100  99  98  98  98  98  99 100 100 101 102 103 105 108 109 110 111 111 111 111 113 113 115 117 119 119 121 120 119 119 119 119 120 123 123 120 116 115 116 116 115 114 113 111 110 111 113 114 114 116 119 120 120 119 117 116 114 114 114 114 115 116 119 121 125 126 128 
 82  84  86  87  90  91  93  95  97  98  99 101 102 103 104 106 107 108 108 109 108 107 106 106 105 105 103 103 104 103 103 102 102 100  99  99  99  97  97  98  99  99 100 101 103 105 107 109 109 110 110 110 110 113 114 116 117 118 119 121 120 119 120 120 119 120 122 122 120 118 117 117 116 115 113 113 112 110 111 113 114 115 117 119 121 119 118 116 115 116 116 117 117 117 118 120 120 123 126 128 
 82  84  86  88  90  92  94  96  97  97  98 101 102 103 104 105 107 107 107 107 107 107 106 106 105 105 104 103 103 103 103 102 101  99  98  99  99  98  98  98  99  99 100 101 103 104 107 108 108 109 110 111 111 113 115 116 117 118 120 121 121 120 120 120 119 120 121 121 120 118 118 117 115 114 113 112 111 110 111 113 114 116 119 120 121 119 116 115 116 117 119 119 119 119 119 120 120 122 125 127 
 82  83  85  90  92  94  97  98  98  98  99 101 102 103 104 105 107 108 108 107 107 106 105 105 105 104 104 103 103 104 103 101 100  98  98  98  98  99  99  98  98  99 100 101 104 106 108 108 108 109 110 111 112 114 115 116 118 120 122 124 124 123 120 119 120 120 121 121 120 119 117 117 115 114 113 112 110 110 111 111 114 117 120 122 121 119 117 116 117 118 120 121 120 120 121 121 121 123 125 127 
 83  85  87  90  94  96  98  99 100  99 100 100 102 103 104 106 107 108 109 108 107 106 105 105 104 104 103 103 103 104 103 101 100  99  98  97  97  98  98  97  98 100 101 103 105 107 109 108 107 108 109 110 112 114 116 118 121 123 124 126 126 124 121 119 119 119 119 119 118 118 117 116 115 113 112 111 109 110 111 113 116 118 121 122 122 121 120 119 119 120 122 122 121 121 121 122 121 124 125 126 
 84  86  88  91  95  98  99 101 101 100  99  99 101 103 105 106 108 108 108 108 107 106 105 104 104 103 103 103 103 103 102 101  99  99  98  97  98  97  97  98  99 101 102 104 106 108 109 109 107 108 109 110 113 115 117 121 124 125 127 128 128 125 122 119 118 118 118 118 117 117 115 114 113 112 112 111 109 110 111 113 117 120 123 123 122 122 121 121 121 121 123 124 122 121 121 121 121 123 125 127 
 85  87  89  93  97  99 100 100 100  99  99  99 100 102 104 107 108 108 106 107 106 105 104 104 103 103 103 104 103 102 102 100  98  98  98  98  97  97  98  98 100 101 104 105 106 108 109 110 108 109 110 111 114 117 121 124 126 127 129 128 127 124 121 118 116 117 118 117 117 116 114 113 112 112 112 111 111 111 111 113 116 121 123 124 124 124 124 123 123 122 124 124 123 121 120 120 121 123 127 129 
 86  88  90  95  97 100 100 100 100  99 100 101 102 103 105 108 109 108 106 105 105 104 103 103 104 103 103 104 103 101 101 100  98  97  98  98  98  98  99 100 102 103 105 106 107 108 109 110 110 111 111 113 116 120 125 128 128 128 129 127 124 122 119 117 116 116 117 116 117 116 114 113 113 112 112 112 112 112 112 113 116 122 124 125 125 125 125 124 124 123 125 125 124 122 120 120 121 122 127 130 
 87  89  91  96  98  99 101 100 100  99 101 102 103 104 106 107 108 107 105 104 104 103 103 104 104 103 104 104 103 101 101 101  99  99  99  99  99  99 100 101 103 104 107 108 108 108 109 111 111 113 113 116 119 124 127 130 129 128 126 124 122 120 117 116 116 116 116 116 116 116 114 113 113 113 113 113 113 112 112 114 118 123 126 128 127 126 125 124 124 124 125 127 126 123 121 121 122 124 128 131 
 88  90  93  97  97  97 100 101  99  98 100 100 102 104 105 105 105 105 104 103 103 103 103 104 104 103 103 103 103 101 101 102 100 100 101 100 100 102 102 104 104 106 108 109 108 109 111 112 112 113 116 118 122 125 128 130 129 127 124 122 121 119 116 114 115 116 115 115 116 116 114 113 113 113 113 113 113 112 112 115 120 124 128 129 129 128 126 125 125 124 125 127 126 123 121 121 123 125 128 130 
 88  90  94  97  98  99 100 100  98  99  99 101 103 104 105 105 104 104 104 103 102 103 103 104 104 103 103 103 103 102 102 102 102 103 103 102 102 102 103 104 106 106 108 109 109 110 112 112 113 114 117 120 124 126 127 128 127 124 122 121 120 118 116 116 116 116 115 116 116 116 114 113 112 112 113 112 113 112 112 115 121 126 129 131 130 128 127 126 124 124 126 128 127 124 122 123 124 126 129 131 
 89  92  94  97  99 101 101 100  98  98  99 102 103 104 104 104 104 104 104 103 102 102 103 104 103 103 103 103 102 103 102 101 102 103 103 103 102 102 103 105 106 107 109 110 110 111 113 113 114 116 118 122 125 126 126 125 123 120 119 120 119 117 117 117 117 115 115 116 116 115 114 114 114 114 114 113 113 114 114 116 120 126 130 132 130 129 128 127 125 126 127 128 128 125 124 125 126 128 130 132 
