194 195 195 196 196 197 198 199 199 200 199 198 197 197 197 196 196 194 194 194 194 193 193 193 193 192 192 193 194 194 193 193 193 191 190 190 190 189 188 188 189 189 190 188 189 190 191 191 192 193 193 193 192 192 191 190 190 191 190 189 189 189 190 191 190 189 190 189 187 187 186 185 185 184 185 186 185 183 181 180 181 180 179 178 178 178 177 175 175 173 173 174 173 172 171 170 169 168 168 168 
194 193 194 195 196 197 199 200 200 199 199 199 198 198 198 197 196 195 195 195 195 194 194 193 193 193 193 193 194 194 193 192 192 192 191 191 189 188 187 188 190 190 189 188 188 189 190 191 191 192 193 193 193 193 192 191 191 192 190 188 188 188 189 190 191 190 191 191 189 189 188 188 187 186 185 186 185 184 182 181 180 180 178 178 178 179 178 176 174 174 174 173 174 173 172 171 170 168 168 168 
193 194 195 196 198 199 201 201 201 201 201 200 200 197 197 197 197 197 196 196 195 194 194 194 195 195 195 194 194 195 194 192 192 193 193 191 190 190 189 188 189 189 189 189 189 189 190 191 193 193 194 194 194 193 192 191 191 190 190 188 189 188 189 190 190 191 193 192 191 190 190 190 190 188 188 188 187 185 183 183 183 181 180 178 179 178 177 176 175 175 175 174 174 173 173 173 171 169 169 168 
194 195 197 198 200 201 201 202 201 202 201 201 201 199 198 197 198 199 198 198 196 195 195 195 195 196 196 195 195 195 195 193 192 193 193 192 191 190 190 189 189 189 189 189 189 189 189 192 193 194 194 195 194 193 192 191 191 189 188 188 188 189 189 190 190 192 193 194 193 192 192 192 191 190 189 188 187 185 183 184 184 181 180 179 178 177 176 176 176 176 176 175 174 174 173 173 171 170 170 169 
195 196 197 199 201 202 203 203 203 203 203 202 201 200 199 197 197 198 199 199 198 197 196 196 196 196 196 197 196 196 195 193 193 193 192 192 192 191 191 190 190 190 190 190 189 189 190 192 192 192 193 193 192 192 192 191 190 189 188 188 188 189 190 191 192 193 193 195 196 195 194 195 193 191 190 189 187 186 184 184 183 182 181 180 179 177 176 176 176 176 175 175 175 174 173 173 172 171 171 170 
195 197 198 201 202 203 204 204 204 204 204 203 202 201 199 198 198 198 198 198 198 199 198 197 197 197 197 197 197 197 196 194 192 192 192 192 193 192 192 191 191 191 191 190 190 190 191 191 191 191 191 192 191 192 192 192 191 190 189 189 188 190 191 192 193 194 195 196 196 196 195 196 195 193 192 191 190 188 186 185 184 183 182 181 180 178 177 177 176 176 175 175 176 174 173 173 172 172 172 170 
195 198 200 202 203 204 205 205 204 204 205 205 205 204 203 202 201 201 200 200 199 199 198 198 198 198 197 197 196 196 196 195 194 193 192 192 192 193 193 192 192 192 191 190 191 191 192 190 190 190 190 191 191 192 193 192 191 191 190 190 189 190 191 192 193 195 196 196 196 196 196 195 195 195 194 193 193 190 188 187 185 184 183 182 181 180 179 178 176 175 174 175 175 174 173 173 172 173 173 171 
196 198 200 201 202 203 203 204 204 205 206 206 206 205 204 203 203 202 202 201 200 199 199 199 199 198 198 197 197 197 196 195 195 194 193 193 193 194 194 193 193 192 192 191 191 192 191 190 190 191 191 191 190 192 192 193 192 191 191 190 190 190 191 192 193 195 196 198 198 198 197 196 196 196 195 195 194 191 190 189 187 185 182 181 182 181 180 178 177 176 174 174 174 173 174 173 173 173 173 172 
197 198 200 201 202 202 203 202 203 205 207 208 207 206 205 204 203 203 203 202 201 201 200 200 200 200 199 199 200 200 198 196 195 195 194 195 195 195 196 195 194 194 193 193 193 192 192 191 191 193 193 191 191 191 192 193 192 192 191 191 191 192 192 192 194 195 196 198 199 199 198 197 197 197 196 196 195 194 193 191 189 187 185 182 181 181 180 179 178 177 176 174 175 173 173 174 173 173 174 172 
198 198 198 200 202 202 202 203 204 206 208 209 210 210 208 206 204 205 204 203 203 202 201 200 199 200 201 201 202 201 199 197 196 196 196 196 196 197 197 197 195 194 194 194 194 194 192 191 192 194 193 191 192 192 192 193 193 193 192 192 193 194 194 194 195 196 196 197 198 199 198 198 198 198 197 197 196 196 195 194 192 190 187 184 182 181 179 179 178 176 175 174 174 172 172 174 173 172 173 172 
199 200 201 202 203 203 204 205 206 208 210 211 211 211 210 210 208 208 206 206 205 204 202 201 201 202 203 202 203 203 202 200 198 197 197 197 197 198 199 198 197 196 196 196 195 194 193 193 194 193 193 193 194 195 195 195 195 194 193 193 193 194 194 195 195 196 197 197 197 198 198 197 198 199 200 198 197 197 197 196 194 191 189 187 184 181 179 178 177 177 176 175 174 174 174 174 173 173 173 172 
202 203 203 204 205 205 206 206 207 209 212 212 212 212 211 211 210 209 208 208 208 205 204 203 203 204 204 204 204 203 203 202 200 198 199 198 198 199 198 198 197 197 197 197 196 195 194 194 195 193 194 194 195 196 197 197 196 195 195 194 194 194 195 195 195 196 197 196 197 197 197 198 198 198 199 198 198 198 197 196 194 192 191 188 185 182 180 179 178 177 176 176 175 175 174 173 173 173 172 173 
205 205 205 206 207 208 209 208 208 209 212 213 213 214 213 212 211 210 209 211 210 209 207 206 206 206 206 205 205 203 202 203 202 200 201 201 200 199 199 198 198 198 198 198 197 196 196 195 194 194 194 195 195 197 198 198 198 197 196 195 195 196 196 196 196 195 196 197 198 199 198 197 198 199 199 198 198 198 197 196 195 193 191 190 187 184 182 181 180 179 177 177 176 175 174 173 173 172 172 172 
206 206 207 208 209 211 211 210 210 211 213 214 215 215 214 213 212 211 211 211 211 210 209 208 207 206 206 206 205 204 203 204 203 202 202 202 201 201 201 200 199 199 199 199 199 198 197 196 195 195 195 196 196 198 199 199 198 197 196 196 196 196 196 196 195 196 195 197 198 199 198 198 198 199 199 197 196 197 197 196 195 194 193 191 189 187 184 183 182 180 178 177 177 175 174 173 172 172 171 173 
207 208 209 210 211 211 211 212 213 214 214 215 215 215 215 214 213 213 212 212 212 211 210 208 207 207 207 207 207 206 205 204 204 203 203 203 202 202 201 201 200 200 200 200 200 199 197 197 197 197 197 198 198 199 199 199 198 197 196 196 195 196 196 196 196 195 194 195 196 197 198 199 199 199 199 197 196 197 196 196 195 194 194 192 191 188 186 184 183 181 179 178 177 175 174 173 173 172 171 171 
208 209 211 212 212 211 213 214 216 216 216 217 217 216 216 215 215 214 214 213 213 212 211 210 209 210 210 210 210 208 206 206 205 204 204 204 203 203 202 201 200 201 201 200 201 200 198 198 198 198 198 199 200 200 199 199 198 197 196 195 195 195 195 195 196 194 195 194 195 196 199 200 200 200 199 198 197 198 197 196 195 195 194 193 191 188 186 185 183 181 179 178 177 175 174 173 173 172 171 170 
209 211 212 213 213 213 215 217 218 218 218 219 220 219 218 217 216 216 216 215 215 213 213 212 212 213 213 212 212 210 209 208 208 207 207 205 204 204 203 202 202 202 201 201 201 200 199 199 199 199 199 201 202 201 201 200 199 198 196 195 195 194 195 195 196 196 195 195 196 197 198 200 200 200 201 200 199 199 198 198 197 196 195 194 192 189 186 185 184 182 181 179 177 176 174 173 172 171 170 169 
210 212 213 213 214 215 217 219 220 219 219 220 221 221 220 218 218 218 217 218 216 215 214 213 213 213 213 212 212 211 210 210 209 209 208 206 204 204 204 204 204 204 204 203 202 201 200 200 200 200 201 201 202 202 202 201 200 199 197 196 195 194 195 195 196 196 195 196 198 198 199 201 201 202 201 202 201 200 200 199 198 197 196 196 193 190 187 186 185 184 182 180 178 176 174 173 172 171 170 169 
211 213 214 215 216 217 219 221 221 221 222 222 221 221 221 220 220 219 218 219 218 218 217 216 215 215 214 214 213 212 211 210 211 209 208 207 208 207 206 205 204 205 206 204 202 202 202 202 202 202 203 203 204 206 204 201 201 200 198 196 196 195 193 194 195 196 197 198 198 199 199 200 202 203 202 203 202 201 200 201 199 197 196 196 194 192 190 189 188 185 184 183 180 177 175 174 173 172 170 169 
212 214 215 216 217 218 220 221 223 223 224 224 223 222 221 221 221 220 220 220 219 218 218 217 216 216 215 214 215 214 213 213 213 211 210 209 208 209 208 208 206 207 207 205 203 203 203 203 203 203 204 204 205 205 204 202 201 200 199 197 196 195 194 195 195 196 197 198 200 200 201 202 203 204 203 203 202 201 202 201 200 198 197 196 195 193 191 190 189 186 184 183 181 180 177 176 176 174 172 170 
213 214 216 217 219 220 221 223 224 225 226 225 225 225 223 222 221 221 221 221 220 220 219 218 217 217 216 216 216 216 216 215 214 213 212 212 211 211 211 210 209 208 209 207 205 205 205 205 204 204 205 206 206 205 204 203 202 201 200 198 196 196 196 195 196 197 198 200 202 201 202 204 206 205 203 203 203 203 203 202 201 199 198 196 195 193 192 191 189 187 185 183 182 181 179 178 177 175 173 172 
214 216 218 219 220 222 223 224 226 227 228 227 227 226 226 224 222 221 221 221 221 221 220 219 218 217 217 216 216 216 217 216 215 214 213 213 212 211 212 213 211 210 210 209 206 207 206 206 205 205 206 206 207 205 204 203 202 200 200 199 197 197 196 197 197 198 199 200 201 202 204 205 206 206 205 204 204 204 204 203 202 200 199 196 195 194 193 192 190 187 185 183 183 183 181 179 178 176 174 173 
216 218 219 220 221 222 223 225 227 228 229 229 229 229 227 225 224 223 222 221 222 221 221 220 220 219 218 218 217 217 218 217 216 215 214 214 213 212 213 214 212 211 211 210 208 207 206 207 206 206 206 206 207 205 203 203 202 200 198 198 197 197 196 197 196 197 198 200 201 203 205 204 205 206 205 205 204 204 204 203 202 200 198 196 195 194 193 191 191 188 186 186 185 183 181 179 177 176 175 173 
218 219 220 221 222 222 224 226 228 228 230 231 231 230 229 227 225 225 223 222 222 222 222 221 220 220 220 219 219 219 219 218 217 217 216 216 214 214 213 214 214 212 212 211 210 209 208 208 207 207 207 206 206 205 203 203 202 200 199 198 198 197 196 195 196 196 197 200 201 203 203 204 204 204 205 204 203 204 203 202 202 200 198 196 196 194 193 192 190 188 187 187 185 183 181 179 179 178 176 174 
220 221 222 222 223 224 226 227 227 229 230 231 231 230 229 229 227 226 225 224 224 223 223 222 222 221 221 220 219 219 219 218 217 218 218 216 217 215 216 216 214 213 212 212 211 210 209 209 209 209 207 206 205 204 203 203 202 201 200 199 198 198 196 195 196 196 198 200 201 202 202 202 203 204 203 203 203 204 203 203 202 200 198 197 196 195 194 193 191 189 188 186 185 183 181 179 180 178 177 176 
222 222 223 224 225 226 227 229 229 229 229 229 230 230 230 230 228 227 226 225 224 223 223 223 223 221 221 220 219 220 219 218 218 218 218 217 218 217 217 217 216 214 213 211 211 211 210 210 209 209 207 206 206 205 205 203 203 202 201 200 199 198 197 196 196 197 199 200 201 201 201 202 203 204 204 202 203 204 204 203 204 202 200 197 196 195 194 193 192 189 187 185 184 183 181 179 179 179 178 177 
223 224 225 225 225 226 228 228 228 228 228 230 230 232 231 229 228 227 227 227 225 223 224 223 223 222 221 221 221 221 220 219 219 220 221 220 219 219 219 219 218 216 214 212 212 211 211 211 211 210 208 206 206 206 205 206 206 206 203 203 202 200 199 198 198 198 199 199 200 201 201 201 202 202 202 202 202 202 203 204 203 202 200 198 196 196 197 196 193 191 189 187 186 184 182 180 178 178 178 178 
225 226 226 225 225 227 228 229 228 228 229 230 230 231 230 229 228 227 227 227 227 225 224 223 222 223 223 223 222 221 221 220 221 222 223 223 221 221 220 220 218 217 215 213 213 212 211 211 211 210 208 208 207 206 206 206 207 206 205 203 202 201 200 198 199 198 199 199 200 200 201 200 201 201 201 202 203 203 203 203 204 203 201 200 198 198 198 196 193 193 191 188 187 185 183 180 180 180 179 178 
226 226 226 227 227 228 228 229 229 228 230 231 232 231 230 229 229 229 229 229 228 227 226 224 223 223 224 224 223 222 222 222 223 223 224 224 223 222 221 221 220 219 217 216 214 213 212 211 210 209 208 209 209 207 207 206 207 207 207 205 203 202 201 200 199 199 200 199 199 199 199 200 200 200 200 202 202 203 203 203 204 204 203 201 200 200 200 198 196 196 195 191 189 187 183 182 181 180 179 178 
226 227 227 228 228 228 228 229 229 230 231 232 233 232 231 230 230 230 230 230 229 228 227 225 224 223 224 225 224 224 223 223 224 224 223 223 223 224 223 222 222 219 219 218 216 215 214 213 211 210 209 209 209 209 209 208 208 207 206 205 204 203 202 200 199 199 199 199 198 198 199 200 199 200 201 201 201 202 203 203 204 204 205 203 202 202 201 200 199 198 197 195 192 188 186 184 181 180 179 179 
228 228 228 229 230 227 228 230 230 231 232 232 232 231 231 230 230 229 229 229 229 228 227 227 226 225 225 224 224 224 223 224 223 224 223 223 223 224 225 224 223 222 220 220 217 216 215 214 212 211 211 212 210 210 209 208 209 208 207 206 205 204 202 201 199 200 198 198 198 198 199 200 200 200 201 202 202 202 202 203 204 204 204 204 203 203 203 203 202 200 197 196 192 189 186 184 183 181 179 178 
229 229 229 229 229 230 230 231 231 231 231 231 230 229 229 230 228 227 227 227 227 228 228 227 228 227 225 224 224 224 223 223 224 224 223 224 224 224 226 226 224 223 221 222 218 217 214 214 213 212 212 212 211 210 209 209 209 209 209 207 206 205 204 203 201 199 198 198 197 197 198 199 200 201 202 202 202 203 202 204 204 204 204 205 205 205 205 204 203 201 198 195 192 189 187 184 184 183 181 178 
232 232 232 231 231 233 233 232 232 230 230 230 229 228 228 228 227 226 227 227 227 228 229 228 228 227 227 226 225 224 223 223 224 224 223 224 225 225 226 225 226 225 224 223 220 219 216 215 214 213 212 211 212 211 209 208 209 210 210 208 207 207 206 204 202 200 199 198 197 196 198 200 199 200 201 201 202 202 202 203 205 205 205 206 206 206 206 204 203 202 199 196 194 191 189 187 186 184 183 182 
234 234 235 234 234 234 234 234 233 232 231 229 229 228 227 227 227 226 227 227 227 228 228 229 228 228 228 228 226 225 224 224 225 224 224 224 226 226 225 225 225 226 225 225 223 221 219 217 216 214 213 212 213 212 210 210 210 210 210 209 208 207 206 205 204 201 199 199 197 196 197 199 198 199 200 200 201 202 202 204 205 206 206 207 207 207 206 203 202 201 200 197 195 193 190 187 186 185 184 184 
235 236 235 236 236 235 235 234 235 234 233 231 229 229 227 228 227 227 227 228 228 227 228 229 229 228 228 228 227 226 225 225 225 225 225 226 225 225 225 226 226 226 226 226 223 221 220 219 217 216 214 213 213 213 212 212 211 209 210 209 207 207 207 206 204 201 200 199 198 196 196 196 196 199 199 199 201 202 203 204 206 207 208 208 208 207 206 204 201 200 200 197 195 193 190 188 187 186 186 184 
236 237 237 237 237 236 236 237 237 237 235 233 231 230 229 228 227 227 227 227 227 227 228 228 228 228 229 228 227 227 226 226 226 226 225 227 226 226 226 227 227 227 227 226 224 221 221 220 218 217 215 214 214 214 213 213 211 211 210 209 208 207 207 207 204 202 200 199 198 196 196 197 196 198 199 199 200 202 203 204 205 207 208 209 208 206 205 203 200 199 197 196 195 192 190 189 188 187 187 186 
237 238 238 239 237 238 238 238 239 238 237 235 233 233 231 228 228 228 228 228 228 228 229 229 228 229 230 230 229 229 227 228 227 227 227 228 228 227 228 228 228 228 227 226 224 222 222 222 220 218 217 215 215 213 213 213 213 211 210 209 209 208 207 207 204 202 200 199 198 196 196 196 196 197 199 199 200 201 203 204 205 207 208 207 206 205 204 202 199 197 196 195 194 192 191 190 189 188 188 187 
238 239 238 240 239 240 241 239 239 239 238 237 235 234 232 230 229 229 229 230 229 229 230 230 230 230 231 231 232 231 230 229 228 229 229 229 228 228 229 230 229 229 228 226 224 223 222 221 221 220 218 217 217 215 214 214 214 213 211 210 211 209 208 206 204 202 200 199 198 197 197 197 196 197 198 198 199 200 202 202 204 206 206 204 204 203 201 200 199 196 195 194 193 192 191 190 189 189 188 188 
237 238 240 240 239 241 241 240 240 239 239 238 236 235 234 233 231 230 229 230 231 232 232 231 231 232 233 234 234 232 232 231 231 230 230 230 229 230 230 231 230 230 228 227 225 224 223 222 220 220 220 219 219 218 217 216 215 214 212 211 211 209 207 206 204 202 201 199 198 197 197 197 196 197 197 197 198 199 199 201 201 203 203 203 202 202 200 200 198 196 195 193 192 191 190 190 190 190 189 188 
238 238 239 239 238 240 241 241 241 240 240 239 238 236 236 234 234 232 231 231 232 234 234 233 233 234 235 235 235 234 233 233 233 231 231 231 230 230 231 230 230 229 228 227 227 225 224 223 222 222 221 220 220 220 218 217 216 214 212 211 210 209 207 207 205 204 202 200 198 198 197 197 196 197 197 198 197 198 198 199 199 200 200 199 201 201 200 198 198 196 195 194 192 191 190 189 189 189 189 189 
238 238 239 238 238 239 240 240 241 241 242 241 240 238 237 236 235 234 233 233 233 234 234 234 234 234 235 235 235 235 235 234 233 231 231 230 229 230 230 230 229 228 228 226 227 226 225 224 224 224 224 223 223 223 221 219 218 216 215 213 212 211 209 207 207 205 202 201 200 199 199 199 197 198 198 198 198 197 197 196 197 198 198 197 199 200 198 197 197 196 195 194 193 191 189 189 189 189 188 187 
239 239 239 239 240 241 240 241 241 241 241 241 239 238 237 237 237 236 235 234 233 235 235 235 235 236 235 236 236 235 235 235 233 232 231 230 230 230 230 230 229 227 227 227 226 225 225 225 225 224 224 225 224 223 222 221 221 219 218 216 214 212 211 210 208 206 203 202 201 199 199 198 197 198 198 198 198 197 196 197 197 196 195 196 196 198 197 196 196 195 195 195 193 190 189 189 188 188 187 187 
241 242 240 240 241 242 241 241 241 241 241 240 239 238 237 238 238 237 237 235 235 236 236 236 236 236 237 237 236 236 235 235 234 233 233 231 231 231 231 230 229 227 227 227 225 225 225 226 226 225 225 226 225 224 224 223 222 221 219 218 216 214 214 213 211 208 207 205 203 201 200 198 198 199 199 199 198 197 197 198 197 196 194 194 195 195 195 195 195 195 195 193 192 190 190 190 189 188 187 188 
242 242 241 242 242 241 241 240 240 241 240 239 239 238 238 237 237 238 237 237 237 237 237 236 236 236 238 238 238 237 236 236 236 235 233 233 232 232 231 230 229 228 228 227 226 225 226 227 227 227 228 227 228 227 227 224 223 222 221 220 217 215 215 214 212 210 209 207 205 202 201 200 199 200 200 199 198 197 198 198 196 196 195 194 194 194 194 194 194 193 193 191 191 190 191 191 189 187 187 188 
242 242 242 242 243 242 242 242 241 241 241 240 239 239 238 237 237 237 238 238 238 238 238 238 237 238 238 238 239 238 237 237 236 236 235 233 233 233 232 231 230 229 228 227 227 225 225 226 228 229 229 229 229 228 229 226 224 224 223 221 218 216 216 214 211 210 208 208 207 205 203 201 200 201 201 200 200 198 198 198 197 196 194 195 195 194 194 194 193 193 192 192 191 191 190 191 190 189 188 187 
242 242 242 243 243 243 243 243 242 241 241 240 239 239 239 238 238 238 238 238 238 239 239 238 238 238 239 239 240 240 238 237 237 236 235 235 234 234 233 231 230 228 228 227 226 226 226 227 229 230 230 230 230 230 230 228 227 225 224 222 220 218 217 215 212 210 209 210 209 207 206 204 203 202 201 201 200 199 199 198 197 196 195 195 195 195 195 195 194 193 193 193 191 190 191 191 191 189 188 186 
243 243 243 243 243 243 243 243 243 242 241 240 239 239 239 239 240 240 240 239 239 240 239 239 239 239 239 239 240 240 239 239 238 237 236 236 236 234 233 232 230 228 228 226 227 226 225 227 229 231 231 231 231 231 232 231 229 227 225 223 221 219 218 215 213 212 211 211 211 209 208 207 205 204 203 202 202 201 200 199 198 197 197 196 196 195 195 194 194 193 193 192 192 191 191 191 190 189 188 187 
244 243 244 244 244 244 244 244 243 243 242 241 240 240 240 240 241 241 242 241 241 241 241 240 240 240 240 240 241 241 240 239 238 238 237 237 236 236 234 232 230 229 227 227 227 226 226 228 230 230 231 232 232 232 233 233 231 229 227 224 220 219 217 215 212 212 212 213 213 211 211 209 208 207 205 203 203 203 201 200 199 198 199 198 197 196 196 196 195 194 193 193 192 192 192 191 190 189 187 187 
243 244 244 245 244 245 245 245 245 244 243 242 242 241 241 241 241 241 242 242 242 241 242 241 241 241 241 241 242 241 240 239 238 238 238 238 237 236 234 232 231 229 228 228 226 227 227 228 230 230 231 232 231 232 233 232 231 230 229 225 222 220 218 215 213 212 212 213 214 213 213 211 211 209 207 205 203 203 203 201 200 199 199 199 197 196 197 197 197 195 193 195 193 192 192 191 191 189 188 187 
244 245 245 245 245 245 245 245 245 244 244 244 243 243 243 243 243 243 242 243 243 242 241 242 242 242 242 241 241 240 240 239 238 239 240 239 237 235 233 232 230 229 229 227 226 227 227 227 229 230 230 231 233 232 233 233 233 231 229 227 224 221 219 215 213 211 212 213 215 215 215 213 213 211 208 206 206 204 202 202 201 200 200 200 199 198 198 198 197 196 195 194 193 192 190 190 189 188 188 186 
244 246 246 246 246 246 246 246 245 245 244 244 244 245 244 244 244 243 243 243 243 242 242 242 242 243 242 241 241 241 241 240 239 240 240 239 238 236 234 232 230 229 229 226 226 227 226 226 229 230 231 231 233 234 234 234 233 232 230 229 226 223 219 217 214 212 212 214 215 216 215 215 214 213 210 208 206 205 204 203 201 201 201 200 200 199 199 199 198 196 196 194 193 192 190 189 188 187 187 186 
245 245 246 247 247 247 247 247 246 246 245 245 244 244 244 243 244 244 243 244 244 243 243 243 243 243 242 242 242 242 241 240 239 239 239 238 238 237 235 233 231 231 229 227 226 226 227 227 228 230 231 232 233 233 234 234 234 233 232 230 228 224 221 218 216 215 214 214 215 215 215 214 215 214 213 210 208 206 205 203 203 202 201 202 200 200 200 199 198 196 195 195 193 192 190 189 188 187 187 187 
245 246 247 248 248 248 248 248 247 246 246 245 244 245 244 244 243 243 244 245 244 244 244 244 244 243 242 242 242 241 241 240 240 240 240 240 239 238 236 235 233 231 230 227 227 227 226 227 229 229 230 231 233 233 234 233 233 233 232 231 229 225 222 220 217 215 215 216 215 215 214 214 215 214 213 210 209 207 206 205 204 203 202 201 201 201 200 200 199 197 195 196 193 191 191 189 189 188 187 188 
246 247 248 247 248 248 249 248 247 246 246 245 245 244 244 244 244 244 244 245 244 244 245 245 245 244 244 243 242 242 242 242 241 240 241 241 240 238 238 235 234 232 230 227 227 226 227 227 229 230 231 232 232 233 234 234 233 232 231 230 227 224 222 220 218 216 216 216 215 214 214 215 215 214 212 211 209 207 206 205 204 204 202 202 202 201 201 201 199 197 196 195 194 192 190 190 189 189 188 189 
246 247 247 247 248 248 249 248 247 247 246 246 245 245 245 245 245 244 244 244 244 245 245 245 245 245 245 244 245 244 243 243 242 241 240 239 240 240 239 237 235 233 231 229 226 227 226 226 229 231 232 234 234 234 234 233 232 232 230 228 226 224 222 221 220 219 218 216 215 214 215 216 216 216 215 212 211 208 206 205 205 204 203 203 202 202 202 201 199 198 198 195 194 193 192 191 190 190 190 190 
243 245 247 247 248 248 249 248 247 247 247 247 246 246 246 245 245 245 245 245 245 246 245 245 246 246 246 246 246 246 245 244 243 241 240 239 240 241 240 238 236 234 232 230 228 229 228 227 229 231 232 234 235 235 234 233 233 230 228 227 225 224 222 221 221 221 220 218 216 215 215 216 217 216 216 214 212 209 207 206 205 205 205 204 203 204 203 202 200 199 199 197 196 195 193 191 192 191 192 192 
241 244 246 248 248 248 249 249 248 248 248 247 247 247 247 246 245 245 246 246 246 246 246 246 247 248 247 246 247 246 244 245 244 242 241 240 241 241 241 239 236 234 233 231 230 230 228 227 229 230 230 232 234 234 233 232 231 230 227 225 225 224 223 223 224 223 222 219 217 215 214 215 217 216 216 216 214 210 208 206 206 206 205 204 204 204 203 202 201 200 198 198 198 197 194 192 192 192 193 192 
240 243 245 246 248 248 249 250 249 248 247 248 247 247 247 246 245 245 245 247 247 248 247 246 246 247 248 248 246 244 245 244 244 243 242 241 241 242 241 240 238 235 233 231 231 230 229 230 230 230 231 231 232 233 233 232 230 228 226 225 225 224 223 224 225 225 223 221 220 218 217 217 218 218 216 215 213 211 210 208 207 207 207 206 206 204 203 202 200 200 200 199 197 196 195 193 192 193 192 191 
239 242 244 245 247 248 249 249 249 248 248 248 248 248 248 247 246 246 246 247 248 247 247 247 247 247 248 247 245 245 244 243 243 243 242 241 242 242 242 240 238 236 233 233 231 230 229 230 231 231 230 231 232 232 231 230 229 227 225 225 224 223 224 224 225 225 223 221 220 219 218 218 219 218 215 215 214 212 211 210 209 208 207 207 206 205 203 202 201 200 199 199 198 197 196 194 193 193 193 192 
239 240 242 244 246 247 248 249 249 250 249 249 250 249 248 248 247 246 247 248 247 247 248 247 248 248 247 246 245 244 243 241 241 242 241 242 242 241 242 240 238 236 233 233 231 230 230 229 230 230 230 230 231 231 229 228 227 226 225 225 223 222 222 224 225 226 224 222 220 220 219 218 218 217 215 214 213 211 210 210 211 210 209 209 208 206 204 203 203 201 200 198 199 198 197 196 195 193 192 193 
238 239 241 243 244 245 246 248 249 250 249 250 250 250 250 249 248 247 247 248 247 247 248 247 248 247 246 245 244 243 243 241 241 241 241 242 241 240 241 240 238 235 233 232 230 229 230 229 229 229 228 227 228 227 226 225 225 225 225 224 222 221 222 223 224 226 225 221 219 219 218 217 216 215 213 212 211 210 210 211 212 212 211 210 209 207 205 205 204 202 201 200 199 199 198 197 196 194 194 193 
238 239 241 242 243 244 245 247 248 249 250 249 249 249 250 249 248 248 247 248 247 248 247 246 246 245 246 245 244 244 243 242 242 241 241 240 239 239 239 239 236 234 232 230 230 229 230 229 229 229 227 226 225 225 224 224 224 224 225 223 221 220 220 221 223 224 224 221 218 216 215 215 214 214 213 211 210 210 210 211 212 212 211 210 209 207 206 205 204 202 202 201 200 199 198 198 197 195 195 194 
237 239 241 242 242 243 244 246 247 248 249 248 248 248 248 248 249 248 247 247 247 248 247 246 245 246 245 244 244 244 244 243 243 242 241 240 240 239 240 238 235 233 231 230 230 230 229 228 229 227 226 225 224 223 222 223 223 223 222 222 221 218 218 218 220 220 219 218 216 214 214 214 213 213 212 213 212 211 210 211 212 211 210 210 209 207 206 205 204 203 202 201 201 199 199 198 197 196 195 194 
235 238 241 243 242 244 245 246 247 247 248 248 248 249 248 249 248 249 248 247 248 248 247 247 246 246 245 244 245 245 245 244 243 242 241 241 241 241 240 238 235 233 232 230 229 229 228 227 227 226 225 223 222 222 221 221 223 222 221 220 219 216 216 215 216 217 215 214 213 212 211 211 211 211 212 213 211 211 210 210 210 209 209 209 208 208 206 204 203 203 203 201 201 200 199 198 197 197 196 194 
233 238 241 243 242 243 245 246 247 247 247 248 249 249 249 249 249 249 248 249 247 247 248 247 247 246 245 245 245 246 245 245 244 243 242 242 242 242 241 238 235 233 232 231 229 229 228 228 227 226 224 223 221 220 221 220 221 221 221 220 217 215 214 213 213 214 212 211 211 210 210 210 209 210 211 212 210 210 210 209 208 209 209 208 208 208 206 205 204 204 203 202 202 201 199 198 197 197 196 194 
231 235 237 240 240 241 243 245 246 247 246 247 249 249 249 249 249 249 248 248 247 246 246 246 246 246 246 245 245 245 245 246 245 245 244 242 242 241 240 239 236 234 232 233 231 230 228 228 226 225 224 223 222 220 219 219 219 218 218 217 216 214 213 212 211 211 211 209 207 207 207 208 208 209 210 210 210 209 210 210 209 209 209 209 208 208 208 207 206 206 205 204 203 202 200 198 197 196 195 194 
230 234 236 238 238 239 241 242 244 246 246 247 249 249 249 250 250 250 249 248 247 247 247 246 247 246 245 246 246 245 245 246 245 245 245 243 242 241 240 238 236 234 233 232 231 230 228 226 225 224 223 222 221 220 219 219 218 217 216 216 216 214 213 212 210 210 210 208 207 206 206 207 207 208 209 209 209 210 211 211 210 210 210 209 209 209 209 208 207 206 206 205 204 202 200 199 197 196 195 194 
227 231 233 234 235 236 238 239 242 245 245 246 248 249 249 250 249 250 249 248 247 247 246 246 246 246 245 245 245 245 244 245 245 245 245 243 242 241 239 238 236 233 232 231 230 229 226 225 224 223 223 221 221 220 219 218 217 216 215 214 215 214 213 211 210 210 209 208 206 205 204 205 205 206 207 207 208 209 210 210 211 211 210 211 210 210 210 208 207 207 205 206 204 202 201 199 198 198 196 194 
225 228 230 232 233 233 235 237 240 243 244 245 247 247 249 249 250 250 249 248 247 247 246 247 246 246 245 244 245 246 246 246 245 245 245 243 242 240 238 237 236 234 232 230 228 227 224 223 222 220 220 219 219 219 218 217 216 215 215 215 214 213 213 212 210 209 208 207 206 204 203 203 203 204 205 205 207 210 209 209 211 212 209 211 210 209 209 207 206 206 205 205 203 202 200 199 198 197 196 194 
224 227 228 230 231 231 234 237 240 242 242 243 245 246 247 249 249 249 249 248 247 247 247 246 247 246 245 244 246 246 245 246 245 245 244 242 241 240 237 236 235 233 232 230 227 226 223 221 220 219 219 218 217 217 216 215 214 214 214 215 213 214 213 212 210 209 207 205 205 203 202 203 202 203 205 205 207 209 210 209 210 211 210 211 210 208 208 208 206 206 205 204 202 201 199 199 198 197 196 194 
222 225 227 228 229 230 232 235 238 240 241 242 245 245 247 247 248 248 249 248 248 248 247 246 247 246 245 245 246 246 245 245 245 245 244 242 241 239 237 235 235 233 232 230 228 226 224 222 220 219 219 217 216 215 214 213 212 212 212 213 213 212 213 211 210 208 206 205 204 203 202 202 203 204 205 206 206 208 208 208 209 210 210 211 210 209 208 207 206 207 205 203 201 200 199 199 198 197 196 194 
221 224 225 226 227 229 231 233 235 238 241 242 244 245 246 246 247 248 248 249 249 248 247 246 247 246 246 246 245 245 244 244 244 245 244 243 241 239 237 235 235 234 232 231 230 227 224 223 220 219 217 216 215 214 213 212 213 211 211 211 211 211 211 210 209 209 208 207 205 203 202 202 202 204 205 206 205 206 206 207 208 209 209 210 209 208 208 207 207 206 205 204 202 200 199 199 198 197 196 195 
221 223 224 225 226 228 229 231 233 236 239 242 243 244 245 246 247 247 248 249 248 248 247 246 246 247 246 245 245 244 244 245 245 245 244 243 241 239 238 236 234 234 231 231 230 228 225 223 221 219 216 215 214 213 213 213 212 211 211 211 210 209 209 209 209 210 209 207 206 203 203 202 202 203 204 205 204 204 204 204 205 206 209 210 209 208 207 206 206 205 206 204 202 200 199 199 198 198 197 195 
217 220 222 224 226 227 229 230 231 233 236 241 242 243 244 245 246 247 247 247 247 247 247 247 247 247 247 246 245 245 244 245 246 244 244 243 241 239 236 235 234 232 231 230 231 229 226 224 222 220 218 216 214 213 213 213 211 211 211 211 211 210 208 207 208 209 209 207 205 204 202 202 203 203 203 202 202 202 202 203 204 205 208 209 209 208 207 205 204 204 205 203 201 199 199 198 197 197 196 194 
216 219 221 224 226 226 229 230 230 233 235 240 241 242 244 244 245 246 246 246 247 247 248 247 247 248 247 246 247 246 245 245 245 244 244 242 241 238 235 233 232 231 230 230 231 229 227 225 224 222 219 217 215 213 212 212 212 211 210 209 209 209 208 207 208 208 208 207 206 204 204 203 203 202 202 203 203 202 202 202 203 206 208 209 209 208 207 205 204 203 203 202 201 198 197 196 196 195 195 194 
216 218 220 223 225 227 228 229 231 233 236 239 240 242 243 244 244 245 246 247 246 247 247 247 248 247 247 246 246 246 245 244 244 244 243 241 240 238 235 232 230 229 229 229 230 230 227 226 225 223 220 218 215 214 213 213 212 211 211 209 207 209 208 208 207 207 207 207 206 206 205 204 203 203 202 203 203 202 202 204 205 205 207 209 209 207 207 206 204 203 202 202 201 199 197 195 195 196 195 194 
217 218 219 222 224 226 228 230 231 233 235 238 240 241 242 243 245 245 246 247 246 246 247 248 249 248 247 246 247 246 245 244 243 242 242 241 239 237 235 232 231 230 230 230 230 229 228 227 226 224 221 218 215 214 214 214 212 211 211 209 208 209 208 208 206 207 207 207 206 207 207 206 204 203 203 204 204 203 204 206 207 207 209 210 209 206 206 205 205 203 202 201 200 199 197 196 195 195 195 193 
217 219 220 221 223 225 228 229 230 232 234 237 237 239 241 243 243 245 245 246 246 246 247 248 248 248 247 247 246 246 245 243 242 241 241 240 238 236 234 233 233 231 231 231 231 230 229 228 227 225 222 219 215 214 214 214 212 211 211 210 211 210 208 207 207 207 207 206 206 207 207 206 205 205 205 205 205 205 206 207 209 209 211 211 209 207 205 204 204 202 201 200 199 199 198 197 195 194 194 193 
217 218 219 222 222 224 226 227 229 230 232 234 236 237 239 241 242 243 245 245 245 246 247 247 247 247 246 246 245 245 245 244 243 242 241 240 238 236 235 234 234 234 232 230 230 231 230 229 227 225 223 219 216 215 215 214 212 212 211 210 211 210 208 207 207 207 207 206 206 207 207 207 206 206 206 206 207 207 206 209 210 210 210 210 209 207 205 204 203 202 201 200 200 200 199 198 195 194 195 194 
216 217 219 221 222 224 226 226 227 229 230 232 234 236 237 240 241 242 244 245 245 246 246 246 246 245 245 246 245 245 245 244 243 243 242 240 239 236 234 235 235 234 232 230 230 230 229 228 227 225 222 219 219 217 216 214 213 212 211 210 210 209 208 207 208 207 207 207 207 207 207 207 206 206 207 207 207 207 207 209 210 210 210 211 209 208 207 205 204 203 202 202 201 200 200 198 197 196 194 195 
215 217 219 222 222 224 225 227 228 229 229 231 232 235 236 238 241 242 243 244 245 246 245 246 245 245 245 245 245 244 245 244 243 243 243 242 239 237 236 235 234 233 232 231 230 229 228 227 225 224 222 221 220 219 217 216 213 212 210 209 210 210 209 208 208 207 207 207 206 206 206 207 207 207 207 207 207 207 208 210 211 210 210 211 210 209 208 207 205 204 203 202 202 201 201 200 197 196 194 195 
215 216 219 221 223 223 225 227 227 227 228 229 231 233 235 238 240 241 242 244 245 245 245 245 245 246 245 245 244 244 243 244 242 243 243 242 239 237 236 236 233 233 232 230 230 229 228 227 226 224 223 221 220 220 218 217 215 212 211 209 209 208 208 208 208 207 207 207 207 206 206 207 207 207 207 206 205 207 208 210 210 210 211 211 210 209 208 208 206 205 204 202 202 202 201 199 197 196 196 195 
215 216 218 220 222 224 225 227 228 228 229 229 231 233 235 236 239 240 242 244 245 245 245 245 246 246 245 244 244 244 243 243 242 242 241 240 238 235 234 234 232 232 232 231 231 230 229 228 227 224 223 222 221 220 218 216 215 213 211 209 208 207 207 207 207 206 206 207 208 207 207 208 207 207 206 205 205 206 207 209 210 210 211 210 210 209 208 208 207 206 205 204 202 201 201 199 197 196 196 196 
215 216 217 219 220 223 224 227 227 228 229 230 231 233 234 237 238 240 242 244 245 245 245 245 245 245 245 245 245 244 244 243 243 242 241 239 236 234 233 232 231 231 231 231 230 230 229 229 227 226 225 223 222 220 218 216 215 213 210 208 208 206 206 205 204 205 205 206 207 207 207 208 208 207 206 204 204 206 207 209 211 210 211 210 209 208 207 207 208 206 206 204 203 201 200 200 197 196 197 197 
214 216 216 218 219 221 223 225 227 228 230 230 231 233 235 237 239 241 242 243 245 247 246 245 245 245 246 246 246 244 244 244 243 242 241 237 235 233 230 230 229 230 230 230 229 230 231 231 229 227 226 224 223 221 220 217 215 213 210 208 208 206 205 205 204 204 205 206 206 206 207 207 207 207 206 204 204 206 207 209 210 210 209 210 208 207 206 206 207 206 205 204 202 201 200 200 200 198 199 198 
214 215 216 218 218 220 222 224 227 228 230 232 233 234 235 238 240 241 242 243 245 246 246 246 246 246 246 246 245 244 244 244 243 242 241 237 235 233 230 230 229 229 229 229 230 231 232 232 230 227 225 224 223 222 221 219 217 215 212 210 208 207 205 205 204 204 205 205 206 206 206 207 207 206 205 203 203 205 206 208 209 209 209 209 208 206 206 207 208 206 205 203 201 201 201 201 201 200 200 199 
213 215 217 217 218 219 220 222 224 228 230 232 234 235 236 239 241 242 243 244 245 246 247 247 247 247 247 246 245 245 245 244 243 242 240 238 236 234 231 230 228 228 228 228 230 231 232 232 230 227 225 223 223 222 221 218 217 215 213 211 208 207 205 205 203 203 204 205 206 206 206 206 206 205 205 203 203 204 205 207 207 208 207 207 207 206 207 207 209 207 206 204 202 202 202 202 202 201 201 200 
211 214 216 216 217 218 219 221 223 225 229 232 233 235 237 239 240 242 244 246 247 247 247 247 247 247 247 246 246 245 246 246 243 243 241 239 237 234 231 230 228 226 227 226 229 229 230 230 228 226 224 223 223 221 220 218 217 215 212 210 207 206 205 204 202 202 203 204 205 205 206 206 205 205 204 205 205 205 205 206 206 205 204 205 206 207 208 208 208 208 207 206 204 203 203 203 202 202 202 201 
210 213 216 217 217 217 219 220 222 225 228 230 232 235 237 239 240 241 243 246 247 247 246 246 246 246 245 246 246 246 246 245 243 242 241 240 238 236 233 231 229 227 227 227 228 229 230 230 227 225 223 223 223 221 220 218 217 215 212 209 207 206 204 203 202 203 203 204 205 205 205 205 204 204 203 203 204 205 205 205 205 204 204 203 205 207 208 208 209 209 208 206 205 203 203 203 203 203 203 202 
208 211 213 215 217 218 220 220 222 224 227 229 232 234 236 238 240 242 243 245 247 247 247 247 247 246 245 245 245 245 245 245 243 242 241 240 238 235 234 230 230 229 228 229 229 230 229 229 227 224 222 222 222 221 220 218 216 215 211 210 208 206 204 203 202 203 203 203 204 204 204 204 203 204 203 203 203 204 205 205 204 204 204 204 205 207 208 209 210 210 209 207 205 204 203 203 203 203 203 203 
206 208 211 212 214 217 219 220 222 224 225 227 230 233 236 237 239 241 243 244 246 248 247 247 247 246 245 245 245 244 244 243 242 241 240 239 237 235 232 231 230 229 230 231 231 229 228 227 226 224 222 221 222 221 220 218 216 214 212 211 209 206 204 203 204 203 202 202 201 202 203 202 203 204 203 203 204 204 204 204 203 203 203 204 205 207 208 209 211 211 210 207 206 206 204 204 204 204 204 204 
205 208 209 211 214 215 218 220 221 223 224 226 229 231 234 236 239 241 242 244 245 248 247 248 247 245 245 245 244 243 242 242 241 240 239 237 236 234 231 230 230 230 230 230 230 228 226 225 224 223 222 221 221 219 218 218 215 214 213 211 209 207 205 205 204 204 203 203 202 202 202 202 203 203 204 204 203 203 204 204 204 204 204 204 205 206 207 208 210 210 209 208 207 206 206 206 205 205 205 204 
206 207 209 211 213 214 218 220 221 223 224 226 228 229 232 235 239 241 242 243 245 247 247 248 247 246 245 245 243 242 241 241 240 238 237 236 235 232 229 228 228 228 228 229 229 228 225 224 223 222 221 221 220 220 219 217 215 213 212 210 209 208 207 206 205 204 204 203 203 202 203 202 203 204 204 203 203 204 205 205 205 205 205 205 206 205 207 209 210 209 209 209 208 207 207 207 207 206 206 205 
206 207 209 211 213 216 217 219 220 222 223 224 226 229 231 233 236 239 241 242 244 245 246 247 247 246 245 245 243 242 241 240 239 237 236 232 231 230 228 225 226 225 226 227 227 227 226 223 222 221 220 221 221 221 220 217 215 213 211 209 209 208 209 207 205 204 204 204 203 203 202 203 203 203 204 202 203 204 206 206 206 206 206 205 206 205 206 208 209 210 210 210 208 208 208 207 208 207 207 206 
205 207 208 210 212 214 216 217 218 219 221 222 224 226 230 232 235 237 238 240 243 244 245 245 246 245 245 244 244 242 241 240 238 236 233 231 230 228 226 225 224 224 224 225 227 225 225 223 221 220 221 222 222 222 221 218 216 213 211 210 210 209 209 208 207 206 205 204 203 204 203 203 204 204 204 203 203 204 205 206 206 206 205 206 206 205 206 207 208 208 209 209 208 208 208 209 208 207 207 206 
205 206 208 209 212 213 213 214 215 217 219 220 222 224 227 230 232 235 237 239 242 243 244 246 246 246 245 244 244 243 241 240 238 235 233 230 227 227 225 225 224 222 224 226 226 226 224 223 222 221 222 223 222 222 222 220 217 215 213 212 210 210 209 209 209 208 206 205 204 205 204 205 205 206 205 205 204 203 204 204 204 205 205 205 204 205 205 206 206 207 208 209 207 207 208 208 209 208 208 206 
206 207 207 208 211 212 213 213 214 215 217 219 221 223 226 229 230 232 235 238 240 241 243 245 245 246 246 245 244 242 241 240 237 235 234 231 229 227 226 225 224 224 225 225 225 225 224 223 223 222 222 222 223 223 223 221 218 215 213 211 210 209 210 209 210 209 207 205 204 203 204 205 207 206 205 204 203 204 203 204 205 204 203 203 204 204 205 205 205 206 207 208 208 208 207 207 208 208 208 206 
206 206 206 207 210 212 212 213 214 214 217 219 221 222 225 227 228 231 233 236 240 241 243 244 245 246 245 244 243 242 240 239 238 237 235 232 230 228 226 226 225 224 225 224 225 225 225 223 222 223 223 223 222 223 222 220 218 215 214 212 211 210 211 210 211 210 207 205 204 203 204 205 207 206 205 205 205 204 204 204 204 204 202 203 204 204 205 204 205 206 206 207 207 208 207 207 206 207 207 206 
204 205 205 207 209 210 211 212 213 214 216 218 220 222 224 226 227 228 231 234 237 240 242 243 244 244 244 243 242 240 238 237 238 238 236 233 231 229 228 227 226 225 224 224 225 225 224 223 223 223 225 223 222 221 219 218 216 215 214 212 212 211 211 212 211 210 207 206 205 203 203 204 205 206 206 205 206 205 204 203 203 204 203 203 204 204 204 204 204 205 207 206 206 206 207 207 207 206 206 208 
202 202 203 205 208 209 210 211 212 213 215 217 219 221 223 224 225 227 228 231 234 236 239 241 243 244 244 244 242 239 237 237 237 238 237 234 232 230 228 228 227 226 225 225 226 225 224 224 224 225 225 223 222 220 218 216 215 215 214 213 212 211 211 210 209 208 207 206 205 203 203 204 205 206 206 206 206 205 205 204 203 204 204 204 204 203 203 204 205 206 207 206 206 206 207 207 207 206 207 208 
