211 210 209 207 205 203 201 198 195 191 186 185 184 183 184 185 185 185 183 185 185 185 185 186 188 189 189 189 190 191 192 191 190 188 187 187 187 188 189 190 190 190 191 192 193 193 192 193 195 196 198 200 199 198 198 197 196 196 194 191 190 190 189 189 189 187 186 187 188 189 191 192 191 192 192 191 190 191 192 193 192 190 189 188 187 186 184 183 183 182 181 180 178 179 180 181 182 182 182 183 
210 209 209 208 205 203 202 199 196 194 189 186 184 182 183 183 182 180 180 180 181 182 185 187 187 188 190 190 191 191 192 191 190 189 187 188 187 186 187 188 189 190 191 191 192 192 193 193 195 197 199 200 200 199 198 198 197 195 194 192 191 190 188 188 188 185 186 187 189 191 191 191 191 191 192 191 189 189 191 192 192 190 189 188 186 184 183 182 182 182 181 180 178 177 178 180 181 181 181 182 
209 209 208 208 205 204 201 200 198 196 191 187 184 182 182 181 179 179 178 177 178 182 185 187 187 188 190 191 191 191 191 191 190 189 188 188 187 186 187 189 190 191 192 192 192 193 194 195 197 198 199 200 200 199 199 199 197 194 193 193 192 190 189 188 187 188 188 189 190 191 190 189 189 189 189 188 187 186 188 190 190 190 189 187 185 183 182 181 181 180 181 179 177 177 178 179 180 180 180 181 
208 207 207 207 206 204 203 202 200 198 195 191 186 184 182 180 180 178 177 176 179 182 184 186 188 188 190 191 191 192 191 190 190 189 188 187 186 186 188 190 191 190 191 192 193 194 195 196 198 199 200 202 202 201 201 198 197 194 194 194 194 192 190 188 188 187 189 190 190 190 189 188 188 188 188 187 185 185 186 188 188 188 187 185 184 183 181 180 178 179 179 179 179 177 177 177 179 178 178 178 
209 209 208 208 207 206 205 204 202 201 197 192 187 184 181 181 181 179 178 177 179 182 184 186 188 188 190 190 191 191 191 190 191 190 188 187 185 187 188 189 190 190 191 191 193 194 195 197 198 199 200 202 204 203 202 199 197 195 195 195 194 193 191 189 189 188 190 190 189 188 188 188 188 187 188 187 185 184 185 186 186 186 187 185 183 182 181 180 178 178 178 178 177 177 177 177 177 177 177 178 
211 210 209 208 207 207 207 206 204 203 199 193 188 185 183 182 182 181 179 178 180 182 183 186 187 188 188 190 190 190 190 190 190 190 188 186 186 187 188 188 189 189 190 191 193 194 196 197 198 199 201 202 203 202 202 200 198 197 196 195 195 194 192 191 191 190 191 192 190 188 187 187 188 187 187 186 185 185 184 184 184 185 185 185 183 182 182 181 179 179 179 178 177 177 177 177 177 176 177 178 
211 209 208 208 208 209 210 209 205 203 201 196 191 188 185 184 184 183 180 179 180 181 182 185 186 187 187 188 190 191 191 190 189 189 188 186 186 187 187 188 189 190 190 191 193 195 196 197 198 199 201 202 202 201 201 200 199 198 197 196 196 195 194 193 193 192 193 194 192 189 187 187 187 186 186 186 186 185 185 184 183 184 185 185 183 183 183 182 180 179 180 179 177 177 178 178 177 177 177 178 
210 208 208 209 209 210 211 209 206 204 202 197 193 189 187 186 185 184 181 179 180 180 181 184 185 185 186 188 190 190 190 189 188 187 187 186 186 185 185 185 188 189 189 191 192 195 196 196 196 197 199 200 201 202 202 201 200 199 198 197 197 197 196 195 195 195 196 196 193 189 187 186 186 185 187 186 186 185 185 185 184 184 184 184 183 183 182 181 181 180 179 178 178 177 178 179 178 178 177 178 
210 208 208 209 209 209 209 209 207 204 201 196 192 190 189 187 186 184 182 180 181 181 181 182 183 184 186 188 188 189 189 188 187 186 185 185 185 184 182 183 187 188 188 189 191 192 194 195 194 194 196 198 201 202 203 202 200 198 198 198 198 198 198 197 197 198 198 196 194 190 187 186 185 184 185 185 185 185 185 184 183 183 183 183 182 183 183 182 181 179 178 178 178 179 178 178 179 179 178 178 
208 207 206 207 208 206 206 207 206 202 198 195 191 189 188 187 187 186 182 180 181 181 181 182 182 183 186 186 187 188 187 187 186 185 186 186 185 182 181 182 184 186 187 186 188 188 191 192 192 192 194 197 199 201 202 202 201 199 197 197 199 200 199 199 198 198 198 195 192 188 186 184 184 185 184 184 183 184 184 184 183 184 184 183 182 183 184 184 183 181 179 179 178 179 180 180 179 179 178 178 
207 205 205 205 205 203 202 204 203 200 196 192 189 188 187 187 187 187 183 181 182 182 182 181 182 183 184 185 185 185 185 184 184 185 186 186 184 182 181 182 183 185 186 185 186 187 187 188 189 191 192 195 198 199 201 202 202 198 198 198 198 199 200 200 199 198 197 194 191 186 184 183 185 185 184 184 184 183 183 183 183 184 185 184 183 183 184 185 184 182 181 179 178 180 180 179 180 180 179 179 
207 205 205 204 202 199 199 200 199 197 194 191 188 187 187 188 187 187 184 183 182 182 180 179 181 182 182 184 184 183 183 183 183 184 184 184 182 181 180 180 182 183 184 185 185 186 186 187 187 189 191 194 196 199 200 201 201 198 199 199 199 200 201 200 199 197 196 194 192 187 184 185 186 185 185 185 184 183 182 182 184 185 185 185 185 185 185 184 185 183 182 180 180 180 180 179 180 180 181 180 
205 204 203 202 200 197 196 196 196 193 192 189 187 187 187 187 187 186 184 183 183 181 181 180 180 180 181 182 182 182 183 183 184 183 182 182 180 180 180 179 181 182 182 184 185 186 186 187 187 188 191 192 194 196 198 199 199 197 199 200 200 201 200 199 198 197 195 193 190 189 187 186 187 188 187 185 184 182 182 184 185 186 186 186 186 186 185 185 184 184 183 182 181 180 180 180 179 180 182 181 
202 201 201 200 199 196 194 193 193 191 190 188 186 186 186 186 186 185 184 184 183 181 182 181 182 180 180 179 179 179 181 182 182 181 181 181 180 179 179 179 179 180 181 183 184 185 186 186 186 187 189 191 192 193 195 196 197 196 198 199 200 200 199 198 197 196 194 192 191 190 189 188 188 189 189 186 183 181 182 185 186 186 187 187 187 186 185 185 184 183 183 183 182 181 181 181 179 180 181 182 
199 199 198 198 196 193 192 191 191 189 188 187 185 185 185 185 184 183 183 184 183 182 183 184 184 182 180 179 178 179 180 182 182 181 181 181 180 179 180 179 179 180 181 182 183 184 185 186 187 187 188 190 191 191 193 194 196 196 197 198 198 197 198 197 197 196 195 193 192 191 191 190 189 190 189 186 183 182 183 186 187 187 187 188 187 186 186 185 184 183 184 183 183 182 182 181 180 179 180 181 
196 196 195 195 193 191 190 189 189 188 186 185 184 184 184 184 184 183 182 183 182 182 184 185 184 184 182 181 181 181 182 182 183 183 182 182 180 180 180 180 181 182 182 182 182 183 184 186 186 186 187 188 189 189 190 192 194 197 197 197 196 196 197 198 198 197 196 195 193 192 191 191 190 189 188 186 183 182 183 185 187 188 188 187 186 186 185 184 185 185 184 184 185 185 183 181 179 179 179 179 
194 194 194 194 193 191 189 189 188 187 185 184 183 182 182 183 183 182 183 183 182 183 183 184 185 185 184 183 183 183 183 183 184 184 184 183 181 182 184 184 185 186 185 184 184 185 185 185 186 185 186 186 188 188 188 190 192 195 195 196 195 197 198 199 199 197 196 195 194 193 191 191 191 189 188 185 183 183 183 184 187 189 188 188 187 186 185 185 186 186 186 186 186 186 185 183 182 181 180 180 
192 192 193 194 192 191 189 188 186 186 185 184 183 181 181 182 182 181 182 182 183 184 184 183 184 185 187 185 185 185 185 184 184 185 185 184 183 185 188 188 190 190 189 187 187 186 186 186 185 186 186 187 187 188 187 189 191 192 192 193 194 196 198 199 198 197 194 194 194 193 191 191 191 189 189 186 183 181 182 185 187 188 188 188 188 187 186 186 186 186 187 187 186 186 187 186 185 184 182 182 
192 191 192 192 192 191 189 187 186 186 185 184 182 180 180 180 180 180 182 182 184 185 184 183 183 186 187 186 186 186 186 185 186 186 187 187 187 188 190 191 193 192 192 191 189 188 187 187 186 186 186 187 187 187 186 188 189 189 190 191 193 195 196 197 197 197 195 193 193 192 190 190 190 189 188 186 185 183 183 185 187 187 189 189 188 187 187 186 187 187 186 186 188 187 187 187 186 185 185 185 
191 190 190 190 190 189 187 186 185 184 184 182 181 180 179 179 180 180 182 183 183 184 184 182 183 185 186 186 186 187 188 187 188 189 190 190 190 191 193 194 195 194 194 193 191 188 187 186 185 185 186 186 186 186 186 187 188 188 189 191 193 194 195 195 195 196 195 193 194 193 191 190 190 188 187 187 188 187 185 185 186 187 189 189 188 187 187 187 187 186 186 187 188 188 187 187 186 186 187 187 
188 188 187 188 188 187 185 184 183 183 181 181 180 179 178 180 180 180 181 182 183 184 184 182 183 185 185 186 187 188 189 191 191 192 193 193 193 194 195 196 196 196 195 193 191 189 187 186 185 186 185 186 187 187 187 187 187 188 189 190 192 192 193 193 193 194 194 194 194 194 192 191 191 188 187 188 189 188 186 186 187 187 189 188 188 188 188 188 187 186 186 187 188 189 188 188 187 187 187 187 
187 186 186 187 188 186 184 183 181 181 181 181 179 178 178 179 179 179 180 181 182 183 183 182 183 185 185 186 187 189 190 192 193 194 194 194 194 196 196 196 197 197 196 194 193 191 187 186 185 186 185 186 187 188 187 188 188 189 190 191 191 192 193 193 193 193 193 193 193 192 192 192 191 189 188 188 188 187 186 187 187 186 187 187 188 188 188 188 188 188 188 188 188 188 188 187 187 188 187 188 
186 185 185 188 187 185 182 181 179 178 180 180 179 177 177 178 178 178 179 180 181 182 183 182 183 185 186 187 188 190 191 192 193 194 195 195 196 197 197 196 197 198 197 195 195 193 189 186 185 186 185 186 186 187 187 188 189 191 191 192 193 192 193 192 193 193 193 192 191 191 191 191 191 190 190 189 188 187 187 188 188 187 186 187 189 190 190 190 191 191 190 189 187 187 187 186 187 187 188 190 
185 184 185 186 186 183 181 179 178 177 178 178 177 176 176 178 177 177 180 181 180 182 182 182 184 185 185 187 189 191 192 194 195 195 196 196 197 198 197 196 197 198 197 197 197 194 191 188 185 185 185 185 185 185 187 188 190 192 193 193 194 193 193 193 194 195 195 194 192 192 193 193 192 191 192 192 191 190 189 188 189 189 187 187 189 190 191 192 194 193 192 190 188 187 187 187 187 188 190 191 
184 183 182 183 183 182 179 178 177 177 176 177 176 176 176 177 178 178 179 181 181 182 182 182 184 185 186 188 190 191 193 194 195 196 195 196 197 198 197 196 197 198 199 199 198 195 193 190 187 186 186 187 186 185 186 188 190 193 194 194 195 194 194 194 195 196 197 197 196 195 195 196 195 194 195 195 195 195 193 192 191 190 189 188 189 189 191 193 195 195 194 192 189 188 188 187 188 189 191 192 
181 179 179 180 181 180 178 177 177 176 176 176 176 175 175 176 177 177 178 180 180 182 183 183 183 184 187 188 190 191 193 194 195 196 195 196 197 199 198 198 200 200 199 201 198 196 194 191 189 187 188 188 188 186 186 188 191 192 193 194 194 194 194 193 194 197 199 200 199 198 199 199 198 198 197 197 198 200 199 196 194 193 192 191 190 189 191 194 196 196 196 193 191 189 187 185 189 190 192 192 
178 177 177 177 178 179 178 177 176 176 175 175 175 175 176 176 176 177 177 180 181 181 182 183 183 184 185 187 190 192 193 194 195 196 195 196 198 199 199 200 202 202 202 201 200 199 195 193 190 188 187 188 188 188 187 189 193 193 194 194 193 193 193 195 197 197 199 200 200 201 202 201 202 202 202 202 203 203 201 200 199 198 195 194 191 189 191 195 195 196 196 195 192 188 186 186 189 190 191 192 
177 176 177 177 176 178 177 176 175 175 175 174 174 176 177 177 177 177 178 180 182 182 182 182 182 183 184 186 189 191 193 194 195 195 196 197 198 199 199 200 201 202 204 203 203 201 199 196 193 191 189 188 189 188 188 190 193 193 195 195 194 195 195 196 198 200 202 202 203 204 205 205 205 205 206 206 206 205 205 203 202 200 199 197 194 192 192 194 196 196 195 195 193 190 187 187 188 190 191 192 
176 177 177 177 177 177 176 175 175 175 173 173 174 176 177 178 178 178 179 180 181 183 183 182 182 183 184 185 188 191 193 194 195 196 196 197 198 198 199 200 201 202 204 205 205 203 200 197 196 193 191 190 190 189 189 191 193 195 196 197 197 198 198 199 201 202 204 204 205 207 207 207 208 208 208 209 210 208 207 205 204 203 202 200 199 196 195 196 197 196 196 195 193 190 188 187 186 188 191 191 
175 176 176 176 176 176 175 174 174 174 172 172 174 176 178 179 179 180 180 180 180 183 183 181 182 183 185 185 188 191 193 194 195 197 197 197 198 198 199 200 201 201 202 204 205 203 200 198 196 195 194 192 192 191 191 193 195 197 199 199 199 201 202 203 204 205 206 206 205 208 208 209 209 209 210 212 212 211 209 207 207 205 204 203 201 200 199 197 197 197 196 195 192 189 187 187 186 188 191 191 
172 174 174 174 175 176 175 174 173 173 172 173 175 176 178 179 180 181 181 179 180 183 182 181 182 184 185 185 186 190 192 193 195 197 197 198 199 198 200 200 201 201 201 202 203 203 201 199 197 196 196 195 194 193 193 195 197 199 201 202 202 204 205 206 207 207 208 207 207 209 210 209 210 211 212 214 214 213 212 211 209 207 205 204 203 203 202 200 199 199 197 195 192 188 186 187 187 188 189 189 
170 172 173 173 175 175 174 174 173 172 174 175 177 177 178 179 180 180 180 178 179 182 182 180 182 183 185 185 186 188 190 191 193 196 197 198 199 198 200 201 201 201 201 202 202 202 201 199 198 197 198 198 197 196 196 198 200 202 204 204 204 206 208 208 209 209 209 207 207 209 210 210 210 212 213 215 216 215 213 212 211 210 208 206 205 205 204 202 201 200 198 195 192 188 187 188 188 188 188 187 
168 170 171 172 174 173 172 172 172 173 173 176 178 179 179 179 179 179 179 179 179 181 182 180 182 183 184 185 186 187 189 190 192 194 196 197 198 199 200 202 201 200 201 202 201 202 200 200 198 199 200 200 200 199 200 201 202 205 206 206 206 208 209 210 211 210 210 208 207 209 210 210 211 213 215 216 216 215 214 214 212 211 210 209 208 208 207 205 202 202 200 197 194 191 189 190 189 188 187 186 
167 168 168 169 171 169 169 169 169 170 172 175 178 180 180 180 180 180 178 179 180 181 181 180 182 183 184 185 187 187 188 190 192 194 196 197 198 199 200 202 201 201 203 202 202 202 201 201 201 201 202 202 202 202 203 203 204 207 208 207 206 209 211 211 212 211 211 209 209 211 212 212 213 215 216 218 217 216 215 214 212 211 211 210 210 210 209 208 205 204 202 199 197 194 192 192 191 190 189 187 
165 165 166 167 167 167 167 166 168 169 171 175 178 179 180 182 181 180 179 179 180 181 180 180 182 182 183 184 187 188 189 191 193 194 196 197 197 199 201 202 201 202 203 204 204 202 202 203 202 202 203 203 204 202 203 204 206 208 208 209 209 210 212 214 214 213 212 211 211 213 214 214 215 216 218 219 218 217 216 214 214 215 213 213 212 212 212 209 207 205 203 203 201 198 196 195 195 193 191 189 
163 164 164 164 164 165 165 166 167 169 172 175 179 180 181 182 182 180 179 179 180 181 180 180 182 182 183 184 187 188 189 190 192 194 196 198 197 199 201 201 201 202 203 204 205 203 203 203 202 204 205 204 205 204 204 205 206 209 209 210 211 212 214 216 216 215 214 213 213 215 216 216 218 218 218 219 219 218 216 215 215 216 214 214 214 214 214 212 210 209 207 206 204 201 199 198 197 195 193 191 
162 161 162 163 163 164 165 165 168 169 171 176 179 180 181 182 183 182 181 180 181 180 181 180 181 182 183 185 187 188 189 190 192 193 196 198 197 198 200 200 201 202 203 204 205 204 204 204 203 205 206 205 205 205 206 207 207 209 210 209 211 213 215 217 217 218 216 215 216 217 219 220 221 221 222 221 220 219 217 217 218 217 215 216 217 217 216 215 214 212 209 209 207 204 202 201 199 197 194 192 
161 160 161 162 163 164 164 166 167 168 171 175 178 179 180 182 183 183 183 182 182 182 181 180 182 182 184 186 187 188 189 190 192 194 196 198 197 198 200 199 200 201 203 204 205 204 205 205 205 204 205 206 205 206 207 208 209 210 210 211 213 214 216 218 219 220 218 217 217 218 220 222 223 225 224 223 222 221 219 218 219 218 217 218 219 219 217 215 215 213 211 210 208 206 204 203 202 199 196 193 
159 158 161 162 162 163 164 165 166 167 170 174 177 178 179 181 182 183 183 183 183 183 182 181 183 183 185 186 187 188 189 191 192 194 196 197 198 199 200 199 200 201 202 203 204 204 205 206 206 205 205 206 207 207 207 209 211 212 213 215 216 217 218 220 222 220 219 218 219 220 222 224 225 226 225 225 224 223 221 221 221 220 219 220 221 221 218 216 215 214 212 211 209 206 206 205 204 202 199 195 
157 158 162 163 163 163 164 165 166 166 169 172 176 177 178 180 182 183 183 182 183 182 183 182 183 183 184 185 186 188 188 190 192 194 196 196 198 199 200 199 200 200 201 203 204 204 205 206 207 207 207 209 209 209 209 210 212 213 214 217 218 219 220 222 223 222 221 221 221 222 223 225 227 228 226 227 226 224 222 223 223 223 224 224 223 223 221 218 216 215 213 211 210 208 206 206 206 204 201 197 
158 160 162 162 163 164 165 166 166 167 168 170 174 176 177 180 181 182 183 182 182 183 182 182 183 184 184 185 186 188 189 190 192 193 195 195 197 198 200 199 200 200 200 202 203 203 206 207 207 208 209 210 211 211 211 212 212 214 216 218 219 220 221 223 224 224 223 224 224 223 225 227 228 228 228 228 227 226 224 225 226 227 227 226 225 227 226 222 218 217 215 213 211 210 209 208 207 205 201 198 
159 161 162 161 162 163 165 166 167 167 168 169 172 174 177 179 181 181 182 182 182 183 183 183 184 184 184 185 186 188 189 190 190 192 194 194 196 199 200 199 199 200 200 202 203 204 206 207 208 210 211 210 211 212 212 212 213 216 217 218 221 222 223 224 225 225 225 225 224 225 226 228 229 229 228 228 227 226 225 227 228 230 230 227 227 229 228 226 222 220 218 216 213 212 211 210 209 206 202 199 
160 159 161 161 161 162 164 165 166 167 168 169 173 175 178 180 181 180 182 182 182 182 184 185 184 183 184 185 187 189 189 190 191 192 193 194 196 198 199 200 200 201 201 202 203 205 206 207 208 209 210 211 211 212 211 212 214 217 218 220 221 223 225 226 227 228 227 227 227 227 227 227 229 231 229 228 228 227 226 227 229 231 231 229 228 230 230 228 226 223 221 219 218 214 213 212 212 208 204 201 
160 160 160 161 162 162 163 164 165 166 167 168 172 175 177 179 180 180 180 180 181 183 184 184 184 184 185 187 188 188 189 191 192 192 193 194 194 196 198 199 200 200 200 201 203 204 206 207 208 209 210 211 211 212 211 212 214 217 219 221 223 225 226 228 229 229 228 228 229 228 228 228 230 230 230 229 229 228 228 229 232 234 233 232 231 232 232 230 228 227 226 224 222 218 216 215 214 210 206 203 
160 160 161 161 162 163 162 162 164 164 166 168 173 176 178 180 181 181 181 181 182 184 184 185 186 186 189 189 189 189 190 191 192 193 194 194 194 194 196 199 200 200 200 201 202 204 205 206 207 208 209 210 210 211 211 212 215 217 218 220 222 223 225 227 229 230 229 230 230 230 229 229 230 231 230 229 230 229 229 230 233 234 234 233 233 234 233 232 231 231 230 229 225 222 219 218 217 213 209 206 
161 161 162 161 162 162 163 162 162 164 166 168 172 175 178 179 180 181 180 180 183 183 183 184 185 187 190 190 190 190 190 191 192 193 195 195 195 195 196 198 201 201 202 202 203 203 204 205 206 207 208 208 209 210 211 212 215 215 217 219 220 222 223 225 227 229 230 230 230 230 230 230 230 231 230 229 229 230 229 230 232 233 234 233 233 235 234 233 233 233 233 232 229 226 223 222 219 215 212 209 
162 161 162 162 162 163 164 163 164 165 166 168 171 173 175 177 178 180 179 179 181 183 183 184 185 187 189 190 191 191 192 191 191 192 195 195 196 196 197 198 200 202 202 202 203 204 205 205 206 206 207 207 208 210 210 211 214 215 216 218 220 221 222 224 226 227 230 231 231 230 229 229 229 230 229 230 230 229 229 230 231 232 234 234 234 235 236 235 235 235 234 233 231 228 226 224 221 217 215 212 
162 161 162 163 163 165 165 164 164 166 167 169 170 173 175 176 177 179 180 180 181 183 184 184 186 188 189 190 191 192 193 192 191 192 194 195 195 196 197 198 200 200 201 202 203 204 205 206 207 205 206 206 207 209 209 210 213 214 216 218 219 220 221 222 224 227 228 230 230 230 229 229 229 229 229 229 230 229 229 230 231 232 233 233 234 235 236 237 236 236 234 233 231 230 228 226 222 219 216 214 
162 161 162 163 164 166 166 165 165 167 168 169 171 174 176 176 177 180 182 181 181 183 185 185 185 187 189 190 191 193 192 192 192 193 194 195 196 195 196 197 199 200 201 202 203 205 205 206 207 206 205 205 206 208 209 209 212 214 215 217 218 218 219 220 223 225 227 228 228 229 229 228 228 228 228 229 229 228 228 228 229 231 232 233 234 235 236 237 236 236 234 232 230 228 227 227 225 221 220 217 
162 162 162 163 165 166 166 165 165 167 167 168 171 174 175 175 177 179 182 181 181 182 183 184 184 186 189 189 191 192 193 193 192 192 194 195 195 195 196 197 198 200 201 202 204 205 205 205 205 205 205 206 207 208 209 210 211 214 216 217 218 218 218 220 221 224 226 227 227 228 228 229 228 227 227 228 229 228 227 227 228 229 231 232 233 234 235 236 237 237 235 232 230 228 228 228 228 225 224 221 
164 163 165 165 165 165 166 166 167 168 168 169 170 172 174 175 177 178 179 181 181 181 182 184 185 187 188 189 191 191 192 192 192 193 194 195 196 196 196 197 199 200 201 202 203 204 204 205 205 204 205 208 208 209 210 211 212 213 216 217 217 216 218 219 221 224 224 225 226 227 228 229 228 227 228 228 228 228 228 227 227 228 230 231 232 234 235 237 238 237 235 233 231 230 231 231 231 229 228 227 
163 163 165 165 165 165 166 167 167 168 168 169 170 171 173 174 176 177 178 180 180 180 182 183 185 187 189 189 189 190 190 191 191 192 194 196 197 197 197 199 200 201 201 202 203 204 206 206 206 206 207 209 209 210 211 212 213 214 216 218 217 217 218 219 220 222 223 224 225 226 227 227 227 226 226 226 226 226 225 225 226 227 228 230 232 234 236 237 238 237 236 234 233 233 235 235 234 233 231 231 
162 163 164 164 164 164 165 166 166 166 167 168 169 170 171 173 175 176 176 180 181 181 182 184 185 186 188 188 188 188 189 191 192 193 194 195 197 198 197 198 199 201 201 201 203 205 206 207 207 207 209 209 210 211 212 213 214 215 217 218 218 218 218 219 219 220 222 223 225 226 226 227 227 226 225 224 224 223 223 223 224 225 227 229 232 234 236 237 237 238 237 236 235 236 237 239 237 236 234 233 
160 161 163 163 163 164 164 165 165 165 166 167 168 168 170 172 175 176 176 179 181 181 183 184 184 184 186 186 186 187 189 191 191 193 194 195 196 197 197 197 199 200 201 201 202 204 206 207 207 208 208 209 210 211 212 214 215 216 218 219 219 219 219 219 218 220 221 223 224 225 226 226 226 225 223 222 222 222 222 222 222 224 226 229 232 234 236 237 238 239 238 237 237 238 239 240 239 237 237 234 
158 159 163 164 164 165 165 165 166 166 165 166 166 166 167 170 173 174 175 178 179 180 183 182 181 181 182 183 184 185 187 189 190 191 194 194 196 197 197 198 199 200 200 200 202 204 206 207 207 208 209 210 211 211 213 215 216 217 219 220 220 220 220 220 219 220 221 223 224 224 225 225 225 224 222 221 221 221 221 221 222 224 226 230 233 235 237 237 238 239 239 239 240 240 241 242 242 240 238 236 
157 158 161 163 164 164 164 164 164 165 164 165 165 165 166 168 170 171 174 176 177 179 181 180 178 179 180 181 182 183 185 187 189 191 192 192 194 197 197 197 199 200 200 201 202 204 205 207 208 209 210 210 211 212 213 215 217 219 220 220 221 222 222 221 220 221 221 223 224 224 224 224 224 223 222 221 221 221 221 220 221 223 227 231 233 236 237 239 239 239 241 241 241 242 243 244 243 242 240 237 
155 157 160 161 163 164 163 162 163 164 163 165 166 164 165 167 169 169 172 173 175 177 178 177 176 179 180 179 180 182 185 186 189 191 192 192 194 196 196 196 198 200 201 201 202 203 205 207 208 210 211 211 211 212 213 216 217 218 219 221 221 223 224 223 222 222 223 223 224 223 223 223 224 224 222 222 222 222 221 220 220 223 227 230 233 236 238 239 240 241 242 242 243 244 245 245 245 244 241 239 
155 157 158 159 161 162 162 162 162 163 164 164 164 164 165 167 170 170 171 172 174 176 176 175 175 178 179 180 181 182 184 186 188 191 193 193 194 196 196 196 197 199 200 200 200 202 204 206 207 210 210 210 212 213 214 216 218 219 220 220 222 223 224 225 224 225 224 224 223 224 224 224 224 224 223 222 222 222 221 220 221 222 226 230 233 235 237 239 240 241 242 243 244 245 246 246 246 245 243 241 
154 155 157 157 158 159 160 161 161 162 163 164 164 165 165 167 169 170 170 171 174 176 176 176 177 178 180 182 183 183 184 186 189 191 193 193 194 196 196 196 195 197 198 198 199 201 203 205 206 208 209 210 212 213 214 216 219 220 221 221 222 223 225 225 225 225 225 224 223 224 224 224 223 223 223 222 221 221 221 220 220 223 226 230 232 232 234 237 240 240 242 243 244 245 246 246 246 245 244 243 
151 153 154 156 156 157 158 160 161 162 162 163 164 165 166 167 168 168 171 172 174 176 177 177 178 179 181 184 184 185 186 188 191 191 192 193 195 196 197 196 195 197 197 197 197 198 200 203 204 207 208 209 211 213 214 216 218 220 222 223 224 225 226 227 227 227 226 225 224 223 223 224 224 224 224 222 221 220 220 221 221 222 226 229 231 232 233 235 237 239 241 243 244 245 245 245 246 246 245 245 
151 151 153 155 155 156 158 159 161 162 161 161 164 165 166 167 168 168 172 173 175 176 178 178 180 180 181 184 185 186 187 189 191 191 192 192 195 197 198 197 197 197 196 196 196 197 199 201 203 206 207 209 211 212 213 215 216 220 222 224 226 226 227 228 228 228 227 226 225 224 224 224 224 226 225 223 221 220 220 221 222 223 226 229 230 230 231 232 234 237 239 243 244 245 246 245 246 246 245 245 
151 151 153 155 156 157 158 159 160 161 161 161 163 164 165 166 167 168 172 173 175 176 178 179 181 182 182 183 186 188 189 191 192 192 192 193 194 196 196 197 198 198 197 197 197 197 199 200 202 204 206 208 209 211 212 214 216 218 222 225 227 227 228 229 229 230 229 228 226 225 225 225 225 226 226 224 222 220 220 221 222 223 227 229 230 230 230 230 232 235 239 243 245 246 246 246 246 246 246 246 
151 152 153 154 156 158 159 159 160 160 160 161 162 163 164 165 167 169 170 172 174 175 178 180 182 183 183 184 186 189 191 191 193 194 193 194 195 196 196 197 198 199 199 198 199 199 199 200 200 203 206 207 208 209 211 213 214 216 220 224 227 228 229 230 230 231 230 229 228 227 227 226 226 227 226 224 223 221 221 221 222 223 226 229 229 229 229 230 232 236 239 243 245 245 244 246 246 247 247 247 
152 152 153 154 155 158 159 160 159 160 159 159 161 162 163 165 166 168 169 171 173 175 177 180 182 183 185 185 187 190 192 193 194 195 196 195 196 197 197 197 199 199 200 201 201 201 201 201 200 202 205 205 206 207 209 212 213 215 219 223 226 228 230 230 230 230 231 230 229 228 228 227 226 226 226 225 224 223 222 223 224 225 227 228 228 228 228 229 232 235 239 242 244 244 244 245 246 247 247 247 
153 154 154 154 156 158 159 159 158 159 158 159 161 163 164 165 167 167 170 172 174 175 177 179 181 183 184 185 188 191 192 193 193 194 195 196 196 198 197 197 199 200 200 201 202 203 203 202 201 203 205 206 206 207 209 211 212 215 218 222 225 228 230 231 231 230 232 231 230 229 229 228 227 225 225 225 225 225 226 225 226 227 228 229 228 227 227 228 230 233 237 241 243 244 244 245 245 245 245 246 
155 155 155 155 156 158 159 159 159 159 160 161 162 163 165 166 167 167 170 171 174 176 177 178 180 182 183 185 188 191 192 193 193 194 195 196 197 197 197 197 198 198 200 201 202 203 205 204 203 205 206 207 206 207 209 213 215 216 219 223 225 227 229 232 232 232 231 232 231 230 229 228 228 226 226 226 227 227 228 227 227 229 228 229 228 228 226 226 228 232 236 239 240 242 244 244 246 244 244 245 
157 157 157 157 158 159 160 160 161 161 161 162 162 163 166 167 167 168 170 171 174 176 177 177 179 180 182 185 189 191 192 193 193 194 196 197 197 197 197 198 198 199 200 202 204 205 206 206 205 206 206 207 207 207 210 213 216 218 220 223 224 227 230 231 232 233 232 231 232 232 231 230 229 227 226 227 229 228 229 229 228 229 229 229 229 228 228 228 229 232 236 237 239 242 244 244 244 243 242 242 
160 160 158 158 159 160 162 162 162 163 162 163 163 164 167 168 168 169 171 172 174 176 176 177 177 179 181 184 189 191 193 194 195 196 196 197 198 197 197 199 199 199 201 203 204 205 206 207 206 206 207 208 207 208 210 213 216 219 221 223 225 227 230 232 232 234 232 232 232 233 234 233 231 229 227 227 229 230 230 230 229 229 228 228 229 229 230 230 231 233 235 236 238 241 243 243 243 241 240 240 
162 162 161 160 161 162 162 162 163 164 164 165 165 166 168 169 170 171 172 172 174 176 177 176 177 179 181 183 188 191 193 195 197 197 196 197 197 197 197 199 200 200 201 202 203 204 205 206 207 206 207 207 207 208 210 213 216 219 222 224 225 227 229 230 231 232 232 232 233 235 235 235 233 231 228 228 229 230 231 230 229 229 228 229 230 230 231 232 232 234 235 236 237 239 241 241 241 239 238 239 
164 164 164 163 163 164 164 164 164 164 166 167 167 167 169 171 172 174 174 174 176 178 179 177 178 181 182 184 187 190 192 194 196 197 197 197 196 196 197 198 200 201 200 201 202 203 205 206 205 207 206 207 207 208 210 213 215 219 221 223 225 226 227 228 230 230 231 232 233 234 236 236 235 232 229 228 230 231 233 231 231 230 229 230 231 232 232 232 233 233 233 233 234 236 238 239 237 236 236 236 
166 165 166 166 165 166 166 166 166 166 167 168 168 169 170 172 173 175 176 177 178 179 180 180 181 183 183 184 187 188 191 194 195 196 198 197 196 197 197 198 199 200 201 201 201 203 205 205 204 206 207 207 207 209 210 213 214 217 219 221 223 224 225 225 226 228 230 231 232 233 235 237 236 232 229 230 232 233 234 234 233 232 231 231 233 233 233 233 232 231 230 230 230 233 236 237 236 235 235 234 
167 167 168 167 166 167 167 168 167 167 168 170 169 169 171 172 174 176 178 179 179 180 181 181 182 183 184 184 185 186 189 192 193 195 196 196 196 195 195 196 197 198 199 200 200 202 203 204 204 205 206 206 208 209 210 211 211 212 214 217 218 219 219 219 221 223 226 229 230 232 235 237 235 233 231 231 233 234 235 235 235 234 233 234 235 235 235 234 231 229 227 226 227 229 232 234 235 234 234 232 
170 170 169 169 167 168 169 169 169 169 169 170 170 170 171 172 174 176 179 181 180 179 181 183 183 183 185 184 184 185 187 190 192 194 195 195 194 194 194 194 195 196 197 198 199 199 200 201 202 203 203 206 208 209 210 209 208 209 210 212 214 214 215 215 215 220 223 225 229 231 235 236 235 234 233 234 234 234 235 236 235 234 233 235 236 236 235 234 232 229 226 223 224 226 228 231 233 233 233 231 
170 170 170 170 169 169 170 170 171 172 172 171 171 172 172 172 174 177 179 181 182 183 182 182 181 182 184 183 184 185 187 189 191 193 194 193 192 191 192 194 195 196 196 196 197 198 200 201 201 200 201 204 207 208 206 206 206 206 206 207 209 210 209 210 213 219 221 223 226 230 233 235 235 234 234 234 234 234 235 235 235 234 235 235 236 237 235 233 231 228 226 224 223 223 225 228 231 231 231 230 
173 171 171 171 170 171 171 171 172 173 173 171 172 173 174 174 176 179 180 181 183 185 183 182 181 183 184 184 185 185 186 188 189 191 192 193 192 192 193 193 193 193 194 194 195 196 197 197 198 198 200 203 205 206 205 204 205 204 204 205 206 207 206 208 210 215 218 221 224 228 231 234 235 235 235 235 235 235 235 235 235 235 235 235 236 236 234 232 230 228 226 224 223 222 224 226 228 228 228 228 
174 173 172 171 171 172 172 172 174 175 174 173 174 175 176 176 178 180 181 182 184 185 184 183 182 183 185 184 184 184 185 186 187 189 191 191 192 192 192 191 190 192 193 194 195 195 195 195 197 197 199 201 203 203 203 204 204 205 204 203 203 204 204 206 209 213 215 219 223 227 231 234 236 238 237 237 237 236 236 237 237 236 236 236 237 236 234 231 228 227 225 224 223 222 223 225 225 225 226 226 
175 176 175 174 174 174 174 173 175 176 176 175 176 177 178 178 179 180 182 183 185 186 185 184 183 184 186 186 186 185 184 185 186 188 190 190 190 190 191 191 190 192 193 194 195 194 193 195 196 197 199 200 200 201 202 203 203 204 204 204 203 202 203 206 209 212 214 218 223 228 233 236 237 238 239 238 237 236 237 238 239 239 238 237 236 235 232 229 226 225 224 223 223 222 222 223 224 224 224 224 
177 180 180 179 179 177 176 175 175 177 178 177 177 178 179 180 180 181 183 185 186 186 186 185 184 185 187 188 188 187 186 185 186 188 190 190 192 193 192 193 192 191 192 193 194 193 193 193 194 197 198 199 199 199 201 202 202 203 204 205 204 203 204 206 208 213 214 216 222 230 235 238 238 239 239 238 237 236 237 238 239 240 239 237 234 232 230 226 224 224 224 224 223 222 222 223 224 224 223 223 
180 181 181 181 180 179 178 177 177 178 179 179 179 180 180 182 183 183 185 186 186 187 188 188 187 187 188 189 189 188 187 186 187 186 188 190 193 195 194 193 192 192 193 192 193 194 194 194 193 196 197 198 198 199 200 201 201 202 203 205 206 206 206 207 208 213 213 215 221 228 235 238 239 240 239 238 237 236 236 237 239 240 239 236 233 231 228 225 224 224 224 224 223 222 222 223 223 223 222 222 
182 182 182 183 184 183 182 180 179 180 181 181 181 181 181 183 185 185 185 186 187 187 188 190 189 188 189 188 189 188 187 187 186 186 187 190 193 195 195 194 193 193 194 195 194 195 195 194 194 196 197 197 199 201 201 201 201 202 203 206 208 208 209 210 211 213 214 216 220 226 232 236 237 239 238 237 236 235 236 237 237 239 239 237 233 230 227 225 224 224 223 224 223 222 222 223 223 223 222 221 
186 187 187 188 188 188 187 183 182 181 183 184 183 182 182 184 186 185 186 186 186 187 188 190 191 189 188 189 188 187 188 187 186 187 189 191 194 195 196 196 195 194 195 196 197 196 196 196 195 197 197 198 200 202 202 202 202 202 204 207 209 210 212 213 212 215 216 217 219 224 230 233 235 237 236 235 235 236 237 237 238 239 240 238 233 230 227 226 225 225 224 223 223 222 222 223 224 223 222 221 
189 192 194 194 193 191 189 187 185 184 184 184 185 184 183 184 186 185 188 188 187 187 190 192 193 192 190 189 189 188 188 187 187 187 190 193 194 196 196 195 196 197 197 198 198 198 199 198 197 197 198 199 201 202 203 203 203 204 205 209 212 214 215 216 216 217 218 219 220 222 225 229 232 235 237 235 235 236 237 237 238 239 238 236 233 230 227 226 225 224 224 223 223 222 221 223 223 223 221 221 
194 195 197 198 199 197 192 188 186 186 185 185 186 184 184 186 187 187 190 188 189 190 192 194 193 193 192 191 190 189 188 187 187 188 191 192 194 197 198 198 198 199 199 200 200 200 200 199 199 199 200 201 202 204 205 205 205 205 208 211 214 216 218 218 217 218 218 218 219 221 224 227 230 233 235 234 234 235 237 237 238 239 238 235 233 229 225 224 223 223 223 222 222 221 220 222 222 222 221 220 
198 199 201 204 207 205 198 192 189 188 187 188 187 186 186 188 189 188 190 190 189 192 195 195 195 194 193 193 192 190 189 188 189 190 193 194 195 197 199 200 200 201 202 203 203 202 202 202 201 200 201 202 203 204 205 206 206 207 210 213 216 218 220 220 218 219 219 218 219 220 222 225 227 232 234 234 234 235 236 237 238 239 238 235 233 229 226 223 222 223 223 223 222 221 221 221 221 220 220 219 
200 203 205 209 213 210 202 197 193 190 189 190 190 189 189 190 190 190 190 189 190 192 195 197 197 196 193 193 192 191 190 190 191 192 193 195 196 198 200 201 202 203 204 206 205 204 204 204 204 203 203 204 204 205 206 207 208 209 211 215 217 219 220 220 220 220 219 219 219 219 221 224 226 230 233 233 234 235 235 235 237 237 237 235 233 229 226 223 222 223 224 224 223 222 222 222 221 220 220 220 
203 208 210 215 218 215 208 202 197 192 192 193 192 191 190 191 191 192 192 191 191 193 195 196 196 196 192 194 193 193 192 192 193 193 194 196 197 197 200 201 202 205 206 207 207 206 206 206 206 205 206 206 206 207 208 209 210 212 214 216 218 219 221 221 221 219 219 220 219 220 221 224 225 228 231 231 232 233 233 234 236 237 236 234 232 230 227 224 223 223 224 223 223 223 222 221 221 221 221 221 
208 211 215 220 222 220 213 208 202 197 196 195 194 193 193 193 193 192 193 193 193 194 195 196 196 196 195 194 193 194 194 194 193 194 194 196 197 199 200 202 204 206 208 209 208 208 208 208 208 207 207 208 208 208 209 210 212 215 216 218 219 220 222 222 221 219 220 220 220 221 222 223 224 227 230 231 231 231 232 233 235 236 235 233 232 231 227 225 224 224 224 223 222 223 222 221 221 222 222 222 
212 214 219 223 225 222 218 212 206 202 200 197 195 194 194 194 193 193 192 192 194 195 196 195 195 195 195 194 193 194 195 195 194 194 195 197 197 199 201 203 205 208 209 210 209 210 210 210 209 209 209 210 210 210 211 213 214 216 218 220 221 222 223 222 221 220 221 221 222 222 222 223 224 226 229 229 230 230 230 231 234 234 234 233 233 232 229 228 225 225 224 223 222 224 223 222 223 223 223 223 
214 217 220 223 226 224 219 214 209 206 203 200 196 195 195 195 194 193 191 192 193 194 195 195 195 196 196 195 193 194 195 195 196 195 195 196 197 200 203 205 207 208 210 210 211 211 211 211 210 210 210 212 213 212 214 214 216 216 218 221 222 222 222 221 221 220 221 222 222 222 222 222 223 224 227 227 228 228 228 229 231 232 232 232 232 232 231 229 226 225 226 225 224 225 225 225 224 224 224 225 
213 218 220 223 225 224 220 215 211 209 207 203 199 199 198 197 196 194 193 193 193 195 196 196 196 197 196 195 195 196 196 196 197 197 196 198 200 201 203 206 207 209 209 210 211 211 212 212 212 212 212 213 213 214 216 217 218 218 220 222 223 223 222 222 222 220 221 223 222 222 221 221 223 224 224 226 227 227 227 228 229 230 230 230 231 231 230 229 227 226 225 226 227 226 225 226 226 226 227 227 
210 215 218 220 222 221 219 217 213 210 207 205 203 202 201 200 197 194 193 192 192 195 196 195 196 196 194 196 196 197 197 197 197 198 199 199 200 201 203 206 207 208 209 210 210 211 212 211 212 212 213 214 215 217 218 219 219 220 220 221 222 222 222 221 221 222 222 222 223 222 222 222 222 222 223 225 226 226 225 226 228 228 229 229 230 230 231 230 228 227 226 226 226 226 226 226 227 227 228 228 
205 212 215 217 218 218 217 216 213 211 209 207 205 204 203 201 197 195 194 193 193 195 196 195 195 195 195 196 197 198 197 197 197 197 198 198 198 201 203 206 207 207 208 209 210 210 211 211 212 212 213 214 215 217 218 218 219 221 221 221 221 221 221 220 219 222 221 222 223 223 222 221 221 222 223 224 224 224 224 224 226 227 228 228 228 229 230 231 229 228 227 227 227 227 227 226 227 228 229 229 
204 208 213 215 215 215 213 214 213 212 211 209 208 206 204 201 198 197 195 194 194 195 195 194 194 195 197 197 197 197 197 196 196 197 197 197 198 201 203 205 206 207 208 209 209 210 210 210 211 212 213 214 215 216 219 219 220 222 222 221 220 219 219 218 219 220 220 221 222 223 222 221 221 221 221 222 223 222 222 222 224 226 227 227 227 228 229 230 230 229 228 228 228 228 228 228 227 227 229 230 
204 206 210 213 213 212 211 210 212 213 213 212 211 209 207 203 200 196 196 195 195 196 195 195 195 196 197 197 197 196 196 196 196 197 199 199 201 203 204 205 205 206 207 208 209 209 210 211 212 212 214 214 215 216 218 220 221 221 221 220 219 218 218 217 219 220 220 221 221 222 222 221 220 220 220 220 220 220 220 220 223 225 226 226 226 227 228 229 229 230 230 230 230 230 230 230 227 228 230 230 
202 204 205 208 210 209 209 211 213 214 215 215 214 211 209 204 200 197 196 195 196 196 196 196 197 198 196 196 196 195 195 196 196 197 199 200 202 203 204 204 204 205 206 207 208 209 210 211 212 212 212 214 214 215 217 219 220 220 220 221 220 219 217 217 218 219 219 220 221 221 221 221 220 219 219 219 219 219 219 220 221 224 225 225 225 225 227 227 229 230 230 231 230 231 231 231 228 229 229 230 
202 203 203 206 209 211 211 215 217 218 219 218 216 212 210 207 203 198 197 196 196 196 197 197 197 197 197 197 197 196 196 197 197 198 199 201 202 203 203 203 204 205 206 208 208 209 210 211 212 213 213 213 214 215 217 218 219 220 220 220 219 218 218 217 218 218 219 220 220 220 220 220 220 219 218 218 218 218 218 220 221 222 224 224 225 226 226 226 227 229 230 231 229 230 231 231 230 228 228 229 
203 202 203 205 208 213 216 218 221 224 223 222 218 214 211 208 204 200 197 197 195 195 197 196 196 196 197 197 197 197 196 196 197 199 200 202 203 204 204 203 205 206 207 208 208 209 210 211 212 213 214 213 215 216 217 219 218 220 220 219 218 219 219 218 217 217 218 219 219 220 219 219 218 218 217 217 217 217 217 219 220 221 222 223 225 226 226 226 226 228 229 230 229 229 229 230 231 230 228 227 
204 203 204 205 208 215 220 222 225 228 227 225 220 215 211 208 203 200 198 196 195 196 196 195 195 195 196 196 197 197 197 196 198 200 201 201 203 204 204 204 205 205 206 207 207 208 209 210 211 212 213 213 215 216 217 218 218 219 219 218 218 218 218 217 216 217 216 217 218 219 219 218 216 216 215 215 217 217 217 218 219 219 220 222 223 225 226 225 226 226 227 228 229 228 228 229 230 230 229 227 
205 205 205 206 211 216 221 223 225 229 228 225 220 215 211 206 202 199 198 196 195 195 195 195 194 194 196 197 198 198 198 197 197 199 200 200 202 204 204 205 205 205 206 206 206 207 209 210 210 211 211 212 213 215 216 218 218 219 218 216 216 215 215 215 215 215 215 216 216 216 217 216 215 215 214 215 216 216 216 217 218 218 218 220 222 225 226 224 225 224 225 226 227 227 227 228 229 229 229 227 
204 206 206 208 212 217 221 223 224 226 225 222 218 214 209 203 201 200 199 197 196 195 195 194 195 195 196 196 197 198 198 197 196 198 199 199 201 202 204 205 205 205 206 206 206 207 207 209 209 210 210 211 212 213 214 215 217 218 217 216 215 214 212 212 212 214 214 214 215 214 214 215 215 215 215 215 216 215 215 216 217 217 217 219 221 223 223 223 223 222 223 224 225 226 226 226 228 228 228 227 
