178 167 168 170 182 172 169 170 172 169 175 184 175 175 179 180 178 184 192 176 173 179 176 178 184 178 176 177 178 177 173 172 181 182 178 175 175 176 175 177 178 176 196 202 183 178 187 185 179 179 176 176 177 174 172 171 173 179 176 173 169 163 186 202 185 184 183 180 179 179 182 189 191 182 181 198 203 193 182 175 175 178 173 186 184 172 173 177 176 178 191 203 187 186 192 177 169 179 179 173 
177 165 168 173 180 172 170 170 172 169 177 186 173 176 178 179 176 184 189 176 178 183 178 179 182 177 175 178 178 174 172 172 183 180 175 174 174 177 176 176 177 175 196 202 182 177 186 186 177 176 177 182 172 173 175 169 171 179 173 172 168 166 192 201 185 183 182 179 179 180 184 191 191 179 184 198 205 191 184 180 179 184 175 185 184 174 180 177 172 180 196 198 188 195 192 171 182 194 190 192 
174 165 169 172 176 171 170 171 171 171 179 183 172 178 180 179 174 179 185 174 179 181 178 180 180 176 175 178 178 175 174 174 183 179 175 175 175 177 175 177 176 176 198 199 182 181 183 184 179 179 182 183 174 173 177 170 170 178 173 173 169 175 200 198 184 183 182 180 181 182 187 191 188 179 183 198 204 191 185 184 180 182 176 185 181 175 181 176 172 183 197 192 196 197 189 179 198 198 191 198 
174 166 171 171 173 171 168 171 170 174 180 178 172 177 178 178 172 176 183 175 180 179 179 181 178 175 175 177 180 175 175 173 183 178 174 175 176 177 174 179 176 179 202 195 180 181 182 181 179 178 182 185 186 173 177 172 171 176 173 173 170 184 206 195 184 182 182 183 182 182 189 189 187 180 181 199 200 197 192 190 192 186 173 183 184 175 181 180 179 191 202 195 198 194 199 206 204 195 195 195 
175 165 172 171 169 171 171 170 171 175 184 178 174 177 176 180 173 179 185 175 179 180 178 180 178 174 179 179 179 175 173 175 187 178 172 177 177 174 174 176 176 178 200 189 178 182 185 180 178 178 178 182 179 174 172 175 173 175 176 172 170 189 204 192 185 183 181 183 180 183 186 190 186 174 183 203 203 196 197 195 198 193 178 187 193 187 189 195 198 200 196 193 195 199 202 210 200 197 193 196 
171 166 170 169 170 173 170 172 172 175 187 178 173 176 184 180 170 173 189 177 181 181 179 180 176 175 180 180 180 175 172 174 185 180 174 175 175 175 176 176 176 183 200 185 181 185 184 187 178 180 183 172 173 174 172 187 180 173 174 171 170 181 200 192 184 180 180 182 181 185 188 188 180 173 184 201 204 199 198 194 195 195 188 199 202 199 202 201 199 198 194 194 200 202 199 206 203 197 194 206 
170 169 171 170 172 174 169 172 172 174 186 176 174 172 179 176 169 170 184 172 176 177 180 179 177 177 182 180 180 177 172 177 184 178 174 176 179 175 178 175 174 184 199 183 179 180 185 190 179 178 181 173 177 177 173 180 176 176 175 173 168 181 202 189 179 180 180 180 181 185 184 182 184 182 182 203 206 201 203 200 200 201 197 203 202 200 204 201 200 201 197 198 198 202 203 206 202 197 200 214 
166 170 171 172 173 170 169 173 172 173 187 174 174 169 172 178 166 171 186 172 175 177 181 179 175 176 180 178 177 175 172 183 186 176 173 177 180 178 179 178 174 183 197 183 177 181 189 187 179 177 176 175 174 173 168 171 179 172 173 166 163 182 201 186 182 190 184 177 187 190 183 181 190 191 188 205 208 202 205 207 205 204 201 202 204 199 199 195 200 204 196 196 202 200 204 203 200 201 200 204 
166 170 170 172 173 170 169 173 171 178 191 177 175 168 164 178 159 174 187 173 175 179 182 180 176 177 179 179 179 174 170 189 189 175 175 179 176 175 178 176 176 187 197 184 181 181 186 180 179 180 177 175 176 173 152 164 181 177 173 173 186 192 199 186 186 195 191 183 193 194 190 200 205 198 194 204 207 204 205 208 205 203 205 206 202 202 200 197 198 199 194 198 197 199 205 201 199 200 191 185 
168 170 169 171 174 174 173 176 173 182 187 173 168 164 153 172 162 178 180 175 178 180 183 180 177 177 177 178 178 176 171 192 186 174 177 181 177 176 178 177 180 193 194 180 182 184 184 180 177 178 176 174 180 170 145 179 188 197 201 203 201 199 195 193 195 199 198 196 192 197 204 209 210 204 200 203 205 204 205 206 204 203 208 204 196 197 193 193 199 199 195 196 193 198 200 195 195 194 184 179 
167 168 169 170 172 176 173 176 173 180 178 169 169 174 148 172 165 177 178 175 180 182 183 179 177 175 173 177 178 176 173 195 185 175 180 180 179 181 180 181 185 194 190 182 182 182 181 179 178 184 184 178 183 176 173 197 205 194 188 206 200 202 198 202 200 198 197 196 196 204 207 208 209 203 201 207 203 203 200 198 199 201 203 191 191 189 178 184 199 199 196 194 197 197 196 193 190 184 179 177 
167 169 171 171 173 176 173 176 173 177 173 171 175 183 158 175 155 174 182 175 179 187 189 185 182 178 175 177 178 175 175 197 186 180 182 180 181 180 177 185 190 193 195 195 193 193 194 190 194 206 204 196 195 202 202 200 210 180 175 208 199 200 200 203 198 195 198 199 203 210 209 207 207 204 206 200 197 196 191 190 193 198 196 180 181 182 174 180 190 199 198 199 200 202 198 189 181 174 178 178 
168 170 172 170 173 173 175 174 171 175 174 179 175 175 180 173 144 182 179 176 190 195 198 194 189 180 174 174 174 174 179 197 183 179 182 188 192 190 188 197 203 199 203 207 207 207 210 205 209 214 210 205 203 205 202 201 207 191 180 208 197 201 201 203 202 199 202 204 208 211 208 204 202 200 205 190 183 189 186 186 193 199 192 179 177 179 177 180 177 204 199 199 202 205 195 181 180 177 176 174 
170 172 174 170 175 175 174 173 167 178 175 177 169 178 178 171 158 187 179 185 197 207 203 196 192 187 179 184 184 177 178 195 190 184 192 199 203 207 206 207 209 204 207 207 210 206 210 208 215 211 215 210 206 207 203 203 207 188 185 204 193 200 200 203 205 202 201 205 210 208 206 201 193 193 199 183 182 190 187 183 193 197 186 177 171 176 175 177 180 200 201 202 207 201 188 179 180 178 176 173 
170 187 175 173 171 170 173 170 169 179 172 178 171 177 180 176 176 200 196 200 201 207 204 199 198 200 196 199 200 192 188 197 200 200 206 205 202 206 205 203 207 204 207 204 207 208 213 213 214 211 211 214 209 211 206 195 206 184 185 195 191 200 198 199 203 201 199 205 207 205 201 190 186 196 201 184 180 179 178 184 196 194 176 171 168 172 176 175 183 197 201 204 210 196 185 178 179 176 173 171 
177 197 182 179 175 170 178 182 182 184 180 182 177 183 192 192 192 207 208 206 204 205 203 200 200 203 204 203 204 201 196 197 203 204 205 205 205 207 204 200 205 202 206 204 207 207 210 211 212 199 207 211 207 205 191 184 190 182 180 183 191 202 194 191 196 198 199 202 207 207 195 180 189 201 197 184 180 178 175 176 193 190 169 166 169 172 180 175 187 198 198 205 208 192 185 180 179 175 174 174 
195 199 191 190 187 180 194 204 196 188 192 188 188 200 205 204 203 207 208 200 197 191 188 196 198 195 203 205 204 201 202 198 203 204 201 202 203 205 200 197 200 196 199 200 204 202 203 203 200 182 202 202 195 190 178 177 179 176 173 184 192 204 188 181 185 190 197 198 204 206 188 177 189 201 195 182 182 175 174 175 184 180 171 168 171 172 181 176 191 201 197 206 206 186 182 179 179 177 178 176 
201 201 194 193 187 194 200 201 202 195 195 197 201 205 205 202 202 197 193 183 183 176 174 190 191 182 192 197 190 194 200 200 201 200 196 196 195 197 194 197 196 199 197 199 199 192 197 193 181 179 194 186 185 186 176 179 178 172 175 182 192 200 181 173 177 180 188 189 192 197 189 179 183 199 198 176 176 178 177 170 177 176 177 174 172 175 180 178 192 202 197 209 202 181 178 176 176 178 179 175 
197 200 201 183 180 203 196 201 204 203 202 208 203 201 200 201 197 181 177 175 180 179 182 196 189 174 179 181 177 184 189 201 199 188 187 189 188 187 185 191 189 201 197 195 191 189 193 185 175 180 192 172 181 190 175 179 177 177 180 178 193 201 178 171 173 173 179 181 186 190 187 180 182 200 197 173 173 181 179 163 172 172 175 174 171 182 180 182 192 199 199 212 204 181 180 177 175 177 178 174 
174 196 189 178 185 201 194 195 196 203 205 204 199 200 198 201 195 177 179 177 176 177 188 194 180 171 177 178 177 178 178 198 193 179 181 182 180 180 181 181 180 203 192 188 184 189 186 182 179 183 194 167 177 187 179 177 177 177 176 181 195 198 177 176 175 173 179 181 184 187 186 182 183 203 194 174 176 180 176 174 174 170 173 168 175 182 179 181 193 197 201 211 200 184 180 176 176 176 177 176 
168 180 166 160 196 196 185 182 181 200 199 191 195 199 199 201 192 175 176 175 176 175 192 192 172 172 177 180 176 177 176 190 183 177 181 180 180 178 181 177 180 205 187 187 185 185 182 180 177 186 198 169 179 180 179 176 177 178 175 180 195 195 176 179 176 175 183 187 185 187 190 181 181 204 195 172 173 180 177 180 173 171 173 171 176 180 180 177 194 198 199 208 195 184 177 176 178 176 178 179 
173 171 167 148 198 193 174 173 177 195 185 184 189 194 200 196 187 175 175 176 178 176 196 192 170 170 174 180 176 176 177 190 182 180 180 178 182 175 176 177 182 205 187 188 185 182 182 181 175 184 200 175 181 177 178 178 178 181 175 181 195 191 179 179 178 178 181 186 186 189 188 179 186 206 196 171 168 177 179 179 175 169 172 175 174 185 183 179 197 199 198 211 194 183 178 177 178 176 179 179 
170 175 165 152 201 189 174 171 179 188 177 178 173 185 202 193 180 177 177 173 177 177 194 189 170 169 176 179 178 176 180 194 180 180 180 177 180 173 176 175 183 207 190 189 185 177 182 183 176 187 201 176 182 179 175 181 181 180 177 181 192 186 179 181 181 180 180 183 188 191 185 179 191 206 192 172 170 176 180 178 180 171 172 176 178 180 181 183 198 198 200 210 192 181 178 177 179 175 179 181 
174 174 169 157 200 178 175 173 176 186 174 175 167 172 183 193 181 180 176 175 176 181 194 186 174 172 178 176 176 178 188 198 178 179 179 178 180 175 178 174 181 206 189 184 182 181 182 182 175 185 200 182 186 177 178 188 190 183 183 187 196 185 180 181 179 179 180 184 189 189 186 182 193 202 184 178 176 178 179 177 183 175 174 177 180 176 178 186 197 196 201 208 192 181 179 178 178 175 178 180 
173 175 172 168 195 172 175 172 181 189 175 177 172 171 159 165 186 178 174 176 173 183 197 183 173 177 179 176 176 174 188 195 179 180 178 177 177 174 179 174 182 204 187 182 186 186 186 184 175 186 199 182 185 180 183 187 187 183 186 190 200 183 179 181 178 178 181 184 186 186 186 182 193 201 179 179 179 177 177 176 179 175 176 179 178 176 178 186 196 194 200 206 191 181 179 179 178 176 178 179 
176 175 172 171 188 173 175 169 191 187 172 178 170 175 144 140 190 173 177 178 176 186 197 181 173 178 179 178 179 178 189 188 177 178 178 178 178 174 176 174 187 205 187 186 191 185 183 184 177 188 202 184 181 184 186 184 183 186 186 188 193 178 177 182 179 178 179 180 184 185 185 178 194 203 179 174 178 178 179 180 176 175 178 182 177 180 181 188 198 196 202 206 189 181 181 179 179 178 178 178 
175 176 171 174 182 173 174 173 191 185 173 174 172 173 144 168 190 173 177 177 177 187 198 184 177 176 178 175 177 180 191 186 178 178 178 178 178 175 176 177 193 206 186 185 188 186 183 184 175 187 204 185 176 183 189 189 180 184 183 197 193 175 177 181 180 179 179 181 183 188 188 180 196 199 176 175 180 180 181 185 174 177 179 180 180 178 179 190 201 198 204 208 187 180 183 180 179 178 179 177 
174 174 173 177 180 174 171 175 193 183 174 176 172 172 169 197 183 175 178 178 176 187 196 181 177 177 178 177 178 179 194 187 176 179 181 180 173 175 176 170 193 205 185 184 183 185 183 184 175 188 204 183 175 184 186 186 180 179 188 193 188 178 181 181 180 180 182 183 184 186 186 179 195 196 174 175 183 177 184 183 179 174 173 175 178 178 177 193 200 199 208 199 184 182 181 181 179 178 179 177 
174 175 176 178 177 173 175 176 188 186 173 171 171 172 180 200 183 175 176 180 178 188 196 179 176 177 177 179 177 183 196 183 175 180 179 179 177 176 177 170 196 203 185 184 183 184 182 185 178 193 205 181 176 182 183 181 183 185 193 197 188 178 183 181 179 180 184 184 184 185 186 184 196 193 176 176 185 180 185 180 182 177 175 176 178 180 177 191 198 200 211 203 185 184 180 180 180 179 178 177 
175 176 177 178 175 172 174 167 172 185 175 174 176 169 173 196 183 175 174 178 177 188 197 179 176 178 178 179 175 184 194 180 179 182 178 178 177 176 178 174 200 199 185 185 185 183 184 184 180 200 203 176 177 180 177 181 181 177 187 202 189 178 179 180 179 180 184 187 188 189 187 187 199 191 179 177 185 184 183 179 182 181 178 176 178 181 183 193 200 200 200 195 187 185 180 181 180 180 180 178 
177 176 174 179 175 173 174 170 184 184 174 174 173 169 177 200 183 175 176 178 175 190 196 178 177 178 179 180 175 186 196 182 177 179 177 179 179 178 179 177 203 195 185 186 187 183 183 182 180 201 199 175 177 177 180 183 182 175 182 196 186 179 178 177 177 181 185 188 189 189 186 187 199 188 179 178 182 186 181 179 179 178 176 177 180 179 180 188 198 199 195 189 187 184 180 180 181 180 180 178 
179 175 175 180 175 175 175 177 196 180 177 175 172 171 187 203 182 174 179 179 179 193 194 178 178 178 180 180 177 186 199 185 174 176 178 181 181 179 177 178 206 195 185 186 187 183 181 181 183 204 200 182 179 177 181 183 187 182 184 190 184 176 181 175 172 182 186 185 181 186 185 186 195 180 176 181 181 185 180 181 180 177 175 180 182 176 176 186 197 204 198 189 187 184 180 182 182 181 181 178 
177 177 180 179 173 174 174 180 197 177 180 172 173 174 190 199 180 175 179 180 181 193 191 177 180 178 179 179 176 186 197 186 176 180 180 180 182 179 175 181 208 196 186 185 184 182 181 181 188 207 203 194 185 178 180 188 192 178 180 190 187 176 180 174 177 184 185 184 180 184 183 183 194 180 178 181 181 181 179 181 181 177 176 182 184 177 181 191 198 206 201 186 186 184 181 183 183 182 181 179 
176 177 181 179 172 173 173 183 196 179 181 172 177 179 196 200 182 179 181 178 178 192 190 178 182 179 178 179 176 188 196 182 177 180 179 181 185 179 176 188 208 196 186 184 182 182 183 181 192 208 199 201 189 175 190 196 198 183 175 189 190 178 177 176 183 183 183 185 183 185 181 182 193 182 180 178 181 177 179 179 181 176 177 181 182 177 182 194 199 206 203 186 185 184 181 183 183 181 181 178 
176 176 180 177 173 174 173 183 196 178 179 171 173 179 202 202 179 177 183 176 179 195 190 179 184 180 178 179 177 188 192 179 178 181 180 179 180 177 178 193 207 195 185 185 181 184 185 179 191 205 193 201 191 179 192 195 195 184 180 195 185 177 181 176 177 179 187 185 179 183 183 187 189 174 177 175 181 176 183 178 180 176 177 182 180 177 181 195 202 205 203 186 186 184 180 182 181 180 180 177 
177 173 175 177 174 175 172 182 197 179 179 173 174 176 202 200 177 178 182 177 180 197 188 177 182 180 183 182 177 188 191 178 178 179 180 179 180 180 175 193 206 195 183 183 181 187 179 181 196 205 188 199 196 185 185 192 201 182 185 195 184 179 180 175 178 181 186 184 183 185 181 187 188 181 171 176 179 179 182 179 179 178 175 178 178 181 187 195 199 209 199 184 184 182 180 182 182 180 179 177 
176 174 175 176 174 176 171 186 196 176 179 172 173 182 203 198 175 176 182 179 180 195 187 178 183 180 181 180 178 193 193 176 177 180 180 180 181 181 176 194 205 195 185 184 180 177 184 187 198 205 189 199 203 186 185 187 190 181 189 196 180 176 179 181 178 183 186 179 182 186 181 187 187 181 175 181 184 181 180 178 179 181 178 182 183 179 188 196 200 206 191 184 182 180 180 182 181 180 180 177 
176 177 177 174 173 178 172 187 194 178 178 175 174 181 206 195 174 177 181 180 181 195 188 178 180 180 181 178 178 198 194 173 177 181 180 179 182 183 181 201 206 194 183 182 180 175 186 189 202 205 199 207 205 187 184 188 189 180 185 195 182 175 178 180 181 192 192 179 180 184 179 187 188 182 180 179 184 182 181 180 182 183 180 184 184 175 187 196 200 196 184 183 180 178 179 181 180 181 180 175 
176 178 178 175 175 178 172 188 192 177 176 175 174 181 208 192 176 178 179 178 185 196 184 179 182 181 179 175 183 203 193 174 178 182 180 179 182 180 182 204 206 191 183 185 185 180 185 183 201 207 209 212 204 185 182 193 193 185 181 193 179 169 173 175 181 188 185 180 182 185 182 193 188 178 182 183 184 183 181 183 184 181 179 183 179 173 188 191 201 187 184 181 179 178 179 181 181 182 180 176 
175 177 178 175 176 177 171 196 190 175 177 173 175 191 208 189 177 182 179 176 185 198 185 179 182 183 181 177 187 204 191 177 180 181 179 180 181 179 182 205 204 188 184 186 186 180 186 178 197 207 208 211 212 192 183 188 185 185 187 193 176 170 174 179 183 188 189 186 187 185 181 195 190 180 182 179 185 185 181 182 182 179 180 184 175 173 194 185 200 184 185 179 180 181 178 180 184 183 178 177 
175 176 175 174 177 176 173 197 186 175 179 177 175 190 209 184 175 184 180 175 183 196 184 181 184 180 177 176 188 202 189 180 182 180 178 181 180 182 185 204 201 187 185 185 183 183 183 176 198 208 208 213 215 196 181 188 187 189 191 192 175 166 168 180 181 189 195 190 186 182 183 198 190 180 188 190 186 183 180 182 183 181 181 183 176 176 194 183 198 185 183 179 181 182 177 180 184 182 178 177 
175 177 176 174 177 176 173 194 181 174 175 175 171 185 211 184 174 181 179 175 183 195 183 179 183 180 179 176 182 199 188 179 181 179 177 181 180 180 182 203 199 187 186 186 184 185 181 181 204 209 205 215 214 195 180 190 189 186 190 193 176 163 171 182 183 187 192 190 187 182 185 200 190 181 183 180 182 183 181 183 183 180 182 182 177 181 182 186 196 182 183 180 182 181 177 179 182 180 178 177 
174 179 177 173 177 175 175 204 187 176 175 171 171 193 211 186 174 179 178 176 185 195 181 182 185 183 182 177 180 198 186 178 180 178 176 182 182 180 183 205 200 186 184 184 182 181 186 186 206 210 198 209 216 193 181 188 182 181 195 193 176 177 177 179 189 190 188 187 183 182 188 203 190 181 182 178 182 184 181 181 180 176 182 185 175 186 167 191 195 178 185 180 182 179 176 178 179 180 178 176 
174 176 175 174 179 174 169 204 185 176 177 174 177 200 207 182 172 180 180 175 188 196 181 179 182 181 180 177 177 200 187 176 182 183 180 180 184 180 188 202 201 186 181 185 181 183 184 181 210 210 192 208 211 193 185 189 184 182 193 189 177 181 176 176 182 189 190 186 185 179 189 202 187 176 186 182 182 180 181 183 180 180 183 183 175 184 168 195 198 176 185 180 181 182 181 178 178 179 175 176 
175 177 177 175 176 172 172 201 178 176 173 171 176 195 205 179 173 178 178 173 188 199 184 178 184 180 184 174 179 203 185 176 181 180 179 179 182 180 190 205 201 186 182 183 181 184 181 182 209 207 192 202 204 193 188 187 182 183 193 190 180 181 177 179 182 185 186 186 188 183 192 200 186 181 182 181 182 180 180 181 181 181 182 180 179 180 177 199 190 179 183 180 178 178 179 180 182 179 175 174 
174 178 177 175 176 173 183 202 176 176 175 169 173 194 205 178 176 179 178 176 191 200 183 177 182 181 180 170 188 204 183 178 179 179 178 179 181 179 192 205 196 184 183 181 181 186 182 187 210 207 201 201 196 195 186 188 185 183 196 193 179 180 178 178 182 189 186 182 189 184 197 203 184 181 180 180 181 182 181 180 181 182 180 179 176 177 179 199 184 179 183 179 177 178 179 182 186 182 177 174 
174 178 175 175 176 174 186 197 175 173 178 173 172 202 202 175 177 179 178 177 194 197 180 179 176 179 180 188 205 201 183 179 179 179 181 181 181 179 194 206 193 184 185 183 185 184 182 191 208 204 208 201 188 191 182 184 186 186 198 192 176 180 183 179 186 197 188 185 188 181 199 206 183 178 180 181 181 183 184 182 182 182 180 180 174 178 179 195 182 180 183 178 180 180 178 180 185 181 177 173 
175 180 176 175 175 173 187 191 172 171 174 170 172 202 199 174 179 179 177 178 194 197 177 177 181 176 184 223 222 196 183 179 179 180 181 182 181 174 194 205 191 185 185 181 184 184 183 192 207 202 209 200 186 190 185 178 180 187 197 186 175 180 181 176 184 196 188 183 183 183 200 204 183 177 181 182 179 183 185 183 182 182 181 181 176 179 188 195 180 181 181 178 180 180 178 177 182 179 176 172 
176 184 175 176 175 171 191 189 171 175 172 169 177 200 195 176 180 178 177 180 197 194 176 178 181 175 191 225 226 199 181 179 180 181 180 181 180 171 196 204 190 185 184 181 180 184 181 189 209 200 203 196 190 192 185 179 178 185 198 184 176 182 181 178 182 186 184 184 182 186 201 197 180 178 181 182 177 182 185 182 181 183 182 181 177 180 198 192 176 179 178 179 179 182 180 178 181 180 175 171 
177 186 174 177 176 170 191 185 172 176 173 173 182 201 188 176 179 176 177 181 197 192 174 175 180 177 201 222 225 200 178 179 181 182 179 180 182 172 200 206 191 186 185 184 181 184 177 183 211 206 204 195 192 188 184 182 180 187 199 183 179 186 181 179 186 186 184 184 182 188 201 194 176 178 183 182 178 181 184 181 181 184 183 179 174 183 199 186 176 176 177 181 182 180 181 181 182 179 173 173 
178 187 174 177 177 171 193 183 171 172 175 173 176 202 186 178 180 178 178 182 200 191 174 177 175 177 213 227 223 198 179 179 182 183 179 180 183 174 201 204 190 185 183 184 180 184 177 183 215 213 210 200 189 181 185 181 179 190 199 180 181 184 180 178 188 187 182 182 182 187 202 195 173 178 184 180 180 181 183 181 182 184 181 178 170 187 196 181 180 174 181 183 183 179 181 180 181 177 172 173 
183 187 175 176 177 169 196 180 170 171 176 171 180 204 180 178 180 179 177 184 203 189 177 178 174 179 213 226 216 196 181 179 180 182 180 181 183 181 203 201 192 185 184 183 182 187 174 189 215 209 209 209 183 181 185 180 180 188 197 177 184 184 180 180 186 188 185 182 182 189 204 188 169 181 182 180 183 181 181 183 183 181 176 177 170 190 196 180 176 174 182 179 185 179 182 178 180 173 171 173 
183 187 176 178 176 171 196 183 175 173 170 172 183 201 178 178 179 179 177 186 201 186 178 179 173 181 216 226 216 194 179 177 180 180 180 181 183 187 211 200 196 185 186 186 184 189 168 192 213 213 206 207 186 184 184 180 183 197 199 179 182 181 181 180 186 186 179 179 180 194 204 183 174 181 180 182 184 186 182 183 181 180 184 174 171 195 192 179 181 176 180 179 186 180 181 180 180 168 169 180 
186 192 175 179 176 174 198 183 174 174 171 173 183 200 179 179 178 178 176 188 201 182 177 181 174 187 221 229 223 196 179 179 181 180 180 182 183 191 207 198 191 185 183 187 187 187 168 198 214 212 205 198 189 183 181 181 184 202 198 181 183 183 180 178 185 186 177 175 184 202 205 184 176 178 179 178 182 187 180 183 183 179 185 173 173 200 190 177 182 178 179 180 185 180 180 180 181 170 169 185 
188 195 174 180 177 175 203 181 169 169 170 171 185 203 176 180 179 179 177 191 199 178 176 181 175 190 220 226 221 195 179 180 182 179 178 180 181 197 207 201 193 185 186 188 196 190 167 199 216 211 208 190 185 179 180 181 185 203 196 182 182 183 180 180 183 182 177 178 185 202 199 180 177 176 181 180 182 186 179 182 186 182 181 175 178 203 187 178 181 177 180 182 183 180 179 179 181 176 173 184 
188 188 176 181 178 178 197 175 168 170 170 171 190 201 176 181 179 177 176 192 197 175 173 178 173 193 224 229 224 195 179 180 182 180 179 181 183 204 210 204 197 183 188 185 204 194 164 199 213 210 201 185 181 177 178 181 186 206 196 183 183 183 178 179 182 182 180 177 186 203 196 177 179 177 177 181 183 181 180 182 183 183 180 176 186 203 182 177 177 178 179 181 184 179 180 179 179 177 177 184 
190 182 179 182 175 179 192 170 172 170 171 174 197 197 175 179 178 177 176 192 195 178 176 177 174 199 228 230 219 193 179 181 182 182 181 180 185 205 205 202 192 185 187 186 207 191 160 205 213 202 187 187 182 177 178 181 189 209 197 182 182 183 179 180 182 181 181 175 191 205 193 178 178 175 177 179 182 179 181 181 175 180 180 174 193 201 177 176 175 180 178 180 185 179 181 179 176 177 178 187 
196 181 182 181 175 182 191 169 171 165 173 174 199 196 175 180 181 180 180 192 190 178 179 176 175 200 228 228 214 188 178 180 182 183 182 179 188 207 206 198 190 186 187 182 206 182 170 208 210 200 186 185 185 179 178 181 191 207 193 182 183 181 181 183 181 179 178 177 193 204 194 177 177 180 177 180 181 181 184 181 176 178 177 174 195 199 174 175 174 181 175 179 184 180 181 180 178 179 178 185 
204 186 181 180 175 183 189 168 170 165 175 171 195 194 177 180 181 179 179 194 193 177 178 179 174 202 228 227 214 189 180 182 184 185 182 180 190 210 208 192 191 185 186 185 199 180 179 209 212 200 194 186 185 179 181 179 189 208 192 183 184 181 182 181 179 180 179 180 194 205 195 174 176 182 179 179 182 184 186 181 177 178 176 176 198 195 174 174 172 180 177 181 183 181 180 179 180 183 175 182 
203 193 182 182 173 189 185 168 164 166 172 171 195 189 175 180 180 179 179 192 190 174 181 181 175 202 227 225 213 189 180 182 185 185 182 181 193 210 207 193 192 185 185 191 188 180 184 209 212 198 194 183 184 181 181 178 189 209 194 185 184 182 181 180 178 180 177 182 197 203 191 178 179 182 182 182 183 182 185 180 173 176 179 179 200 190 177 176 173 177 180 181 183 181 179 179 180 183 176 187 
198 198 188 189 176 191 183 169 163 162 167 174 195 183 175 181 181 178 180 193 185 176 181 181 178 199 229 217 206 188 179 182 183 186 184 182 193 206 203 197 193 183 186 189 185 180 186 209 208 190 185 181 182 185 181 182 198 206 193 187 183 181 181 179 177 180 177 179 194 200 188 180 184 182 181 185 182 182 184 182 174 175 183 178 200 188 177 180 177 179 179 179 183 181 178 181 179 179 181 196 
193 196 193 188 181 190 181 166 162 145 164 175 192 184 176 181 183 178 182 200 186 173 173 175 172 202 221 205 206 189 179 183 185 188 185 181 191 207 199 197 196 183 182 185 187 182 193 209 205 188 181 181 182 183 183 183 201 205 187 183 183 181 182 180 179 182 177 176 193 200 190 183 185 182 179 181 179 183 183 181 179 179 183 181 201 185 178 181 179 180 182 180 183 183 178 180 179 178 182 197 
188 195 199 183 180 188 176 167 151 141 171 174 197 180 177 181 183 177 182 200 183 169 172 177 175 188 198 205 208 190 181 185 189 190 187 181 194 207 198 198 192 183 183 183 186 182 198 210 207 197 182 181 181 180 180 174 194 206 185 183 184 184 184 182 180 183 177 173 193 201 188 182 185 181 178 178 182 184 182 178 180 181 180 187 199 181 177 179 177 181 182 179 180 185 178 177 181 182 182 196 
188 197 197 184 183 186 170 172 141 152 173 173 204 180 177 183 181 177 185 197 182 174 178 182 185 178 184 210 211 191 181 187 190 189 186 182 201 207 195 195 188 186 187 184 183 180 203 210 203 201 184 179 179 179 180 175 194 209 186 187 186 184 184 181 179 183 177 175 197 200 181 179 184 180 179 182 186 182 182 179 178 179 178 190 195 179 178 177 177 181 182 177 181 186 179 176 181 181 181 198 
187 203 202 190 189 191 177 173 137 155 171 177 200 184 185 185 180 177 179 187 184 177 177 182 184 179 187 206 212 191 180 189 193 187 183 184 204 206 190 189 189 189 185 184 184 181 205 208 194 196 184 180 180 179 181 185 201 205 183 185 184 182 183 180 180 185 180 180 201 198 177 177 184 180 181 185 184 181 183 182 178 177 177 191 192 178 180 180 180 182 182 178 184 187 183 179 183 178 177 200 
188 201 210 196 199 192 191 181 146 158 178 178 194 189 193 185 180 175 167 178 189 180 178 183 180 177 190 208 210 189 181 196 198 187 183 186 207 199 185 190 188 185 183 188 185 179 205 210 189 192 184 180 179 184 178 185 203 202 185 185 184 182 183 180 180 184 176 174 199 200 180 179 184 180 181 183 180 184 180 177 179 175 179 196 192 177 182 180 183 181 180 177 182 184 184 181 187 180 178 202 
193 200 213 205 206 199 194 187 161 161 180 182 205 197 197 184 179 177 165 179 195 180 180 180 180 178 191 210 210 191 184 200 203 187 184 189 210 196 195 190 186 185 183 190 182 169 208 207 192 189 181 181 182 184 179 181 204 201 187 187 185 182 182 180 179 179 172 175 201 200 181 180 185 182 180 179 182 187 175 174 178 178 184 198 185 175 180 181 181 180 178 180 183 180 181 183 189 180 180 203 
198 203 214 208 202 203 200 197 187 187 192 196 203 194 193 186 182 185 187 190 192 178 182 187 184 179 191 210 212 197 193 200 207 194 184 194 209 202 199 186 189 190 184 187 180 169 211 208 195 186 184 186 183 180 180 181 204 201 185 186 183 181 179 179 180 179 175 188 208 199 183 181 186 182 180 182 185 187 174 176 178 180 188 197 182 175 180 181 179 180 177 180 183 181 179 183 186 181 190 204 
198 201 203 200 193 199 204 200 205 204 206 205 203 194 196 197 198 199 205 200 196 186 187 196 189 183 194 210 212 204 203 200 208 200 185 195 207 200 193 194 196 190 186 185 182 175 207 211 196 185 189 189 183 182 183 181 199 202 185 186 185 183 180 181 182 178 172 190 207 193 182 185 185 181 177 181 184 184 175 178 178 182 193 200 184 179 181 180 179 180 176 178 182 184 180 182 182 180 195 203 
194 203 192 193 183 193 198 195 194 197 197 208 212 206 203 207 209 208 202 196 203 199 194 196 192 188 194 207 211 205 202 202 205 199 193 197 207 198 199 206 198 192 190 183 179 179 209 210 196 187 186 184 180 183 180 175 192 200 184 187 185 181 180 183 183 176 171 189 207 192 183 185 183 179 177 182 185 184 178 181 179 182 195 198 183 181 182 179 177 177 176 180 181 182 181 180 183 176 191 204 
193 205 186 192 180 192 193 189 177 180 182 201 205 205 204 210 208 213 209 200 206 205 201 200 204 207 206 208 212 201 196 201 202 200 203 201 207 207 209 209 203 198 193 184 181 178 210 206 198 192 188 188 184 180 176 174 193 202 182 184 183 181 180 182 180 176 175 193 207 191 184 186 181 179 179 186 184 181 179 183 178 181 197 196 182 181 181 179 178 176 176 182 178 178 179 181 185 176 190 203 
195 205 183 191 179 192 191 183 175 171 183 194 191 197 203 204 203 208 210 207 206 205 204 204 208 212 211 208 212 208 205 201 200 200 205 205 209 207 210 211 207 202 199 193 180 184 211 206 205 198 192 190 179 183 177 179 198 204 184 184 184 183 183 182 178 176 176 193 201 185 182 184 182 180 179 181 184 179 180 182 177 180 198 192 181 180 179 179 179 176 177 182 177 177 177 183 182 176 195 196 
201 206 181 183 175 182 186 172 165 174 185 190 179 191 201 200 198 199 204 206 203 204 203 205 206 209 209 210 212 211 208 204 207 206 206 206 202 205 210 211 208 205 209 200 177 194 211 207 208 204 200 191 175 182 177 183 201 199 184 184 183 180 181 181 179 177 178 195 200 186 183 181 179 179 181 181 183 178 178 180 177 182 200 191 179 179 178 178 179 177 178 181 178 177 177 182 178 177 195 189 
199 204 179 176 177 178 189 168 162 180 192 180 176 181 191 195 186 192 206 196 190 202 203 202 206 207 206 211 212 208 202 204 211 206 207 211 204 207 209 211 209 210 212 203 195 208 211 201 203 204 204 193 179 176 179 188 206 198 185 183 182 180 177 179 179 177 179 202 202 186 185 180 179 179 181 179 186 180 178 179 178 183 202 192 177 179 180 179 176 176 179 181 177 176 179 180 181 177 192 189 
203 199 179 178 176 178 184 163 163 183 193 184 176 180 180 187 182 192 201 188 184 191 193 199 208 205 205 212 203 202 198 200 208 206 209 212 207 205 211 210 207 211 212 208 201 210 202 204 206 206 205 194 182 177 179 191 203 197 192 184 179 178 179 181 176 172 184 205 199 187 186 182 179 178 181 181 178 180 177 179 183 185 204 189 173 181 178 181 179 178 181 180 176 177 175 180 178 180 194 188 
206 197 177 180 178 177 178 164 169 180 191 188 174 181 181 185 180 196 203 186 183 184 187 197 205 207 207 206 203 199 197 201 199 199 203 205 209 208 207 208 213 211 207 208 204 206 206 208 206 203 202 196 191 196 185 192 207 207 197 183 181 181 180 180 176 174 185 200 195 185 184 180 180 181 184 183 181 175 177 182 185 200 208 185 166 173 177 182 177 177 178 179 177 176 175 179 179 175 189 186 
210 194 177 179 178 175 175 173 178 177 191 191 176 182 183 182 178 198 199 181 181 183 188 194 196 203 210 204 201 201 204 205 193 198 200 197 202 208 208 210 210 206 204 205 206 201 207 209 208 209 206 204 205 204 199 196 200 208 203 183 179 179 178 178 175 174 184 198 196 186 183 181 183 183 184 184 180 176 180 185 189 207 200 180 169 180 176 181 183 177 179 179 177 175 175 178 179 173 191 183 
211 193 182 181 179 173 175 179 177 176 192 189 177 180 182 177 179 199 195 179 186 185 188 193 194 198 205 204 197 200 205 206 194 199 201 193 198 197 193 199 205 204 201 200 202 203 208 208 212 216 210 208 209 204 206 204 200 208 203 184 181 180 179 179 177 176 184 198 194 185 184 183 186 184 184 187 181 181 176 186 195 204 200 183 171 178 192 195 185 188 186 182 178 180 178 182 176 179 196 179 
210 192 187 188 182 174 176 179 176 176 196 189 177 180 184 177 181 197 193 181 185 184 184 188 190 197 206 207 196 199 203 208 201 199 196 189 195 191 186 194 199 198 199 198 198 206 208 209 214 215 209 207 208 206 207 209 204 208 205 185 179 181 176 178 179 182 189 197 192 188 191 192 196 196 195 200 189 182 179 192 201 202 209 182 174 186 193 205 202 201 203 196 188 188 185 184 175 188 197 183 
207 186 185 194 185 175 177 172 177 177 200 193 177 182 185 181 182 198 199 185 184 183 183 187 188 195 204 206 205 207 204 206 201 195 197 193 190 190 188 192 197 203 195 184 199 207 208 212 211 210 209 208 210 206 206 212 204 205 207 199 189 187 187 188 189 188 191 199 194 190 196 195 200 200 198 205 192 187 192 199 204 201 206 186 205 193 199 210 207 213 209 200 191 190 195 193 189 198 191 186 
202 183 184 198 185 175 176 170 177 177 198 191 177 180 183 180 184 203 202 191 190 185 187 187 185 194 204 206 205 206 204 202 198 191 206 201 187 185 188 188 184 197 193 180 203 204 202 206 202 203 208 205 209 208 202 211 209 204 206 213 211 205 207 208 205 199 198 204 199 199 203 200 203 203 202 205 203 210 213 211 210 202 202 201 207 204 203 211 211 212 210 206 198 195 203 201 201 203 192 190 
199 185 186 200 185 177 177 174 178 179 196 189 181 178 183 179 185 202 192 185 185 178 189 188 187 193 203 205 197 202 210 211 202 193 215 206 187 190 185 185 184 190 193 186 201 193 186 190 190 200 206 202 209 204 203 210 207 204 209 213 211 214 210 212 216 216 212 209 205 205 208 202 205 207 206 209 194 198 203 215 213 204 201 203 213 212 212 210 207 214 212 212 209 204 205 205 205 203 196 187 
198 181 183 201 179 176 179 176 177 179 193 191 183 180 184 179 175 184 195 179 180 183 190 189 187 198 206 204 194 203 212 211 201 192 213 202 188 188 186 186 187 189 187 183 194 189 182 183 187 194 206 206 193 199 197 206 206 206 208 210 214 210 208 214 218 216 210 203 200 206 211 209 211 207 204 208 193 197 204 215 210 205 190 197 211 211 204 207 203 212 215 216 215 210 206 209 209 206 200 193 
193 181 191 204 179 176 179 179 178 178 194 191 184 183 182 182 172 165 199 183 181 182 185 188 189 199 204 202 197 202 206 206 196 195 217 202 187 186 185 184 187 191 186 185 200 185 184 185 183 187 197 197 187 191 194 205 208 208 213 213 209 208 212 212 213 211 205 205 205 205 206 209 210 205 206 204 207 205 212 208 208 196 176 208 201 203 178 199 203 208 217 212 213 199 208 208 209 211 206 206 
187 181 199 204 177 176 179 177 178 179 197 190 184 183 182 179 179 183 196 194 201 193 183 188 191 200 203 202 199 201 203 208 198 199 214 196 185 188 186 186 189 189 185 189 201 186 185 185 184 184 190 189 182 181 194 206 203 199 207 215 214 212 212 206 205 207 206 208 206 207 204 202 209 207 203 205 204 202 210 202 191 188 198 205 196 171 192 207 205 213 214 213 216 204 209 210 207 206 206 206 
183 185 203 199 174 179 184 175 176 182 195 190 187 182 181 179 178 185 193 191 192 185 190 191 193 199 203 204 201 201 201 204 193 200 210 191 188 190 187 189 191 185 186 195 200 189 184 183 187 186 185 184 182 183 189 190 184 190 203 210 212 211 207 206 204 204 208 210 207 204 203 203 200 196 201 202 192 202 204 192 192 197 209 200 196 180 216 209 203 214 214 211 209 204 211 209 210 209 201 206 
181 191 206 196 174 181 184 176 179 188 199 191 185 179 177 181 176 185 199 184 180 186 191 191 194 199 203 206 203 202 199 198 191 207 213 189 185 189 186 189 191 184 187 198 201 186 183 184 186 187 185 185 184 184 189 185 179 194 202 198 204 203 198 197 200 202 206 213 208 207 206 203 201 201 202 194 194 191 187 200 188 207 197 200 193 197 209 206 213 213 200 206 205 209 210 206 206 206 204 207 
181 194 207 193 173 179 179 179 180 187 199 187 181 177 179 181 179 194 195 187 183 187 190 192 195 200 203 207 208 200 197 194 189 207 208 187 187 192 189 188 189 187 186 194 200 182 185 187 187 185 185 186 185 185 199 188 175 187 189 185 194 193 192 194 202 206 207 215 204 206 208 202 203 206 204 194 186 178 182 181 191 199 189 192 190 186 199 201 208 197 183 186 188 200 204 210 209 206 208 203 
186 197 206 193 172 179 182 181 178 179 191 187 184 177 179 177 191 206 191 183 187 194 193 191 194 200 200 204 209 196 196 196 192 207 207 188 187 192 190 188 188 186 186 195 197 183 184 187 187 183 186 186 182 184 207 192 178 187 188 187 189 185 190 197 203 201 205 210 204 204 204 200 196 197 197 181 180 181 179 192 212 198 182 188 186 186 198 196 192 189 195 182 183 186 196 198 208 205 196 201 
194 202 208 193 172 180 179 181 181 181 193 192 185 173 179 183 194 199 197 188 177 196 200 192 194 200 199 202 207 203 205 200 195 209 208 191 187 189 187 187 188 186 190 202 198 185 183 186 186 184 182 183 180 189 215 194 181 185 186 187 187 185 181 186 186 182 201 204 194 197 201 194 189 188 188 183 180 180 175 195 206 198 185 187 182 191 192 189 182 187 188 182 183 184 183 191 206 196 186 188 
203 204 212 194 170 184 181 185 181 171 196 195 187 178 179 185 187 202 196 191 179 192 202 196 196 200 198 203 208 204 198 193 199 209 204 186 188 188 189 190 188 188 190 203 206 186 184 186 186 188 182 183 183 192 215 194 181 186 186 185 187 184 183 192 170 161 203 208 188 185 185 187 181 181 186 183 176 175 172 196 205 197 184 181 186 186 187 183 184 185 182 167 175 183 184 198 209 191 175 169 
201 202 208 198 179 185 181 183 182 170 197 193 187 181 179 182 184 195 190 186 186 200 200 197 196 201 202 203 207 207 204 195 198 212 205 190 189 189 190 189 191 188 185 202 203 186 185 185 186 188 183 185 182 194 217 193 176 183 187 185 186 186 185 189 167 163 203 205 182 181 180 178 181 183 183 178 175 174 174 194 196 193 183 180 185 185 186 184 184 182 180 170 179 182 181 198 210 184 168 177 
202 204 207 202 193 190 183 185 188 172 187 198 191 186 177 176 184 195 186 184 193 203 200 199 201 202 204 205 205 207 203 194 197 210 203 196 194 190 190 188 192 189 186 204 202 185 187 186 186 186 181 184 183 197 211 188 180 185 186 186 186 185 186 187 172 146 182 204 178 178 178 177 180 182 181 181 174 178 173 195 189 188 178 183 186 186 185 184 187 182 181 175 176 178 183 199 207 181 169 184 
205 206 207 206 204 196 184 191 193 170 187 207 198 199 183 166 166 200 191 192 207 206 205 202 203 201 204 208 204 208 200 197 197 205 201 199 197 190 188 189 191 191 192 206 201 184 188 187 186 184 180 183 183 202 211 186 181 187 189 186 183 185 183 184 177 143 172 204 183 179 176 177 180 182 184 181 177 180 178 197 204 189 180 182 189 187 184 183 187 180 177 174 175 176 191 204 202 182 175 181 
207 207 205 208 209 201 197 203 190 170 197 209 201 206 191 163 153 191 185 172 205 212 208 205 200 197 205 210 206 206 197 201 197 204 204 196 197 191 187 191 190 190 198 207 200 185 187 187 186 185 180 184 184 202 213 185 180 188 196 189 183 187 185 186 177 146 167 197 183 179 175 177 182 182 182 180 177 179 179 202 207 182 181 185 190 186 182 184 188 182 178 175 178 178 195 205 196 177 178 181 
207 206 205 206 208 204 206 199 177 176 191 205 201 201 196 172 166 197 189 159 199 205 205 207 199 204 212 206 202 198 195 201 198 205 209 196 199 194 189 194 190 190 198 207 202 188 186 188 186 187 183 183 186 207 209 182 183 188 193 190 186 185 185 185 185 158 168 194 180 180 176 178 185 185 181 178 178 177 180 204 201 179 182 186 188 185 183 183 188 182 181 176 178 179 195 208 196 174 178 184 
207 207 205 207 206 207 206 186 176 184 189 208 204 209 204 174 185 204 198 198 203 202 204 205 196 209 215 202 197 195 199 206 206 208 210 202 204 192 192 196 193 190 196 208 207 190 185 189 186 186 184 182 189 209 209 182 186 186 189 188 187 185 184 182 190 183 191 196 179 180 175 181 187 185 183 177 182 177 184 202 200 185 183 185 187 185 184 183 185 182 181 176 179 180 194 208 195 173 176 180 
208 205 207 207 207 208 204 185 182 181 188 206 207 209 206 195 194 202 206 203 201 202 202 199 196 211 212 200 198 198 205 213 214 209 209 208 206 194 195 196 194 193 194 208 212 189 186 190 185 185 184 181 190 208 207 182 184 185 188 188 185 186 187 185 187 195 205 191 177 177 177 185 185 181 180 178 182 181 184 202 193 188 182 187 186 183 184 185 185 183 183 180 180 180 197 209 192 172 174 175 
209 204 210 207 210 208 197 183 178 178 188 207 210 206 208 203 196 204 210 200 202 199 202 194 196 204 200 200 203 204 206 208 210 201 204 209 206 203 202 194 193 195 197 206 212 189 192 191 185 186 185 182 192 211 206 183 183 184 184 187 185 186 185 184 185 191 202 191 178 179 183 185 184 182 179 178 183 180 188 206 196 193 186 186 186 183 182 184 184 181 180 181 181 180 198 207 186 171 175 178 
208 205 207 207 210 204 183 168 175 179 198 212 208 209 210 204 203 206 207 206 205 203 208 200 193 187 190 205 206 209 204 201 207 198 198 206 206 208 208 196 193 196 197 207 210 192 192 192 187 185 184 183 194 206 204 183 185 186 186 190 186 183 184 182 186 194 201 189 177 181 182 185 183 180 182 177 181 180 194 207 197 196 184 187 186 183 183 184 184 183 181 181 180 181 196 203 185 171 176 179 
