180 181 181 181 182 182 181 178 175 173 170 167 164 162 161 157 155 154 153 151 147 145 143 143 139 138 136 134 133 132 131 131 130 130 131 131 131 130 130 130 130 130 130 129 130 130 130 131 131 130 129 130 130 129 128 129 130 131 131 132 134 136 136 139 141 142 146 149 151 152 155 156 158 159 160 158 156 156 157 158 157 156 155 156 157 156 156 157 157 155 153 151 150 148 147 147 149 150 149 149 
181 182 182 182 183 181 179 177 177 174 171 166 163 162 161 158 156 154 154 153 150 148 146 145 142 140 138 136 135 135 134 133 132 132 133 133 133 133 133 134 134 134 132 131 131 132 132 133 133 132 131 133 133 132 131 131 133 134 134 133 135 136 137 141 142 143 146 148 150 152 154 156 157 159 160 159 157 156 157 158 157 156 155 155 156 155 155 156 155 153 151 150 148 147 146 146 148 148 148 148 
180 182 183 182 183 180 178 176 176 175 172 168 164 162 161 159 157 155 154 154 152 151 150 147 145 143 142 139 138 138 136 136 135 134 134 134 135 136 137 138 139 137 135 134 135 136 135 136 136 133 133 135 136 136 135 136 137 137 137 137 138 139 140 143 143 144 146 147 149 151 152 155 156 157 160 161 159 158 159 159 158 157 156 156 157 155 154 155 154 153 152 150 148 146 145 145 146 147 147 148 
180 181 182 183 182 181 180 179 180 179 175 172 168 165 164 161 158 156 155 155 155 154 153 150 148 146 144 142 141 139 138 138 136 135 136 135 136 138 139 140 141 141 139 138 138 139 139 140 140 138 138 139 140 140 140 141 141 141 140 141 141 142 144 146 147 147 148 148 149 151 152 153 156 157 159 160 160 160 160 161 159 156 156 155 156 155 154 153 151 152 151 150 148 147 147 147 146 147 148 149 
180 181 183 184 183 183 184 185 184 183 181 177 174 172 169 166 163 160 158 157 155 154 154 153 150 148 146 144 143 142 141 141 138 137 137 136 137 138 138 140 142 144 143 142 142 142 143 143 143 142 142 143 144 145 144 145 145 145 144 146 145 146 148 149 149 150 150 149 150 151 152 153 155 157 158 159 160 161 162 161 159 157 155 154 153 153 154 153 151 150 150 150 149 149 148 148 148 149 149 150 
181 181 184 185 184 184 187 188 187 186 183 180 177 174 173 171 169 165 162 159 156 155 155 153 151 149 147 145 144 145 143 141 139 138 138 138 137 137 137 141 144 145 146 145 145 145 144 144 143 145 145 146 146 148 147 147 146 147 148 148 148 149 151 152 151 152 152 151 150 151 153 154 156 158 157 157 159 161 163 161 159 156 155 153 151 153 154 153 152 149 149 150 151 148 149 150 150 150 150 150 
183 183 183 184 184 184 186 188 189 187 182 178 176 175 173 173 171 168 164 160 157 155 155 153 150 148 147 146 144 143 144 143 142 141 139 138 137 137 137 139 141 144 146 146 146 145 144 144 144 145 147 148 149 151 151 151 151 151 150 150 150 151 152 152 153 154 154 154 154 153 155 156 157 159 160 160 159 159 162 163 160 155 154 153 151 151 152 152 152 151 150 150 150 149 150 151 151 151 150 149 
185 184 183 184 185 185 186 188 190 188 183 178 175 173 172 171 169 166 164 161 159 157 155 152 149 147 146 145 144 142 143 142 141 140 139 139 138 136 137 138 139 141 144 145 145 145 144 143 143 145 146 149 151 152 153 153 153 152 153 153 153 153 154 154 155 157 157 157 157 157 157 157 158 159 160 161 161 160 161 162 159 156 154 153 152 152 152 152 153 152 151 151 150 150 151 150 150 151 151 150 
188 186 186 186 187 187 187 187 188 187 183 180 176 173 171 170 168 165 164 163 161 158 156 152 148 146 145 144 142 142 141 141 140 139 139 139 138 137 138 139 138 139 141 142 143 143 143 142 142 144 146 149 151 153 154 154 155 155 155 155 155 156 157 157 159 160 160 160 160 160 159 159 158 159 160 161 162 161 160 160 158 157 155 154 153 152 153 153 154 153 152 150 149 149 150 149 150 151 151 151 
189 188 187 187 188 188 186 185 185 185 183 182 179 174 172 170 168 165 163 162 160 157 154 151 148 145 144 144 141 140 140 139 138 137 138 139 138 136 138 139 138 139 138 139 140 141 141 141 141 143 145 147 150 153 154 154 155 156 155 156 155 156 158 159 161 162 162 162 162 161 160 159 158 159 160 160 160 160 159 158 158 158 155 153 152 153 153 155 155 154 152 149 148 149 149 149 149 150 150 150 
188 187 187 187 187 186 184 182 182 182 182 182 180 176 173 171 169 166 163 160 158 156 153 149 148 145 145 144 142 141 140 139 138 137 137 138 139 138 137 138 137 137 137 137 138 139 140 140 141 144 144 146 149 152 153 154 154 155 155 155 155 156 159 159 161 162 162 162 161 161 160 160 159 159 159 159 159 158 158 157 157 158 156 154 154 154 154 157 157 155 153 151 150 150 150 150 150 151 150 150 
186 186 186 187 185 184 183 182 180 179 180 180 179 175 172 170 169 166 163 159 155 154 152 149 148 146 145 145 144 143 142 141 140 138 137 138 139 138 137 137 137 138 138 138 138 139 139 140 143 145 145 146 148 150 152 153 154 155 155 155 155 156 158 159 161 161 161 162 161 160 160 160 159 159 158 158 157 157 157 156 157 158 156 155 156 156 157 158 159 157 155 153 153 152 151 151 152 152 151 151 
185 186 188 187 185 183 184 183 182 181 179 178 176 172 170 169 168 166 162 159 155 153 151 150 150 148 147 146 145 143 142 141 141 141 139 140 140 139 139 138 138 139 140 140 140 139 140 141 143 145 146 145 147 149 151 152 153 155 154 155 155 155 155 158 160 160 161 162 161 160 159 160 160 159 158 157 157 157 157 156 156 156 156 158 158 157 158 159 160 159 158 156 154 154 153 151 152 153 152 152 
186 186 187 186 184 183 184 184 183 181 179 176 173 169 168 167 167 165 162 159 156 153 152 152 151 150 148 146 145 144 143 143 143 142 141 141 141 141 141 140 139 139 140 141 140 140 141 141 143 144 145 146 146 148 149 150 153 153 153 154 154 154 154 156 159 159 161 161 161 160 159 160 160 158 157 156 157 157 156 156 155 155 156 158 159 158 159 159 160 161 160 158 157 155 154 152 151 152 152 153 
188 188 186 184 184 183 183 182 181 179 177 173 169 166 165 166 165 164 162 159 158 157 155 153 152 150 149 147 146 146 146 145 143 142 143 142 141 142 142 140 140 141 140 139 140 141 143 143 144 144 146 147 147 147 148 150 151 151 150 150 152 154 154 155 156 158 160 160 159 159 159 159 159 159 157 156 157 157 156 155 156 156 157 157 158 157 159 160 161 163 163 162 160 158 157 154 153 153 154 155 
190 188 185 182 181 181 179 177 175 173 171 169 166 165 164 164 164 164 163 160 160 158 156 156 154 151 149 147 147 147 146 145 144 143 144 143 142 142 142 142 140 140 140 140 141 141 143 145 145 145 145 146 147 147 148 149 150 150 149 149 151 152 152 153 155 156 157 158 158 157 158 157 157 156 155 155 155 155 154 154 155 156 156 156 156 157 158 159 160 161 162 163 163 161 160 157 155 155 156 155 
190 186 182 178 177 176 174 172 171 168 166 165 163 162 162 162 162 163 163 161 160 159 157 156 155 153 151 150 149 148 147 146 145 145 145 144 142 141 142 141 140 140 141 141 142 143 143 144 144 144 144 144 145 146 147 148 149 149 148 148 149 150 149 151 153 154 155 155 156 156 157 155 154 154 153 153 154 153 153 154 154 155 155 156 157 157 157 158 158 159 161 162 163 164 163 162 160 158 157 156 
187 183 178 175 172 171 169 170 169 167 165 163 161 160 160 160 160 161 162 161 160 159 157 155 154 154 154 153 151 148 147 147 146 145 144 143 142 140 141 142 141 140 141 142 143 143 143 143 143 143 143 144 144 146 147 147 147 148 148 148 148 148 148 149 152 152 153 153 154 154 155 154 153 153 153 153 153 154 154 153 153 153 154 156 157 157 157 157 157 157 159 161 162 165 165 165 164 161 160 157 
182 179 175 172 170 168 167 168 168 167 165 162 160 159 159 158 158 159 161 160 160 159 157 155 154 153 153 153 152 150 148 148 147 145 145 143 142 141 141 141 141 141 141 143 142 142 143 143 142 143 144 145 145 145 146 146 146 147 147 147 147 147 148 149 150 151 152 152 152 152 153 152 152 151 151 152 151 152 153 153 154 154 154 156 156 155 156 156 156 157 157 159 161 163 165 167 166 164 162 160 
178 176 173 170 169 168 167 166 166 166 164 163 161 158 157 156 156 157 159 159 159 158 156 155 153 152 152 152 152 152 150 150 148 146 146 145 144 143 143 143 142 141 141 142 141 141 142 142 142 142 143 144 144 144 145 145 146 146 146 147 147 148 149 148 149 150 150 151 151 151 150 151 150 150 150 150 150 150 152 152 153 153 154 154 154 154 154 155 156 157 158 158 159 161 164 166 166 166 164 162 
174 172 169 168 168 168 166 166 167 166 165 164 162 158 155 155 154 156 157 157 158 156 154 153 153 152 153 154 154 153 152 152 150 148 148 147 145 144 144 144 143 141 142 143 142 141 141 141 143 143 143 143 143 145 144 145 146 145 146 146 147 148 148 148 149 149 150 150 150 149 150 151 151 150 149 150 149 150 151 151 151 152 153 153 152 154 153 154 156 157 158 158 159 162 163 165 165 166 166 165 
173 170 167 166 167 167 165 166 165 164 163 163 162 158 155 156 154 154 155 155 156 155 154 153 153 152 152 153 154 154 154 154 152 150 149 147 145 144 143 143 143 142 142 143 143 142 142 142 143 143 143 143 144 144 143 144 145 145 145 145 146 147 147 148 148 148 148 149 149 148 149 151 151 150 150 150 150 151 151 151 151 151 151 152 152 154 154 154 156 158 158 159 159 161 162 163 165 166 165 165 
174 170 167 164 164 166 165 165 165 164 162 162 161 159 157 155 154 153 154 154 154 154 155 154 154 153 152 152 153 155 154 154 153 152 150 148 146 145 144 144 144 143 142 143 143 143 144 143 143 143 142 142 144 143 143 144 144 144 144 145 146 146 145 147 147 147 147 148 150 148 148 150 150 150 150 151 151 151 150 151 152 151 151 152 153 154 154 154 156 157 159 160 160 160 161 162 164 165 166 165 
175 171 167 164 163 165 164 165 166 165 162 161 161 160 158 156 154 153 153 153 153 153 153 153 153 153 153 152 152 153 153 152 153 152 150 148 147 147 146 146 145 143 143 143 144 143 145 143 142 142 141 142 143 142 142 143 144 144 143 144 145 145 146 146 147 146 146 147 148 148 147 149 148 149 150 150 150 150 149 151 151 151 151 153 153 154 154 154 154 155 157 158 159 159 160 161 163 164 165 164 
177 174 169 164 163 162 162 163 165 164 163 162 162 161 161 159 157 156 155 154 153 152 152 152 152 151 152 152 151 150 150 150 151 151 150 149 148 148 146 145 145 144 142 144 145 145 145 142 141 141 140 141 142 141 141 142 143 143 143 144 145 145 145 145 146 145 145 146 147 147 148 148 148 148 149 149 149 149 149 150 151 150 150 153 154 153 153 153 153 154 154 155 156 158 159 160 162 163 164 163 
180 176 172 166 163 161 161 162 164 164 164 163 163 162 162 161 160 158 157 156 154 152 151 151 150 150 150 150 149 148 147 148 148 148 148 148 147 147 146 145 145 144 144 144 145 146 146 143 141 141 141 141 141 140 140 141 141 141 142 144 144 145 144 144 145 144 145 146 146 147 148 149 148 148 148 147 148 149 148 149 151 150 150 152 153 152 152 153 153 153 154 154 155 157 158 160 161 161 162 162 
183 179 175 168 163 162 162 162 164 165 165 163 162 162 161 161 161 160 159 158 156 154 152 151 150 149 149 149 147 146 145 145 145 146 146 147 147 146 147 147 147 145 145 146 146 147 145 144 144 144 142 142 141 139 139 140 140 140 141 143 144 144 144 144 144 145 146 146 146 147 147 147 148 148 148 147 148 148 148 149 150 149 149 151 151 151 152 153 154 154 155 155 155 157 159 161 162 162 162 163 
187 184 179 172 166 165 165 165 166 167 166 164 163 161 160 160 160 160 160 160 158 156 154 151 150 149 148 147 146 144 144 144 144 144 145 146 146 146 147 147 147 146 145 146 146 146 146 145 145 145 143 143 142 141 139 139 139 139 141 142 143 143 144 143 144 144 145 145 146 146 146 147 148 148 146 146 148 148 147 148 149 149 149 150 150 150 151 152 154 153 154 154 155 158 160 162 163 164 164 164 
191 189 185 177 169 166 165 167 168 168 167 165 164 162 161 159 159 159 158 159 159 157 155 152 151 148 146 144 144 143 142 141 142 142 142 143 144 145 146 147 147 145 146 146 147 146 146 146 146 146 144 143 143 142 140 140 139 139 140 142 142 142 143 142 143 145 146 145 146 146 146 146 146 147 145 145 145 147 146 146 148 148 149 150 149 150 150 151 152 152 153 155 155 159 159 161 163 165 165 164 
192 191 188 181 173 169 167 168 169 170 168 166 165 164 162 159 157 156 157 159 159 156 154 151 149 147 146 144 142 142 141 140 140 140 140 141 142 143 143 145 146 146 147 148 149 147 147 146 146 145 145 145 144 143 141 141 140 140 140 141 141 141 142 142 143 143 144 144 144 145 146 145 146 146 144 145 145 145 146 146 147 146 147 148 148 149 148 150 151 151 152 154 155 157 158 160 162 165 166 165 
190 190 188 184 177 173 171 171 173 172 170 168 167 166 164 160 156 155 156 159 159 156 153 150 147 145 146 145 143 141 141 139 139 139 139 140 140 142 143 144 146 147 148 149 150 150 149 147 146 145 145 146 145 144 142 142 142 142 141 141 141 141 140 142 142 143 143 144 143 144 145 145 145 145 145 146 146 146 145 145 145 146 146 146 147 147 147 149 150 151 151 153 154 155 157 159 162 164 165 164 
188 188 187 185 180 175 173 174 176 175 174 171 170 168 167 163 158 154 154 156 157 155 152 149 146 145 146 145 142 140 139 139 137 137 138 138 140 140 142 143 145 146 147 149 150 151 148 148 147 146 145 145 144 143 142 143 143 143 141 142 142 141 141 141 141 143 144 143 143 143 144 144 145 146 146 147 147 146 144 143 144 146 146 145 146 146 147 148 149 150 150 151 153 154 156 158 161 163 164 163 
187 186 186 184 181 177 174 171 173 175 175 174 174 171 169 166 160 155 153 154 154 153 151 150 147 146 146 145 143 141 141 140 138 137 137 138 139 138 139 142 144 145 146 148 149 149 148 148 147 145 144 143 142 142 141 141 142 142 141 140 141 141 142 142 142 143 144 142 142 144 144 144 145 145 146 145 145 144 143 143 144 144 145 146 145 146 147 147 149 148 149 150 152 153 155 158 160 162 164 164 
188 186 185 184 181 177 174 170 172 172 174 177 177 175 171 169 164 158 154 153 152 151 151 150 148 146 145 144 143 143 143 141 138 137 137 138 138 138 138 140 143 145 146 147 147 146 146 146 144 142 141 139 139 139 140 140 141 141 141 140 141 141 143 142 142 144 144 142 142 143 143 143 144 144 144 143 142 143 144 144 143 144 144 145 145 145 146 147 147 147 148 150 151 151 153 156 158 160 162 162 
191 188 186 186 184 180 176 173 171 170 170 175 178 178 173 170 166 160 156 154 153 152 152 149 148 147 145 144 143 144 144 141 139 138 137 137 137 137 137 139 142 143 145 146 146 146 144 143 142 140 138 137 137 137 138 139 138 140 140 141 141 141 141 141 142 143 144 143 143 143 141 141 141 142 142 142 141 142 143 144 143 143 143 143 145 145 145 146 146 147 148 150 151 150 152 155 156 158 160 161 
192 190 190 190 188 184 180 176 174 170 169 172 175 175 173 169 165 161 158 156 154 153 152 150 149 148 147 146 144 144 144 141 140 138 138 137 137 138 138 139 140 141 143 145 146 146 143 142 142 139 137 136 136 136 137 137 138 137 139 140 141 141 141 142 142 143 144 143 144 143 142 141 140 140 141 141 141 141 142 143 143 142 143 143 143 145 145 146 146 146 148 149 149 150 152 154 155 157 158 159 
194 193 192 193 192 187 183 179 177 173 171 172 174 172 170 166 163 160 158 157 155 153 152 151 150 149 148 148 147 145 143 142 141 140 139 138 138 139 138 139 140 140 141 142 144 143 142 142 141 140 139 137 136 135 136 136 137 137 138 140 142 142 143 144 143 144 145 144 143 143 143 142 139 139 139 140 140 140 142 142 142 143 144 144 143 144 146 147 147 147 149 149 148 149 151 153 154 155 156 157 
195 194 193 195 195 192 190 186 182 179 176 174 173 172 169 166 163 160 158 155 154 153 151 151 149 149 149 149 148 145 144 142 140 140 139 139 140 140 140 139 140 141 142 142 142 142 142 143 142 142 140 138 137 137 138 137 137 137 138 139 141 143 145 146 146 145 146 146 146 144 143 141 140 140 140 140 139 139 140 142 142 143 144 145 144 145 146 148 147 146 146 147 147 148 150 151 152 153 154 154 
195 194 194 196 198 199 197 195 191 186 182 178 175 173 170 167 165 163 159 156 155 155 153 151 149 148 149 148 147 146 145 143 143 141 140 140 140 141 141 140 139 140 141 142 141 141 141 141 142 142 141 139 138 139 139 138 138 138 140 140 142 144 145 146 145 145 146 147 146 144 143 141 141 142 141 140 139 141 141 142 142 143 144 145 145 145 145 147 147 146 146 146 147 148 149 150 151 151 152 152 
195 194 195 197 200 203 204 203 199 194 188 182 177 174 171 168 166 164 162 159 157 156 155 152 150 148 148 147 146 146 146 146 144 143 142 141 140 141 141 140 139 140 141 141 140 140 140 140 141 141 142 140 139 140 139 138 139 139 140 141 142 143 144 145 145 145 146 146 145 144 143 142 141 141 141 139 139 141 142 141 142 141 143 144 144 143 144 144 145 146 146 147 147 149 149 150 150 150 151 150 
196 196 196 197 200 204 206 205 201 198 193 186 180 176 173 169 166 165 163 161 159 158 156 152 151 149 148 147 146 147 147 146 146 145 143 142 141 140 141 140 139 140 140 141 141 140 140 139 140 141 142 140 139 139 138 138 137 138 139 140 140 141 142 143 144 144 144 145 143 143 142 142 141 142 141 140 140 141 142 142 141 142 142 142 143 143 142 143 144 145 146 147 147 150 151 151 151 151 151 151 
198 199 198 197 199 203 205 205 203 201 197 190 184 179 175 172 169 167 165 163 162 159 156 155 152 151 149 146 146 147 147 147 148 148 146 143 142 142 140 140 140 141 141 141 141 141 141 140 141 142 141 140 139 139 139 139 138 138 138 139 140 140 140 141 142 142 142 141 140 140 140 139 140 141 141 141 142 143 143 144 144 144 143 143 144 143 142 143 143 144 145 147 148 149 149 150 150 150 150 150 
199 200 200 199 199 203 206 207 206 205 201 194 188 183 178 177 173 170 167 165 164 162 159 158 155 151 149 148 147 146 147 148 149 149 147 144 142 141 141 141 142 142 142 142 143 143 142 141 141 142 142 141 140 140 140 140 140 139 139 139 139 139 140 141 140 141 141 141 140 139 140 139 140 141 141 142 144 144 144 145 146 146 145 143 144 143 142 142 142 143 144 146 147 148 148 150 149 149 149 149 
195 198 198 197 200 205 209 211 209 208 204 198 192 187 183 181 178 175 172 169 167 166 165 162 159 156 154 151 150 149 149 150 150 149 148 146 144 143 142 143 143 143 143 144 144 145 144 143 142 142 143 142 142 142 141 142 141 140 140 140 140 140 141 140 141 142 142 141 140 140 140 140 141 142 143 144 145 146 146 146 146 147 145 144 143 143 143 143 143 142 143 145 146 148 149 150 150 150 150 150 
190 194 195 196 200 206 210 213 212 210 207 202 197 192 188 184 182 180 177 173 171 172 171 167 164 161 159 157 154 153 153 153 151 150 150 148 146 145 144 145 145 145 144 145 145 145 144 144 143 143 143 143 143 143 143 143 143 142 142 142 142 141 142 141 142 143 142 142 142 142 142 142 143 143 144 145 147 148 147 147 147 148 146 145 144 144 144 145 144 143 143 145 147 149 150 151 150 151 150 151 
183 189 192 194 198 204 208 211 211 210 208 206 202 196 193 189 185 182 181 179 176 177 177 175 172 168 165 160 158 158 157 155 153 150 149 150 149 146 146 147 148 148 147 146 145 144 145 143 143 144 144 144 144 145 145 145 144 143 143 143 143 143 142 142 141 142 143 144 143 143 145 145 144 143 144 145 145 146 147 148 146 145 145 144 144 145 145 145 145 144 145 145 146 148 149 150 150 151 152 152 
182 187 191 193 197 203 208 210 209 209 209 208 205 201 198 192 189 187 185 183 182 182 182 181 177 174 171 167 164 161 160 159 156 153 151 152 150 149 149 150 150 151 149 148 147 146 146 145 145 145 147 147 147 147 146 145 145 144 144 144 144 144 144 143 142 143 144 145 144 144 146 146 145 143 144 145 146 145 146 147 146 145 144 144 144 145 146 146 146 146 145 145 146 148 149 150 149 150 151 152 
181 186 190 192 197 203 208 209 208 209 209 208 206 203 201 196 195 193 191 190 189 188 188 188 185 183 181 176 172 169 167 165 161 156 153 153 152 151 151 152 152 153 151 148 147 147 147 147 147 149 150 150 150 149 146 147 147 146 146 146 147 146 146 145 144 143 145 146 145 145 146 146 145 144 145 144 144 144 145 145 146 145 144 144 144 145 147 146 147 146 145 147 147 148 149 150 150 150 151 152 
182 185 190 192 197 202 206 208 209 209 209 207 205 202 201 202 202 201 199 200 200 197 195 194 193 192 190 186 183 179 176 173 168 161 157 154 153 153 153 153 154 153 151 149 149 149 148 147 147 149 150 150 150 149 147 149 148 147 148 147 146 146 148 147 146 145 145 146 146 146 145 146 145 144 144 145 144 143 144 144 144 144 145 146 145 146 147 146 146 146 146 147 148 149 150 149 150 150 151 152 
183 185 189 192 194 199 201 205 207 208 208 205 202 200 199 203 205 206 208 210 209 206 203 203 202 202 201 197 193 189 184 180 174 168 162 158 156 155 154 153 154 152 151 150 149 150 149 148 148 148 149 149 148 148 148 148 148 149 148 147 146 146 148 148 147 146 144 145 146 145 144 144 144 144 145 145 144 143 142 142 143 144 145 146 146 146 147 147 146 147 148 150 151 151 150 149 151 152 153 153 
184 186 188 191 193 195 196 197 201 205 208 206 203 200 199 200 203 207 212 216 217 214 213 212 211 212 209 206 202 197 192 187 182 175 170 165 160 158 155 154 153 151 150 149 149 149 148 148 149 149 149 147 147 147 148 148 150 149 149 150 148 148 148 149 148 146 145 144 144 144 143 143 143 144 145 144 143 142 141 142 143 144 145 146 146 147 147 147 148 149 151 153 154 153 152 151 152 153 154 154 
183 185 187 187 188 188 189 192 197 203 209 209 207 205 203 202 203 205 210 215 219 219 217 214 214 213 212 210 209 206 202 197 192 187 182 175 168 162 158 155 153 152 150 150 150 149 148 148 150 151 150 147 146 147 148 149 149 149 149 150 149 148 148 148 147 146 145 145 144 143 142 142 142 143 143 144 142 141 141 142 144 146 146 145 146 147 148 148 150 151 153 155 157 156 154 153 153 154 155 156 
180 182 184 183 183 184 185 191 196 205 213 216 215 211 209 205 202 201 202 206 210 213 214 213 211 210 210 212 213 213 210 206 202 197 193 185 175 167 161 159 156 154 153 151 150 149 149 149 151 151 150 147 147 146 148 148 148 147 147 148 148 148 148 147 147 146 147 146 145 142 142 142 142 142 143 143 142 142 141 143 145 147 147 146 145 147 148 149 152 153 155 156 157 156 156 155 155 155 156 156 
176 177 177 178 179 181 185 189 198 208 217 221 221 217 214 207 203 199 194 196 200 205 207 205 205 204 204 206 210 214 215 212 209 206 200 193 184 175 168 165 163 160 158 156 155 153 152 150 149 150 149 147 147 146 148 149 148 145 145 147 149 148 148 149 149 148 148 147 146 144 144 144 143 142 143 143 142 142 141 142 144 145 145 146 147 147 148 150 152 153 154 155 156 154 154 154 155 155 154 154 
169 170 172 174 175 178 181 189 196 205 213 219 221 220 217 212 206 200 195 195 197 199 201 200 199 199 199 200 204 209 213 214 213 211 205 198 190 183 175 172 169 165 164 163 161 159 156 152 151 152 150 148 148 147 149 150 148 145 146 147 149 149 149 148 148 149 149 148 148 146 145 144 143 142 143 143 142 141 141 142 143 143 143 144 146 146 147 149 150 151 152 154 155 155 154 153 153 152 153 155 
163 163 166 170 173 176 178 185 191 200 207 214 219 219 217 215 210 205 200 197 197 197 197 197 195 196 196 196 199 206 210 214 215 213 209 202 195 188 182 178 174 171 169 168 165 162 159 157 154 153 152 150 150 149 150 149 147 146 146 148 149 150 148 149 148 148 149 149 149 148 146 145 144 144 145 145 143 142 142 142 142 141 141 143 145 145 146 147 148 149 150 151 152 154 153 151 150 150 151 153 
159 160 162 166 169 172 176 180 185 193 202 210 217 219 218 216 212 208 205 204 202 200 197 194 193 193 193 192 196 202 208 212 215 213 210 206 199 192 187 184 180 176 174 172 169 165 164 160 158 157 156 155 153 152 151 151 150 149 149 151 151 152 150 150 148 148 148 148 148 148 146 145 145 146 147 147 145 144 144 143 142 141 140 141 143 144 145 146 146 147 147 148 149 152 151 151 150 149 149 150 
158 159 160 163 165 168 173 178 182 190 198 208 215 217 217 217 213 209 207 206 205 202 198 194 192 190 189 188 190 196 201 205 208 208 207 203 198 191 187 184 181 179 178 175 173 170 166 164 161 160 159 159 158 156 154 154 153 152 152 153 152 152 151 150 148 148 147 147 147 147 145 145 145 147 148 147 146 146 145 144 143 141 140 140 141 142 143 145 146 146 147 149 150 150 150 150 150 149 149 149 
157 158 158 161 163 166 171 176 181 187 194 202 210 213 214 215 211 207 204 203 202 200 199 198 194 189 187 185 185 189 192 195 198 200 198 197 193 188 184 183 182 180 178 176 174 173 169 166 164 162 161 161 161 159 157 156 156 155 154 154 153 152 151 150 149 147 146 147 146 146 145 144 145 146 146 146 146 146 146 144 143 142 141 141 141 141 142 144 145 146 146 147 149 149 149 149 149 149 150 151 
156 158 159 162 163 166 171 176 179 183 189 195 202 205 205 207 206 203 201 199 199 200 201 202 195 189 184 181 180 180 183 186 188 189 189 188 186 184 181 182 181 179 176 174 174 173 171 168 166 164 161 161 161 161 159 159 158 157 157 157 156 154 153 152 151 149 148 148 147 147 146 144 144 145 145 145 146 148 147 145 145 145 144 143 142 143 143 142 143 143 145 146 146 147 148 148 147 148 149 150 
154 157 158 162 165 168 171 175 179 183 187 192 197 198 200 200 199 198 198 197 198 198 199 200 193 186 181 178 176 175 176 176 178 180 181 181 179 178 177 178 177 175 172 170 169 170 171 168 167 165 161 160 161 161 162 161 161 161 161 160 159 158 156 154 153 152 151 151 151 149 147 145 145 144 144 145 145 147 147 146 146 147 147 146 144 144 142 140 141 142 143 143 143 144 145 147 147 148 148 148 
152 154 156 161 166 170 172 175 180 184 188 193 195 196 197 197 197 195 195 196 196 196 196 194 187 181 178 175 173 171 171 172 173 175 176 176 175 173 173 173 172 171 169 168 168 169 169 169 168 167 165 163 162 163 163 162 163 163 164 161 159 158 156 156 155 153 154 155 155 153 152 149 146 145 145 145 145 145 146 147 147 148 149 148 146 144 142 141 140 141 141 141 141 142 143 145 146 147 147 146 
149 151 154 158 164 168 170 174 179 183 187 192 195 196 196 195 194 193 192 192 192 194 194 189 183 178 174 171 170 169 170 171 171 173 173 173 172 170 169 169 168 167 167 167 167 168 169 168 167 166 165 163 163 163 162 161 162 163 162 160 158 157 156 157 157 157 157 157 157 155 153 151 148 147 147 147 147 147 147 148 148 149 150 149 147 145 143 141 140 140 140 140 139 140 141 143 144 145 145 145 
149 150 151 156 161 163 166 171 177 181 184 189 192 194 194 194 193 192 190 189 189 190 188 183 179 175 171 169 168 169 170 171 171 171 171 172 171 170 168 168 166 165 165 166 166 167 166 165 165 165 164 162 162 162 161 160 160 160 159 158 157 157 156 157 158 159 159 159 157 156 154 152 150 149 149 148 148 148 148 148 147 148 149 148 148 145 143 142 141 141 140 139 139 140 141 141 143 143 144 144 
149 150 151 155 158 161 164 168 173 178 181 185 187 189 191 191 190 189 189 188 187 186 184 180 178 174 170 167 167 168 170 172 172 171 172 171 170 169 169 168 167 166 164 165 165 166 164 163 164 163 163 162 161 161 160 159 158 156 155 156 156 157 157 158 158 159 160 160 159 158 156 155 154 153 152 152 151 151 150 148 147 148 148 148 147 145 143 142 141 141 140 140 139 141 142 142 143 144 144 144 
150 151 152 155 156 159 162 166 172 177 178 181 182 184 186 185 186 186 187 187 185 183 181 179 177 173 170 166 165 167 168 170 172 172 171 169 168 168 167 166 166 164 163 162 163 164 162 162 163 162 162 161 162 161 160 158 158 157 157 156 156 156 156 157 158 158 159 160 161 160 161 160 160 158 157 156 156 153 152 150 150 149 149 147 146 145 144 142 141 140 139 140 141 141 141 141 143 144 145 145 
151 151 152 154 154 155 158 164 170 174 176 178 178 179 181 181 182 183 183 183 182 180 179 177 176 172 168 165 164 165 166 169 171 172 172 170 168 167 166 165 164 162 162 161 162 162 161 161 161 160 160 161 161 161 159 159 159 159 159 158 157 156 156 156 156 156 158 161 162 163 164 164 164 163 162 160 160 158 156 154 153 151 149 146 144 146 144 143 142 141 140 141 142 141 141 142 143 144 145 146 
152 152 152 154 154 155 157 161 166 170 171 175 177 177 177 178 178 178 178 177 176 175 175 173 172 170 167 163 162 163 164 165 167 170 171 170 168 167 165 164 162 161 162 162 162 161 160 161 161 159 159 160 161 161 160 158 158 159 160 159 158 157 156 157 156 156 157 160 162 163 165 166 167 167 166 165 164 162 160 156 154 152 150 147 145 146 145 145 144 144 143 143 144 143 142 143 143 144 145 146 
154 153 153 154 154 156 157 159 162 166 168 170 173 173 172 173 174 173 171 170 170 171 171 170 169 166 163 161 160 160 161 162 164 167 169 170 169 167 165 164 163 162 162 163 162 161 161 161 160 159 159 160 162 161 161 159 159 158 158 158 158 158 156 156 158 158 158 160 162 163 165 167 169 170 170 170 169 166 163 160 156 153 150 148 147 147 146 146 145 145 144 145 146 144 144 145 145 146 145 146 
156 155 155 155 155 156 156 158 160 163 164 166 168 168 169 169 169 169 167 167 167 167 167 168 166 163 160 160 160 159 160 161 161 164 167 169 169 169 167 166 164 164 163 164 163 162 161 161 160 160 160 160 160 160 159 159 159 158 157 156 157 157 156 158 159 159 159 160 161 163 164 165 168 170 171 171 171 168 165 163 159 155 152 150 149 148 147 145 146 146 146 147 148 147 146 147 148 148 147 148 
157 157 157 157 157 157 156 159 159 160 161 163 164 166 166 167 166 165 165 164 164 165 165 165 164 162 160 159 159 159 159 160 160 163 165 167 168 168 167 167 167 165 164 164 163 162 161 162 161 160 160 160 159 158 157 157 156 156 156 156 156 156 157 158 158 158 158 159 160 160 161 163 166 168 169 169 169 167 166 165 161 158 154 151 151 149 148 147 147 148 149 150 151 150 149 149 150 150 150 150 
159 158 157 157 157 157 159 160 159 160 161 162 164 164 165 165 164 163 164 163 163 163 163 164 163 162 161 160 160 160 160 160 161 163 163 164 164 164 165 167 167 166 164 163 161 160 161 161 161 161 161 160 158 157 156 156 155 155 155 155 155 155 157 156 157 157 157 157 158 158 159 160 162 164 166 166 166 165 164 163 162 159 154 152 151 150 149 149 149 149 150 151 152 152 152 152 152 152 152 151 
159 157 156 156 158 159 160 159 159 159 160 161 163 164 164 165 162 162 164 163 163 162 163 162 162 162 162 161 160 161 160 160 162 163 162 161 160 162 164 164 165 164 163 161 160 159 160 160 160 160 160 159 159 158 155 155 155 155 154 154 154 154 155 156 155 156 157 157 157 157 158 159 160 162 164 164 163 162 162 161 160 158 154 151 150 149 149 150 149 149 148 150 151 153 154 155 156 154 153 152 
159 158 157 157 159 159 159 158 158 159 160 161 162 162 163 163 162 162 164 163 163 164 164 163 163 163 163 162 161 161 160 159 161 162 162 161 161 163 163 163 163 163 162 161 159 158 159 158 158 158 158 158 159 159 156 157 157 157 156 155 155 154 154 155 155 156 156 156 156 157 158 160 161 162 163 164 163 161 161 158 157 156 155 152 149 149 150 150 149 148 148 148 150 152 154 156 157 155 154 151 
158 158 158 159 159 158 158 157 158 159 160 160 161 162 162 162 163 163 164 164 165 164 164 164 164 164 163 162 162 162 160 159 160 161 161 161 161 163 162 161 161 162 162 161 159 159 158 157 157 157 157 157 158 158 157 158 158 158 157 156 155 154 153 155 156 156 156 155 156 157 158 160 161 162 164 165 164 163 161 159 158 158 157 155 153 152 152 151 150 149 149 149 149 151 153 155 156 155 153 150 
157 157 157 158 158 159 159 158 159 160 160 159 159 161 163 160 163 164 163 163 164 164 164 165 165 164 163 161 161 161 162 161 160 159 160 160 161 162 161 160 159 160 161 160 159 158 157 158 156 156 156 156 156 157 158 159 159 159 158 156 155 154 155 158 159 158 157 156 156 156 157 159 160 161 164 166 165 166 166 162 160 160 160 160 159 156 156 153 151 151 151 151 150 151 153 155 155 155 152 149 
156 156 156 157 159 160 158 158 159 160 158 158 158 159 160 161 162 162 162 162 163 164 164 164 164 164 162 161 161 161 162 161 160 159 159 160 161 161 160 160 160 160 160 159 158 158 157 157 157 157 156 155 155 155 157 157 158 158 158 157 156 155 157 158 160 159 157 156 156 155 156 157 159 161 162 164 165 167 167 166 166 165 165 163 162 161 159 156 154 153 154 153 153 154 155 156 155 154 152 150 
155 155 157 157 159 160 158 157 158 159 158 158 158 159 159 161 161 161 161 161 162 163 164 164 162 162 162 162 162 161 161 161 160 159 159 160 160 159 159 160 160 161 160 159 159 158 158 158 157 157 157 155 154 154 156 156 157 158 158 158 157 156 157 158 159 157 156 155 154 155 157 156 157 159 160 162 164 166 167 167 168 167 167 166 165 164 161 159 158 158 157 156 156 157 157 157 156 155 153 151 
154 154 156 155 156 158 158 158 158 158 158 158 159 159 160 160 160 160 160 160 161 162 162 163 161 161 162 161 162 161 161 161 160 159 159 160 159 158 158 159 160 160 160 159 158 157 158 157 157 157 156 156 155 155 156 156 157 158 159 159 158 157 156 157 158 157 156 155 154 155 156 156 156 156 157 159 161 163 165 166 166 167 167 167 167 165 163 162 163 163 160 159 159 159 159 158 158 157 155 153 
152 153 154 153 153 154 154 156 156 155 155 155 156 158 159 159 159 159 159 159 160 160 161 161 160 160 161 162 161 160 160 160 159 159 159 159 159 158 157 157 158 158 159 158 157 156 156 156 156 156 157 156 156 156 156 157 157 157 157 158 158 157 156 157 157 157 156 156 155 155 154 154 155 155 156 156 158 160 161 162 164 164 164 165 166 165 163 163 164 164 161 159 160 160 159 158 158 158 158 155 
150 152 152 151 150 151 150 152 153 153 153 153 154 155 157 157 157 157 157 157 158 158 159 159 158 158 159 160 159 158 158 157 157 157 158 158 158 158 157 156 156 156 157 157 156 156 154 155 155 155 155 155 156 157 156 156 156 155 156 157 157 156 156 156 156 156 157 156 155 154 153 153 154 154 155 156 157 158 159 161 162 163 163 164 164 165 162 162 163 162 159 158 159 160 159 159 160 160 160 160 
148 149 150 149 149 149 148 148 149 151 152 152 152 152 153 154 154 155 155 155 155 156 156 157 156 157 157 158 157 157 156 155 155 155 155 156 156 157 157 156 155 155 155 156 156 155 153 154 154 154 153 152 153 155 154 154 154 154 154 155 156 156 154 155 155 155 156 156 155 154 154 152 153 153 154 156 158 159 159 161 162 162 163 163 163 164 162 161 161 160 157 157 158 160 160 161 161 162 162 161 
146 146 147 146 146 147 146 146 146 148 149 149 149 150 150 152 152 152 152 152 152 153 153 154 154 155 155 155 155 155 153 152 153 153 153 153 152 154 155 154 153 152 153 154 154 153 152 152 152 151 151 149 151 152 150 152 153 153 153 153 154 154 153 153 154 155 155 156 155 155 154 153 152 152 153 155 157 158 159 159 160 161 161 161 161 162 161 160 159 158 156 155 156 157 158 160 161 162 163 162 
145 145 145 143 142 144 145 145 145 145 145 146 147 148 149 150 150 151 151 150 151 151 151 152 152 152 152 152 152 152 151 151 151 152 152 151 151 151 151 151 152 151 151 151 151 151 150 151 150 150 149 149 150 151 150 150 152 151 152 152 152 152 154 153 154 155 155 156 156 155 153 153 152 152 153 154 155 157 158 158 158 160 160 160 159 159 160 159 158 156 155 154 154 154 156 158 160 161 162 163 
143 144 144 141 141 141 143 141 141 143 142 143 145 147 147 148 149 149 149 148 149 150 150 150 150 150 150 149 149 150 149 148 149 150 149 148 148 149 149 148 149 149 148 149 149 149 149 149 149 148 148 148 149 149 148 149 149 150 151 151 150 150 151 151 152 153 154 153 153 153 152 153 152 152 152 153 154 155 155 155 155 154 156 157 157 158 159 159 158 156 153 152 152 154 154 155 156 157 159 161 
143 143 144 142 141 140 141 141 141 141 141 141 143 144 145 145 146 147 148 147 147 148 148 148 147 146 147 147 147 147 146 145 145 146 147 146 145 148 146 146 147 147 147 146 147 148 147 148 147 146 146 147 148 147 147 147 146 147 148 149 149 149 149 150 151 152 153 153 152 152 151 152 151 150 151 150 151 152 152 153 153 152 154 155 154 155 156 156 156 154 153 151 150 151 152 153 155 156 158 159 
143 144 143 142 142 142 141 141 141 140 141 140 141 142 142 143 145 146 147 146 147 147 147 147 145 145 146 145 145 145 144 142 142 143 144 144 143 144 143 142 143 144 143 144 145 146 146 145 146 145 144 146 147 146 145 146 145 146 147 148 148 147 148 148 149 150 151 151 151 150 149 150 150 148 147 147 148 149 149 150 150 150 151 151 150 151 152 152 153 153 152 151 151 151 152 153 155 156 157 158 
143 142 142 142 141 141 141 141 140 140 141 141 140 140 141 142 144 146 146 144 144 145 146 145 145 146 146 145 144 145 144 141 140 140 141 141 141 141 140 140 140 140 140 141 143 144 144 144 144 143 143 144 144 144 144 144 144 146 147 148 147 147 148 147 148 148 148 148 148 148 147 148 148 146 145 144 145 145 146 147 147 147 148 149 148 148 148 149 150 151 151 151 151 153 154 155 156 157 157 158 
142 141 140 140 141 141 141 141 140 140 140 140 140 142 142 141 143 145 144 143 143 144 145 144 144 145 146 145 144 145 143 141 139 139 140 139 139 138 139 139 139 138 138 139 141 142 141 142 142 141 141 142 142 142 142 142 143 143 145 146 145 146 146 146 146 146 146 146 147 145 145 145 146 144 143 142 142 143 143 143 143 144 145 146 146 146 146 147 148 150 151 151 152 152 153 155 156 156 157 158 
141 140 139 138 139 139 139 140 139 139 139 139 140 142 143 143 144 143 143 143 143 144 144 143 142 143 145 144 144 145 144 141 140 139 139 138 137 137 137 137 137 137 136 137 138 139 138 139 140 140 140 141 141 142 142 142 141 141 143 145 144 144 143 144 144 144 144 145 146 144 144 144 144 144 143 142 141 140 140 140 140 141 142 143 143 144 144 145 147 148 149 150 151 151 152 153 154 156 157 158 
138 138 137 137 137 137 137 137 137 137 137 137 139 140 141 141 142 142 142 142 143 143 143 143 142 143 143 143 143 144 143 142 140 139 138 138 137 138 137 136 136 135 135 135 136 137 137 138 138 138 138 139 140 141 141 141 140 141 142 143 143 142 141 141 141 142 142 142 142 142 142 142 142 142 142 141 140 138 138 138 138 139 139 139 140 142 143 144 145 146 147 148 149 150 151 151 152 154 155 157 
137 137 137 136 137 136 135 134 135 136 137 137 138 138 137 139 139 139 140 140 141 141 142 142 141 140 141 141 141 142 142 141 139 138 138 137 136 137 136 135 136 134 134 134 135 136 136 137 136 135 136 137 138 139 139 140 140 140 141 141 140 139 140 140 140 140 140 140 140 140 140 140 140 140 140 139 137 137 137 137 138 139 138 139 138 141 142 143 144 145 145 147 148 149 149 149 150 151 153 154 
137 135 135 136 136 136 136 135 133 134 136 136 136 136 135 136 136 137 138 139 139 139 139 138 139 139 139 139 139 139 139 139 139 138 138 137 137 136 136 135 136 135 134 133 134 135 135 135 135 135 136 136 137 137 139 139 139 139 140 140 139 138 139 140 139 138 139 140 139 139 140 139 139 139 138 137 136 135 135 134 136 138 138 138 138 140 141 143 144 144 144 145 146 147 147 147 148 149 151 151 
137 136 135 135 136 135 134 134 132 133 134 134 134 135 134 134 134 134 135 136 135 135 136 136 137 138 137 136 137 137 137 136 135 136 136 136 136 136 135 135 136 135 134 133 134 135 134 134 134 134 135 135 136 136 137 138 138 138 138 139 139 138 137 139 139 138 138 138 137 137 138 137 137 137 137 136 136 136 135 134 135 136 136 136 137 139 140 141 143 143 144 144 144 144 144 144 145 146 147 148 
137 136 135 136 136 136 135 135 133 133 133 133 133 135 134 133 133 134 134 133 133 134 134 135 136 137 135 134 134 134 134 133 133 134 134 134 134 134 134 135 136 135 134 133 133 134 135 134 135 135 136 136 137 137 137 138 138 137 137 138 139 138 136 136 137 137 137 136 137 137 136 136 135 135 136 136 135 135 135 134 134 134 134 135 136 138 139 140 141 142 142 142 142 141 142 143 143 143 144 145 
137 136 136 136 137 137 136 136 134 134 134 134 134 134 133 134 135 135 134 133 133 134 134 135 135 135 135 133 133 133 132 132 132 132 132 132 132 132 133 134 134 134 134 133 134 133 134 134 134 135 135 135 136 136 136 137 137 137 136 138 139 138 136 135 135 135 135 134 136 137 136 136 135 135 136 135 134 134 134 134 134 133 133 134 136 138 138 139 141 141 142 141 142 142 143 143 143 143 143 145 
139 138 138 138 139 139 139 137 134 134 135 135 136 134 133 135 136 135 134 134 133 133 134 134 134 134 134 132 132 130 130 130 130 131 131 131 131 131 132 132 132 132 132 132 133 133 132 133 133 133 133 134 134 134 135 136 136 136 135 136 137 137 136 135 135 135 134 133 135 136 136 135 135 136 136 135 134 133 133 134 134 133 133 134 136 137 138 140 141 142 141 142 142 142 142 142 143 144 144 145 
143 143 140 140 141 141 140 139 137 136 137 136 136 135 133 134 135 134 134 133 134 133 132 133 132 131 132 132 131 129 129 129 129 129 130 130 131 131 131 130 130 130 130 131 131 132 131 131 131 131 132 132 132 132 133 134 134 134 134 135 135 135 135 135 136 135 134 134 133 133 134 134 135 136 137 136 135 135 135 135 135 134 133 133 135 136 139 141 142 142 142 143 143 143 143 144 144 145 145 146 
146 146 145 144 143 142 141 140 138 138 138 137 136 137 136 133 134 134 133 134 134 133 131 131 131 131 130 130 130 130 129 130 129 130 129 130 130 130 130 130 128 128 128 129 129 130 130 130 130 130 130 129 129 128 130 131 132 132 133 134 134 133 133 134 134 133 133 134 133 133 134 133 134 135 137 137 136 136 135 136 136 135 134 135 135 137 139 141 142 143 144 144 144 145 145 145 145 146 147 147 
148 148 147 147 147 144 143 140 139 139 139 137 136 136 137 136 136 135 135 135 135 134 133 132 132 131 130 131 131 131 131 131 130 129 130 130 129 129 129 129 128 127 127 127 127 128 129 129 129 128 128 127 127 126 128 129 130 132 133 134 133 132 133 133 132 132 132 133 134 134 134 134 134 136 137 137 136 136 136 136 136 136 136 136 136 137 139 141 142 144 144 144 144 145 145 145 145 147 148 148 
